-5.9747962728210569e-01 -6.5090433527211167e+02 5.9748126165613680e-01 -7.1604912385520868e+02 -1.8811097880258188e+02 4.3640476732003350e+01 -4.7902652197704363e+01 -1.2306853005013251e+01 5.5301730000000003e-06 1.0230946000000001e-06
-5.9745704151368551e-01 -4.7322025915351833e+02 5.9748886960232661e-01 -5.3822945510269881e+02 -1.8809933047952580e+02 3.2013946320041221e+01 -3.6269808441201029e+01 -1.2306326242177459e+01 3.5894988000000002e-05 1.9923924999999999e-05
-5.9738618155155376e-01 -3.9081903375572364e+02 5.9751273856126075e-01 -4.5548048337888576e+02 -1.8806278909320250e+02 2.6618347674082951e+01 -3.0857914508690047e+01 -1.2304673722993872e+01 8.5619985000000003e-05 7.9222864999999994e-05
-5.9724590182500481e-01 -3.3681524736964519e+02 5.9755999135298632e-01 -4.0088475592260880e+02 -1.8799046575227447e+02 2.3077511824235668e+01 -2.7289184728948776e+01 -1.2301402860982513e+01 1.5173507999999999e-04 1.9661552000000001e-04
-5.9701769560370710e-01 -2.9678240269732521e+02 5.9763686191233745e-01 -3.6000185211144628e+02 -1.8787285799309171e+02 2.0447549465826786e+01 -2.4618956719521716e+01 -1.2296083527057387e+01 2.3255418000000001e-04 3.8758918999999998e-04
-5.9668473146375811e-01 -2.6513624476470625e+02 5.9774901985236295e-01 -3.2724344949301656e+02 -1.8770136788233725e+02 1.8363186724028843e+01 -2.2481645857002007e+01 -1.2288326090131708e+01 3.2689763000000001e-04 6.6622920000000002e-04
-5.9623141485623654e-01 -2.3911818233831019e+02 5.9790171814860216e-01 -2.9985313584693750e+02 -1.8746809230474844e+02 1.6644088173611181e+01 -2.0696902659744481e+01 -1.2277771778198604e+01 4.3385032000000002e-04 1.0455858000000000e-03
-5.9564314273974184e-01 -2.1715849604069345e+02 5.9809987579035484e-01 -2.7626762857252498e+02 -1.8716571413976953e+02 1.5187743589577305e+01 -1.9162408032735254e+01 -1.2264087595941481e+01 5.5265518999999999e-04 1.5378795000000000e-03
-5.9490615190390550e-01 -1.9827595143836933e+02 5.9834812887243671e-01 -2.5551515200376045e+02 -1.8678744257638522e+02 1.3930170427632941e+01 -1.7814518727275161e+01 -1.2246963433534301e+01 6.8265765000000004e-04 2.1546280000000000e-03
-5.9400741654922418e-01 -1.8181420493907882e+02 5.9865086509509602e-01 -2.3695099936782188e+02 -1.8632697935891659e+02 1.2828656280826298e+01 -1.6610970992250831e+01 -1.2226110358708034e+01 8.2327310000000005e-04 2.9067318999999999e-03
-5.9293457850129561e-01 -1.6731111965341191e+02 5.9901224727113178e-01 -2.2012625081654701e+02 -1.8577850206706029e+02 1.1853200466733155e+01 -1.5522294490381643e+01 -1.2201259678048014e+01 9.7396649000000004e-04 3.8045331000000002e-03
-5.9167589618595517e-01 -1.5442787638608692e+02 5.9943623051346151e-01 -2.0471643804808573e+02 -1.8513665703580790e+02 1.0981869932000432e+01 -1.4527147491360546e+01 -1.2172162429302798e+01 1.1342389000000000e-03 4.8578574999999999e-03
-5.9022020734646985e-01 -1.4290781840155245e+02 5.9992657479371880e-01 -1.9048005013031062e+02 -1.8439655902679200e+02 1.0198102399302233e+01 -1.3609604008952870e+01 -1.2138589195430061e+01 1.3036180000000001e-03 6.0760461999999999e-03
-5.8855690203740441e-01 -1.3255122673495651e+02 6.0048685403918611e-01 -1.7723304534246222e+02 -1.8355379558111471e+02 9.4890520900061084e+00 -1.2757487791903870e+01 -1.2100330122108492e+01 1.4816515000000000e-03 7.4679780999999997e-03
-5.8667590075682186e-01 -1.2319914290177795e+02 6.0112046349889481e-01 -1.6483246384845074e+02 -1.8260443309574541e+02 8.8445300028295595e+00 -1.1961301582389437e+01 -1.2057195049772073e+01 1.6679024999999999e-03 9.0420881999999994e-03
-5.8456763962875891e-01 -1.1472262530984702e+02 6.0183062473486337e-01 -1.5316551790752254e+02 -1.8154502561662099e+02 8.2562987063271986e+00 -1.1213514638749096e+01 -1.2009013754869084e+01 1.8619452999999999e-03 1.0806380000000001e-02
-5.8222305666116614e-01 -1.0701536519918085e+02 6.0262039025106695e-01 -1.4214206967248512e+02 -1.8037262252377772e+02 7.7175881792365315e+00 -1.0508071825017305e+01 -1.1955636180764596e+01 2.0633631000000000e-03 1.2768437000000001e-02
-5.7963358541261067e-01 -9.9988497019040423e+01 6.0349264562678928e-01 -1.3168933666523930e+02 -1.7908477863648264e+02 7.2227559993724828e+00 -9.8400485101807824e+00 -1.1896932782807999e+01 2.2717459999999998e-03 1.4935428000000001e-02
-5.7679114435711765e-01 -9.3566833741362373e+01 6.0445011309904273e-01 -1.2174802904575239e+02 -1.7767956019631987e+02 6.7670413566024576e+00 -9.2053983991075441e+00 -1.1832794722730155e+01 2.4866887000000002e-03 1.7314116000000001e-02
-5.7368813712316213e-01 -8.7686112986128151e+01 6.0549535148206501e-01 -1.1226952861495937e+02 -1.7615555441482073e+02 6.3463824132775866e+00 -8.6007711273527505e+00 -1.1763134233613748e+01 2.7077901999999999e-03 1.9910858000000000e-02
-5.7031743934909074e-01 -8.2290900066789789e+01 6.0663076059502929e-01 -1.0321371813770941e+02 -1.7451187006961973e+02 5.9572822302068928e+00 -8.0233704911987100e+00 -1.1687884617117463e+01 2.9346520999999999e-03 2.2731616000000000e-02
-5.6667240585289147e-01 -7.7333020656040034e+01 6.0785857884692962e-01 -9.4547371753586177e+01 -1.7274814588314348e+02 5.5967051213993413e+00 -7.4708507271679867e+00 -1.1607000620936166e+01 3.1668782999999998e-03 2.5781951000000001e-02
-5.6274686346242375e-01 -7.2770318000396955e+01 6.0918088565169581e-01 -8.6242862276615213e+01 -1.7086454915698974e+02 5.2619961214256872e+00 -6.9412332160576771e+00 -1.1520458395816251e+01 3.4040742000000001e-03 2.9067029000000001e-02
-5.5853510623557157e-01 -6.8565681536945931e+01 6.1059960303826966e-01 -7.8277148078142034e+01 -1.6886177325970095e+02 4.9508179876392191e+00 -6.4328396107232662e+00 -1.1428255446430413e+01 3.6458464000000000e-03 3.2591624999999999e-02
-5.5403190263001378e-01 -6.4686283789313052e+01 6.1211649323549078e-01 -7.0630984213898401e+01 -1.6674103784761689e+02 4.6611019842139143e+00 -5.9442472022712369e+00 -1.1330410722092514e+01 3.8918026000000000e-03 3.6360116999999997e-02
-5.4923248594353036e-01 -6.1102946874208314e+01 6.1373316189224913e-01 -6.3288253196985380e+01 -1.6450407853763008e+02 4.3910071113323701e+00 -5.4742353895305085e+00 -1.1226964264338644e+01 4.1415510999999999e-03 4.0376493999999999e-02
-5.4413255789888748e-01 -5.7789640786700339e+01 6.1545105686992763e-01 -5.6235439546382679e+01 -1.6215313979864246e+02 4.1388878833387173e+00 -5.0217630979370842e+00 -1.1117977046955803e+01 4.3947007000000003e-03 4.4644352999999998e-02
-5.3872828864383782e-01 -5.4723060107657012e+01 6.1727146824240275e-01 -4.9461188393857810e+01 -1.5969096352078708e+02 3.9032676187056086e+00 -4.5859355429507360e+00 -1.1003530632209761e+01 4.6508610999999997e-03 4.9166899000000000e-02
-5.3301631197127308e-01 -5.1882276639757428e+01 6.1919552990612048e-01 -4.2955931571206875e+01 -1.5712077246367730e+02 3.6828161486016726e+00 -4.1659818968673257e+00 -1.0883726624603094e+01 4.9096423000000002e-03 5.3946949000000001e-02
-5.2699373129403360e-01 -4.9248448187154651e+01 6.2122421756750068e-01 -3.6711585727693588e+01 -1.5444625585941600e+02 3.4763316284484356e+00 -3.7612364432748691e+00 -1.0758686275157318e+01 5.1706551000000002e-03 5.8986927000000001e-02
-5.2065810889025177e-01 -4.6804566442307852e+01 6.2335835236560977e-01 -3.0721278321410068e+01 -1.5167154484068240e+02 3.2827246758025281e+00 -3.3711215794774194e+00 -1.0628549618955752e+01 5.4335110000000002e-03 6.4288872999999996e-02
-5.1400747665800828e-01 -4.4535250794378094e+01 6.2559859724948808e-01 -2.4979135321923678e+01 -1.4880119495608810e+02 3.1010054170756480e+00 -2.9951347736742031e+00 -1.0493474988148925e+01 5.6978226000000002e-03 6.9854434000000007e-02
-5.0704032416571465e-01 -4.2426562787414184e+01 6.2794546100334125e-01 -1.9480078823563076e+01 -1.4584015615263337e+02 2.9302721209028024e+00 -2.6328362968053387e+00 -1.0353637960731888e+01 5.9632034000000004e-03 7.5684873999999999e-02
-4.9975560462692215e-01 -4.0465852113601599e+01 6.3039929623394497e-01 -1.4219667211264504e+01 -1.4279374864369677e+02 2.7697017814159035e+00 -2.2838384292955878e+00 -1.0209230583009587e+01 6.2292681999999997e-03 8.1781068999999998e-02
-4.9215273012047445e-01 -3.8641619535017028e+01 6.3296030098072109e-01 -9.1939503417203738e+00 -1.3966763162161030e+02 2.6185413842000975e+00 -1.9477986596487806e+00 -1.0060460327163655e+01 6.4956331999999999e-03 8.8143510999999994e-02
-4.8423157159050789e-01 -3.6943398690444660e+01 6.3562851871573789e-01 -4.3993463299769555e+00 -1.3646777258975035e+02 2.4761009004645560e+00 -1.6244100814629923e+00 -9.9075490443226375e+00 6.7619166000000000e-03 9.4772308000000000e-02
-4.7599245167668153e-01 -3.5361652496757031e+01 6.3840384075882473e-01 1.6750450031385850e-01 -1.3320041197656724e+02 2.3417467912351158e+00 -1.3133957139167771e+00 -9.7507317440879664e+00 7.0277381999999996e-03 1.0166719000000000e-01
-4.6743614351921497e-01 -3.3887671560396576e+01 6.4128600668009139e-01 4.5096533890164485e+00 -1.2987202435079678e+02 2.2148964745771496e+00 -1.0145026767230827e+00 -9.5902554088203562e+00 7.2927204000000001e-03 1.0882751000000000e-01
-4.5856388748835253e-01 -3.2513522239010172e+01 6.4427459866466019e-01 8.6302633275057037e+00 -1.2648930985943180e+02 2.0950136753530728e+00 -7.2749770897872790e-01 -9.4263781126879884e+00 7.5564877000000004e-03 1.1625223000000000e-01
-4.4937735653047373e-01 -3.1231934661999446e+01 6.4736905318572080e-01 1.2532349762103795e+01 -1.2305911393308840e+02 1.9816035878177471e+00 -4.5216206761717787e-01 -9.2593671379534275e+00 7.8186677999999999e-03 1.2393994999999999e-01
-4.3987865377816998e-01 -3.0036265624402816e+01 6.5056866180956896e-01 1.6218999985524199e+01 -1.1958841230283655e+02 1.8742091063428084e+00 -1.8828765599802960e-01 -9.0894976728037431e+00 8.0788911000000008e-03 1.3188891000000000e-01
-4.3007034839909569e-01 -2.8920438446771310e+01 6.5387255912003173e-01 1.9693379586039228e+01 -1.1608428230081647e+02 1.7724078156889767e+00 6.4324929959821586e-02 -8.9170522169248354e+00 8.3367917000000003e-03 1.4009695999999999e-01
-4.1995542779750000e-01 -2.7878878808807187e+01 6.5727973881923385e-01 2.2958786911155883e+01 -1.1255384938748851e+02 1.6758083771066483e+00 3.0587051863876824e-01 -8.7423183341040360e+00 8.5920070000000005e-03 1.4856159999999999e-01
-4.0953732151346101e-01 -2.6906487557061727e+01 6.6078904567721441e-01 2.6018675724448052e+01 -1.0900425906034097e+02 1.5840480683402993e+00 5.3654094699359889e-01 -8.5655878709168771e+00 8.8441787999999997e-03 1.5727996000000000e-01
-3.9881987732365165e-01 -2.5998584541800785e+01 6.6439918358230976e-01 2.8876687636873463e+01 -1.0544263417828583e+02 1.4967900826938196e+00 7.5652758133386333e-01 -8.3871552115882153e+00 9.0929527999999999e-03 1.6624881999999999e-01
-3.8780736124133985e-01 -2.5150880503222041e+01 6.6810871554115381e-01 3.1536668913539202e+01 -1.0187603852358227e+02 1.4137213397785653e+00 9.6602284940367378e-01 -8.2073160366498072e+00 9.3379794999999995e-03 1.7546460999999999e-01
-3.7650444556677137e-01 -2.4359437151178629e+01 6.7191606770386958e-01 3.4002683147347639e+01 -9.8311447261340206e+01 1.3345504012535132e+00 1.1652217443113209e+00 -8.0263658756269987e+00 9.5789143999999993e-03 1.8492342000000001e-01
-3.6491624473602080e-01 -2.3620637668696848e+01 6.7581951728849432e-01 3.6279015412935195e+01 -9.4755715751689962e+01 1.2590058931924677e+00 1.3543222355785298e+00 -7.8445994776480061e+00 9.8154178999999998e-03 1.9462097000000000e-01
-3.5304825557290676e-01 -2.2931187966153953e+01 6.7981721270693729e-01 3.8370183313753600e+01 -9.1215537346005419e+01 1.1868344313325347e+00 1.5335271581397663e+00 -7.6623086929427844e+00 1.0047156000000000e-02 2.0455266000000000e-01
-3.4090634533937458e-01 -2.2288024525571771e+01 6.8390717759017117e-01 4.0280936814612147e+01 -8.7697410858110487e+01 1.1177990978195296e+00 1.7030448189481560e+00 -7.4797811845453754e+00 1.0273801000000001e-02 2.1471357999999999e-01
-3.2849681148358162e-01 -2.1688364619042147e+01 6.8808729066227470e-01 4.2016241789255361e+01 -8.4207632116964987e+01 1.0516784383558795e+00 1.8630885054209134e+00 -7.2973003036454775e+00 1.0495031000000000e-02 2.2509846000000000e-01
-3.1582630994219513e-01 -2.1129648279020426e+01 6.9235530989158145e-01 4.3581283009078760e+01 -8.0752239909002270e+01 9.8826472482054550e-01 2.0138777270389263e+00 -7.1151430272257317e+00 1.0710529999999999e-02 2.3570173000000000e-01
-3.0290186709000927e-01 -2.0609528359569790e+01 6.9670886846548852e-01 4.4981447862255727e+01 -7.7337032585647549e+01 9.2736299839476155e-01 2.1556380356852238e+00 -6.9335791330780241e+00 1.0919989999999999e-02 2.4651751000000000e-01
-2.8973089168956201e-01 -2.0125854941748145e+01 7.0114547076526490e-01 4.6222311204622841e+01 -7.3967503516293931e+01 8.6879000323045297e-01 2.2886007928752874e+00 -6.7528706970729750e+00 1.1123108000000000e-02 2.5753959999999998e-01
-2.7632113904228428e-01 -1.9676659435942245e+01 7.0566250444162604e-01 4.7309621429686501e+01 -7.0648843047243332e+01 8.1237305483310385e-01 2.4130033349786220e+00 -6.5732706757410471e+00 1.1319591000000000e-02 2.6876150999999998e-01
-2.6268069903888297e-01 -1.9260141352262963e+01 7.1025724443992544e-01 4.8249281507855400e+01 -6.7385918603234160e+01 7.5794915351245162e-01 2.5290887137984841e+00 -6.3950221214907419e+00 1.1509152000000000e-02 2.8017647000000001e-01
-2.4881800810895782e-01 -1.8874656955083811e+01 7.1492684897496284e-01 4.9047327393957232e+01 -6.4183264784712875e+01 7.0536415350330040e-01 2.6371051199576621e+00 -6.2183577680909350e+00 1.1691511000000000e-02 2.9177742000000001e-01
-2.3474186117061846e-01 -1.8518708885957217e+01 7.1966835550579322e-01 4.9709904736050945e+01 -6.1045076804605081e+01 6.5447207050634004e-01 2.7373053556459004e+00 -6.0434996359927364e+00 1.1866398000000000e-02 3.0355700000000002e-01
-2.2046131603354857e-01 -1.8190934193151389e+01 7.2447871293725818e-01 5.0243253758893530e+01 -5.7975182507725179e+01 6.0513401161078495e-01 2.8299468599202608e+00 -5.8706574160815803e+00 1.2033550000000000e-02 3.1550762999999998e-01
-2.0598577704632454e-01 -1.7890098277976197e+01 7.2935475344364620e-01 5.0653678574467783e+01 -5.4977058336784445e+01 5.5721782414224519e-01 2.9152905792046289e+00 -5.7000291844070228e+00 1.2192715000000000e-02 3.2762143999999999e-01
-1.9132493534833078e-01 -1.7615084988902765e+01 7.3429321259464930e-01 5.0947527834497905e+01 -5.2053816334017917e+01 5.1059725930930655e-01 2.9936005308169440e+00 -5.5318004102514662e+00 1.2343646000000000e-02 3.3989032000000002e-01
-1.7648878081937680e-01 -1.7364891407517945e+01 7.3929072533017237e-01 5.1131170422772897e+01 -4.9208204166045810e+01 4.6515142838079127e-01 3.0651431992104383e+00 -5.3661439654880594e+00 1.2486109000000000e-02 3.5230591000000000e-01
-1.6148755428122868e-01 -1.7138620038992162e+01 7.4434384206109827e-01 5.1210973078043253e+01 -4.6442603894196282e+01 4.2076410463851244e-01 3.1301868527433547e+00 -5.2032194838391188e+00 1.2619877000000000e-02 3.6485963999999999e-01
-1.4633178334646069e-01 -1.6935475207660129e+01 7.4944901659371421e-01 5.1193277047313273e+01 -4.3759042705369588e+01 3.7732331406623465e-01 3.1890007407173631e+00 -5.0431737393360807e+00 1.2744734000000001e-02 3.7754270000000001e-01
-1.3103224656960399e-01 -1.6754756806270425e+01 7.5460261820528585e-01 5.1084375096687651e+01 -4.1159194169228314e+01 3.3472072354996352e-01 3.2418544350033289e+00 -4.8861403977173241e+00 1.2860473000000001e-02 3.9034606999999999e-01
-1.1559994954791264e-01 -1.6595856945846702e+01 7.5980093969444029e-01 5.0890493262590020e+01 -3.8644384445256492e+01 2.9285109514099827e-01 3.2890171893583089e+00 -4.7322398879225833e+00 1.2966896000000000e-02 4.0326054000000000e-01
-1.0004614882059759e-01 -1.6458256816672307e+01 7.6504018933078277e-01 5.0617768158707513e+01 -3.6215602641974918e+01 2.5161189351170643e-01 3.3307570941603775e+00 -4.5815798558408369e+00 1.3063819000000001e-02 4.1627669000000000e-01
-8.4382280171124924e-02 -1.6341523356804650e+01 7.7031651500604637e-01 5.0272227634528726e+01 -3.3873527669748761e+01 2.1090264077103049e-01 3.3673405951930730e+00 -4.4342547811961222e+00 1.3151064000000001e-02 4.2938494999999999e-01
-6.8620030324917369e-02 -1.6245307848875296e+01 7.7562598008294259e-01 4.9859775449489220e+01 -3.1618503846453805e+01 1.7062466477442795e-01 3.3990315790685144e+00 -4.2903470252601883e+00 1.3228465999999999e-02 4.4257553999999999e-01
-5.2771241352418841e-02 -1.6169343716602587e+01 7.8096459559669329e-01 4.9386172157076892e+01 -2.9450592459908773e+01 1.3068041340369274e-01 3.4260909572973928e+00 -4.1499262171017905e+00 1.3295871000000001e-02 4.5583855000000001e-01
-3.6847958467562059e-02 -1.6113445962670479e+01 7.8632830415426502e-01 4.8857022701924897e+01 -2.7369569981276022e+01 9.0973312269065132e-02 3.4487759282478061e+00 -4.0130504057940612e+00 1.3353135000000000e-02 4.6916390000000002e-01
-2.0862370279684073e-02 -1.6077510581690316e+01 7.9171300006032597e-01 4.8277760399153415e+01 -2.5374943553712619e+01 5.1406338451265632e-02 3.4673394778098849e+00 -3.8797657676043857e+00 1.3400123999999999e-02 4.8254139000000001e-01
-4.8268326927592975e-03 -1.6061514927695413e+01 7.9711452126686355e-01 4.7653637040522405e+01 -2.3465970996327744e+01 1.1883319129790570e-02 3.4820297908568594e+00 -3.7501074969054375e+00 1.3436718000000000e-02 4.9596067999999999e-01
1.1246178893067671e-02 -1.6065518422667751e+01 8.0252866547395008e-01 4.6989711378807023e+01 -2.1641674999596642e+01 -2.7693319872756916e-02 3.4930898374994639e+00 -3.6240999593799139e+00 1.3462807000000000e-02 5.0941133000000005e-01
2.7344021783013761e-02 -1.6089664121248813e+01 8.0795117402897698e-01 4.6290841489595685e+01 -1.9900870158765414e+01 -6.7422057162215610e-02 3.5007568119140173e+00 -3.5017576557715340e+00 1.3478291000000000e-02 5.2288276000000000e-01
4.3453993534211754e-02 -1.6134180877912733e+01 8.1337776815337803e-01 4.5561676313547508e+01 -1.8242162590098516e+01 -1.0740319443196089e-01 3.5052618448523174e+00 -3.3830850439591411e+00 1.3483083000000000e-02 5.3636434000000000e-01
5.9563272207623918e-02 -1.6199386101966660e+01 8.1880412881667186e-01 4.4806650208964939e+01 -1.6663992006985513e+01 -1.4773921180835203e-01 3.5068295789889010e+00 -3.2680776167849670e+00 1.3477108000000000e-02 5.4984533999999996e-01
7.5658940267276709e-02 -1.6285689286913190e+01 8.2422590478684554e-01 4.4029980262773002e+01 -1.5164613549509985e+01 -1.8853536151038786e-01 3.5056778828934623e+00 -3.1567223821332711e+00 1.3460300999999999e-02 5.6331494999999998e-01
9.1728020429111656e-02 -1.6393596520660314e+01 8.2963872470592803e-01 4.3235661485426576e+01 -1.3742160638355433e+01 -2.2990032221413181e-01 3.5020175547099681e+00 -3.0489982723523306e+00 1.3432611000000001e-02 5.7676231000000000e-01
1.0775749956021907e-01 -1.6523715897751689e+01 8.3503820514037441e-01 4.2427465621927816e+01 -1.2394629900274952e+01 -2.7194687077248481e-01 3.4960521371896420e+00 -2.9448766492982266e+00 1.3393997000000000e-02 5.9017653000000003e-01
1.2373429282998749e-01 -1.6676763401358759e+01 8.4041993850549024e-01 4.1608942881300266e+01 -1.1119910861393121e+01 -3.1479243993363193e-01 3.4879777242322505e+00 -2.8443222818056779e+00 1.3344429999999999e-02 6.0354666000000001e-01
1.3964529150857141e-01 -1.6853570371295660e+01 8.4577950916619815e-01 4.0783421868797447e+01 -9.9157993865894500e+00 -3.5855994949030012e-01 3.4779828362292076e+00 -2.7472935418997828e+00 1.3283893999999999e-02 6.1686173000000000e-01
1.5547741076535948e-01 -1.7055092480544122e+01 8.5111250953780426e-01 3.9954009684473647e+01 -8.7800110159717146e+00 -4.0337871530174374e-01 3.4662482891934987e+00 -2.6537429337585245e+00 1.3212384000000001e-02 6.3011079000000003e-01
1.7121751797127183e-01 -1.7282419958056998e+01 8.5641451593484796e-01 3.9123599775576380e+01 -7.7102028250982775e+00 -4.4938508822217305e-01 3.4529471989019784e+00 -2.5636180792723500e+00 1.3129907000000000e-02 6.4328284999999996e-01
1.8685251634608024e-01 -1.7536782852032726e+01 8.6168111674744385e-01 3.8294899706326895e+01 -6.7039823883237846e+00 -4.9672362196027275e-01 3.4382446101770108e+00 -2.4768618671810287e+00 1.3036481000000001e-02 6.5636695000000000e-01
2.0236935690802416e-01 -1.7819577341968081e+01 8.6690791646647192e-01 3.7470301312485240e+01 -5.7589224985697518e+00 -5.4554814460283096e-01 3.4222991163183245e+00 -2.3934130394471600e+00 1.2932137999999999e-02 6.6935217000000002e-01
2.1775500262495995e-01 -1.8132366725759187e+01 8.7209052360800399e-01 3.6652158615599276e+01 -4.8725767595461562e+00 -5.9602278767581152e-01 3.4052597116898493e+00 -2.3132069477252246e+00 1.2816919000000000e-02 6.8222760000000005e-01
2.3299650011206308e-01 -1.8476906504437064e+01 8.7722457486445238e-01 3.5842522269441062e+01 -4.0424881545193276e+00 -6.4832348384814997e-01 3.3872690868193001e+00 -2.2361757493123382e+00 1.2690879000000000e-02 6.9498240000000000e-01
2.4808095573259392e-01 -1.8855160809721848e+01 8.8230572705418697e-01 3.5043282224690905e+01 -3.2662031541673029e+00 -7.0263932192331979e-01 3.3684620931890206e+00 -2.1622490813644859e+00 1.2554085000000000e-02 7.0760577999999996e-01
2.6299554754751509e-01 -1.9269325353419344e+01 8.8732966114672629e-01 3.4256149968074908e+01 -2.5412808098375561e+00 -7.5917417182293245e-01 3.3489662928435773e+00 -2.0913546029725523e+00 1.2406611999999999e-02 7.2008700999999997e-01
2.7772758506357587e-01 -1.9721854121336563e+01 8.9229210238869594e-01 3.3482663061537238e+01 -1.8653015260464287e+00 -8.1814871579410531e-01 3.3289020016034980e+00 -2.0234180330544715e+00 1.2248551000000000e-02 7.3241546999999996e-01
2.9226447338446171e-01 -2.0215487542957913e+01 8.9718880822825309e-01 3.2724196084678390e+01 -1.2358767202704430e+00 -8.7980236976728354e-01 3.3083825228424208e+00 -1.9583641912181704e+00 1.2080001999999999e-02 7.4458062000000003e-01
3.0659373711002758e-01 -2.0753286377803001e+01 9.0201557636547014e-01 3.1981968823912798e+01 -6.5065684499864140e-01 -9.4439563782985159e-01 3.2875143880152722e+00 -1.8961161704737797e+00 1.1901076999999999e-02 7.5657202000000001e-01
3.2070304423553309e-01 -2.1338670999066316e+01 9.0676825280271744e-01 3.1257054291438120e+01 -1.0733779181485142e-01 -1.0122129085418965e+00 3.2663974710413943e+00 -1.8365978421167479e+00 1.1711898000000000e-02 7.6837935000000002e-01
3.3458024200049241e-01 -2.1975467424907272e+01 9.1144274392023772e-01 3.0550386334234705e+01 3.9633398417612486e-01 -1.0835656079387765e+00 3.2451252263426684e+00 -1.7797319099655149e+00 1.1512599000000000e-02 7.7999244000000001e-01
3.4821329714058968e-01 -2.2667956014605913e+01 9.1603499635018903e-01 2.9862771848103140e+01 8.6255372313501188e-01 -1.1587953410939407e+00 3.2237850398539587e+00 -1.7254417121378904e+00 1.1303326000000001e-02 7.9140122000000002e-01
3.6159041538384906e-01 -2.3420936779946288e+01 9.2054103722855940e-01 2.9194894577360749e+01 1.2934566663821059e+00 -1.2382785709232627e+00 3.2024582712845335e+00 -1.6736505272955031e+00 1.1084235000000000e-02 8.0259581999999996e-01
3.7469993390408163e-01 -2.4239793328306899e+01 9.2495693796844303e-01 2.8547329456010797e+01 1.6911120444823871e+00 -1.3224305075509037e+00 3.1812206982979094e+00 -1.6242837451912691e+00 1.0855490000000001e-02 8.1356647999999998e-01
3.8753042886743860e-01 -2.5130579772054155e+01 9.2927885048676462e-01 2.7920546444103362e+01 2.0575188457980924e+00 -1.4117111183467841e+00 3.1601426418988887e+00 -1.5772640838762864e+00 1.0617270000000000e-02 8.2430364000000000e-01
4.0007069153317665e-01 -2.6100113928882735e+01 9.3350299915389556e-01 2.7314920931496758e+01 2.3946164626867845e+00 -1.5066312033534528e+00 3.1392892483477723e+00 -1.5325203876266440e+00 1.0369760000000000e-02 8.3479791999999997e-01
4.1230974020327604e-01 -2.7156091971902015e+01 9.3762568481884589e-01 2.6730741408916906e+01 2.7042315329255602e+00 -1.6077597418275467e+00 3.1187207572660904e+00 -1.4899796174309243e+00 1.0113159000000000e-02 8.4504013000000000e-01
4.2423683217205643e-01 -2.8307216579653243e+01 9.4164328883445569e-01 2.6168217706023118e+01 2.9881745244247644e+00 -1.7157325181935370e+00 3.0984927685443888e+00 -1.4495711267722862e+00 9.8476710000000005e-03 8.5502127999999999e-01
4.3584146372617760e-01 -2.9563357241592527e+01 9.4555227305739509e-01 2.5627489120218129e+01 3.2481405299067183e+00 -1.8312621898924375e+00 3.0786564796555567e+00 -1.4112260129332983e+00 9.5735140000000000e-03 8.6473257999999997e-01
4.4711342989272418e-01 -3.0935745717304702e+01 9.4934919997412170e-01 2.5108629443590694e+01 3.4857592011997700e+00 -1.9551508588227677e+00 3.0592588786792816e+00 -1.3748771354070726e+00 9.2909130999999992e-03 8.7416548999999999e-01
4.5804276469112115e-01 -3.2437185257694104e+01 9.5303071257492333e-01 2.4611657324142573e+01 3.7025827418514146e+00 -2.0883039327302741e+00 3.0403431024782432e+00 -1.3404594618713312e+00 9.0001030000000006e-03 8.8331166999999999e-01
4.6861981283083498e-01 -3.4082332782492152e+01 9.5659355850506644e-01 2.4136540031017770e+01 3.9000878679707087e+00 -2.2317475768421402e+00 3.0219485690703993e+00 -1.3079099527033529e+00 8.7013270999999996e-03 8.9216304000000002e-01
4.7883519386252282e-01 -3.5888028396672205e+01 9.6003457798922254e-01 2.3683202100369968e+01 4.0796748859763134e+00 -2.3866502661375582e+00 3.0041112971047914e+00 -1.2771678786944829e+00 8.3948374000000006e-03 9.0071175000000003e-01
4.8867986192611856e-01 -3.7873688454438820e+01 9.6335072395742460e-01 2.3251529071689959e+01 4.2426705010092460e+00 -2.5543480318681100e+00 2.9868640323537852e+00 -1.2481746636380813e+00 8.0808944000000001e-03 9.0895022999999997e-01
4.9814505795236319e-01 -4.0061806792251623e+01 9.6653904594430240e-01 2.2841375878607039e+01 4.3903264885251190e+00 -2.7363756480828023e+00 2.9702365733538376e+00 -1.2208741883345260e+00 7.7597663000000001e-03 9.1687114999999997e-01
5.0722235746127398e-01 -4.2478567167719270e+01 9.6959670618984695e-01 2.2452570511372418e+01 4.5238226052335540e+00 -2.9345061874851424e+00 2.9542559253429590e+00 -1.1952127006447262e+00 7.4317293999999999e-03 9.2446746000000002e-01
5.1590368251176133e-01 -4.5154617656624850e+01 9.7252098366460327e-01 2.2084918787264787e+01 4.6442677035224493e+00 -3.1508002969337396e+00 2.9389464671255721e+00 -1.1711389152334402e+00 7.0970672000000004e-03 9.3173240000000002e-01
5.2418127780239399e-01 -4.8126038078415554e+01 9.7530926601928680e-01 2.1738210578846463e+01 4.7527007830084305e+00 -3.3876673193112117e+00 2.9243302230514683e+00 -1.1486039194833615e+00 6.7560703000000000e-03 9.3865947999999999e-01
5.3204777041948526e-01 -5.1435610670003172e+01 9.7795906971074131e-01 2.1412222096468195e+01 4.8500935328901527e+00 -3.6479470128484000e+00 2.9104269698305547e+00 -1.1275614915459555e+00 6.4090362999999996e-03 9.4524253000000003e-01
5.3949609813938970e-01 -5.5134418066414383e+01 9.8046801585078902e-01 2.1106723288791287e+01 4.9373507134227541e+00 -3.9350104132032806e+00 2.8972545020742602e+00 -1.1079679280504209e+00 6.0562691999999996e-03 9.5147563999999996e-01
5.4651962892467432e-01 -5.9284046305512454e+01 9.8283387045814674e-01 2.0821476781794651e+01 5.0153139323640001e+00 -4.2529013185586191e+00 2.8848286428281820e+00 -1.0897819393096566e+00 5.6980790999999996e-03 9.5735325999999998e-01
5.5311204142794756e-01 -6.3959412640689877e+01 9.8505450420651020e-01 2.0556246821532799e+01 5.0847611136783328e+00 -4.6065160884558169e+00 2.8731635962410436e+00 -1.0729649733953739e+00 5.3347821999999998e-03 9.6287009999999995e-01
5.5926744448803012e-01 -6.9252789743753397e+01 9.8712793267646881e-01 2.0310797343230451e+01 5.1464101656142720e+00 -5.0018622277596743e+00 2.8622719062893491e+00 -1.0574809260835831e+00 4.9667000000000001e-03 9.6802122999999995e-01
5.6498029348263556e-01 -7.5279304498967690e+01 9.8905228817916613e-01 2.0084900679641514e+01 5.2009196733854406e+00 -5.4464100079542694e+00 2.8521647355876540e+00 -1.0432963657703240e+00 4.5941591999999996e-03 9.7280200999999999e-01
5.7024548592530611e-01 -8.2185016830363125e+01 9.9082585195783091e-01 1.9878332015948246e+01 5.2488913309678527e+00 -5.9496130117739776e+00 2.8428518705837673e+00 -1.0303803200325650e+00 4.2174915999999996e-03 9.7720817000000004e-01
5.7505826586847708e-01 -9.0158699281705807e+01 9.9244702198624535e-01 1.9690880670510150e+01 5.2908707554983732e+00 -6.5236658747504253e+00 2.8343419575288147e+00 -1.0187044933379918e+00 3.8370333000000002e-03 9.8123572999999997e-01
5.7941431950041267e-01 -9.9450279106377110e+01 9.9391434517027766e-01 1.9522346118964968e+01 5.3273498957717402e+00 -7.1846958899922768e+00 2.8266424538492818e+00 -1.0082430694286537e+00 3.4531249000000000e-03 9.8488107999999996e-01
5.8330973929635488e-01 -1.1040038384321389e+02 9.9522650527230661e-01 1.9372542076669092e+01 5.3587680247251255e+00 -7.9546767283902886e+00 2.8197598464092204e+00 -9.9897278146367641e-01 3.0661112999999999e-03 9.8814095000000002e-01
5.8674100011928942e-01 -1.2349068575908062e+02 9.9638231486083917e-01 1.9241299765710050e+01 5.3855076012658323e+00 -8.8646897816393775e+00 2.8136997431645625e+00 -9.9087298705454485e-01 2.6763420000000000e-03 9.9101238999999997e-01
5.8970503091764859e-01 -1.3943650286469338e+02 9.9738073946165962e-01 1.9128464788948868e+01 5.4079176243905618e+00 -9.9609479844226954e+00 2.8084668418088503e+00 -9.8392547805847408e-01 2.2841723000000002e-03 9.9349282999999999e-01
5.9219919082607575e-01 -1.5937277732196867e+02 9.9822088950744603e-01 1.9033902622429721e+01 5.4262821375266261e+00 -1.1316903479770374e+01 2.8040650386633477e+00 -9.7811455604450515e-01 1.8899688000000000e-03 9.9558005999999999e-01
5.9422125721580943e-01 -1.8528075943137651e+02 9.9890201631257924e-01 1.8957497955866671e+01 5.4408425957694648e+00 -1.3061076421433560e+01 2.8004975152181673e+00 -9.7342704238112554e-01 1.4941295000000000e-03 9.9727222000000004e-01
5.9576959298932142e-01 -2.2119014383508525e+02 9.9942356842582325e-01 1.8899150122636552e+01 5.4517945563375925e+00 -1.5455565235229143e+01 2.7977664956134491e+00 -9.6985190511875408e-01 1.0971916000000000e-03 9.9856794000000004e-01
5.9684360066576159e-01 -2.7809842242870712e+02 9.9978534458760326e-01 1.8858756834630881e+01 5.4592914321261761e+00 -1.9217667550657676e+01 2.7958724854420436e+00 -9.6737920285211365e-01 7.0085733000000002e-04 9.9946672000000003e-01
