-8.6042341063990846e-01 -3.7550379082912332e+02 8.6042531403085476e-01 -4.5995626761168739e+02 -1.0562448545316040e+02 2.4913401477723983e+01 -3.0410465220521580e+01 -6.8750827690936163e+00 5.5301730000000003e-06 1.0230946000000001e-06
-8.6039088513944173e-01 -2.7572199573027035e+02 8.6042795211102141e-01 -3.6012707802958914e+02 -1.0562329994177848e+02 1.8417815292761528e+01 -2.3912682871162712e+01 -6.8750292644182265e+00 3.5894988000000002e-05 1.9923924999999999e-05
-8.6028884053823484e-01 -2.2942321237454823e+02 8.6043622875041803e-01 -3.1370617081167882e+02 -1.0561958061984242e+02 1.5402202208981873e+01 -2.0891376983337985e+01 -6.8748614027687758e+00 8.5619985000000003e-05 7.9222864999999994e-05
-8.6008682534767522e-01 -1.9904963494596575e+02 8.6045261381013827e-01 -2.8312377525027955e+02 -1.0561221787607174e+02 1.3421772918611252e+01 -1.8901167799977749e+01 -6.8745291020635042e+00 1.5173507999999999e-04 1.9661552000000001e-04
-8.5975818824225392e-01 -1.7650070308900806e+02 8.6047926892742754e-01 -2.6027370643392237e+02 -1.0560024107865964e+02 1.1949215480946460e+01 -1.7414443555003384e+01 -6.8739885481465279e+00 2.3255418000000001e-04 3.8758918999999998e-04
-8.5927869048562089e-01 -1.5864159971034348e+02 8.6051816005911108e-01 -2.4201893533043059e+02 -1.0558276827351224e+02 1.0780492574001295e+01 -1.6227031693755045e+01 -6.8731999219259325e+00 3.2689763000000001e-04 6.6622920000000002e-04
-8.5862587455059447e-01 -1.4392458708061318e+02 8.6057110869159781e-01 -2.2681168642122995e+02 -1.0555898347531853e+02 9.8149050881753830e+00 -1.5238183730571269e+01 -6.8721263717134091e+00 4.3385032000000002e-04 1.0455858000000000e-03
-8.5777871076835599e-01 -1.3146975232733925e+02 8.6063982050047860e-01 -2.1377346873649248e+02 -1.0552812411569676e+02 8.9952426822450420e+00 -1.4390738005655090e+01 -6.8707334428967366e+00 5.5265518999999999e-04 1.5378795000000000e-03
-8.5671737890091604e-01 -1.2072776840812207e+02 8.6072590306675867e-01 -2.0235741111660980e+02 -1.0548947342655853e+02 8.2858273280193355e+00 -1.3649096471703970e+01 -6.8689887318929301e+00 6.8265765000000004e-04 2.1546280000000000e-03
-8.5542312064703163e-01 -1.1133180347122067e+02 8.6083087783981649e-01 -1.9219987189017786e+02 -1.0544235542577661e+02 7.6628682406900772e+00 -1.2989582898257684e+01 -6.8668616555276936e+00 8.2327310000000005e-04 2.9067318999999999e-03
-8.5387813914454602e-01 -1.0302408425434425e+02 8.6095618828857357e-01 -1.8304678937963095e+02 -1.0538613160116169e+02 7.1096781538215321e+00 -1.2395667873306799e+01 -6.8643232988644440e+00 9.7396649000000004e-04 3.8045331000000002e-03
-8.5206552549007908e-01 -9.5616051783734477e+01 8.6110320586134015e-01 -1.7471367640521765e+02 -1.0532019862930979e+02 6.6140770307391659e+00 -1.1855337444932541e+01 -6.8613463074467971e+00 1.1342389000000000e-03 4.8578574999999999e-03
-8.4996920504849682e-01 -8.8965222146746441e+01 8.6127323434054903e-01 -1.6706236474511979e+02 -1.0524398677144727e+02 6.1668839885011257e+00 -1.1359593597343569e+01 -6.8579048110577441e+00 1.3036180000000001e-03 6.0760461999999999e-03
-8.4757389856169363e-01 -8.2961004731060868e+01 8.6146751299714741e-01 -1.5998672457691157e+02 -1.0515695881787553e+02 5.7609924754970718e+00 -1.0901524276136209e+01 -6.8539743768635653e+00 1.4816515000000000e-03 7.4679780999999997e-03
-8.4486509065703064e-01 -7.7515603476701600e+01 8.6168721914481594e-01 -1.5340349473983454e+02 -1.0505860930833347e+02 5.3907769703093029e+00 -1.0475703280293684e+01 -6.8495319641070065e+00 1.6679024999999999e-03 9.0420881999999994e-03
-8.4182900850879205e-01 -7.2557975786176243e+01 8.6193346987069663e-01 -1.4724618694998060e+02 -1.0494846407788336e+02 5.0516988665450961e+00 -1.0077795616336507e+01 -6.8445559054637473e+00 1.8619452999999999e-03 1.0806380000000001e-02
-8.3845260204840588e-01 -6.8029681460050980e+01 8.6220732364050356e-01 -1.4146087000868079e+02 -1.0482607989631946e+02 4.7400356215543669e+00 -9.7042837632112189e+00 -6.8390258852689341e+00 2.0633631000000000e-03 1.2768437000000001e-02
-8.3472353484393680e-01 -6.3881967187531480e+01 8.6250978103826903e-01 -1.3600325574526929e+02 -1.0469104442757461e+02 4.4526905652218485e+00 -9.3522757743706162e+00 -6.8329229359858070e+00 2.2717459999999998e-03 1.4935428000000001e-02
-8.3063016878451901e-01 -6.0073652393618701e+01 8.6284178600856010e-01 -1.3083651872422584e+02 -1.0454297597270805e+02 4.1870549543872100e+00 -9.0193657496339412e+00 -6.8262294220140500e+00 2.4866887000000002e-03 1.7314116000000001e-02
-8.2616156442452515e-01 -5.6569585879110903e+01 8.6320422582856315e-01 -1.2592975187582761e+02 -1.0438152373056069e+02 3.9409073790842597e+00 -8.7035322248100186e+00 -6.8189290528805282e+00 2.7077901999999999e-03 1.9910858000000000e-02
-8.2130746205421379e-01 -5.3339471226660244e+01 8.6359793264340745e-01 -1.2125676765349336e+02 -1.0420636737575823e+02 3.7123371734118624e+00 -8.4030604222176883e+00 -6.8110068562563857e+00 2.9346520999999999e-03 2.2731616000000000e-02
-8.1605829202483016e-01 -5.0356991920799892e+01 8.6402368262871565e-01 -1.1679521555904533e+02 -1.0401721762115078e+02 3.4996875336635407e+00 -8.1164848743981377e+00 -6.8024492072493201e+00 3.1668782999999998e-03 2.5781951000000001e-02
-8.1040516442350519e-01 -4.7599118496669327e+01 8.6448219682805327e-01 -1.1252587818180464e+02 -1.0381381603420819e+02 3.3015126743113363e+00 -7.8425436724093904e+00 -6.7932438154106087e+00 3.4040742000000001e-03 2.9067029000000001e-02
-8.0433986218985376e-01 -4.5045568951020456e+01 8.6497414171122744e-01 -1.0843212545273312e+02 -1.0359593491571425e+02 3.1165316960408793e+00 -7.5801429592941671e+00 -6.7833797177072235e+00 3.6458464000000000e-03 3.2591624999999999e-02
-7.9785485144107637e-01 -4.2678385980490610e+01 8.6550012833683876e-01 -1.0449949170378522e+02 -1.0336337778606872e+02 2.9436234785839437e+00 -7.3283294879455294e+00 -6.7728473011504402e+00 3.8918026000000000e-03 3.6360116999999997e-02
-7.9094326770515699e-01 -4.0481588014004338e+01 8.6606071346887914e-01 -1.0071532220654839e+02 -1.0311597894971906e+02 2.7817819002599196e+00 -7.0862676339887711e+00 -6.7616382839255129e+00 4.1415510999999999e-03 4.0376493999999999e-02
-7.8359892108341378e-01 -3.8440892238254044e+01 8.6665639915800752e-01 -9.7068499031276801e+01 -1.0285360372356708e+02 2.6301091449834066e+00 -6.8532215942972696e+00 -6.7497457209954730e+00 4.3947007000000003e-03 4.4644352999999998e-02
-7.7581629625049919e-01 -3.6543485378887539e+01 8.6728763274155019e-01 -9.3549211772669040e+01 -1.0257614839317782e+02 2.4877987665031878e+00 -6.6285405950224465e+00 -6.7371640081953075e+00 4.6508610999999997e-03 4.9166899000000000e-02
-7.6759054557099837e-01 -3.4777832020718066e+01 8.6795480740179975e-01 -9.0148770194700717e+01 -1.0228353991078845e+02 2.3541234394780237e+00 -6.4116465914699772e+00 -6.7238888655722722e+00 4.9096423000000002e-03 5.3946949000000001e-02
-7.5891749770368133e-01 -3.3133518179520635e+01 8.6865826146814129e-01 -8.6859451504445161e+01 -1.0197573614066360e+02 2.2284250221254540e+00 -6.2020244677707002e+00 -6.7099173499440594e+00 5.1706551000000002e-03 5.8986927000000001e-02
-7.4979364211384936e-01 -3.1601114533670124e+01 8.6939827967322525e-01 -8.3674365369539004e+01 -1.0165272511165649e+02 2.1101058500410419e+00 -5.9992132888474865e+00 -6.6952478252962022e+00 5.4335110000000002e-03 6.4288872999999996e-02
-7.4021614456098828e-01 -3.0172065534645725e+01 8.7017509189679476e-01 -8.0587351537208292e+01 -1.0131452539367201e+02 1.9986218262298561e+00 -5.8027996498854781e+00 -6.6798799806109415e+00 5.6978226000000002e-03 6.9854434000000007e-02
-7.3018282989026551e-01 -2.8838590559778545e+01 8.7098887456143337e-01 -7.7592882208426744e+01 -1.0096118525564314e+02 1.8934761079367803e+00 -5.6124113567953415e+00 -6.6638147939886849e+00 5.9632034000000004e-03 7.5684873999999999e-02
-7.1969219063678080e-01 -2.7593601356387339e+01 8.7183974993469104e-01 -7.4685987162571095e+01 -1.0059278263603282e+02 1.7942140228117784e+00 -5.4277126177632127e+00 -6.6470545355918871e+00 6.2292681999999997e-03 8.1781068999999998e-02
-7.0874338014216587e-01 -2.6430629211121950e+01 8.7272778668738349e-01 -7.1862185177969906e+01 -1.0020942471933211e+02 1.7004185121991118e+00 -5.2483996160902757e+00 -6.6296027476873514e+00 6.4956331999999999e-03 8.8143510999999994e-02
-6.9733621255458356e-01 -2.5343762304109301e+01 8.7365299989359235e-01 -6.9117427348662289e+01 -9.9811247384109606e+01 1.6117062616467661e+00 -5.0741968005534961e+00 -6.6114642323046295e+00 6.7619166000000000e-03 9.4772308000000000e-02
-6.8547115250362634e-01 -2.4327589954987467e+01 8.7461535186811379e-01 -6.6448045300376094e+01 -9.9398414531244939e+01 1.5277242306605030e+00 -4.9048536786803281e+00 -6.5926450164617458e+00 7.0277381999999996e-03 1.0166719000000000e-01
-6.7314931337946593e-01 -2.3377154593844004e+01 8.7561475230603358e-01 -6.3850708868724453e+01 -9.8971117568605948e+01 1.4481467161338146e+00 -4.7401418954779810e+00 -6.5731523378377110e+00 7.2927204000000001e-03 1.0882751000000000e-01
-6.6037248142475780e-01 -2.2487910364509830e+01 8.7665105632867946e-01 -6.1322393946943038e+01 -9.8529575706484280e+01 1.3726728944461080e+00 -4.5798533660238734e+00 -6.5529946637326262e+00 7.5564877000000004e-03 1.1625223000000000e-01
-6.4714306582998116e-01 -2.1655684712584630e+01 8.7772406853129115e-01 -5.8860339895759139e+01 -9.8074033736392607e+01 1.3010242101616416e+00 -4.4237974114928864e+00 -6.5321815915264487e+00 7.8186677999999999e-03 1.2393994999999999e-01
-6.3346409529173897e-01 -2.0876639506182332e+01 8.7883354326217011e-01 -5.6462022010358830e+01 -9.7604761333673494e+01 1.2329423771468764e+00 -4.2717990977853821e+00 -6.5107238269399899e+00 8.0788911000000008e-03 1.3188891000000000e-01
-6.1933926963826746e-01 -2.0147250286018505e+01 8.7997918043543433e-01 -5.4125136783888387e+01 -9.7122054224714958e+01 1.1681878233702478e+00 -4.1236981487042925e+00 -6.4886332440987360e+00 8.3367917000000003e-03 1.4009695999999999e-01
-6.0477289099542286e-01 -1.9464272536643378e+01 8.8116063111401199e-01 -5.1847565137582677e+01 -9.6626231245283634e+01 1.1065377606207343e+00 -3.9793467880580735e+00 -6.4659227531135368e+00 8.5920070000000005e-03 1.4856159999999999e-01
-5.8976989820368786e-01 -1.8824720536987900e+01 8.8237749471814453e-01 -4.9627364451468324e+01 -9.6117634695468738e+01 1.0477848562533125e+00 -3.8386090781839779e+00 -6.4426063299020866e+00 8.8441787999999997e-03 1.5727996000000000e-01
-5.7433583240116537e-01 -1.8225844284622337e+01 8.8362932181688336e-01 -4.7462741612737950e+01 -9.5596628669637269e+01 9.9173582400157723e-01 -3.7013592257024346e+00 -6.4186989413373290e+00 9.0929527999999999e-03 1.6624881999999999e-01
-5.5847683702357798e-01 -1.7665110549140934e+01 8.8491561412808961e-01 -4.5352040754987200e+01 -9.5063598216330362e+01 9.3821026008906350e-01 -3.5674808495165276e+00 -6.3942165166351552e+00 9.3379794999999995e-03 1.7546460999999999e-01
-5.4219964059576475e-01 -1.7140184501464987e+01 8.8623582591418293e-01 -4.3293727627107344e+01 -9.4518948141121214e+01 8.8703953415146120e-01 -3.4368659769552257e+00 -6.3691758976262998e+00 9.5789143999999993e-03 1.8492342000000001e-01
-5.2551160835719135e-01 -1.6648916686278664e+01 8.8758935979489628e-01 -4.1286383900481049e+01 -9.3963103823214368e+01 8.3806598404265031e-01 -3.3094092682273430e+00 -6.3435948889363019e+00 9.8154178999999998e-03 1.9462097000000000e-01
-5.0842065621943311e-01 -1.6189325025166148e+01 8.8897557372601710e-01 -3.9328687273488306e+01 -9.3396507694397386e+01 7.9114177119432849e-01 -3.1850335224079052e+00 -6.3174920998540518e+00 1.0047156000000000e-02 2.0455266000000000e-01
-4.9093523355767160e-01 -1.5759576010455106e+01 8.9039378239513634e-01 -3.7419400268698261e+01 -9.2819617892610523e+01 7.4613210198521618e-01 -3.0636354943979400e+00 -6.2908868899533896e+00 1.0273801000000001e-02 2.1471357999999999e-01
-4.7306440925321153e-01 -1.5358007405370765e+01 8.9184325024290634e-01 -3.5557368806371379e+01 -9.2232910247507263e+01 7.0289456301768594e-01 -2.9451394365320311e+00 -6.2637994745046832e+00 1.0495031000000000e-02 2.2509846000000000e-01
-4.5481776844246052e-01 -1.4983050759808354e+01 8.9332319983753083e-01 -3.3741508948822101e+01 -9.1636874206062259e+01 6.6131851550249410e-01 -2.8294691819668585e+00 -6.2362507331675880e+00 1.0710529999999999e-02 2.3570173000000000e-01
-4.3620542972543225e-01 -1.4633286876809054e+01 8.9483281047901675e-01 -3.1970799072386811e+01 -9.1032012476905322e+01 6.2128420967469400e-01 -2.7165531075728735e+00 -6.2082622208446949e+00 1.0919989999999999e-02 2.4651751000000000e-01
-4.1723806237424998e-01 -1.4307405283241692e+01 8.9637121680342557e-01 -3.0244276751087725e+01 -9.0418840920032878e+01 5.8268242647536916e-01 -2.6063245532720445e+00 -6.1798561489878354e+00 1.1123108000000000e-02 2.5753959999999998e-01
-3.9792683470763629e-01 -1.4004201905056695e+01 8.9793751297011870e-01 -2.8561028640737145e+01 -8.9797886043645562e+01 5.4540980878519019e-01 -2.4987197390450482e+00 -6.1510552853033538e+00 1.1319591000000000e-02 2.6876150999999998e-01
-3.7828339688240969e-01 -1.3722571866911760e+01 8.9953075405750549e-01 -2.6920185018270587e+01 -8.9169683653260179e+01 5.0936836512321682e-01 -2.3936789006219219e+00 -6.1218829094665308e+00 1.1509152000000000e-02 2.8017647000000001e-01
-3.5831989810198794e-01 -1.3461503443231859e+01 9.0114995466729464e-01 -2.5320917354672503e+01 -8.8534778792277365e+01 4.7446505383797338e-01 -2.2911453408041704e+00 -6.0923628009886643e+00 1.1691511000000000e-02 2.9177742000000001e-01
-3.3804900382489167e-01 -1.3220072357345202e+01 9.0279408752874646e-01 -2.3762435981150833e+01 -8.7893725344120952e+01 4.4061139567531671e-01 -2.1910654696769329e+00 -6.0625192423968706e+00 1.1866398000000000e-02 3.0355700000000002e-01
-3.1748375809671692e-01 -1.2997435028209877e+01 9.0446209466465899e-01 -2.2243976488769551e+01 -8.7247081097804724e+01 4.0772285242634720e-01 -2.0933879018861057e+00 -6.0323767895339113e+00 1.2033550000000000e-02 3.1550762999999998e-01
-2.9663770400965850e-01 -1.2792824956681043e+01 9.0615287762112984e-01 -2.0764806555575142e+01 -8.6595410828928976e+01 3.7571867335694009e-01 -1.9980638941724038e+00 -6.0019604178692809e+00 1.2192715000000000e-02 3.2762143999999999e-01
-2.7552479765999394e-01 -1.2605549276714340e+01 9.0786530444629754e-01 -1.9324217224647246e+01 -8.5939282892539637e+01 3.4452141126412983e-01 -1.9050467918944327e+00 -5.9712953808652731e+00 1.2343646000000000e-02 3.3989032000000002e-01
-2.5415942535658642e-01 -1.2434983130033261e+01 9.0959820829459381e-01 -1.7921522175575991e+01 -8.5279269185642605e+01 3.1405662606042545e-01 -1.8142919268192179e+00 -5.9404072071201162e+00 1.2486109000000000e-02 3.5230591000000000e-01
-2.3255633478687077e-01 -1.2280565778006849e+01 9.1135039300973597e-01 -1.6556051907169262e+01 -8.4615942317200819e+01 2.8425248370017941e-01 -1.7257562839704499e+00 -5.9093215763928386e+00 1.2619877000000000e-02 3.6485963999999999e-01
-2.1073068664236405e-01 -1.2141800448594838e+01 9.1312062893748258e-01 -1.5227155350342921e+01 -8.3949876731733781e+01 2.5503953873942398e-01 -1.6393985564587372e+00 -5.8780645727459033e+00 1.2744734000000001e-02 3.7754270000000001e-01
-1.8869800299315531e-01 -1.2018249658906257e+01 9.1490765711287825e-01 -1.3934195796615525e+01 -8.3281646787505920e+01 2.2635038065417912e-01 -1.5551788955346606e+00 -5.8466616024224489e+00 1.2860473000000001e-02 3.9034606999999999e-01
-1.6647413287089874e-01 -1.1909533369991994e+01 9.1671019205174997e-01 -1.2676548023498702e+01 -8.2611824163668345e+01 1.9811932164634660e-01 -1.4730586915924262e+00 -5.8151392975961835e+00 1.2966896000000000e-02 4.0326054000000000e-01
-1.4407528668582026e-01 -1.1815327479123761e+01 9.1852691895921079e-01 -1.1453599564655153e+01 -8.1940980063617772e+01 1.7028217955401515e-01 -1.3930006527490879e+00 -5.7835235780588006e+00 1.3063819000000001e-02 4.1627669000000000e-01
-1.2151793297569746e-01 -1.1735361902202236e+01 9.2035650210414932e-01 -1.0264744631994402e+01 -8.1269680328286398e+01 1.4277589254072998e-01 -1.3149683873461013e+00 -5.7518404746364071e+00 1.3151064000000001e-02 4.2938494999999999e-01
-9.8818901656879343e-02 -1.1669419926517140e+01 9.2219757644474021e-01 -9.1093894475620161e+00 -8.0598489548596291e+01 1.1553839481124917e-01 -1.2389267332382918e+00 -5.7201160602688352e+00 1.3228465999999999e-02 4.4257553999999999e-01
-7.5995246356259871e-02 -1.1617337042741990e+01 9.2404875879443060e-01 -7.9869443553329980e+00 -7.9927964957666404e+01 8.8508198944271643e-02 -1.1648412551078917e+00 -5.6883762471818873e+00 1.3295871000000001e-02 4.5583855000000001e-01
-5.3064313245291150e-02 -1.1579000659108537e+01 9.2590864223894620e-01 -6.8968287939178401e+00 -7.9258659302314513e+01 6.1624231252879524e-02 -1.0926784635660902e+00 -5.6566468704806336e+00 1.3353135000000000e-02 4.6916390000000002e-01
-3.0043654997466418e-02 -1.1554349910571565e+01 9.2777580311503383e-01 -5.8384648531300334e+00 -7.8591117843829608e+01 3.4825474913070864e-02 -1.0224055277041453e+00 -5.6249535606971044e+00 1.3400123999999999e-02 4.8254139000000001e-01
-6.9510652053265121e-03 -1.1543375984051020e+01 9.2964879821896385e-01 -4.8112814364893914e+00 -7.7925879141676091e+01 8.0507599607856362e-03 -9.5399036770608425e-01 -5.5933217862570812e+00 1.3436718000000000e-02 4.9596067999999999e-01
1.6195490453553174e-02 -1.1546122680346773e+01 9.3152617038952412e-01 -3.8144840382810239e+00 -7.7263472914298504e+01 -1.8761581668938043e-02 -8.8740148657171014e-01 -5.5617767319719658e+00 1.3462807000000000e-02 5.0941133000000005e-01
3.9377805382549091e-02 -1.1562687379368775e+01 9.3340644292502606e-01 -2.8481903513408331e+00 -7.6604421956377521e+01 -4.5673904410751698e-02 -8.2260813346466477e-01 -5.5303434230065633e+00 1.3478291000000000e-02 5.2288276000000000e-01
6.2577586942521024e-02 -1.1593222439884702e+01 9.3528813214504003e-01 -1.9111599653387121e+00 -7.5949237655149574e+01 -7.2749709765956183e-02 -7.5957991051079299e-01 -5.4990464819095530e+00 1.3483083000000000e-02 5.3636434000000000e-01
8.5776370409294422e-02 -1.1637936992008873e+01 9.3716974041165335e-01 -1.0030630053876208e+00 -7.5298422464111979e+01 -1.0005383862723205e-01 -6.9828702295633738e-01 -5.4679102736619427e+00 1.3477108000000000e-02 5.4984533999999996e-01
1.0895555339066709e-01 -1.1697099127156184e+01 9.3904975892096698e-01 -1.2334703039536277e-01 -7.4652468915540723e+01 -1.2765282156622093e-01 -6.3870019930477273e-01 -5.4369588257428916e+00 1.3460300999999999e-02 5.6331494999999998e-01
1.3209644745192006e-01 -1.1771038631646871e+01 9.4092667189034063e-01 7.2853760310013793e-01 -7.4011858355954331e+01 -1.5561527115868878e-01 -5.8079058600177702e-01 -5.4062157817620768e+00 1.3432611000000001e-02 5.7676231000000000e-01
1.5518031253282372e-01 -1.1860150327404821e+01 9.4279895934988878e-01 1.5531385380088960e+00 -7.3377060097560658e+01 -1.8401227391104691e-01 -5.2452977889537222e-01 -5.3757043598853551e+00 1.3393997000000000e-02 5.9017653000000003e-01
1.7818830532212782e-01 -1.1964897676472201e+01 9.4466509295523671e-01 2.3509978752106568e+00 -7.2748533027315929e+01 -2.1291770672114252e-01 -4.6988962783248139e-01 -5.3454474242620940e+00 1.3344429999999999e-02 6.0354666000000001e-01
2.0110154809157610e-01 -1.2085817261045783e+01 9.4652354157051255e-01 3.1226569261387342e+00 -7.2126724033666747e+01 -2.4240872883733144e-01 -4.1684274745495081e-01 -5.3154673952165075e+00 1.3283893999999999e-02 6.1686173000000000e-01
2.2390119752991811e-01 -1.2223524297691380e+01 9.4837277685134158e-01 3.8686513821475605e+00 -7.1512066205589804e+01 -2.7256632014258042e-01 -3.6536183588742605e-01 -5.2857861768236276e+00 1.3212384000000001e-02 6.3011079000000003e-01
2.4656834149189022e-01 -1.2378717821692618e+01 9.5021126487035545e-01 4.5895138228936876e+00 -7.0904982143342082e+01 -3.0347563291637447e-01 -3.1542004273611962e-01 -5.2564253029304231e+00 1.3129907000000000e-02 6.4328284999999996e-01
2.6908411945773913e-01 -1.2552187498116300e+01 9.5203747588743104e-01 5.2857723295381609e+00 -7.0305880967890815e+01 -3.3522625846062010e-01 -2.6699098270264049e-01 -5.2274057865919161e+00 1.3036481000000001e-02 6.5636695000000000e-01
2.9142973974172515e-01 -1.2744823322615050e+01 9.5384988574543805e-01 5.9579522461880741e+00 -6.9715158376913223e+01 -3.6791496927776218e-01 -2.2004854188025935e-01 -5.1987481091765257e+00 1.2932137999999999e-02 6.6935217000000002e-01
3.1358642786661206e-01 -1.2957621524979150e+01 9.5564697168299462e-01 6.6065725430405662e+00 -6.9133198252125894e+01 -4.0164205360672750e-01 -1.7456708461379294e-01 -5.1704723180001375e+00 1.2816919000000000e-02 6.8222760000000005e-01
3.3553552981468715e-01 -1.3191695483970076e+01 9.5742722070895703e-01 7.2321482692514323e+00 -6.8560370562432141e+01 -4.3651643693659120e-01 -1.3052127023632260e-01 -5.1425978623953252e+00 1.2690879000000000e-02 6.9498240000000000e-01
3.5725847761075546e-01 -1.3448288824024845e+01 9.5918912681092283e-01 7.8351888026029135e+00 -6.7997032614759419e+01 -4.7265432117368100e-01 -8.7886180300622951e-02 -5.1151437848602841e+00 1.2554085000000000e-02 7.0760577999999996e-01
3.7873680653064246e-01 -1.3728786735899249e+01 9.6093119235097935e-01 8.4161972158925700e+00 -6.7443529261041562e+01 -5.1018053971904365e-01 -4.6637326086831521e-02 -5.0881285139299326e+00 1.2406611999999999e-02 7.2008700999999997e-01
3.9995224114371086e-01 -1.4034732290934869e+01 9.6265193504444513e-01 8.9756718081984648e+00 -6.6900191207419567e+01 -5.4922972551206328e-01 -6.7504506858647728e-03 -5.0615699556868901e+00 1.2248551000000000e-02 7.3241546999999996e-01
4.2088664368735151e-01 -1.4367842640072494e+01 9.6434988377262487e-01 9.5141037168087674e+00 -6.6367336809958360e+01 -5.8994737854055312e-01 3.1798051924147586e-02 -5.0354854607832813e+00 1.2080001999999999e-02 7.4458062000000003e-01
4.4152204848398879e-01 -1.4730028770444218e+01 9.6602358137430622e-01 1.0031976931363520e+01 -6.5845271908580585e+01 -6.3249122479340758e-01 6.9031553395769135e-02 -5.0098918937528412e+00 1.1901076999999999e-02 7.5657202000000001e-01
4.6184069635808855e-01 -1.5123417713979594e+01 9.6767158743725634e-01 1.0529768329780600e+01 -6.5334289476421674e+01 -6.7703276151948333e-01 1.0497294994605147e-01 -4.9848055522193393e+00 1.1711898000000000e-02 7.6837935000000002e-01
4.8182508626166776e-01 -1.5550381666500890e+01 9.6929248248546673e-01 1.1007948077961036e+01 -6.4834669011290273e+01 -7.2375906275826263e-01 1.3964477015875065e-01 -4.9602421499210330e+00 1.1512599000000000e-02 7.7999244000000001e-01
5.0145788923177781e-01 -1.6013560588275976e+01 9.7088486100041171e-01 1.1466976572411168e+01 -6.4346679385475525e+01 -7.7287451420369557e-01 1.7306899797981076e-01 -4.9362169384084575e+00 1.1303326000000001e-02 7.9140122000000002e-01
5.2072212047553879e-01 -1.6515905107099403e+01 9.7244734537853117e-01 1.1907307714939304e+01 -6.3870575105814908e+01 -8.2460344026969157e-01 2.0526727597304625e-01 -4.9127445273711405e+00 1.1084235000000000e-02 8.0259581999999996e-01
5.3960098449360805e-01 -1.7060709745411994e+01 9.7397857336949656e-01 1.2329384640342990e+01 -6.3406600876207406e+01 -8.7919227214149898e-01 2.3626067492019204e-01 -4.8898390895259460e+00 1.0855490000000001e-02 8.1356647999999998e-01
5.5807802995671163e-01 -1.7651663215800955e+01 9.7547721063794479e-01 1.2733642283139361e+01 -6.2954988543687520e+01 -9.3691290125151283e-01 2.6606985003825145e-01 -4.8675142123668644e+00 1.0617270000000000e-02 8.2430364000000000e-01
5.7613711528863742e-01 -1.8292900925052049e+01 9.7694194797198186e-01 1.3120505882351157e+01 -6.2515958478236968e+01 -9.9806605211106314e-01 2.9471496515151591e-01 -4.8457829473523448e+00 1.0369760000000000e-02 8.3479791999999997e-01
5.9376242587473804e-01 -1.8989069350785954e+01 9.7837150267893158e-01 1.3490390629718032e+01 -6.2089719973268679e+01 -1.0629853472987574e+00 3.2221567748787505e-01 -4.8246578248592078e+00 1.0113159000000000e-02 8.4504013000000000e-01
6.1093849127043454e-01 -1.9745399588401664e+01 9.7976461998108333e-01 1.3843701258440385e+01 -6.1676471220378417e+01 -1.1320420853690265e+00 3.4859112919821228e-01 -4.8041508655491842e+00 9.8476710000000005e-03 8.5502127999999999e-01
6.2765018520121685e-01 -2.0567795113079530e+01 9.8112007301569215e-01 1.4180840909542830e+01 -6.1276401098014709e+01 -1.2056507967602332e+00 3.7385990336662051e-01 -4.7842735940238716e+00 9.5735140000000000e-03 8.6473257999999997e-01
6.4388281160516025e-01 -2.1462939959467615e+01 9.8243666981372046e-01 1.4502174341604613e+01 -6.0889686118895206e+01 -1.2842761869276984e+00 3.9804012198064220e-01 -4.7650369720668095e+00 9.2909130999999992e-03 8.7416548999999999e-01
6.5962201859040870e-01 -2.2438418411429712e+01 9.8371324632109625e-01 1.4808082025937287e+01 -6.0516494242397911e+01 -1.3684407017082998e+00 4.2114927990275886e-01 -4.7464515245665364e+00 9.0001030000000006e-03 8.8331166999999999e-01
6.7485390168619497e-01 -2.3502873076931202e+01 9.8494867477320314e-01 1.5098924156895785e+01 -6.0156982956712518e+01 -1.4587344554330097e+00 4.4320436021920895e-01 -4.7285272295921610e+00 8.7013270999999996e-03 8.9216304000000002e-01
6.8956495221733061e-01 -2.4666177174628800e+01 9.8614185950763533e-01 1.5375048315405872e+01 -5.9811301116905796e+01 -1.5558264401272082e+00 4.6422172830351199e-01 -4.7112736422247119e+00 8.3948374000000006e-03 9.0071175000000003e-01
7.0374214334672325e-01 -2.5939668121215487e+01 9.8729174394293895e-01 1.5636780225473995e+01 -5.9479587368457587e+01 -1.6604790598835999e+00 4.8421722550559654e-01 -4.6946997664281351e+00 8.0808944000000001e-03 9.0895022999999997e-01
7.1737286124136279e-01 -2.7336411264592389e+01 9.8839730499561917e-01 1.5884463204147469e+01 -5.9161972803561973e+01 -1.7735648973206923e+00 5.0320603302748323e-01 -4.6788142021946300e+00 7.7597663000000001e-03 9.1687114999999997e-01
7.3044497390633456e-01 -2.8871543709439997e+01 9.8945755866313334e-01 1.6118397448802650e+01 -5.8858579670741655e+01 -1.8960885315129223e+00 5.2120274696650792e-01 -4.6636250698866739e+00 7.4317293999999999e-03 9.2446746000000002e-01
7.4294684839332370e-01 -3.0562700676446841e+01 9.9047156141963877e-01 1.6338880105679198e+01 -5.8569521678073620e+01 -2.0292135980091035e+00 5.3822136492384542e-01 -4.6491400205281685e+00 7.0970672000000004e-03 9.3173240000000002e-01
7.5486731638360749e-01 -3.2430547759411319e+01 9.9143840742449685e-01 1.6546194788101758e+01 -5.8294905460379780e+01 -2.1742964623528729e+00 5.5427522768232640e-01 -4.6353662958457296e+00 6.7560703000000000e-03 9.3865947999999999e-01
7.6619576023057312e-01 -3.4499482436417878e+01 9.9235723550101407e-01 1.6740612358843837e+01 -5.8034828939038668e+01 -2.3329309433398189e+00 5.6937847104532469e-01 -4.6223106511481680e+00 6.4090362999999996e-03 9.4524253000000003e-01
7.7692200970869640e-01 -3.6798513095655352e+01 9.9322722076195236e-01 1.6922388741525459e+01 -5.7789384850461474e+01 -2.5070039256939745e+00 5.8353896850351128e-01 -4.6099795042571543e+00 6.0562691999999996e-03 9.5147563999999996e-01
7.8703651409857667e-01 -3.9362476100650021e+01 9.9404758856701225e-01 1.7091767497743866e+01 -5.7558656484392458e+01 -2.6987733506898457e+00 5.9677234845059135e-01 -4.5983787356740917e+00 5.6980790999999996e-03 9.5735325999999998e-01
7.9653017010190230e-01 -4.2233592512139339e+01 9.9481760056534929e-01 1.7248976536439439e+01 -5.7342722697910730e+01 -2.9109670525236275e+00 6.0908792914738263e-01 -4.5875139345761538e+00 5.3347821999999998e-03 9.6287009999999995e-01
8.0539449392648521e-01 -4.5463696425112715e+01 9.9553656865305795e-01 1.7394230705826779e+01 -5.7141654354979330e+01 -3.1469256986249770e+00 6.2049583436548961e-01 -4.5773902022889601e+00 4.9667000000000001e-03 9.6802122999999995e-01
8.1362150082673601e-01 -4.9117269187852315e+01 9.9620384520293259e-01 1.7527727911618353e+01 -5.6955517462558980e+01 -3.4107967945162461e+00 6.3100543530673259e-01 -4.5680123480781090e+00 4.5941591999999996e-03 9.7280200999999999e-01
8.2120384277169256e-01 -5.3275922313501241e+01 9.9681883423045436e-01 1.7649657393665137e+01 -5.6784370590337616e+01 -3.7078228847971646e+00 6.4062550794812312e-01 -4.5593846081813414e+00 4.2174915999999996e-03 9.7720817000000004e-01
8.2813467077699165e-01 -5.8044925514064062e+01 9.9738098022780475e-01 1.7760187521031980e+01 -5.6628268343321757e+01 -4.0447609481358491e+00 6.4936404256539282e-01 -4.5515109955318085e+00 3.8370333000000002e-03 9.8123572999999997e-01
8.3440777257289711e-01 -6.3563461250703476e+01 9.9788977932985201e-01 1.7859474695676820e+01 -5.6487258345887604e+01 -4.4305437053352392e+00 6.5722840634293189e-01 -4.5443951515009191e+00 3.4531249000000000e-03 9.8488107999999996e-01
8.4001752097878923e-01 -7.0021071349772384e+01 9.9834477512690600e-01 1.7947660200017083e+01 -5.6361383304654687e+01 -4.8773413349609367e+00 6.6422525803225296e-01 -4.5380402514587681e+00 3.0661112999999999e-03 9.8814095000000002e-01
8.4495883948615758e-01 -7.7685728097074715e+01 9.9874555587322189e-01 1.8024869613207688e+01 -5.6250681655449782e+01 -5.4023724262416586e+00 6.7036049547287302e-01 -4.5324491906343543e+00 2.6763420000000000e-03 9.9101238999999997e-01
8.4922730550962200e-01 -8.6955561570376958e+01 9.9909176286148971e-01 1.8091214286653901e+01 -5.6155185739754387e+01 -6.0312765885673230e+00 6.7563937780541916e-01 -4.5276244435299304e+00 2.2841723000000002e-03 9.9349282999999999e-01
8.5281911596992543e-01 -9.8462887303136185e+01 9.9938308763133787e-01 1.8146790621530386e+01 -5.6074922666888597e+01 -6.8048191847157211e+00 6.8006646581464847e-01 -4.5235681143965074e+00 1.8899688000000000e-03 9.9558005999999999e-01
8.5573107008543148e-01 -1.1331318106844579e+02 9.9961927057358491e-01 1.8191679719017603e+01 -5.6009915045807467e+01 -7.7944531767996672e+00 6.8364559772145261e-01 -4.5202819644337371e+00 1.4941295000000000e-03 9.9727222000000004e-01
8.5796081029117066e-01 -1.3375912047009854e+02 9.9980012047071543e-01 1.8225950928030649e+01 -5.5960175712277064e+01 -9.1461154818232977e+00 6.8638017501736859e-01 -4.5177671464663369e+00 1.0971916000000000e-03 9.9856794000000004e-01
8.5950747616197143e-01 -1.6596125634281475e+02 9.9992556753531492e-01 1.8249671801426544e+01 -5.5925693380840421e+01 -1.1259836267419406e+01 6.8827395558652449e-01 -4.5160234745096224e+00 7.0085733000000002e-04 9.9946672000000003e-01
