-4.6885251908981512e-01 -9.3691473590669170e+02 4.6885402186587710e-01 -9.8676160891000757e+02 -2.7561584972622546e+02 6.3211310051947898e+01 -6.6483253204040921e+01 -1.8089311345328436e+01 5.5301730000000003e-06 1.0230946000000001e-06
-4.6883479564965774e-01 -6.7660068176732113e+02 4.6886406097619843e-01 -7.2617547701939350e+02 -2.7558134165754518e+02 4.6123124940135696e+01 -4.9382362927778999e+01 -1.8087749235239031e+01 3.5894988000000002e-05 1.9923924999999999e-05
-4.6877919062108264e-01 -5.5593079275450327e+02 4.6889555740191086e-01 -6.0481231609828626e+02 -2.7547309949515767e+02 3.8195311496853400e+01 -4.1421947232110135e+01 -1.8082849108714900e+01 8.5619985000000003e-05 7.9222864999999994e-05
-4.6866911071179951e-01 -4.7690866308841470e+02 4.6895791010226934e-01 -5.2461704513277232e+02 -2.7525891572214812e+02 3.2995688028907637e+01 -3.6166807985243800e+01 -1.8073152000483546e+01 1.5173507999999999e-04 1.9661552000000001e-04
-4.6849003337285477e-01 -4.1839647837155053e+02 4.6905934510279695e-01 -4.6442984735457594e+02 -2.7491076826664300e+02 2.9136887532621216e+01 -3.2228271546943908e+01 -1.8057386886847873e+01 2.3255418000000001e-04 3.8758918999999998e-04
-4.6822875069700554e-01 -3.7221027016873734e+02 4.6920734377487233e-01 -4.1606474006034369e+02 -2.7440343759830967e+02 2.6081946963735788e+01 -2.9069007073036556e+01 -1.8034407181574803e+01 3.2689763000000001e-04 6.6622920000000002e-04
-4.6787302537403752e-01 -3.3430526855104620e+02 4.6940883771338832e-01 -3.7548769498177489e+02 -2.7371393553880108e+02 2.3565690875828498e+01 -2.6424076517937777e+01 -1.8003163931760881e+01 4.3385032000000002e-04 1.0455858000000000e-03
-4.6741139814670679e-01 -3.0237811847934051e+02 4.6967031779972296e-01 -3.4041488442193202e+02 -2.7282123567129059e+02 2.1437308859470740e+01 -2.4143328409373265e+01 -1.7962692560139939e+01 5.5265518999999999e-04 1.5378795000000000e-03
-4.6683306878759578e-01 -2.7498746065344830e+02 4.6999790162016747e-01 -3.0943078836131468e+02 -2.7170615104636187e+02 1.9602605398782547e+01 -2.2133533545172060e+01 -1.7912106264569346e+01 6.8265765000000004e-04 2.1546280000000000e-03
-4.6612781572825002e-01 -2.5116789090702127e+02 4.7039737899049455e-01 -2.8160046762075842e+02 -2.7035128909418506e+02 1.7998641717514527e+01 -2.0332948965293610e+01 -1.7850592904230076e+01 8.2327310000000005e-04 2.9067318999999999e-03
-4.6528594129709194e-01 -2.3023859962637258e+02 4.7087424297491554e-01 -2.5627700239039410e+02 -2.6874105620271791e+02 1.6581161556425059e+01 -1.8698688185905180e+01 -1.7777414166526917e+01 9.7396649000000004e-04 3.8045331000000002e-03
-4.6429823167933365e-01 -2.1169958630082513e+02 4.7143371256603639e-01 -2.3299679738527470e+02 -2.6686168872231121e+02 1.5317768944544913e+01 -1.7199856976054409e+01 -1.7691905936775864e+01 1.1342389000000000e-03 4.8578574999999999e-03
-4.6315592766051999e-01 -1.9517141583067050e+02 4.7208074925662957e-01 -2.1141863102857900e+02 -2.6470130042070963e+02 1.4183966777780622e+01 -1.5813559256011629e+01 -1.7593479523428787e+01 1.3036180000000001e-03 6.0760461999999999e-03
-4.6185070343435136e-01 -1.8035829465590669e+02 4.7282006904354523e-01 -1.9128616744425560e+02 -2.6224993932096623e+02 1.3160728152587534e+01 -1.4522442456732655e+01 -1.7481623384309053e+01 1.4816515000000000e-03 7.4679780999999997e-03
-4.6037464944264617e-01 -1.6702439148680023e+02 4.7365615214769263e-01 -1.7240381087327719e+02 -2.5949964402086948e+02 1.2232938691815479e+01 -1.3313118150541449e+01 -1.7355904951658534e+01 1.6679024999999999e-03 9.0420881999999994e-03
-4.5872026074777489e-01 -1.5497810617556630e+02 4.7459324960025701e-01 -1.5462054662738203e+02 -2.5644448068435651e+02 1.1388361807449392e+01 -1.2175109323629471e+01 -1.7215973842331525e+01 1.8619452999999999e-03 1.0806380000000001e-02
-4.5688042624902980e-01 -1.4406125548112098e+02 4.7563538935088445e-01 -1.3781885347949182e+02 -2.5308066798968250e+02 1.0616927544697516e+01 -1.1100123589739370e+01 -1.7061557362254746e+01 2.0633631000000000e-03 1.2768437000000001e-02
-4.5484842371277823e-01 -1.3414146597180920e+02 4.7678637908275867e-01 -1.2190672752739718e+02 -2.4940650241127474e+02 9.9102330981774198e+00 -1.0081540323440064e+01 -1.6892474580905763e+01 2.2717459999999998e-03 1.4935428000000001e-02
-4.5261791142687069e-01 -1.2510665081105182e+02 4.7804981093980486e-01 -1.0681191770729431e+02 -2.4542246042177490e+02 9.2611793990813887e+00 -9.1140355531530126e+00 -1.6708624963888578e+01 2.4866887000000002e-03 1.7314116000000001e-02
-4.5018292838818202e-01 -1.1686096473462997e+02 4.7942906142046054e-01 -9.2477633885085538e+01 -2.4113119782281203e+02 8.6637079571622273e+00 -8.1933070055986033e+00 -1.6509995665554733e+01 2.7077901999999999e-03 1.9910858000000000e-02
-4.4753788398783523e-01 -1.0932171983946884e+02 4.8092729722028715e-01 -7.8859223093063861e+01 -2.3653753629544082e+02 8.1125974208383163e+00 -7.3158614935679296e+00 -1.6296660013740286e+01 2.9346520999999999e-03 2.2731616000000000e-02
-4.4467756363744299e-01 -1.0241707224616448e+02 4.8254747204509102e-01 -6.5921663315211845e+01 -2.3164847713506194e+02 7.6033139634570759e+00 -6.4788565361833266e+00 -1.6068777906488524e+01 3.1668782999999998e-03 2.5781951000000001e-02
-4.4159712314286581e-01 -9.6084188800922746e+01 4.8429232979780246e-01 -5.3637522748790950e+01 -2.2647307908694393e+02 7.1318918492295387e+00 -5.6799721833595527e+00 -1.5826594647823153e+01 3.4040742000000001e-03 2.9067029000000001e-02
-4.3829208495338462e-01 -9.0267807236107146e+01 4.8616440670306188e-01 -4.1985336183122847e+01 -2.2102251472854454e+02 6.6948403745165468e+00 -4.9173100506863063e+00 -1.5570439313577019e+01 3.6458464000000000e-03 3.2591624999999999e-02
-4.3475834378794198e-01 -8.4919101249999500e+01 4.8816602812034054e-01 -3.0948309665830511e+01 -2.1530992887649342e+02 6.2890709455176177e+00 -4.1893138957396818e+00 -1.5300723200959032e+01 3.8918026000000000e-03 3.6360116999999997e-02
-4.3099215913348682e-01 -7.9994739038042852e+01 4.9029931279311295e-01 -2.0513212020856717e+01 -2.0935035321215338e+02 5.9118366648104521e+00 -3.4947018689410108e+00 -1.5017936596249001e+01 4.1415510999999999e-03 4.0376493999999999e-02
-4.2699015805809515e-01 -7.5456131985853673e+01 4.9256617125541713e-01 -1.0669483717738162e+01 -2.0316059067474529e+02 5.5606844090625671e+00 -2.8324129553097093e+00 -1.4722645659204874e+01 4.3947007000000003e-03 4.4644352999999998e-02
-4.2274933521097013e-01 -7.1268799241905825e+01 4.9496830583185458e-01 -1.4084776652723539e+00 -1.9675913035886904e+02 5.2334150481366040e+00 -2.2015615654312284e+00 -1.4415488520784393e+01 4.6508610999999997e-03 4.9166899000000000e-02
-4.1826704907161411e-01 -6.7401841383210751e+01 4.9750721276217658e-01 7.2771821784942468e+00 -1.9016588982895459e+02 4.9280501445608689e+00 -1.6013990160659977e+00 -1.4097170484964472e+01 4.9096423000000002e-03 5.3946949000000001e-02
-4.1354102663836351e-01 -6.3827518420450410e+01 5.0018417954555128e-01 1.5394133719450167e+01 -1.8340224421182486e+02 4.6428047257928799e+00 -1.0312823162656599e+00 -1.3768459338542643e+01 5.1706551000000002e-03 5.8986927000000001e-02
-4.0856935498902636e-01 -6.0520845825419713e+01 5.0300028972088273e-01 2.2948744160755844e+01 -1.7649060464435186e+02 4.3760634548821180e+00 -4.9064579170834977e-01 -1.3430179013928710e+01 5.4335110000000002e-03 6.4288872999999996e-02
-4.0335048972024456e-01 -5.7459299340135651e+01 5.0595641808649183e-01 2.9947476845446968e+01 -1.6945442904917223e+02 4.1263613815892120e+00 2.1020602787884091e-02 -1.3083204326127946e+01 5.6978226000000002e-03 6.9854434000000007e-02
-3.9788324557042454e-01 -5.4622520525629277e+01 5.0905323601158181e-01 3.6397223055146625e+01 -1.6231797731287949e+02 3.8923664954363999e+00 5.0419190761684229e-01 -1.2728453773758329e+01 5.9632034000000004e-03 7.5684873999999999e-02
-3.9216680110827218e-01 -5.1992089847671529e+01 5.1229120878050560e-01 4.2305555549908725e+01 -1.5510606185475447e+02 3.6728654534585363e+00 9.5932403270799971e-01 -1.2366883160770335e+01 6.2292681999999997e-03 8.1781068999999998e-02
-3.8620069498196458e-01 -4.9551315501244858e+01 5.1567059771735180e-01 4.7680941220390146e+01 -1.4784385963675919e+02 3.4667507637795243e+00 1.3868678997976940e+00 -1.1999478310988385e+01 6.4956331999999999e-03 8.8143510999999994e-02
-3.7998482591915039e-01 -4.7285052809793513e+01 5.1919146018594475e-01 5.2532906184877113e+01 -1.4055671807071718e+02 3.2730098658936124e+00 1.7872808473634882e+00 -1.1627247760832072e+01 6.7619166000000000e-03 9.4772308000000000e-02
-3.7351944710070806e-01 -4.5179543780381920e+01 5.2285365277672358e-01 5.6872149683302254e+01 -1.3326993505609445e+02 3.0907153341879767e+00 2.1610363725733746e+00 -1.1251215416650890e+01 7.0277381999999996e-03 1.0166719000000000e-01
-3.6680516522303863e-01 -4.3222277718295899e+01 5.2665683183788881e-01 6.0710642911533490e+01 -1.2600854228722962e+02 2.9190164875420428e+00 2.5086317156339644e+00 -1.0872412881663797e+01 7.2927204000000001e-03 1.0882751000000000e-01
-3.5984295362596336e-01 -4.1401871257173305e+01 5.3060044603935119e-01 6.4061647351558761e+01 -1.1879713413807505e+02 2.7571322433464727e+00 2.8305935381523701e+00 -1.0491873101176180e+01 7.5564877000000004e-03 1.1625223000000000e-01
-3.5263412509922198e-01 -3.9707951203386607e+01 5.3468375177598060e-01 6.6939752549350999e+01 -1.1165963078492365e+02 2.6043438483522032e+00 3.1274803783760143e+00 -1.0110621633294818e+01 7.8186677999999999e-03 1.2393994999999999e-01
-3.4518033000705861e-01 -3.8131058656023953e+01 5.3890581422989881e-01 6.9360851559708138e+01 -1.0461910501601972e+02 2.4599891107652230e+00 3.3998922014785227e+00 -9.7296697604514240e+00 8.0788911000000008e-03 1.3188891000000000e-01
-3.3748358441943060e-01 -3.6662568456033249e+01 5.4326549143608482e-01 7.1342086366044526e+01 -9.7697637303519770e+01 2.3234577386919710e+00 3.6484640949904557e+00 -9.3500093068337193e+00 8.3367917000000003e-03 1.4009695999999999e-01
-3.2954623260373023e-01 -3.5294603817522265e+01 5.4776145552823463e-01 7.2901792248644057e+01 -9.0916123554055702e+01 2.1941859783817579e+00 3.8738718567869528e+00 -8.9726044036913173e+00 8.5920070000000005e-03 1.4856159999999999e-01
-3.2137096577892377e-01 -3.4019971357368178e+01 5.5239218211583141e-01 7.4059401277069682e+01 -8.4294152839956880e+01 2.0716526725503064e+00 4.0768299540069863e+00 -8.5983865924684029e+00 8.8441787999999997e-03 1.5727996000000000e-01
-3.1296080336141252e-01 -3.2832096126852214e+01 5.5715596090707575e-01 7.4835338174098766e+01 -7.7849867891085168e+01 1.9553753029873269e+00 4.2580907286880487e+00 -8.2282485348397412e+00 9.0929527999999999e-03 1.6624881999999999e-01
-3.0431909296503257e-01 -3.1724966556166695e+01 5.6205089570888589e-01 7.5250895317972549e+01 -7.1599861635015600e+01 1.8449067301418900e+00 4.4184424373761919e+00 -7.8630391569221736e+00 9.3379794999999995e-03 1.7546460999999999e-01
-2.9544950102398548e-01 -3.0693083838437783e+01 5.6707490973836228e-01 7.5328097324635579e+01 -6.5559084907230968e+01 1.7398318095632694e+00 4.5587063368481147e+00 -7.5035589833877392e+00 9.5789143999999993e-03 1.8492342000000001e-01
-2.8635604092404676e-01 -2.9731420359813278e+01 5.7222572968839291e-01 7.5089556395591273e+01 -5.9740799446140414e+01 1.6397651129344730e+00 4.6797331017986536e+00 -7.1505575002434911e+00 9.8154178999999998e-03 1.9462097000000000e-01
-2.7704302611721821e-01 -2.8835373908710558e+01 5.7750091228497857e-01 7.4558320320837396e+01 -5.4156498655998767e+01 1.5443478174296490e+00 4.7823994699307706e+00 -6.8047280889269821e+00 1.0047156000000000e-02 2.0455266000000000e-01
-2.6751506074465814e-01 -2.8000731489598028e+01 5.8289784959869861e-01 7.3757717244977698e+01 -4.8815877885051243e+01 1.4532454360238787e+00 4.8676049053316310e+00 -6.4667053003311068e+00 1.0273801000000001e-02 2.1471357999999999e-01
-2.5777708652202957e-01 -2.7223641101249342e+01 5.8841374248738432e-01 7.2711199215564335e+01 -4.3726856004325235e+01 1.3661460781000911e+00 4.9362630827819096e+00 -6.1370646825791990e+00 1.0495031000000000e-02 2.2509846000000000e-01
-2.4783432647708245e-01 -2.6500577252273505e+01 5.9404563246491082e-01 7.1442185036309112e+01 -3.8895552579660951e+01 1.2827582045926607e+00 4.9893045707870085e+00 -5.8163194725563470e+00 1.0710529999999999e-02 2.3570173000000000e-01
-2.3769229432672331e-01 -2.5828315691016449e+01 5.9979039638973120e-01 6.9973907943904351e+01 -3.4326324885823077e+01 1.2028088846250671e+00 5.0276651813215327e+00 -5.5049203341014659e+00 1.0919989999999999e-02 2.4651751000000000e-01
-2.2735680385408502e-01 -2.5203910246660918e+01 6.0564474115341205e-01 6.8329270885824016e+01 -3.0021817673526403e+01 1.1260423245379765e+00 5.0522843822461674e+00 -5.2032556286356044e+00 1.1123108000000000e-02 2.5753959999999998e-01
-2.1683394077731788e-01 -2.4624669495055219e+01 6.1160521961502845e-01 6.6530705262223620e+01 -2.5983011949062377e+01 1.0522181874685665e+00 5.0641000512411427e+00 -4.9116509482556081e+00 1.1319591000000000e-02 2.6876150999999998e-01
-2.0613005337252011e-01 -2.4088137238562357e+01 6.1766823591262954e-01 6.4600039642833735e+01 -2.2209297368890695e+01 9.8111022011195437e-01 5.0640437287393851e+00 -4.6303700564059289e+00 1.1509152000000000e-02 2.8017647000000001e-01
-1.9525176185080750e-01 -2.3592075927468692e+01 6.2383004015177335e-01 6.2558378711131695e+01 -1.8698565267925581e+01 9.1250509203533026e-01 5.0530361194888593e+00 -4.3596166980254978e+00 1.1691511000000000e-02 2.9177742000000001e-01
-1.8420596773538284e-01 -2.3134450737231965e+01 6.3008672309406100e-01 6.0426004241508849e+01 -1.5447308187692089e+01 8.4620130056859721e-01 5.0319828833527120e+00 -4.0995366528964921e+00 1.1866398000000000e-02 3.0355700000000002e-01
-1.7299977884497958e-01 -2.2713413349679222e+01 6.3643425864885927e-01 5.8222262602212112e+01 -1.2450703884548529e+01 7.8200766438801650e-01 5.0017705193787974e+00 -3.8502184886217288e+00 1.2033550000000000e-02 3.1550762999999998e-01
-1.6164057493334838e-01 -2.2327291766445331e+01 6.4286846669304376e-01 5.5965497951802256e+01 -9.7027522827318862e+00 7.1974275117245101e-01 4.9632627821818405e+00 -3.6116979071890891e+00 1.2192715000000000e-02 3.2762143999999999e-01
-1.5013596080390990e-01 -2.1974577537101762e+01 6.4938503962832450e-01 5.3672974691709747e+01 -7.1963796212123476e+00 6.5923368251457493e-01 4.9172972350057913e+00 -3.3839596377010994e+00 1.2343646000000000e-02 3.3989032000000002e-01
-1.3849377568682381e-01 -2.1653916053612605e+01 6.5597953706978140e-01 5.1360824974981519e+01 -4.9235654975082843e+00 6.0031533124338154e-01 4.8646822925460977e+00 -3.1669410430902616e+00 1.2486109000000000e-02 3.5230591000000000e-01
-1.2672205573071083e-01 -2.1364097143085367e+01 6.6264740709172498e-01 4.9044002424420313e+01 -2.8754601730436451e+00 5.4282932606453960e-01 4.8061944805841978e+00 -2.9605349475468765e+00 1.2619877000000000e-02 3.6485963999999999e-01
-1.1482906213386124e-01 -2.1104048066798729e+01 6.6938397029330021e-01 4.6736261206490411e+01 -1.0425162150041676e+00 4.8662342537787406e-01 4.7425763029158823e+00 -2.7645933589119309e+00 1.2744734000000001e-02 3.7754270000000001e-01
-1.0282325301302636e-01 -2.0872826201539930e+01 6.7618443573288267e-01 4.4450136175568261e+01 5.8539269210301015e-01 4.3155068790511897e-01 4.6745343403774973e+00 -2.5789333615354710e+00 1.2860473000000001e-02 3.9034606999999999e-01
-9.0713264649279257e-02 -2.0669613253172425e+01 6.8304391155100919e-01 4.2196938285969232e+01 2.0188547634629419e+00 3.7746862369814194e-01 4.6027377135025791e+00 -2.4033355657151776e+00 1.2966896000000000e-02 4.0326054000000000e-01
-7.8507930242153967e-02 -2.0493710544525978e+01 6.8995739434744652e-01 3.9986769326853008e+01 3.2687968429990670e+00 3.2423868430224134e-01 4.5278171045541384e+00 -2.2375533837968842e+00 1.3063819000000001e-02 4.1627669000000000e-01
-6.6216223647228178e-02 -2.0344534549245626e+01 6.9691980104998363e-01 3.7828529961781896e+01 4.3463806957876781e+00 2.7172533168963453e-01 4.4503637945340895e+00 -2.0813134542239409e+00 1.3151064000000001e-02 4.2938494999999999e-01
-5.3847315638540394e-02 -2.0221614562285318e+01 7.0392593704563966e-01 3.5729965322303812e+01 5.2628895943032852e+00 2.1979565786960453e-01 4.3709296649436506e+00 -1.9343209444168203e+00 1.3228465999999999e-02 4.4257553999999999e-01
-4.1410498892033409e-02 -2.0124589542462900e+01 7.1097053867238624e-01 3.3697687139752674e+01 6.0296384830174006e+00 1.6831844062337287e-01 4.2900268094044378e+00 -1.7962620889237590e+00 1.3295871000000001e-02 4.5583855000000001e-01
-2.8915225493833019e-02 -2.0053207178212453e+01 7.1804825197328603e-01 3.1737229429274574e+01 6.6578765981850374e+00 1.1716368396938481e-01 4.2081279313553059e+00 -1.6668082293596673e+00 1.3353135000000000e-02 4.6916390000000002e-01
-1.6371060054899522e-02 -2.0007322885037485e+01 7.2515365925381925e-01 2.9853093524371641e+01 7.1587079942081084e+00 6.6201804730112057e-02 4.1256668477885823e+00 -1.5456188852672665e+00 1.3400123999999999e-02 4.8254139000000001e-01
-3.7876984651674661e-03 -1.9986900173650803e+01 7.3228126845895325e-01 2.8048810767728025e+01 7.5430142586847442e+00 1.5303086702470825e-02 4.0430394036812576e+00 -1.4323448137148778e+00 1.3436718000000000e-02 4.9596067999999999e-01
8.8250696147332830e-03 -1.9992011610236013e+01 7.3942553441900294e-01 2.6326999707412700e+01 7.8213905894999805e+00 -3.5663114979110455e-02 3.9606042702236959e+00 -1.3266311577545005e+00 1.3462807000000000e-02 5.0941133000000005e-01
2.1457323245198390e-02 -2.0022840693602088e+01 7.4658083760377036e-01 2.4689437763885206e+01 8.0040855955092205e+00 -8.6828875937343675e-02 3.8786845500818683e+00 -1.2281202503667015e+00 1.3478291000000000e-02 5.2288276000000000e-01
3.4099094601276192e-02 -2.0079684740879177e+01 7.5374153192573146e-01 2.3137118142231923e+01 8.1009538492167597e+00 -1.3832872514498362e-01 3.7975686593717404e+00 -1.1364536341673388e+00 1.3483083000000000e-02 5.3636434000000000e-01
4.6740322087318875e-02 -2.0162958703722207e+01 7.6090191818271002e-01 2.1670326816955235e+01 8.1214136151645171e+00 -1.9030017310949965e-01 3.7175123163168675e+00 -1.0512748457557639e+00 1.3477108000000000e-02 5.4984533999999996e-01
5.9370869091122491e-02 -2.0273199877350571e+01 7.6805625468080829e-01 2.0288708518084213e+01 8.0744144216547244e+00 -2.4288453779097507e-01 3.6387400122030651e+00 -9.7223136616430750e-01 1.3460300999999999e-02 5.6331494999999998e-01
7.1980552115134933e-02 -2.0411074015628778e+01 7.7519877316880204e-01 1.8991334144034205e+01 7.9684114770432037e+00 -2.9622786105584820e-01 3.5614467701224855e+00 -8.9897637315446555e-01 1.3432611000000001e-02 5.7676231000000000e-01
8.4559159530595618e-02 -2.0577382727962412e+01 7.8232368946107178e-01 1.7776766754903640e+01 7.8113471837567223e+00 -3.5048184859610987e-01 3.4857997761550052e+00 -8.3117030251414781e-01 1.3393997000000000e-02 5.9017653000000003e-01
9.7096423446326241e-02 -2.0773071550152327e+01 7.8942518750320645e-01 1.6643130715753273e+01 7.6106405466046114e+00 -4.0580467619309846e-01 3.4119406035883841e+00 -7.6848249979363559e-01 1.3344429999999999e-02 6.0354666000000001e-01
1.0958205721700959e-01 -2.0999240194867287e+01 7.9649744061786465e-01 1.5588171475692972e+01 7.3731810953476691e+00 -4.6236214364301786e-01 3.3399868374667578e+00 -7.1059224397847787e-01 1.3283893999999999e-02 6.1686173000000000e-01
1.2200579295146780e-01 -2.1257155067011176e+01 8.0353463275063564e-01 1.4609313254795270e+01 7.1053291430995573e+00 -5.2032897203096284e-01 3.2700337561369848e+00 -6.5718964321064210e-01 1.3212384000000001e-02 6.3011079000000003e-01
1.3435732525024408e-01 -2.1548261017365746e+01 8.1053092660124748e-01 1.3703723683286860e+01 6.8129223929405223e+00 -5.7988971770266984e-01 3.2021565958129812e+00 -6.0797672497613653e-01 1.3129907000000000e-02 6.4328284999999996e-01
1.4662637684509111e-01 -2.1874198653796459e+01 8.1748050080382395e-01 1.2868357543523610e+01 6.5012848757001720e+00 -6.4124039153448964e-01 3.1364120230925128e+00 -5.6266779861453264e-01 1.3036481000000001e-02 6.5636695000000000e-01
1.5880270797603929e-01 -2.2236822078979749e+01 8.2437755523834988e-01 1.2100010347116456e+01 6.1752403841695029e+00 -7.0459002569469920e-01 3.0728399158232329e+00 -5.2099000899654446e-01 1.2932137999999999e-02 6.6935217000000002e-01
1.7087608826018880e-01 -2.2638218792247137e+01 8.3121629509627515e-01 1.1395365371728971e+01 5.8391311607127836e+00 -7.7016217343160032e-01 3.0114652680124578e+00 -4.8268370132343091e-01 1.2816919000000000e-02 6.8222760000000005e-01
1.8283635295412676e-01 -2.3080734566859906e+01 8.3799096274930618e-01 1.0751032264627151e+01 5.4968360652593846e+00 -8.3819683226064667e-01 2.9522995139474100e+00 -4.4750246581373487e-01 1.2690879000000000e-02 6.9498240000000000e-01
1.9467338419978814e-01 -2.3567000014908313e+01 8.4469582712647540e-01 1.0163583957215081e+01 5.1517934960361176e+00 -9.0895279914010874e-01 2.8953423079532308e+00 -4.1521329248413652e-01 1.2554085000000000e-02 7.0760577999999996e-01
2.0637712040152550e-01 -2.4099961520069478e+01 8.5132518902560672e-01 9.6295939332817344e+00 4.8070256054308924e+00 -9.8270961292172276e-01 2.8405829344796723e+00 -3.8559648217032305e-01 1.2406611999999999e-02 7.2008700999999997e-01
2.1793760311145643e-01 -2.4682919583980073e+01 8.5787340767064124e-01 9.1456590629982557e+00 4.4651617369025685e+00 -1.0597706488909218e+00 2.7880015116900938e+00 -3.5844539831039174e-01 1.2248551000000000e-02 7.3241546999999996e-01
2.2934494889825513e-01 -2.5319567873706891e+01 8.6433488477724196e-01 8.7084318370599210e+00 4.1284666402756089e+00 -1.1404658601939746e+00 2.7375704602309545e+00 -3.3356631972810152e-01 1.2080001999999999e-02 7.4458062000000003e-01
2.4058936810129156e-01 -2.6014041812459126e+01 8.7070407517572379e-01 8.3146385953666915e+00 3.7988644309711530e+00 -1.2251552413437490e+00 2.6892556523451492e+00 -3.1077809889070607e-01 1.1901076999999999e-02 7.5657202000000001e-01
2.5166118358477024e-01 -2.6770974094517197e+01 8.7697549743398440e-01 7.9610992018251716e+00 3.4779721722465755e+00 -1.3142327847184445e+00 2.6430174689629196e+00 -2.8991175335650915e-01 1.1711898000000000e-02 7.6837935000000002e-01
2.6255085886893975e-01 -2.7595560148807809e+01 8.8314374979189969e-01 7.6447413009311029e+00 3.1670982212170204e+00 -1.4081311031258716e+00 2.5988117191524438e+00 -2.7081001617793110e-01 1.1512599000000000e-02 7.7999244000000001e-01
2.7324895124474374e-01 -2.8493628138579972e+01 8.8920348360399770e-01 7.3626149838929429e+00 2.8673222765197632e+00 -1.5073260667598349e+00 2.5565907899674780e+00 -2.5332696364423363e-01 1.1303326000000001e-02 7.9140122000000002e-01
2.8374620554451785e-01 -2.9471731819738263e+01 8.9514945645411059e-01 7.1118993687944236e+00 2.5794714896673652e+00 -1.6123434058755493e+00 2.5163041546375382e+00 -2.3732738424863656e-01 1.1084235000000000e-02 8.0259581999999996e-01
2.9403346974836247e-01 -3.0537243227136670e+01 9.0097648435218824e-01 6.8899125688285761e+00 2.3041443063959917e+00 -1.7237647864052756e+00 2.4778994254936482e+00 -2.2268642502698360e-01 1.0855490000000001e-02 8.1356647999999998e-01
3.0410177937776978e-01 -3.1698476984856047e+01 9.0667948953748467e-01 6.6941143886893562e+00 2.0417841933444469e+00 -1.8422362256886000e+00 2.4413228465790713e+00 -2.0928887058597476e-01 1.0617270000000000e-02 8.2430364000000000e-01
3.1394233874148375e-01 -3.2964826254022476e+01 9.1225348985562760e-01 6.5221103388041062e+00 1.7926449394756072e+00 -1.9684772001364932e+00 2.4065198629939633e+00 -1.9702874905184611e-01 1.0369760000000000e-02 8.3479791999999997e-01
3.2354653031257058e-01 -3.4346925810616156e+01 9.1769360407008427e-01 6.3716511358278725e+00 1.5568397078222427e+00 -2.1032914488388541e+00 2.3734357161070014e+00 -1.8580875188353391e-01 1.0113159000000000e-02 8.4504013000000000e-01
3.3290592410548775e-01 -3.5856844954865444e+01 9.2299505717362562e-01 6.2406345658579916e+00 1.3343545385107922e+00 -2.2475795162862169e+00 2.3420159050077003e+00 -1.7553968547982596e-01 9.8476710000000005e-03 8.5502127999999999e-01
3.4201227767608383e-01 -3.7508315043139575e+01 9.2815318038832761e-01 6.1271014276391043e+00 1.1250676863539724e+00 -2.4023538503639674e+00 2.3122064278064469e+00 -1.6613996992340962e-01 9.5735140000000000e-03 8.6473257999999997e-01
3.5085758300694708e-01 -3.9317010595031867e+01 9.3316343772289589e-01 6.0292325763553949e+00 9.2876416956750008e-01 -2.5687571612982163e+00 2.2839543489910876e+00 -1.5753508120575091e-01 9.2909130999999992e-03 8.7416548999999999e-01
3.5943401962205684e-01 -4.1300868327024610e+01 9.3802139941534102e-01 5.9453468191975620e+00 7.4515298399025587e-01 -2.7480828578796426e+00 2.2572079183279525e+00 -1.4965713278179982e-01 9.0001030000000006e-03 8.8331166999999999e-01
3.6773401084920138e-01 -4.3480494160364444e+01 9.4272277380176883e-01 5.8738936623304330e+00 5.7388025461809122e-01 -2.9418016493864911e+00 2.2319168045505924e+00 -1.4244432270405835e-01 8.7013270999999996e-03 8.9216304000000002e-01
3.7575019568876883e-01 -4.5879638353078320e+01 9.4726339138198512e-01 5.8134493336964308e+00 4.1454225298917424e-01 -3.1515919169483904e+00 2.2080324152803845e+00 -1.3584055223643199e-01 8.3948374000000006e-03 9.0071175000000003e-01
3.8347547569909540e-01 -4.8525798034136997e+01 9.5163923137682183e-01 5.7627031880366655e+00 2.6669742619783865e-01 -3.3793786965173340e+00 2.1855078885736057e+00 -1.2979490994570098e-01 8.0808944000000001e-03 9.0895022999999997e-01
3.9090297748818709e-01 -5.1450933938620693e+01 9.5584640048227598e-01 5.7204879302505836e+00 1.2987373021816198e-01 -3.6273792747100302e+00 2.1642983676994372e+00 -1.2426133209205435e-01 7.7597663000000001e-03 9.1687114999999997e-01
3.9802609022199781e-01 -5.4692384860883699e+01 9.5988115411537067e-01 5.6857006782677519e+00 3.5828290012623449e-03 -3.8981620258074412e+00 2.1443610275718474e+00 -1.1919821444742219e-01 7.4317293999999999e-03 9.2446746000000002e-01
4.0483847500149867e-01 -5.8294014335454939e+01 9.6373990172562018e-01 5.6573687337572185e+00 -1.1267550942266562e-01 -4.1947195282304648e+00 2.1256550932175706e+00 -1.1456790276311649e-01 7.0970672000000004e-03 9.3173240000000002e-01
4.1133404610853946e-01 -6.2307642751807094e+01 9.6741919617209970e-01 5.6346067987878099e+00 -2.1940456603634689e-01 -4.5205598503428233e+00 2.1081420128370141e+00 -1.1033657700999096e-01 6.7560703000000000e-03 9.3865947999999999e-01
4.1750701789119610e-01 -6.6794923650822739e+01 9.7091576028077142e-01 5.6166179478101057e+00 -3.1710577102877791e-01 -4.8798270683564260e+00 2.0917853366682193e+00 -1.0647385289988792e-01 6.4090362999999996e-03 9.4524253000000003e-01
4.2335184850135316e-01 -7.1829726158180506e+01 9.7422645497569293e-01 5.6026871453108278e+00 -4.0627197510091878e-01 -5.2774521229112992e+00 2.0765509160864064e+00 -1.0295240592610450e-01 6.0562691999999996e-03 9.5147563999999996e-01
4.2886333366539992e-01 -7.7501385918438842e+01 9.7734833239366958e-01 5.5921748077039446e+00 -4.8738272678667605e-01 -5.7193622021092896e+00 2.0624066772648759e+00 -9.9747771871316948e-02 5.6980790999999996e-03 9.5735325999999998e-01
4.3403651291353434e-01 -8.3918919098304471e+01 9.8027858276960234e-01 5.5845112963423649e+00 -5.6090146328575630e-01 -6.2127481457792122e+00 2.0493228098168244e+00 -9.6838107262058479e-02 5.3347821999999998e-03 9.6287009999999995e-01
4.3886676335045888e-01 -9.1216966389842327e+01 9.8301458755114002e-01 5.5791911641937695e+00 -6.2727132501621341e-01 -6.7664476283868673e+00 2.0372716538374607e+00 -9.4203934033483067e-02 4.9667000000000001e-03 9.6802122999999995e-01
4.4334973401589345e-01 -9.9563947919116032e+01 9.8555388221842266e-01 5.5757664544350884e+00 -6.8691162909818337e-01 -7.3914667679518518e+00 2.0262277008371381e+00 -9.1827952229244489e-02 4.5941591999999996e-03 9.7280200999999999e-01
4.4748142090113213e-01 -1.0917401886656248e+02 9.8789419877580342e-01 5.5738467519287136e+00 -7.4021808455089677e-01 -8.1017506393856067e+00 2.0161674981100703e+00 -8.9694825696274044e-02 4.2174915999999996e-03 9.7720817000000004e-01
4.5125809193248628e-01 -1.2032449246903808e+02 9.9003342326012622e-01 5.5730852597505391e+00 -7.8755707087309801e-01 -8.9153050977823973e+00 2.0070697374727215e+00 -8.7791065827774170e-02 3.8370333000000002e-03 9.8123572999999997e-01
4.5467636198784173e-01 -1.3338307066947456e+02 9.9196963823244855e-01 5.5731833193464793e+00 -8.2926675771547964e-01 -9.8559582490029545e+00 1.9989150959879023e+00 -8.6104816100383647e-02 3.4531249000000000e-03 9.8488107999999996e-01
4.5773316476544917e-01 -1.4885143027526783e+02 9.9370110684364499e-01 5.5738822609008114e+00 -8.6565515337608279e-01 -1.0956184449744992e+01 1.9916862653023113e+00 -8.4625757179597444e-02 3.0661112999999999e-03 9.8814095000000002e-01
4.6042573402978587e-01 -1.6743940366208972e+02 9.9522626221147648e-01 5.5749575330503136e+00 -8.9699837987447517e-01 -1.2261922252112278e+01 1.9853679629225507e+00 -8.3344987012755486e-02 2.6763420000000000e-03 9.9101238999999997e-01
4.6275165987397243e-01 -1.9020122736810620e+02 9.9654373928938322e-01 5.5762308630475355e+00 -9.2354117455117568e-01 -1.3841448045536625e+01 1.9799467735053111e+00 -8.2254899973729118e-02 2.2841723000000002e-03 9.9349282999999999e-01
4.6470886996563426e-01 -2.1880889519230672e+02 9.9765236424355241e-01 5.5775369459089337e+00 -9.4549494581771409e-01 -1.5803213968166885e+01 1.9754111767459570e+00 -8.1349091060152534e-02 1.8899688000000000e-03 9.9558005999999999e-01
4.6629562016983156e-01 -2.5617864586241438e+02 9.9855114914145382e-01 5.5787514584438460e+00 -9.6303840694554588e-01 -1.8336808722293672e+01 1.9717515449664866e+00 -8.0622324900800776e-02 1.4941295000000000e-03 9.9727222000000004e-01
4.6751062582803310e-01 -3.0823439299345796e+02 9.9923936631235311e-01 5.5797739492231404e+00 -9.7631787586546093e-01 -2.1828448964899877e+01 1.9689598097047285e+00 -8.0070359751382936e-02 1.0971916000000000e-03 9.9856794000000004e-01
4.6835341808676062e-01 -3.9111884696824404e+02 9.9971675018298933e-01 5.5805296922729148e+00 -9.8545095441093955e-01 -2.7333863056892785e+01 1.9670286528188894e+00 -7.9689775447845751e-02 7.0085733000000002e-04 9.9946672000000003e-01
