-2.5308114730297920e-01 -1.3703089029058549e+03 2.5308242932406416e-01 -1.3220423056296352e+03 -3.8945440987344381e+02 9.1293550179200309e+01 -8.8146213524606864e+01 -2.5400124417351698e+01 5.5301730000000003e-06 1.0230946000000001e-06
-2.5307158039571825e-01 -1.0024091836853911e+03 2.5309654670083370e-01 -9.5372166942474746e+02 -3.8936572869287079e+02 6.7296036546410136e+01 -6.4129127358484922e+01 -2.5396118674841354e+01 3.5894988000000002e-05 1.9923924999999999e-05
-2.5304156544676393e-01 -8.3173623230864143e+02 2.5314083816635652e-01 -7.8197841976792620e+02 -3.8908760706390075e+02 5.6156585399169650e+01 -5.2939573415920428e+01 -2.5383554865220056e+01 8.5619985000000003e-05 7.9222864999999994e-05
-2.5298214558955495e-01 -7.1980908652774690e+02 2.5322852089275205e-01 -6.6824434449221530e+02 -3.8853748254151662e+02 4.8842939102936207e+01 -4.5540824412062484e+01 -2.5358699128600204e+01 1.5173507999999999e-04 1.9661552000000001e-04
-2.5288548172074587e-01 -6.3675959331292506e+02 2.5337116262834752e-01 -5.8262218406709371e+02 -3.8764386511659598e+02 4.3406949011738497e+01 -3.9982949129542462e+01 -2.5318310848357811e+01 2.3255418000000001e-04 3.8758918999999998e-04
-2.5274444436532612e-01 -5.7102819891962952e+02 2.5357928396063761e-01 -5.1355596020529526e+02 -3.8634296576257236e+02 3.9094771647917213e+01 -3.5511833343806181e+01 -2.5259486392344719e+01 3.2689763000000001e-04 6.6622920000000002e-04
-2.5255242796529431e-01 -5.1690660539028693e+02 2.5386263236062173e-01 -4.5536272398458300e+02 -3.8457742783126628e+02 3.5534315181169610e+01 -3.1756122676901303e+01 -2.5179597466016119e+01 4.3385032000000002e-04 1.0455858000000000e-03
-2.5230324694661077e-01 -4.7114854316191935e+02 2.5423033555127994e-01 -4.0483737195412215e+02 -3.8229584286240703e+02 3.2514145953243023e+01 -2.8505853761503232e+01 -2.5076264697873455e+01 5.5265518999999999e-04 1.5378795000000000e-03
-2.5199107147188587e-01 -4.3172646527266994e+02 2.5469099631391751e-01 -3.6000559090444375e+02 -3.7945264736649187e+02 2.9902368118879004e+01 -2.5631162894946034e+01 -2.4947348381724577e+01 6.8265765000000004e-04 2.1546280000000000e-03
-2.5161038405712133e-01 -3.9728561406105462e+02 2.5525275650653523e-01 -3.1957536665103396e+02 -3.7600821375631841e+02 2.7610996681299572e+01 -2.3046539958070412e+01 -2.4790948082930868e+01 8.2327310000000005e-04 2.9067318999999999e-03
-2.5115595001177132e-01 -3.6687331739396876e+02 2.5592334068386025e-01 -2.8266422197531239e+02 -3.7192905751037483e+02 2.5578287357686374e+01 -2.0693070777997939e+01 -2.4605407748124872e+01 9.7396649000000004e-04 3.8045331000000002e-03
-2.5062279582556851e-01 -3.3979214362346175e+02 2.5671008799075884e-01 -2.4865086060910673e+02 -3.6718809348085483e+02 2.3759146884806519e+01 -1.8528777549457764e+01 -2.4389323450867781e+01 1.1342389000000000e-03 4.8578574999999999e-03
-2.5000619337622820e-01 -3.1551459404628946e+02 2.5761997546608867e-01 -2.1708849054892855e+02 -3.6176491001080274e+02 2.2119563305169656e+01 -1.6522990819054179e+01 -2.4141552482359813e+01 1.3036180000000001e-03 6.0760461999999999e-03
-2.4930164849015682e-01 -2.9363086543988197e+02 2.5865963492305299e-01 -1.8765134469677713e+02 -3.5564603434356832e+02 2.0633190611381188e+01 -1.4652883448603390e+01 -2.3861222754663494e+01 1.4816515000000000e-03 7.4679780999999997e-03
-2.4850489167966325e-01 -2.7381530798532674e+02 2.5983536661780621e-01 -1.6010002396190885e+02 -3.4882515888670048e+02 1.9279157731936451e+01 -1.2901233117306859e+01 -2.3547741271936825e+01 1.6679024999999999e-03 9.0420881999999994e-03
-2.4761187186653327e-01 -2.5580416765007951e+02 2.6115314851124122e-01 -1.3425816850578781e+02 -3.4130332371287363e+02 1.8040613250934200e+01 -1.1254924296635419e+01 -2.3200801667741850e+01 1.8619452999999999e-03 1.0806380000000001e-02
-2.4661875056115148e-01 -2.3938028692283427e+02 2.6261864485855030e-01 -1.0999611908087856e+02 -3.3308902430654132e+02 1.6903725260557941e+01 -9.7039070590605849e+00 -2.2820389224970786e+01 2.0633631000000000e-03 1.2768437000000001e-02
-2.4552189917983558e-01 -2.2436235898429777e+02 2.6423721016789237e-01 -8.7219179163514028e+01 -3.2419825759845844e+02 1.5856979023553967e+01 -8.2404560052947957e+00 -2.2406784543573728e+01 2.2717459999999998e-03 1.4935428000000001e-02
-2.4431789453998262e-01 -2.1059713300833653e+02 2.6601389584796592e-01 -6.5858836728943302e+01 -3.1465445899303688e+02 1.4890667496296565e+01 -6.8586225925783539e+00 -2.1960563304104081e+01 2.4866887000000002e-03 1.7314116000000001e-02
-2.4300351896130185e-01 -1.9795372239205227e+02 2.6795345005862548e-01 -4.5866126520562403e+01 -3.0448837670980248e+02 1.3996519848740022e+01 -5.5538277622533165e+00 -2.1482594650292114e+01 2.7077901999999999e-03 1.9910858000000000e-02
-2.4157575469801792e-01 -1.8631927125012089e+02 2.7006032592698354e-01 -2.7206393634268689e+01 -2.9373779430246628e+02 1.3167418478179220e+01 -4.3225426069234469e+00 -2.0974033790200647e+01 2.9346520999999999e-03 2.2731616000000000e-02
-2.4003178697585098e-01 -1.7559572085284285e+02 2.7233867706590009e-01 -9.8551921137875294e+00 -2.8244722840138633e+02 1.2397188754426951e+01 -3.1620457391071741e+00 -2.0436314612862795e+01 3.1668782999999998e-03 2.5781951000000001e-02
-2.3836900095503663e-01 -1.6569725418689154e+02 2.7479236205549290e-01 6.2050949815181369e+00 -2.7066746295688358e+02 1.1680432432612070e+01 -2.0702240884484553e+00 -1.9871136442908355e+01 3.4040742000000001e-03 2.9067029000000001e-02
-2.3658497970567263e-01 -1.5654829326088998e+02 2.7742494743081092e-01 2.0987946320561765e+01 -2.5845500014250206e+02 1.1012398051950804e+01 -1.0454130080994422e+00 -1.9280447770934796e+01 3.6458464000000000e-03 3.2591624999999999e-02
-2.3467750724469888e-01 -1.4808193949429599e+02 2.8023970320032404e-01 3.4505043638614850e+01 -2.4587145582084526e+02 1.0388879867321830e+01 -8.6268625897964801e-02 -1.8666428509231878e+01 3.8918026000000000e-03 3.6360116999999997e-02
-2.3264456448659077e-01 -1.4023867635689760e+02 2.8323960882126997e-01 4.6768042212423765e+01 -2.3298281343052804e+02 9.8061341464398151e+00 8.0834170587322884e-01 -1.8031466688240645e+01 4.1415510999999999e-03 4.0376493999999999e-02
-2.3048433076184915e-01 -1.3296534112583373e+02 2.8642735095889915e-01 5.7790135766560176e+01 -2.1985865056873939e+02 9.2608132356175883e+00 1.6394268050090297e+00 -1.7378134207535229e+01 4.3947007000000003e-03 4.4644352999999998e-02
-2.2819518381700041e-01 -1.2621427273550258e+02 2.8980532348647481e-01 6.7587278912177240e+01 -2.0657128619839122e+02 8.7499109413556706e+00 2.4079447481746987e+00 -1.6709159652962736e+01 4.6508610999999997e-03 4.9166899000000000e-02
-2.2577569778994303e-01 -1.1994259786397889e+02 2.9337563047294607e-01 7.6179166275805528e+01 -1.9319487156467409e+02 8.2707170003103592e+00 3.1148637671455064e+00 -1.6027398291291618e+01 4.9096423000000002e-03 5.3946949000000001e-02
-2.2322464574076431e-01 -1.1411164616915120e+02 2.9714008244835677e-01 8.3589959704712200e+01 -1.7980447184784364e+02 7.8207801209459982e+00 3.7612098499089237e+00 -1.5335801925525987e+01 5.1706551000000002e-03 5.8986927000000001e-02
-2.2054099509627048e-01 -1.0868642927862545e+02 3.0110020312610980e-01 8.9848822911165612e+01 -1.6647509574288361e+02 7.3978755930606699e+00 4.3481069030515451e+00 -1.4637385416892725e+01 5.4335110000000002e-03 6.4288872999999996e-02
-2.1772391220545645e-01 -1.0363527074575441e+02 3.0525722268070282e-01 9.4990230647774752e+01 -1.5328076934346478e+02 6.9999794701256759e+00 4.8768052477198012e+00 -1.3935195155051176e+01 5.6978226000000002e-03 6.9854434000000007e-02
-2.1477275727787276e-01 -9.8929375890168927e+01 3.0961208521691097e-01 9.9054120289791655e+01 -1.4029358329708410e+02 6.6252450317419429e+00 5.3487044534702024e+00 -1.3232274699617014e+01 5.9632034000000004e-03 7.5684873999999999e-02
-2.1168708691444199e-01 -9.4542527222282189e+01 3.1416544503519561e-01 1.0208584994120061e+02 -1.2758281051579901e+02 6.2719837915323149e+00 5.7653671821289372e+00 -1.2531632970328424e+01 6.2292681999999997e-03 8.1781068999999998e-02
-2.0846665208280571e-01 -9.0450861989526388e+01 3.1891766961937745e-01 1.0413602155390437e+02 -1.1521405218667711e+02 5.9386484038582390e+00 6.1285272656735916e+00 -1.1836211893545425e+01 6.4956331999999999e-03 8.8143510999999994e-02
-2.0511139811732421e-01 -8.6632593571152995e+01 3.2386883963663671e-01 1.0526015218254679e+02 -1.0324845969691670e+02 5.6238181646238807e+00 6.4400914882748399e+00 -1.1148856334392613e+01 6.7619166000000000e-03 9.4772308000000000e-02
-2.0162146168209663e-01 -8.3067812256988375e+01 3.2901875341902287e-01 1.0551822939282820e+02 -9.1742026843654187e+01 5.3261860511582704e+00 6.7021361948483404e+00 -1.0472285037944067e+01 7.0277381999999996e-03 1.0166719000000000e-01
-1.9799717026479774e-01 -7.9738303948095279e+01 3.3436692771037346e-01 1.0497415769703851e+02 -8.0744984006630034e+01 5.0445476472840811e+00 6.9168987205156442e+00 -9.8090644032500336e+00 7.2927204000000001e-03 1.0882751000000000e-01
-1.9423904926296437e-01 -7.6627395409100927e+01 3.3991258720945677e-01 1.0369511963969941e+02 -7.0301312641874617e+01 4.7777918703157178e+00 7.0867646004283280e+00 -9.1615865762500945e+00 7.5564877000000004e-03 1.1625223000000000e-01
-1.9034780730525899e-01 -7.3719798991105691e+01 3.4565468623060408e-01 1.0175086666450248e+02 -6.0448312246494048e+01 4.5248912243320802e+00 7.2142522687641080e+00 -8.5320463786435035e+00 7.8186677999999999e-03 1.2393994999999999e-01
-1.8632433523914294e-01 -7.1001488012470503e+01 3.5159191019754604e-01 9.9212958530095804e+01 -5.1216317390973451e+01 4.2848942570780162e+00 7.3019936619696999e+00 -7.9224243174824291e+00 8.0788911000000008e-03 1.3188891000000000e-01
-1.8216972131577636e-01 -6.8459594693995967e+01 3.5772265323586272e-01 9.6153978448842636e+01 -4.2628573625351656e+01 4.0569196701409451e+00 7.3527124142133538e+00 -7.3344755552842056e+00 8.3367917000000003e-03 1.4009695999999999e-01
-1.7788523094348505e-01 -6.6082295222757381e+01 3.6404504804971710e-01 9.2646726791831739e+01 -3.4701150989747390e+01 3.8401489750222861e+00 7.3692013961006273e+00 -6.7697166097061006e+00 8.5920070000000005e-03 1.4856159999999999e-01
-1.7347231681102698e-01 -6.3858726524358204e+01 3.7055695098348806e-01 8.8763430538562147e+01 -2.7443028860910413e+01 3.6338216624449111e+00 7.3542982895058477e+00 -6.2294208059781084e+00 8.8441787999999997e-03 1.5727996000000000e-01
-1.6893260876432584e-01 -6.1778899619054883e+01 3.7725595696013747e-01 8.4574963448144374e+01 -2.0856259568354311e+01 3.4372297635994444e+00 7.3108608416505509e+00 -5.7146141203205838e+00 9.0929527999999999e-03 1.6624881999999999e-01
-1.6426791380647074e-01 -5.9833627596479097e+01 3.8413939948120995e-01 8.0150113136875902e+01 -1.4936256001579359e+01 3.2497134934772918e+00 7.2417423440599862e+00 -5.2260762356492965e+00 9.3379794999999995e-03 1.7546460999999999e-01
-1.5948021103608323e-01 -5.8014458200410836e+01 3.9120435809601622e-01 7.5554894642084548e+01 -9.6721595990097349e+00 3.0706570743374764e+00 7.1497669329273466e+00 -4.7643442222569972e+00 9.5789143999999993e-03 1.8492342000000001e-01
-1.5457166683221710e-01 -5.6313620194498853e+01 3.9844763599408317e-01 7.0851950774825241e+01 -5.0473144964378767e+00 2.8994856544206362e+00 7.0377072168091761e+00 -4.3297213819413960e+00 9.8154178999999998e-03 1.9462097000000000e-01
-1.4954460954619173e-01 -5.4723960048342434e+01 4.0586579735107042e-01 6.6099983017724284e+01 -1.0397679138754143e+00 2.7356610486501971e+00 6.9082616566263919e+00 -3.9222847933391556e+00 1.0047156000000000e-02 2.0455266000000000e-01
-1.4440152443995896e-01 -5.3238893627604618e+01 4.1345517479795402e-01 6.1353291120251342e+01 2.3771417175280027e+00 2.5786787076550346e+00 6.7640346428675597e+00 -3.5418981779047232e+00 1.0273801000000001e-02 2.1471357999999999e-01
-1.3914507899426953e-01 -5.1852369941570338e+01 4.2121183207510937e-01 5.6661422304749941e+01 5.2341381861671534e+00 2.4280657445275251e+00 6.6075189910469376e+00 -3.1882286672456139e+00 1.0495031000000000e-02 2.2509846000000000e-01
-1.3377809253887329e-01 -5.0558822564804728e+01 4.2913160884741119e-01 5.2068864215183503e+01 7.5653691418299616e+00 2.2833774900779669e+00 6.4410795343295399e+00 -2.8607612872148489e+00 1.0710529999999999e-02 2.3570173000000000e-01
-1.2830354131415245e-01 -4.9353135926366740e+01 4.3721011323505082e-01 4.7614858227245023e+01 9.4077307857316335e+00 2.1441953879343041e+00 6.2669399030076232e+00 -2.5588176464541310e+00 1.0919989999999999e-02 2.4651751000000000e-01
-1.2272456353275499e-01 -4.8230614038788296e+01 4.4544271434435206e-01 4.3333308822980953e+01 1.0800187190630981e+01 2.0101250141157649e+00 6.0871721439718431e+00 -2.2815754386028009e+00 1.1123108000000000e-02 2.5753959999999998e-01
-1.1704444419469459e-01 -4.7186947594634567e+01 4.5382456467532184e-01 3.9252759095599586e+01 1.1783115571349461e+01 1.8807937242354675e+00 5.9036881840787450e+00 -2.0280874795774833e+00 1.1319591000000000e-02 2.6876150999999998e-01
-1.1126661002571747e-01 -4.6218187208788024e+01 4.6235060759083335e-01 3.5396457646528241e+01 1.2397662384533248e+01 1.7558487715908415e+00 5.7182339923857377e+00 -1.7973016735119576e+00 1.1509152000000000e-02 2.8017647000000001e-01
-1.0539463453893566e-01 -4.5320720579862886e+01 4.7101556984744242e-01 3.1782513041338252e+01 1.2685135417763812e+01 1.6349557754892383e+00 5.5323868321014888e+00 -1.5880815408660847e+00 1.1691511000000000e-02 2.9177742000000001e-01
-9.9432243096460232e-02 -4.4491251239322494e+01 4.7981395412620476e-01 2.8424110365937288e+01 1.2686441111910007e+01 1.5177972330081935e+00 5.3475547528402085e+00 -1.3992257740398877e+00 1.1866398000000000e-02 3.0355700000000002e-01
-9.3383272416334956e-02 -4.3726773430856767e+01 4.8874009878614205e-01 2.5329764710098171e+01 1.2441568499170709e+01 1.4040702696564580e+00 5.1649770405205286e+00 -1.2294857570881410e+00 1.2033550000000000e-02 3.1550762999999998e-01
-8.7251706003969393e-02 -4.3024558567738815e+01 4.9778812557995927e-01 2.2503667660431528e+01 1.1989134002990442e+01 1.2934860161405519e+00 4.9857288844768464e+00 -1.0775850568479353e+00 1.2192715000000000e-02 3.2762143999999999e-01
-8.1041648843972330e-02 -4.2382143413959021e+01 5.0695197699996086e-01 1.9946040077716287e+01 1.1365977877518811e+01 1.1857678257179247e+00 4.8107261321104247e+00 -9.4223509366683655e-01 1.2343646000000000e-02 3.3989032000000002e-01
-7.4757332461785231e-02 -4.1797302481276475e+01 5.1622540880886714e-01 1.7653532005478162e+01 1.0606828321911594e+01 1.0806501833275592e+00 4.6407325819433698e+00 -8.2215109239668782e-01 1.2486109000000000e-02 3.5230591000000000e-01
-6.8403094677148862e-02 -4.1268048400336305e+01 5.2560201991654898e-01 1.5619632150235109e+01 9.7440358634522006e+00 9.7787722580717684e-01 4.4763676539053376e+00 -7.1606524349707945e-01 1.2619877000000000e-02 3.6485963999999999e-01
-6.1983394789003221e-02 -4.0792615490667735e+01 5.3507522997247614e-01 1.3835105078230468e+01 8.8073568695668722e+00 8.7720192165953481e-01 4.3181166726591842e+00 -6.2273958133118390e-01 1.2744734000000001e-02 3.7754270000000001e-01
-5.5502798390587776e-02 -4.0369450527629191e+01 5.4463830177326855e-01 1.2288414096664035e+01 7.8238101665760240e+00 7.7838478064603378e-01 4.1663404643566597e+00 -5.4097627784608004e-01 1.2860473000000001e-02 3.9034606999999999e-01
-4.8965967246174663e-02 -3.9997204381173667e+01 5.5428435620106198e-01 1.0966146249497498e+01 6.8175887303807654e+00 6.8119270786401409e-01 4.0212862495175248e+00 -4.6962664676917254e-01 1.2966896000000000e-02 4.0326054000000000e-01
-4.2377669414335462e-02 -3.9674725894589344e+01 5.6400635728514237e-01 9.8534286219206777e+00 5.8100251622263457e+00 5.8539819846043306e-01 3.8830991434125881e+00 -4.0759853544139130e-01 1.3063819000000001e-02 4.1627669000000000e-01
-3.5742748878141217e-02 -3.9401055211990652e+01 5.7379715701704526e-01 8.9343124672853946e+00 4.8196066072131840e+00 4.9077794418864573e-01 3.7518329939948987e+00 -3.5386190782588600e-01 1.3151064000000001e-02 4.2938494999999999e-01
-2.9066155914962394e-02 -3.9175420982952247e+01 5.8364945053545580e-01 8.1921490031953823e+00 3.8620407932301895e+00 3.9711235022256264e-01 3.6274621582633593e+00 -3.0745335603381713e-01 1.3228465999999999e-02 4.4257553999999999e-01
-2.2352906603402389e-02 -3.8997235804459564e+01 5.9355583587967575e-01 7.6099207729951956e+00 2.9503509826518783e+00 3.0418403393287186e-01 3.5098921358790589e+00 -2.6747854556497364e-01 1.3295871000000001e-02 4.5583855000000001e-01
-1.5608103069830709e-02 -3.8866095395890611e+01 6.0350878411289000e-01 7.1705520029804672e+00 2.0950138478209208e+00 2.1177720655008336e-01 3.3989704712763902e+00 -2.3311393022535237e-01 1.3353135000000000e-02 4.6916390000000002e-01
-8.8369081802165961e-03 -3.8781777508673763e+01 6.1350067666808294e-01 6.8571782235473036e+00 1.3041163718143425e+00 1.1967639784241668e-01 3.2944966450131048e+00 -2.0360688824227449e-01 1.3400123999999999e-02 4.8254139000000001e-01
-2.0445556633954531e-03 -3.8744242925976856e+01 6.2352379040967232e-01 6.6533835372815258e+00 5.8353940982396668e-01 2.7665664466857365e-02 3.1962317767142450e+00 -1.7827519241623019e-01 1.3436718000000000e-02 4.9596067999999999e-01
4.7636701354643041e-03 -3.8753637471039546e+01 6.3357032751024245e-01 6.5433992076794070e+00 -6.2847055236547336e-02 -6.4472645091934622e-02 3.1039072780916070e+00 -1.5650508535078558e-01 1.3462807000000000e-02 5.0941133000000005e-01
1.1582414008327879e-02 -3.8810295211254314e+01 6.4363238557381064e-01 6.5122706658962608e+00 -6.3297551971398447e-01 -1.5695859333609685e-01 3.0172330919343535e+00 -1.3774906380144553e-01 1.3478291000000000e-02 5.2288276000000000e-01
1.8406295438994191e-02 -3.8914743478522709e+01 6.5370202485847750e-01 6.5459845858021843e+00 -1.1263726300669574e+00 -2.5001630042626433e-01 2.9359045154040468e+00 -1.2152279070273853e-01 1.3483083000000000e-02 5.3636434000000000e-01
2.5229883294928868e-02 -3.9067709161962519e+01 6.6377123093051016e-01 6.6315678625942756e+00 -1.5439467090321737e+00 -3.4387466869011041e-01 2.8596089770961042e+00 -1.0740129415307019e-01 1.3477108000000000e-02 5.4984533999999996e-01
3.2047705950531302e-02 -3.9270126450840586e+01 6.7383192960270888e-01 6.7571552891772928e+00 -1.8877792770567976e+00 -4.3876865127826781e-01 2.7880316082262411e+00 -9.5015405529971300e-02 1.3460300999999999e-02 5.6331494999999998e-01
3.8854266472034327e-02 -3.9523146702501222e+01 6.8387600934195747e-01 6.9120265126057401e+00 -2.1609269475262129e+00 -5.3494066245112015e-01 2.7208599344094160e+00 -8.4047405524579052e-02 1.3432611000000001e-02 5.7676231000000000e-01
4.5644052740770824e-02 -3.9828150345193862e+01 6.9389533620758925e-01 7.0866244477559146e+00 -2.3672298111721548e+00 -6.3264201025313582e-01 2.6577877769621603e+00 -7.4226605866632392e-02 1.3393997000000000e-02 5.9017653000000003e-01
5.2411522268273836e-02 -4.0186759635880371e+01 7.0388173144383770e-01 7.2725394398063008e+00 -2.5111333452764888e+00 -7.3213406605784859e-01 2.5985190108508691e+00 -6.5325220793014671e-02 1.3344429999999999e-02 6.0354666000000001e-01
5.9151122442809900e-02 -4.0600855030197316e+01 7.1382700135656973e-01 7.4624910750459090e+00 -2.5975253926381150e+00 -8.3369003483762416e-01 2.5427698332599600e+00 -5.7153776305120037e-02 1.3283893999999999e-02 6.1686173000000000e-01
6.5857310775912059e-02 -4.1072594764521881e+01 7.2372296719001861e-01 7.6502799504955403e+00 -2.6315909697933662e+00 -9.3759690533467133e-01 2.4902707592867097e+00 -4.9556940699772872e-02 1.3212384000000001e-02 6.3011079000000003e-01
7.2524524532580181e-02 -4.1604433630864555e+01 7.3356142031168448e-01 7.8307338772169617e+00 -2.6186725844741519e+00 -1.0441567804027925e+00 2.4407683727742118e+00 -4.2409454831703143e-02 1.3129907000000000e-02 6.4328284999999996e-01
7.9147216162714085e-02 -4.2199149324064415e+01 7.4333417449661754e-01 7.9996423128029877e+00 -2.5641652442846299e+00 -1.1536893591585180e+00 2.3940260639614790e+00 -3.5612208417566037e-02 1.3036481000000001e-02 6.5636695000000000e-01
8.5719858362746759e-02 -4.2859870654352925e+01 7.5303307339660130e-01 8.1536832919592488e+00 -2.4733861924073817e+00 -1.2665342062844678e+00 2.3498245257273180e+00 -2.9088619436848734e-02 1.2932137999999999e-02 6.6935217000000002e-01
9.2236928890744529e-02 -4.3590107531832452e+01 7.6264996813260244e-01 8.2903446882704159e+00 -2.3515476878445760e+00 -1.3830528925199943e+00 2.3079620354986536e+00 -2.2781267525163986e-02 1.2816919000000000e-02 6.8222760000000005e-01
9.8692940936206675e-02 -4.4393789857240613e+01 7.7217676210987118e-01 8.4078447194146744e+00 -2.2036304695321536e+00 -1.5036321871704104e+00 2.2682541562053582e+00 -1.6648736879614177e-02 1.2690879000000000e-02 6.9498240000000000e-01
1.0508243299679926e-01 -4.5275307701719250e+01 7.8160539607957502e-01 8.5050499706993854e+00 -2.0343581317982125e+00 -1.6286868589774075e+00 2.2305333476022788e+00 -1.0662856727988073e-02 1.2554085000000000e-02 7.0760577999999996e-01
1.1139997393998807e-01 -4.6239558524690430e+01 7.9092785560798062e-01 8.5813958628972280e+00 -1.8481489888220726e+00 -1.7586631057493143e+00 2.1946483776121464e+00 -4.8061398163794910e-03 1.2406611999999999e-02 7.2008700999999997e-01
1.1764018831120510e-01 -4.7292004689119750e+01 8.0013620842237199e-01 8.6367997575893671e+00 -1.6490850110002444e+00 -1.8940428150633171e+00 2.1604631986438427e+00 9.3033409299286005e-04 1.2248551000000000e-02 7.3241546999999996e-01
1.2379774114894887e-01 -4.8438732985662391e+01 8.0922258200350017e-01 8.6716153893419445e+00 -1.4408938895071057e+00 -2.0353475183921357e+00 2.1278568490159264e+00 6.5489879159986632e-03 1.2080001999999999e-02 7.4458062000000003e-01
1.2986734810805101e-01 -4.9686526633805954e+01 8.1817917852394917e-01 8.6865134924458136e+00 -1.2269369846271727e+00 -2.1831434039471906e+00 2.0967211304518898e+00 1.2047365448902328e-02 1.1901076999999999e-02 7.5657202000000001e-01
1.3584378558294258e-01 -5.1042948097349843e+01 8.2699828978650336e-01 8.6824618431000804e+00 -1.0102107694663889e+00 -2.3380469801936750e+00 2.0669607119629934e+00 1.7419575492342625e-02 1.1711898000000000e-02 7.6837935000000002e-01
1.4172190589255435e-01 -5.2516436580369671e+01 8.3567231963169752e-01 8.6606401687118950e+00 -7.9334816399965835e-01 -2.5007317626898340e+00 2.0384914723740333e+00 2.2657478682495638e-02 1.1512599000000000e-02 7.7999244000000001e-01
1.4749661197215014e-01 -5.4116409556863701e+01 8.4419374659189961e-01 8.6223953129647839e+00 -5.7863100452407334e-01 -2.6719347075004443e+00 2.0112397093050403e+00 2.7751833647172489e-02 1.1303326000000001e-02 7.9140122000000002e-01
1.5316290798965970e-01 -5.5853401037819488e+01 8.5255519858314477e-01 8.5691894186290174e+00 -3.6800565165259852e-01 -2.8524658494079365e+00 1.9851407884969441e+00 3.2692626446228341e-02 1.1084235000000000e-02 8.0259581999999996e-01
1.5871585379097924e-01 -5.7739193856114454e+01 8.6074938568248505e-01 8.5025574120626324e+00 -1.6310132260630472e-01 -3.0432164280271232e+00 1.9601384718769745e+00 3.7470245698512254e-02 1.0855490000000001e-02 8.1356647999999998e-01
1.6415061045467094e-01 -5.9787002005541062e+01 8.6876916735063925e-01 8.4240727517392102e+00 3.4749309230283826e-02 -3.2451712217053021e+00 1.9361837577816061e+00 4.2075862407295904e-02 1.0617270000000000e-02 8.2430364000000000e-01
1.6946243016869650e-01 -6.2011665865176454e+01 8.7660753749362641e-01 8.3353109757138455e+00 2.2448556667009395e-01 -3.4594210892614616e+00 1.9132340035945847e+00 4.6501449375505072e-02 1.0369760000000000e-02 8.3479791999999997e-01
1.7464666129205031e-01 -6.4429886109199600e+01 8.8425763193194951e-01 8.2378296179946222e+00 4.0529541012453629e-01 -3.6871780371287395e+00 1.8912521805738467e+00 5.0740370029840130e-02 1.0113159000000000e-02 8.4504013000000000e-01
1.7969875341639291e-01 -6.7060499002974467e+01 8.9171273586977806e-01 8.1331374365429809e+00 5.7659010447488135e-01 -3.9297929565783338e+00 1.8702061289866305e+00 5.4787306310265578e-02 9.8476710000000005e-03 8.5502127999999999e-01
1.8461425736605086e-01 -6.9924799158000468e+01 8.9896628389494926e-01 8.0226900185508043e+00 7.3797996006511557e-01 -4.1887762233758528e+00 1.8500678306432548e+00 5.8638481122889836e-02 9.5735140000000000e-03 8.6473257999999997e-01
1.8938885050618326e-01 -7.3046939513166350e+01 9.0601189732488296e-01 7.9078650520198055e+00 8.8925055043086454e-01 -4.4658235927784133e+00 1.8308128848812131e+00 6.2291586264272017e-02 9.2909130999999992e-03 8.7416548999999999e-01
1.9401831143461534e-01 -7.6454377284867590e+01 9.1284334686066693e-01 7.7899577330508896e+00 1.0303387754081907e+00 -4.7628441659730596e+00 1.8124196367968017e+00 6.5745766618693718e-02 9.0001030000000006e-03 8.8331166999999999e-01
1.9849855035163821e-01 -8.0178448470997608e+01 9.1945459740215552e-01 7.6701734496307399e+00 1.1613135180316903e+00 -5.0819973700543732e+00 1.7948692994784385e+00 6.9001559363940715e-02 8.7013270999999996e-03 8.9216304000000002e-01
2.0282559387510884e-01 -8.4255029381729045e+01 9.2583978564042035e-01 7.5496243022956664e+00 1.2823449005160317e+00 -5.4257346692010122e+00 1.7781449490920598e+00 7.2060718485331368e-02 8.3948374000000006e-03 9.0071175000000003e-01
2.0699561034861674e-01 -8.8725380029551502e+01 9.3199325740366623e-01 7.4293266168909886e+00 1.3937036793744775e+00 -5.7968535247131934e+00 1.7622318054597390e+00 7.4926199218248585e-02 8.0808944000000001e-03 9.0895022999999997e-01
2.1100488959495090e-01 -9.3637135610042122e+01 9.3790953778049913e-01 7.3102024244832711e+00 1.4957262597228240e+00 -6.1985598286448784e+00 1.7471162764180321e+00 7.7601874519075908e-02 7.7597663000000001e-03 9.1687114999999997e-01
2.1484986316263249e-01 -9.9045580106118337e+01 9.4358336099665840e-01 7.1930806698980918e+00 1.5888062122995543e+00 -6.6345490340434736e+00 1.7327861661226467e+00 8.0092496038383143e-02 7.4317293999999999e-03 9.2446746000000002e-01
2.1852710938754860e-01 -1.0501521856850411e+02 9.4900967788420032e-01 7.0787012388913730e+00 1.6733808806301160e+00 -7.1091066949953099e+00 1.7192302365358048e+00 8.2403591754767455e-02 7.0970672000000004e-03 9.3173240000000002e-01
2.2203334326968555e-01 -1.1162180947364890e+02 9.5418364094313191e-01 6.9677185304108455e+00 1.7499152827321891e+00 -7.6272337409276796e+00 1.7064382378440834e+00 8.4541112494862555e-02 6.7560703000000000e-03 9.3865947999999999e-01
2.2536544178129531e-01 -1.1895486043554703e+02 9.5910064168732689e-01 6.8607063639464370e+00 1.8188920438830887e+00 -8.1948126249908348e+00 1.6944005241675448e+00 8.6511524361981285e-02 6.4090362999999996e-03 9.4524253000000003e-01
2.2852041349709568e-01 -1.2712100137813830e+02 9.6375626582942675e-01 6.7581658977052399e+00 1.8808024972108952e+00 -8.8188141288761290e+00 1.6831082572534506e+00 8.8321493834077489e-02 6.0562691999999996e-03 9.5147563999999996e-01
2.3149544921060350e-01 -1.3624844809928916e+02 9.6814636797267295e-01 6.6605270099622631e+00 1.9361372383423969e+00 -9.5075867640405622e+00 1.6725530481606548e+00 8.9978011530181826e-02 5.6980790999999996e-03 9.5735325999999998e-01
2.3428787131780138e-01 -1.4649279272961107e+02 9.7226699691907381e-01 6.5681596399553319e+00 1.9853789958356898e+00 -1.0271224104143222e+01 1.6627271553215883e+00 9.1487891576519140e-02 5.3347821999999998e-03 9.6287009999999995e-01
2.3689518443347091e-01 -1.5804526591629417e+02 9.7611447036123922e-01 6.4813753787740476e+00 2.0289971885015219e+00 -1.1122094914100572e+01 1.6536232493890455e+00 9.2858028863599909e-02 4.9667000000000001e-03 9.6802122999999995e-01
2.3931503995975945e-01 -1.7114398967730256e+02 9.7968532259809482e-01 6.4004378801385711e+00 2.0674411255565710e+00 -1.2075563087883340e+01 1.6452344802325967e+00 9.4095117719309285e-02 4.5941591999999996e-03 9.7280200999999999e-01
2.4154527657924652e-01 -1.8609058504417618e+02 9.8297636428835133e-01 6.3255636289087134e+00 2.1011376072668000e+00 -1.3151055898306200e+01 1.6375544322171387e+00 9.5205660973035497e-02 4.2174915999999996e-03 9.7720817000000004e-01
2.4358387976187751e-01 -2.0327435072510821e+02 9.8598462269703591e-01 6.2569324025713913e+00 2.1304859151366173e+00 -1.4373618518389133e+01 1.6305771804354676e+00 9.6195783406456584e-02 3.8370333000000002e-03 9.8123572999999997e-01
2.4542902225802998e-01 -2.2321020813445892e+02 9.8870740144895963e-01 6.1946889885295038e+00 2.1558561323689216e+00 -1.5776363269545687e+01 1.6242972602630117e+00 9.7071169078765743e-02 3.4531249000000000e-03 9.8488107999999996e-01
2.4707904891361382e-01 -2.4659952773145017e+02 9.9114225812116774e-01 6.1389497246565092e+00 2.1775863968622815e+00 -1.7404400429880198e+01 1.6187096375559711e+00 9.7837533719598690e-02 3.0661112999999999e-03 9.8814095000000002e-01
2.4853246654680466e-01 -2.7443389125833448e+02 9.9328698930457238e-01 6.0898070756963127e+00 2.1959814121957200e+00 -1.9321556161670834e+01 1.6138098317529104e+00 9.8499404880370636e-02 2.6763420000000000e-03 9.9101238999999997e-01
2.4978797431784344e-01 -3.0818616317160513e+02 9.9513967541905290e-01 6.0473325131315958e+00 2.2113107783551209e+00 -2.1622768590465224e+01 1.6095937843125805e+00 9.9061274181908313e-02 2.2841723000000002e-03 9.9349282999999999e-01
2.5084445360577040e-01 -3.5019458020335918e+02 9.9669866577508937e-01 6.0115806848858480e+00 2.2238086231272258e+00 -2.4459039814830327e+01 1.6060579555688317e+00 9.9526972964432386e-02 1.8899688000000000e-03 9.9558005999999999e-01
2.5170096294679095e-01 -4.0454467920476083e+02 9.9796257110457920e-01 5.9825924803280168e+00 2.2336711207965076e+00 -2.8094805830670989e+01 1.6031993403115599e+00 9.9899751364151218e-02 1.4941295000000000e-03 9.9727222000000004e-01
2.5235680889714268e-01 -4.7955585101849829e+02 9.9893036812940328e-01 5.9603952141699548e+00 2.2410628463884219e+00 -3.3069876944421388e+01 1.6010152538427227e+00 1.0018231125976780e-01 1.0971916000000000e-03 9.9856794000000004e-01
2.5281173837516041e-01 -5.9796247718102541e+02 9.9960168339039446e-01 5.9449985276433344e+00 2.2461068747797266e+00 -4.0863073218181654e+01 1.5995027005420104e+00 1.0037683545535504e-01 7.0085733000000002e-04 9.9946672000000003e-01
