-7.7289959295958677e-01 -5.4817266479198543e+02 7.7290140680520469e-01 -6.4609447498173972e+02 -1.6041150247945805e+02 3.6916833797958084e+01 -4.3337822577454368e+01 -1.0518351242183252e+01 5.5301730000000003e-06 1.0230946000000001e-06
-7.7287037601155784e-01 -3.9666315752783515e+02 7.7290569916159024e-01 -4.9447400040760465e+02 -1.6040656968168622e+02 2.6980424038207406e+01 -3.3396235566985126e+01 -1.0518128007220863e+01 3.5894988000000002e-05 1.9923924999999999e-05
-7.7277871157081723e-01 -3.2642087020839296e+02 7.7291916588121989e-01 -4.2394821846257338e+02 -1.6039109444773706e+02 2.2370135108672518e+01 -2.8772630207229327e+01 -1.0517427663923181e+01 8.5619985000000003e-05 7.9222864999999994e-05
-7.7259724572897193e-01 -2.8041062852207125e+02 7.7294582561529723e-01 -3.7745701399363884e+02 -1.6036046203477167e+02 1.9345843454190184e+01 -2.5725611893439837e+01 -1.0516041336151883e+01 1.5173507999999999e-04 1.9661552000000001e-04
-7.7230203818130339e-01 -2.4633014671366618e+02 7.7298919551146306e-01 -3.4268789702111593e+02 -1.6031063942225876e+02 1.7100840632517833e+01 -2.3447889170474667e+01 -1.0513786420279299e+01 2.3255418000000001e-04 3.8758918999999998e-04
-7.7187131579934143e-01 -2.1941668021038060e+02 7.7305247433048208e-01 -3.1487581441540692e+02 -1.6023796801732908e+02 1.5322913325234117e+01 -2.1627039151498799e+01 -1.0510497172646595e+01 3.2689763000000001e-04 6.6622920000000002e-04
-7.7128490547598183e-01 -1.9731669444489970e+02 7.7313862576880221e-01 -2.9166981702448317e+02 -1.6013907138956696e+02 1.3857891641561180e+01 -2.0108917560133133e+01 -1.0506020500560005e+01 4.3385032000000002e-04 1.0455858000000000e-03
-7.7052391671816178e-01 -1.7869025948762635e+02 7.7325042508989217e-01 -2.7173580585322435e+02 -1.6001080542436219e+02 1.2618109808100845e+01 -1.8806043271238302e+01 -1.0500213668728232e+01 5.5265518999999999e-04 1.5378795000000000e-03
-7.6957054543816683e-01 -1.6269917406463503e+02 7.7339048794989473e-01 -2.5424361367143558e+02 -1.5985022928323042e+02 1.1548824333333060e+01 -1.7663968769491667e+01 -1.0492942939690174e+01 6.8265765000000004e-04 2.1546280000000000e-03
-7.6840794146291258e-01 -1.4878225530227223e+02 7.7356128986226758e-01 -2.3864159195124077e+02 -1.5965458670368227e+02 1.0613467634741797e+01 -1.6646501312990818e+01 -1.0484082706859192e+01 8.2327310000000005e-04 2.9067318999999999e-03
-7.6702011825908645e-01 -1.3654394463222286e+02 7.7376517946035450e-01 -2.2454472050648408e+02 -1.5942129492068318e+02 9.7863355853860945e+00 -1.5728367371216720e+01 -1.0473514951877398e+01 9.7396649000000004e-04 3.8045331000000002e-03
-7.6539188692738824e-01 -1.2569388892826034e+02 7.7400438819450545e-01 -2.1167382272791770e+02 -1.5914793950751780e+02 9.0486198939348483e+00 -1.4891227972908212e+01 -1.0461128886932990e+01 1.1342389000000000e-03 4.8578574999999999e-03
-7.6350880797349652e-01 -1.1601186955984248e+02 7.7428103741755960e-01 -1.9982021934085412e+02 -1.5883226717380410e+02 8.3861041615555543e+00 -1.4121361701169175e+01 -1.0446820735605646e+01 1.3036180000000001e-03 6.0760461999999999e-03
-7.6135715637293533e-01 -1.0732630499739616e+02 7.7459714351727893e-01 -1.8882402579429828e+02 -1.5847218619745226e+02 7.7877514110452637e+00 -1.3408242294205889e+01 -1.0430493608739610e+01 1.4816515000000000e-03 7.4679780999999997e-03
-7.5892389328289145e-01 -9.9500466285123792e+01 7.7495462207225707e-01 -1.7856020737376679e+02 -1.5806576483662900e+02 7.2447980712742801e+00 -1.2743624761572439e+01 -1.0412057429915141e+01 1.6679024999999999e-03 9.0420881999999994e-03
-7.5619664687426547e-01 -9.2423319570354749e+01 7.7535529066794406e-01 -1.6892930209620687e+02 -1.5761123215041661e+02 6.7501521501037889e+00 -1.2120937552921403e+01 -1.0391428924586087e+01 1.8619452999999999e-03 1.0806380000000001e-02
-7.5316369455494414e-01 -8.6003231629458057e+01 7.7580087150828336e-01 -1.5985103297919159e+02 -1.5710697825719842e+02 6.2979796909908510e+00 -1.1534864150388699e+01 -1.0368531610865517e+01 2.0633631000000000e-03 1.2768437000000001e-02
-7.4981395477704860e-01 -8.0163543774576667e+01 7.7629299261933560e-01 -1.5125981603207876e+02 -1.5655155654088242e+02 5.8834141760001337e+00 -1.0981048844740954e+01 -1.0343295853783022e+01 2.2717459999999998e-03 1.4935428000000001e-02
-7.4613697327929307e-01 -7.4839358330137671e+01 7.7683318987045791e-01 -1.4310149243868815e+02 -1.5594368401145672e+02 5.5023457269400620e+00 -1.0455882877222566e+01 -1.0315658871947132e+01 2.4866887000000002e-03 1.7314116000000001e-02
-7.4212292339614550e-01 -6.9975187342395131e+01 7.7742290692888405e-01 -1.3533094622383393e+02 -1.5528224409425815e+02 5.1512671563415653e+00 -9.9563485176441908e+00 -1.0285564837060845e+01 2.7077901999999999e-03 1.9910858000000000e-02
-7.3776258905400138e-01 -6.5523159097900518e+01 7.7806349775781203e-01 -1.2791027741138275e+02 -1.5456628618724918e+02 4.8271567006866363e+00 -9.4798996816874972e+00 -1.0252964825490652e+01 2.9346520999999999e-03 2.2731616000000000e-02
-7.3304737404599862e-01 -6.1441675951909339e+01 7.7875622525381061e-01 -1.2080745213005295e+02 -1.5379502879186131e+02 4.5273906266183932e+00 -9.0243737759895328e+00 -1.0217816960428282e+01 3.1668782999999998e-03 2.5781951000000001e-02
-7.2796929275720257e-01 -5.7694348954653940e+01 7.7950226260941258e-01 -1.1399523301896325e+02 -1.5296785952797347e+02 4.2496739732506406e+00 -8.5879212985359104e+00 -1.0180086393995001e+01 3.4040742000000001e-03 2.9067029000000001e-02
-7.2252096398139709e-01 -5.4249163627112708e+01 7.8030269422150988e-01 -1.0745032043918548e+02 -1.5208433515454013e+02 3.9919865365536356e+00 -8.1689506758679595e+00 -1.0139745312200171e+01 3.6458464000000000e-03 3.2591624999999999e-02
-7.1669562019589861e-01 -5.1077822436024917e+01 7.8115851432876060e-01 -1.0115272333407317e+02 -1.5114418328073643e+02 3.7525405661712026e+00 -7.7660882534415903e+00 -1.0096773005666481e+01 3.8918026000000000e-03 3.6360116999999997e-02
-7.1048709519513731e-01 -4.8155199560810864e+01 7.8207062882837997e-01 -9.5085199724375983e+01 -1.5014730047429359e+02 3.5297457425361971e+00 -7.3781380362376527e+00 -1.0051155802988252e+01 4.1415510999999999e-03 4.0376493999999999e-02
-7.0388982872806416e-01 -4.5458905352924411e+01 7.8303985459484338e-01 -8.9232837257760494e+01 -1.4909374018479411e+02 3.3221814241543965e+00 -7.0040588342980810e+00 -1.0002887077141272e+01 4.3947007000000003e-03 4.4644352999999998e-02
-6.9689886649815069e-01 -4.2968922198218500e+01 7.8406691947988671e-01 -8.3582695970441449e+01 -1.4798377244141815e+02 3.1285736005565301e+00 -6.6429389644321128e+00 -9.9519672205198031e+00 4.6508610999999997e-03 4.9166899000000000e-02
-6.8950985398018017e-01 -4.0667301594050095e+01 7.8515246322090138e-01 -7.8123511849239932e+01 -1.4681775955237649e+02 2.9477756412289002e+00 -6.2939775315427404e+00 -9.8984035533399357e+00 4.9096423000000002e-03 5.3946949000000001e-02
-6.8171904414925866e-01 -3.8537910377559506e+01 7.8629703630544068e-01 -7.2845460231121834e+01 -1.4559627679596863e+02 2.7787525507731345e+00 -5.9564690746859794e+00 -9.8422102907681559e+00 5.1706551000000002e-03 5.8986927000000001e-02
-6.7352328356859448e-01 -3.6566211951998135e+01 7.8750110201510859e-01 -6.7739941406486949e+01 -1.4432004656367678e+02 2.6205672014222627e+00 -5.6297898886761235e+00 -9.7834083804815855e+00 5.4335110000000002e-03 6.4288872999999996e-02
-6.6492002630171887e-01 -3.4739085783944958e+01 7.8876503438167078e-01 -6.2799416828083999e+01 -1.4298994946716903e+02 2.4723692176604390e+00 -5.3133875743916157e+00 -9.7220254792615020e+00 5.6978226000000002e-03 6.9854434000000007e-02
-6.5590731845446282e-01 -3.3044665107241116e+01 7.9008912045804269e-01 -5.8017253755616906e+01 -1.4160701799527226e+02 2.3333849214601434e+00 -5.0067710027224983e+00 -9.6580957185743692e+00 5.9632034000000004e-03 7.5684873999999999e-02
-6.4648380590396859e-01 -3.1472202367297594e+01 7.9147355918279561e-01 -5.3387605278072414e+01 -1.4017243348142972e+02 2.2029090870726526e+00 -4.7095027030415135e+00 -9.5916596168734021e+00 6.2292681999999997e-03 8.1781068999999998e-02
-6.3664872811548079e-01 -3.0011948683051546e+01 7.9291846228855167e-01 -4.8905297331810949e+01 -1.3868752018156866e+02 2.0802975917462847e+00 -4.4211917719722411e+00 -9.5227638661754028e+00 6.4956331999999999e-03 8.8143510999999994e-02
-6.2640191814234536e-01 -2.8655050136516621e+01 7.9442385430198403e-01 -4.4565737184203840e+01 -1.3715374003579845e+02 1.9649610761865874e+00 -4.1414880120016155e+00 -9.4514611648362372e+00 6.7619166000000000e-03 9.4772308000000000e-02
-6.1574379335119678e-01 -2.7393455615858471e+01 7.9598967390640973e-01 -4.0364828780942950e+01 -1.3557268536770729e+02 1.8563593383793904e+00 -3.8700765894873550e+00 -9.3778099477190224e+00 7.0277381999999996e-03 1.0166719000000000e-01
-6.0467535387615468e-01 -2.6219836450706133e+01 7.9761577416888862e-01 -3.6298902223525559e+01 -1.3394607263911189e+02 1.7539964935530978e+00 -3.6066736215254260e+00 -9.3018741701290661e+00 7.2927204000000001e-03 1.0882751000000000e-01
-5.9319820426005732e-01 -2.5127517808726171e+01 7.9930191936083994e-01 -3.2364660457638252e+01 -1.3227573890084957e+02 1.6574168713883726e+00 -3.3510228348481994e+00 -9.2237232178196287e+00 7.5564877000000004e-03 1.1625223000000000e-01
-5.8131450862619305e-01 -2.4110411053366064e+01 8.0104779154390782e-01 -2.8559108790630450e+01 -1.3056362822384756e+02 1.5662008150236468e+00 -3.1028910985629770e+00 -9.1434313819334925e+00 7.8186677999999999e-03 1.2393994999999999e-01
-5.6902698758669612e-01 -2.3162958571030487e+01 8.0285299102415941e-01 -2.4879509602484983e+01 -1.2881178421041375e+02 1.4799613958890743e+00 -2.8620655971600901e+00 -9.0610775736886833e+00 8.0788911000000008e-03 1.3188891000000000e-01
-5.5633896461661669e-01 -2.2280087724526428e+01 8.0471702953911972e-01 -2.1323354985639231e+01 -1.2702234957007482e+02 1.3983416819219605e+00 -2.6283521004928181e+00 -8.9767453799435319e+00 8.3367917000000003e-03 1.4009695999999999e-01
-5.4325430422182708e-01 -2.1457161223390482e+01 8.0663933934172483e-01 -1.7888311920197179e+01 -1.2519754745630219e+02 1.3210116793457467e+00 -2.4015716356286365e+00 -8.8905223739197350e+00 8.5920070000000005e-03 1.4856159999999999e-01
-5.2977744285506856e-01 -2.0689940256673466e+01 8.0861926865834566e-01 -1.4572199879643922e+01 -1.2333968102333313e+02 1.2476661074196191e+00 -2.1815588104254524e+00 -8.8025000475126749e+00 8.8441787999999997e-03 1.5727996000000000e-01
-5.1591335799990490e-01 -1.9974546601916334e+01 8.1065608623076379e-01 -1.1372954942478763e+01 -1.2145111895548874e+02 1.1780220669872685e+00 -1.9681597901200021e+00 -8.7127733190888250e+00 9.0929527999999999e-03 1.6624881999999999e-01
-5.0166756817072145e-01 -1.9307430958238182e+01 8.1274898131617213e-01 -8.2886064374661803e+00 -1.1953428787884275e+02 1.1118171116944890e+00 -1.7612306471722321e+00 -8.6214402478678167e+00 9.3379794999999995e-03 1.7546460999999999e-01
-4.8704611745470283e-01 -1.8685344083588777e+01 8.1489706595816269e-01 -5.3172528354212405e+00 -1.1759166219157913e+02 1.0488074214394092e+00 -1.5606358654196222e+00 -8.5286016424197069e+00 9.5789143999999993e-03 1.8492342000000001e-01
-4.7205562188590217e-01 -1.8105312223709170e+01 8.1709936817376239e-01 -2.4570527873499586e+00 -1.1562576196931126e+02 9.8876644560219806e-01 -1.3662477355448872e+00 -8.4343610582851039e+00 9.8154178999999998e-03 1.9462097000000000e-01
-4.5670319215512467e-01 -1.7564610970267477e+01 8.1935484330837371e-01 2.9380659095590728e-01 -1.1363913441738261e+02 9.3148305950354393e-01 -1.1779442641808870e+00 -8.3388240102624547e+00 1.0047156000000000e-02 2.0455266000000000e-01
-4.4099641815190355e-01 -1.7060744207978477e+01 8.2166237630676309e-01 2.9371240738489983e+00 -1.1163434414891638e+02 8.7676025321401907e-01 -9.9560814384598828e-01 -8.2420975960882981e+00 1.0273801000000001e-02 2.1471357999999999e-01
-4.2494344625461750e-01 -1.6591427845197146e+01 8.2402077035812005e-01 5.4746824116925668e+00 -1.0961397427005592e+02 8.2441425136926094e-01 -8.1912689059514165e-01 -8.1442906837821436e+00 1.0495031000000000e-02 2.2509846000000000e-01
-4.0855288658235012e-01 -1.6154569746705437e+01 8.2642876052198633e-01 7.9082737535059922e+00 -1.0758061156936633e+02 7.7427305584495487e-01 -6.4839107818426323e-01 -8.0455130444355270e+00 1.0710529999999999e-02 2.3570173000000000e-01
-3.9183382845291304e-01 -1.5748255195054799e+01 8.2888501145726790e-01 1.0239703808633095e+01 -1.0553683142315127e+02 7.2617552596199153e-01 -4.8329394486002436e-01 -7.9458751915787431e+00 1.0919989999999999e-02 2.4651751000000000e-01
-3.7479585584086966e-01 -1.5370733080231409e+01 8.3138811515124611e-01 1.2470795202487087e+01 -1.0348520221837549e+02 6.7997051126293773e-01 -3.2373104725370550e-01 -7.8454881699051473e+00 1.1123108000000000e-02 2.5753959999999998e-01
-3.5744900100346438e-01 -1.5020402870213454e+01 8.3393659773254347e-01 1.4603403436794371e+01 -1.0142826789694023e+02 6.3551587465423975e-01 -1.6959937066496650e-01 -7.7444630642057231e+00 1.1319591000000000e-02 2.6876150999999998e-01
-3.3980372902259948e-01 -1.4695802833265683e+01 8.3652892174211102e-01 1.6639411817032439e+01 -9.9368540571941551e+01 5.9267769400179982e-01 -2.0796887354081250e-02 -7.6429106060625109e+00 1.1509152000000000e-02 2.8017647000000001e-01
-3.2187095326285836e-01 -1.4395600518105011e+01 8.3916348386224049e-01 1.8580741673776743e+01 -9.7308496447447013e+01 5.5132959693853778e-01 1.2277758189018073e-01 -7.5409410712231306e+00 1.1691511000000000e-02 2.9177742000000001e-01
-3.0366205082952902e-01 -1.4118583709045627e+01 8.4183861264557591e-01 2.0429346990889769e+01 -9.5250570695921283e+01 5.1135210932990915e-01 2.6122451931608581e-01 -7.4386641123165038e+00 1.1866398000000000e-02 3.0355700000000002e-01
-2.8518873890441648e-01 -1.3863650429291338e+01 8.4455258668301958e-01 2.2187229437557924e+01 -9.3197141864390034e+01 4.7263187253847982e-01 3.9464479232327215e-01 -7.3361878410898891e+00 1.2033550000000000e-02 3.1550762999999998e-01
-2.6646318295200655e-01 -1.3629803485653177e+01 8.4730361870681459e-01 2.3856424203426410e+01 -9.1150533083953647e+01 4.3506091573718297e-01 5.2313900374348510e-01 -7.2336192687618404e+00 1.2192715000000000e-02 3.2762143999999999e-01
-2.4749791942934907e-01 -1.3416142757334855e+01 8.5008986694548594e-01 2.5439010306330040e+01 -8.9113003528637037e+01 3.9853673459299976e-01 6.4680807042583521e-01 -7.1310636608315860e+00 1.2343646000000000e-02 3.3989032000000002e-01
-2.2830587124408119e-01 -1.3221859690081281e+01 8.5290943285285192e-01 2.6937101079493932e+01 -8.7086745012621591e+01 3.6296108170897456e-01 7.6575324944837520e-01 -7.0286244639587991e+00 1.2486109000000000e-02 3.5230591000000000e-01
-2.0890028592233301e-01 -1.3046231630966004e+01 8.5576037019197781e-01 2.8352851799198174e+01 -8.5073871958830992e+01 3.2823960051450618e-01 8.8007639441965213e-01 -6.9264028462226106e+00 1.2619877000000000e-02 3.6485963999999999e-01
-1.8929478198279848e-01 -1.2888617838214069e+01 8.5864067822221057e-01 2.9688450146608368e+01 -8.3076423035647906e+01 2.9428173224825804e-01 9.8987977399793248e-01 -6.8244977738620349e+00 1.2744734000000001e-02 3.7754270000000001e-01
-1.6950330256266510e-01 -1.2748455311490597e+01 8.6154830851214392e-01 3.0946116626934099e+01 -8.1096353521323223e+01 2.6099986312937373e-01 1.0952662130035344e+00 -6.7230056451963627e+00 1.2860473000000001e-02 3.9034606999999999e-01
-1.4954008450156631e-01 -1.2625254834490057e+01 8.6448116948159448e-01 3.2128102320753428e+01 -7.9135534309827975e+01 2.2830904097177662e-01 1.1963392153336998e+00 -6.6220200893809569e+00 1.2966896000000000e-02 4.0326054000000000e-01
-1.2941968925762903e-01 -1.2518599262328234e+01 8.6743712185962585e-01 3.3236682514202634e+01 -7.7195746453633845e+01 1.9612660950835259e-01 1.2932027685596483e+00 -6.5216319899681672e+00 1.3063819000000001e-02 4.1627669000000000e-01
-1.0915691015933249e-01 -1.2428139947810546e+01 8.7041399231047756e-01 3.4274158184113595e+01 -7.5278676634162110e+01 1.6437164771797419e-01 1.3859612610025440e+00 -6.4219289564983644e+00 1.3151064000000001e-02 4.2938494999999999e-01
-8.8766865153648955e-02 -1.2353595847586538e+01 8.7340955980763579e-01 3.5242843021264896e+01 -7.3385924776795321e+01 1.3296478125965816e-01 1.4747197378626986e+00 -6.3229957941275545e+00 1.3228465999999999e-02 4.4257553999999999e-01
-6.8264873141856475e-02 -1.2294751602234969e+01 8.7642157380173957e-01 3.6145071879881236e+01 -7.1518990063697913e+01 1.0182763436001907e-01 1.5595834942064868e+00 -6.2249137945082698e+00 1.3295871000000001e-02 4.5583855000000001e-01
-4.7666515811632060e-02 -1.2251456986715466e+01 8.7944774513662738e-01 3.6983181860837824e+01 -6.9679279959270971e+01 7.0882512399291442e-02 1.6406580573622347e+00 -6.1277610768884507e+00 1.3353135000000000e-02 4.6916390000000002e-01
-2.6987560346934836e-02 -1.2223626368834475e+01 8.8248575740427881e-01 3.7759522389195908e+01 -6.7868102852997083e+01 4.0051955574768372e-02 1.7180492379606338e+00 -6.0316121940759224e+00 1.3400123999999999e-02 4.8254139000000001e-01
-6.2439903440526523e-03 -1.2211238943586613e+01 8.8553326240283758e-01 3.8476440390481173e+01 -6.6086672404324545e+01 9.2584101099159044e-03 1.7918628488259032e+00 -5.9365383186989096e+00 1.3436718000000000e-02 4.9596067999999999e-01
1.4548056020491917e-02 -1.2214339310568443e+01 8.8858788922056542e-01 3.9136280995209070e+01 -6.4336104169167811e+01 -2.1576240767385957e-02 1.8622047297831501e+00 -5.8426069946558830e+00 1.3462807000000000e-02 5.0941133000000005e-01
3.5372224157846910e-02 -1.2233038615423972e+01 8.9164723515188793e-01 3.9741380026223432e+01 -6.2617422761758000e+01 -5.2530971142021432e-02 1.9291803607086102e+00 -5.7498824538733171e+00 1.3478291000000000e-02 5.2288276000000000e-01
5.6212082189043500e-02 -1.2267516303062873e+01 8.9470888613628952e-01 4.0294063533501266e+01 -6.0931552942289578e+01 -8.3686220890961338e-02 1.9928951502645949e+00 -5.6584250922036325e+00 1.3483083000000000e-02 5.3636434000000000e-01
7.7051043654877693e-02 -1.2318022353807104e+01 8.9777040540337238e-01 4.0796639926645334e+01 -5.9279328870091234e+01 -1.1512420138894519e-01 2.0534539732326271e+00 -5.5682918509201986e+00 1.3477108000000000e-02 5.4984533999999996e-01
9.7872398431957830e-02 -1.2384880145655286e+01 9.0082933801483245e-01 4.1251399306836859e+01 -5.7661494877697955e+01 -1.4692938546562284e-01 2.1109611018828298e+00 -5.4795362037877595e+00 1.3460300999999999e-02 5.6331494999999998e-01
1.1865935910677428e-01 -1.2468490055417945e+01 9.0388321767742419e-01 4.1660604947199062e+01 -5.6078705226999041e+01 -1.7918905359140147e-01 2.1655201515237472e+00 -5.3922080658302090e+00 1.3432611000000001e-02 5.7676231000000000e-01
1.3939509189174759e-01 -1.2569333880802763e+01 9.0692957128493756e-01 4.2026494754289487e+01 -5.4531525267222307e+01 -2.1199381403811102e-01 2.2172339868845099e+00 -5.3063537524044504e+00 1.3393997000000000e-02 5.9017653000000003e-01
1.6006267025115661e-01 -1.2687979712137071e+01 9.0996591210523303e-01 4.2351274708766105e+01 -5.3020439641952493e+01 -2.4543815178901351e-01 2.2662043884533785e+00 -5.2220163452932429e+00 1.3344429999999999e-02 6.0354666000000001e-01
1.8064513673323412e-01 -1.2825087701316253e+01 9.1298974886419426e-01 4.2637115190591530e+01 -5.1545850945798264e+01 -2.7962103141161698e-01 2.3125321198527433e+00 -5.1392355410677153e+00 1.3283893999999999e-02 6.1686173000000000e-01
2.0112556480225918e-01 -1.2981417816699460e+01 9.1599859482968182e-01 4.2886150525715259e+01 -5.0108080234540381e+01 -3.1464669179751747e-01 2.3563167868660235e+00 -5.0580475536989464e+00 1.3212384000000001e-02 6.3011079000000003e-01
2.2148696609041696e-01 -1.3157837070600532e+01 9.1898995418560281e-01 4.3100473014075206e+01 -4.8707378039527171e+01 -3.5062518722591474e-01 2.3976566322725228e+00 -4.9784856626923029e+00 1.3129907000000000e-02 6.4328284999999996e-01
2.4171239860396365e-01 -1.3355328956083206e+01 9.2196133792882951e-01 4.3282132207383398e+01 -4.7343921302372792e+01 -3.8767334612668469e-01 2.4366483490984163e+00 -4.9005799189991830e+00 1.3036481000000001e-02 6.5636695000000000e-01
2.6178498218124890e-01 -1.3575004649992712e+01 9.2491026614018690e-01 4.3433132189878116e+01 -4.6017817054415595e+01 -4.2591567028203214e-01 2.4733875985915890e+00 -4.8243572721374584e+00 1.2932137999999999e-02 6.6935217000000002e-01
2.8168785211864555e-01 -1.3818114451402479e+01 9.2783426117148848e-01 4.3555428827935998e+01 -4.4729110644788889e+01 -4.6548520383526354e-01 2.5079676734972876e+00 -4.7498419178084212e+00 1.2816919000000000e-02 6.8222760000000005e-01
3.0140425191869180e-01 -1.4086062635250304e+01 9.3073086127146543e-01 4.3650928482871052e+01 -4.3477784214090654e+01 -5.0652478146314417e-01 2.5404806409185845e+00 -4.6770551225796710e+00 1.2690879000000000e-02 6.9498240000000000e-01
3.2091750237404237e-01 -1.4380423048481559e+01 9.3359761604379010e-01 4.3721485984096432e+01 -4.2263763738722467e+01 -5.4918816933339132e-01 2.5710166162071362e+00 -4.6060155228826245e+00 1.2554085000000000e-02 7.0760577999999996e-01
3.4021101702549383e-01 -1.4702957529055807e+01 9.3643208871806438e-01 4.3768903206820887e+01 -4.1086922826853865e+01 -5.9364143599809727e-01 2.5996638211615881e+00 -4.5367392561455642e+00 1.2406611999999999e-02 7.2008700999999997e-01
3.5926837945210000e-01 -1.5055638126357769e+01 9.3923186750476129e-01 4.3794928259699809e+01 -3.9947082879324562e+01 -6.4006466586644861e-01 2.6265084612604799e+00 -4.4692398633558534e+00 1.2248551000000000e-02 7.3241546999999996e-01
3.7807329689710378e-01 -1.5440670566824755e+01 9.4199455878225946e-01 4.3801253866405197e+01 -3.8844020954398381e+01 -6.8865355868180078e-01 2.6516348402919947e+00 -4.4035286376634222e+00 1.2080001999999999e-02 7.4458062000000003e-01
3.9660963118398185e-01 -1.5860522602213523e+01 9.4471779163882041e-01 4.3789517159198461e+01 -3.7777472376524280e+01 -7.3962147198319617e-01 2.6751250417965728e+00 -4.3396147198015678e+00 1.1901076999999999e-02 7.5657202000000001e-01
4.1486142963249384e-01 -1.6317956568752177e+01 9.4739922241456442e-01 4.3761298906203876e+01 -3.6747134000304186e+01 -7.9320172759522856e-01 2.6970590417834486e+00 -4.2775051663471952e+00 1.1711898000000000e-02 7.6837935000000002e-01
4.3281297143275077e-01 -1.6816068309885654e+01 9.5003654151443595e-01 4.3718123046348111e+01 -3.5752666067825750e+01 -8.4965031855982354e-01 2.7175146557919665e+00 -4.2172049805278347e+00 1.1512599000000000e-02 7.7999244000000001e-01
4.5044869035509938e-01 -1.7358327605589750e+01 9.5262746205326165e-01 4.3661456689306526e+01 -3.4793701316866532e+01 -9.0924860083086168e-01 2.7365674082299707e+00 -4.1587175654401074e+00 1.1303326000000001e-02 7.9140122000000002e-01
4.6775332933035541e-01 -1.7948633103256146e+01 9.5516974256563358e-01 4.3592710054809913e+01 -3.3869840663079053e+01 -9.7230717143280510e-01 2.7542906479723950e+00 -4.1020443855600561e+00 1.1084235000000000e-02 8.0259581999999996e-01
4.8471180132759384e-01 -1.8591366447574231e+01 9.5766116656701439e-01 4.3513237082315904e+01 -3.2980665282403784e+01 -1.0391693467983665e+00 2.7707552855042814e+00 -4.0471856166757219e+00 1.0855490000000001e-02 8.1356647999999998e-01
5.0130932847635845e-01 -1.9291465096935191e+01 9.6009956299263211e-01 4.3424334750839769e+01 -3.2125733395339260e+01 -1.1102161586802848e+00 2.7860300238883533e+00 -3.9941398625553868e+00 1.0617270000000000e-02 8.2430364000000000e-01
5.1753141115061674e-01 -2.0054502004786329e+01 9.6248280165550293e-01 4.3327244888987238e+01 -3.1304585950156223e+01 -1.1858715586768922e+00 2.8001812227269185e+00 -3.9429044328314498e+00 1.0369760000000000e-02 8.3479791999999997e-01
5.3336384342678189e-01 -2.0886780381532315e+01 9.6480879551742038e-01 4.3223153726127300e+01 -3.0516749968850856e+01 -1.2666087534494088e+00 2.8132728815854828e+00 -3.8934754656921191e+00 1.0113159000000000e-02 8.4504013000000000e-01
5.4879272854173722e-01 -2.1795447081424093e+01 9.6707550295994271e-01 4.3113193129015002e+01 -2.9761741374334211e+01 -1.3529575566809244e+00 2.8253666556768491e+00 -3.8458480785361937e+00 9.8476710000000005e-03 8.5502127999999999e-01
5.6380447889283547e-01 -2.2788624802528204e+01 9.6928092778439356e-01 4.2998441428505082e+01 -2.9039068814020965e+01 -1.4455130222050117e+00 2.8365217943273078e+00 -3.8000164584534759e+00 9.5735140000000000e-03 8.6473257999999997e-01
5.7838589332801693e-01 -2.3875576211468104e+01 9.7142313056680285e-01 4.2879924991970874e+01 -2.8348233362476833e+01 -1.5449462051579763e+00 2.8467953435897053e+00 -3.7559738585175380e+00 9.2909130999999992e-03 8.7416548999999999e-01
5.9252407985569178e-01 -2.5066889802798759e+01 9.7350021730296543e-01 4.2758615086930831e+01 -2.7688735650864473e+01 -1.6520160346833623e+00 2.8562418750277527e+00 -3.7137129564689086e+00 9.0001030000000006e-03 8.8331166999999999e-01
6.0620654839288057e-01 -2.6374716688857667e+01 9.7551035303437106e-01 4.2635437223242455e+01 -2.7060074681578342e+01 -1.7675846845384793e+00 2.8649136651919815e+00 -3.6732257144727418e+00 8.7013270999999996e-03 8.9216304000000002e-01
6.1942116439114436e-01 -2.7813046850671906e+01 9.7745175503523918e-01 4.2511264862765138e+01 -2.6461752952519767e+01 -1.8926352588797788e+00 2.8728606682752966e+00 -3.6345036758683982e+00 8.3948374000000006e-03 9.0071175000000003e-01
6.3215622612670141e-01 -2.9398059990091891e+01 9.7932270416746059e-01 4.2386923076597348e+01 -2.5893276277772248e+01 -2.0282943610008877e+00 2.8801305558446821e+00 -3.5975379014735096e+00 8.0808944000000001e-03 9.0895022999999997e-01
6.4440040286833444e-01 -3.1148540994139385e+01 9.8112153579664407e-01 4.2263190516078005e+01 -2.5354158463115890e+01 -2.1758585924643796e+00 2.8867686829391488e+00 -3.5623192122961331e+00 7.7597663000000001e-03 9.1687114999999997e-01
6.5614279670948361e-01 -3.3086412520585228e+01 9.8284664887606943e-01 4.2140799589306738e+01 -2.4843922074594484e+01 -2.3368285633333481e+00 2.8928181905111137e+00 -3.5288382051179839e+00 7.4317293999999999e-03 9.2446746000000002e-01
6.6737295802627006e-01 -3.5237398581589950e+01 9.8449650821767631e-01 4.2020438323453057e+01 -2.4362099630503465e+01 -2.5129513582290954e+00 2.8983198644398391e+00 -3.4970853005071802e+00 7.0970672000000004e-03 9.3173240000000002e-01
6.7808085456144929e-01 -3.7631856184954714e+01 9.8606963995008667e-01 4.1902751342772554e+01 -2.3908237543034470e+01 -2.7062734239152313e+00 2.9033123740593521e+00 -3.4670509537055185e+00 6.7560703000000000e-03 9.3865947999999999e-01
6.8825694871452858e-01 -4.0305867137264805e+01 9.8756464287354706e-01 4.1788340861704057e+01 -2.3481894852211678e+01 -2.9192104323583852e+00 2.9078321532441005e+00 -3.4387255372815329e+00 6.4090362999999996e-03 9.4524253000000003e-01
6.9789210479362540e-01 -4.3302613871529786e+01 9.8898017483399858e-01 4.1677768871988263e+01 -2.3082649125312511e+01 -3.1546346744300080e+00 2.9119134694245163e+00 -3.4120997184065041e+00 6.0562691999999996e-03 9.5147563999999996e-01
7.0697774359570376e-01 -4.6674271315744470e+01 9.9031497543295943e-01 4.1571556762776382e+01 -2.2710091983027468e+01 -3.4159964978997950e+00 2.9155884429046575e+00 -3.3871641155646386e+00 5.6980790999999996e-03 9.5735325999999998e-01
7.1550568782633739e-01 -5.0484441522198026e+01 9.9156784331764258e-01 4.1470188355474384e+01 -2.2363837201480862e+01 -3.7074792589539358e+00 2.9188870442716413e+00 -3.3639098227472624e+00 5.3347821999999998e-03 9.6287009999999995e-01
7.2346831667994638e-01 -5.4811612578693499e+01 9.9273765889083809e-01 4.1374109287569311e+01 -2.2043515945238703e+01 -4.0342215680010973e+00 2.9218371715965779e+00 -3.3423280697100917e+00 4.9667000000000001e-03 9.6802122999999995e-01
7.3085845763363178e-01 -5.9753881335935127e+01 9.9382336841399543e-01 4.1283729611036357e+01 -2.1748782183623927e+01 -4.4026197451506413e+00 2.9244646267795047e+00 -3.3224105954331571e+00 4.5941591999999996e-03 9.7280200999999999e-01
7.3766951011136339e-01 -6.5435893151469287e+01 9.9482400217512967e-01 4.1199423335971176e+01 -2.1479311694100723e+01 -4.8207748661155874e+00 2.9267931824124966e+00 -3.3041493934482347e+00 4.2174915999999996e-03 9.7720817000000004e-01
7.4389532181979268e-01 -7.2018952363828177e+01 9.9573865632091496e-01 4.1121530882306715e+01 -2.1234802947120915e+01 -5.2991436158741116e+00 2.9288445561528507e+00 -3.2875371086910703e+00 3.8370333000000002e-03 9.8123572999999997e-01
7.4953031241244006e-01 -7.9716832198654188e+01 9.9656651102459137e-01 4.1050358899056882e+01 -2.1014978624421058e+01 -5.8515607923522062e+00 2.9306384780589956e+00 -3.2725667647228094e+00 3.4531249000000000e-03 9.8488107999999996e-01
7.5456942711562436e-01 -8.8821089168085678e+01 9.9730682367299917e-01 4.0986181435936530e+01 -2.0819585848683374e+01 -6.4968788787568093e+00 2.9321926852192277e+00 -3.2592319569310462e+00 3.0661112999999999e-03 9.8814095000000002e-01
7.5900810581241662e-01 -9.9744160581767403e+01 9.9795892432460298e-01 4.0929241413877733e+01 -2.0648398830156022e+01 -7.2617661050354139e+00 2.9335229362280528e+00 -3.2475269760679675e+00 2.6763420000000000e-03 9.9101238999999997e-01
7.6284237579077974e-01 -1.1309855754038421e+02 9.9852222933542145e-01 4.0879749615487064e+01 -2.0501215924658947e+01 -8.1858614860616932e+00 2.9346430519007929e+00 -3.2374466067372802e+00 2.2841723000000002e-03 9.9349282999999999e-01
7.6606882082752292e-01 -1.2985580082910917e+02 9.9899623681704997e-01 4.0837886878583056e+01 -2.0377861795116878e+01 -9.3321400237883800e+00 2.9355649184416031e+00 -3.2289862577118726e+00 1.8899688000000000e-03 9.9558005999999999e-01
7.6868456573027688e-01 -1.5171079868992194e+02 9.9938052436567293e-01 4.0803804097028340e+01 -2.0278188326897560e+01 -1.0810719306607547e+01 2.9362985050824615e+00 -3.2221420312200606e+00 1.4941295000000000e-03 9.9727222000000004e-01
7.7068749274982362e-01 -1.8210779436963469e+02 9.9967478085589956e-01 4.0777619755601449e+01 -2.0202067089573969e+01 -1.2845997155101122e+01 2.9368519141300258e+00 -3.2169101863192489e+00 1.0971916000000000e-03 9.9856794000000004e-01
7.7207682898498897e-01 -2.3043667395603936e+02 9.9987889273831687e-01 4.0759413122131122e+01 -2.0149367436599608e+01 -1.6051590111396472e+01 2.9372315695959523e+00 -3.2132856380185006e+00 7.0085733000000002e-04 9.9946672000000003e-01
