-2.9145309718499846e-01 -1.1810427100473862e+03 2.9145441846429848e-01 -1.1601866942235206e+03 -3.3529823011250477e+02 7.8650397715922097e+01 -7.7290913477163812e+01 -2.1863515132321073e+01 5.5301730000000003e-06 1.0230946000000001e-06
-2.9144207975133579e-01 -8.6430107076795412e+02 2.9146781057786714e-01 -8.4311950551618679e+02 -3.3523605462308581e+02 5.7994161413256180e+01 -5.6619548477450998e+01 -2.1860706900843322e+01 3.5894988000000002e-05 1.9923924999999999e-05
-2.9140751396116205e-01 -7.1735785522995764e+02 2.9150982662278030e-01 -6.9534550238610973e+02 -3.3504104646930136e+02 4.8405559495741556e+01 -4.6992089403425481e+01 -2.1851898543346916e+01 8.5619985000000003e-05 7.9222864999999994e-05
-2.9133908491537025e-01 -6.2098887866018242e+02 2.9159300475488437e-01 -5.9756921011953398e+02 -3.3465525967680077e+02 4.2109948941452558e+01 -4.0630274072456849e+01 -2.1834470290821102e+01 1.5173507999999999e-04 1.9661552000000001e-04
-2.9122776495238395e-01 -5.4947937645253035e+02 2.9172831844339125e-01 -5.2404920994077850e+02 -3.3402841875869086e+02 3.7430433195271227e+01 -3.5855650464059060e+01 -2.1806144885325420e+01 2.3255418000000001e-04 3.8758918999999998e-04
-2.9106534363221093e-01 -4.9287733580200666e+02 2.9192574779330471e-01 -4.6483178474766476e+02 -3.3311550183268741e+02 3.3718133037899605e+01 -3.2018940336322828e+01 -2.1764876140097037e+01 3.2689763000000001e-04 6.6622920000000002e-04
-2.9084421386772241e-01 -4.4626839010756856e+02 2.9219453951106045e-01 -4.1501736920484421e+02 -3.3187579321032575e+02 3.0652772434479921e+01 -2.8800235631965037e+01 -2.1708803662073695e+01 4.3385032000000002e-04 1.0455858000000000e-03
-2.9055725223336532e-01 -4.0685787184737677e+02 2.9254335239388191e-01 -3.7183798546939465e+02 -3.3027248357255331e+02 2.8052363102265360e+01 -2.6018469293436418e+01 -2.1636232089493795e+01 5.5265518999999999e-04 1.5378795000000000e-03
-2.9019774497672701e-01 -3.7290038066237145e+02 2.9298034726556277e-01 -3.3358393075351631e+02 -3.2827253694079616e+02 2.5803381838342631e+01 -2.3561460805072102e+01 -2.1545622704672525e+01 6.8265765000000004e-04 2.1546280000000000e-03
-2.8975933805754367e-01 -3.4322975684422937e+02 2.9351324770597109e-01 -2.9913175528809904e+02 -3.2584669589576339e+02 2.3830102980139777e+01 -2.1355157425960144e+01 -2.1435590609637924e+01 8.2327310000000005e-04 2.9067318999999999e-03
-2.8923600310590858e-01 -3.1702601962784939e+02 2.9414938143015351e-01 -2.6770972258511597e+02 -3.2296957254878754e+02 2.2079388182333727e+01 -1.9348357237716161e+01 -2.1304906506548225e+01 9.7396649000000004e-04 3.8045331000000002e-03
-2.8862201253212660e-01 -2.9368891129840324e+02 2.9489571054326252e-01 -2.3877028075703271e+02 -3.1961977883098251e+02 2.0512431754852301e+01 -1.7504403141752949e+01 -2.1152500242945290e+01 1.1342389000000000e-03 4.8578574999999999e-03
-2.8791192134000415e-01 -2.7276452219195335e+02 2.9575885364720134e-01 -2.1191551196042113e+02 -3.1578008087841738e+02 1.9099966303825166e+01 -1.5796346053632597e+01 -2.0977465605792624e+01 1.3036180000000001e-03 6.0760461999999999e-03
-2.8710055395314177e-01 -2.5390019751879126e+02 2.9674510185377012e-01 -1.8685146812233856e+02 -3.1143755547385581e+02 1.7819322731508294e+01 -1.4203968960174421e+01 -2.0779065664277784e+01 1.4816515000000000e-03 7.4679780999999997e-03
-2.8618299354772919e-01 -2.3681576420130514e+02 2.9786043175106386e-01 -1.6335846459836213e+02 -3.0658373242219807e+02 1.6652544265383884e+01 -1.2711869178334947e+01 -2.0556737812834250e+01 1.6679024999999999e-03 9.0420881999999994e-03
-2.8515457482449375e-01 -2.2128431293438143e+02 2.9911051418944612e-01 -1.4127123648570790e+02 -3.0121472103699563e+02 1.5585134206558445e+01 -1.1308176993174154e+01 -2.0310098651178080e+01 1.8619452999999999e-03 1.0806380000000001e-02
-2.8401087730526520e-01 -2.0711904214332696e+02 3.0050072242983183e-01 -1.2046511205957570e+02 -2.9533129966240091e+02 1.4605192873837007e+01 -9.9836681518098320e+00 -2.0038947604550117e+01 2.0633631000000000e-03 1.2768437000000001e-02
-2.8274772224356692e-01 -1.9416400015259961e+02 3.0203613589898270e-01 -1.0084614123238899e+02 -2.8893897940808074e+02 1.3702816282876618e+01 -8.7311338197600197e+00 -1.9743270291548487e+01 2.2717459999999998e-03 1.4935428000000001e-02
-2.8136116743673989e-01 -1.8228737740412674e+02 3.0372154649556915e-01 -8.2343777200468153e+01 -2.8204800881040194e+02 1.2869655409374639e+01 -7.5449186236667121e+00 -1.9423239236619963e+01 2.4866887000000002e-03 1.7314116000000001e-02
-2.7984750734252417e-01 -1.7137660641349132e+02 3.0556145844846133e-01 -6.4905403497072513e+01 -2.7467335255262003e+02 1.2098596534889996e+01 -6.4205780104369090e+00 -1.9079214740733043e+01 2.7077901999999999e-03 1.9910858000000000e-02
-2.7820326666707795e-01 -1.6133462998664069e+02 3.0756009611073820e-01 -4.8492027872712143e+01 -2.6683458514279295e+02 1.1383519387898536e+01 -5.3546122483030834e+00 -1.8711742199717705e+01 2.9346520999999999e-03 2.2731616000000000e-02
-2.7642520386242148e-01 -1.5207711989245448e+02 3.0972139970840995e-01 -3.3074992779184541e+01 -2.5855577477495808e+02 1.0719113611421269e+01 -4.3442650356911638e+00 -1.8321549592796345e+01 3.1668782999999998e-03 2.5781951000000001e-02
-2.7451030762899287e-01 -1.4353027316676443e+02 3.1204902959169567e-01 -1.8633244315203324e+01 -2.4986527710001835e+02 1.0100737038050029e+01 -3.3873598977073578e+00 -1.7909542057261444e+01 3.4040742000000001e-03 2.9067029000000001e-02
-2.7245579458401875e-01 -1.3562909522199780e+02 3.1454636906920863e-01 -5.1511348187173134e+00 -2.4079548431489167e+02 9.5243037967317417e+00 -2.4821693018943964e+00 -1.7476794443301500e+01 3.6458464000000000e-03 3.2591624999999999e-02
-2.7025911275895831e-01 -1.2831605148755031e+02 3.1721652015667839e-01 7.3833445391183457e+00 -2.3138253911542250e+02 8.9861973190237308e+00 -1.6273106912187698e+00 -1.7024543127217793e+01 3.8918026000000000e-03 3.6360116999999997e-02
-2.6791793693624444e-01 -1.2153995372900926e+02 3.2006230924532147e-01 1.8980096197908860e+01 -2.2166596706420248e+02 8.4831982924476996e+00 -8.2165739504687452e-01 -1.6554174766022648e+01 4.1415510999999999e-03 4.0376493999999999e-02
-2.6543017039800570e-01 -1.1525507637214386e+02 3.2308628497620206e-01 2.9648142889130739e+01 -2.1168828675473435e+02 8.0124279521278616e+00 -6.4267168540755759e-02 -1.6067214401190817e+01 4.3947007000000003e-03 4.4644352999999998e-02
-2.6279394492606634e-01 -1.0942042219479417e+02 3.2629071824023242e-01 3.9396663859258020e+01 -2.0149457157393155e+02 7.5713010760779857e+00 6.4567800560649691e-01 -1.5565311484569344e+01 4.6508610999999997e-03 4.9166899000000000e-02
-2.6000761847031695e-01 -1.0399910904965363e+02 3.2967760501235771e-01 4.8235854956874164e+01 -1.9113196565345109e+02 7.1574868427536584e+00 1.3089229421861139e+00 -1.5050224375235727e+01 4.9096423000000002e-03 5.3946949000000001e-02
-2.5706977806325115e-01 -9.8957867067742853e+01 3.3324866280882481e-01 5.6177612246369648e+01 -1.8064919277130431e+02 6.7688770161565079e+00 1.9261800837610976e+00 -1.4523804438054643e+01 5.1706551000000002e-03 5.8986927000000001e-02
-2.5397923457379923e-01 -9.4266599880668750e+01 3.3700533706409885e-01 6.3236098758660546e+01 -1.7009600901348159e+02 6.4035581065760292e+00 2.4981655420397528e+00 -1.3987977631686555e+01 5.4335110000000002e-03 6.4288872999999996e-02
-2.5073502795349456e-01 -8.9898028802767556e+01 3.4094879475394652e-01 6.9428150228802508e+01 -1.5952267958402305e+02 6.0597891652881124e+00 3.0256262903807238e+00 -1.3444727267034761e+01 5.6978226000000002e-03 6.9854434000000007e-02
-2.4733642140739998e-01 -8.5827371699981001e+01 3.4507993148089922e-01 7.4773592156311082e+01 -1.4897941743631557e+02 5.7359815552254734e+00 3.5093640378364812e+00 -1.2896074084053918e+01 5.9632034000000004e-03 7.5684873999999999e-02
-2.4378290430864424e-01 -8.2032078656223817e+01 3.4939936793152138e-01 7.9295425554963870e+01 -1.3851584353877061e+02 5.4306826063739697e+00 3.9502523411955344e+00 -1.2344057968916223e+01 6.2292681999999997e-03 8.1781068999999998e-02
-2.4007418986679299e-01 -7.8491596072433353e+01 3.5390745271059570e-01 8.3019923438792205e+01 -1.2818045748803365e+02 5.1425609053703916e+00 4.3492505098418466e+00 -1.1790718731276820e+01 6.4956331999999999e-03 8.8143510999999994e-02
-2.3621021512784834e-01 -7.5187164180825960e+01 3.5860426234112341e-01 8.5976628489141476e+01 -1.1802011926360106e+02 4.8703939893664927e+00 4.7074124069505325e+00 -1.1238076905589633e+01 6.7619166000000000e-03 9.4772308000000000e-02
-2.3219113747680487e-01 -7.2101636294797402e+01 3.6348960551560167e-01 8.8198273368612774e+01 -1.0807955272729848e+02 4.6130569520635332e+00 5.0258922525654839e+00 -1.0688114988669131e+01 7.0277381999999996e-03 1.0166719000000000e-01
-2.2801733405474200e-01 -6.9219323643258519e+01 3.6856302380457023e-01 8.9720616146538575e+01 -9.8400900059609569e+01 4.3695131092494375e+00 5.3059469855588652e+00 -1.0142760710341328e+01 7.2927204000000001e-03 1.0882751000000000e-01
-2.2368940991952757e-01 -6.6525862048870763e+01 3.7382378173696301e-01 9.0582209351771979e+01 -8.9023329603430327e+01 4.1388059875364176e+00 5.5489344362012050e+00 -9.6038707370987062e+00 7.5564877000000004e-03 1.1625223000000000e-01
-2.1920818114150353e-01 -6.4008078734515010e+01 3.7927088734795100e-01 9.0824120963057865e+01 -7.9982641973591043e+01 3.9200509371387664e+00 5.7563110847099841e+00 -9.0732137849080505e+00 7.8186677999999999e-03 1.2393994999999999e-01
-2.1457467363767119e-01 -6.1653885327871073e+01 3.8490309359603481e-01 9.0489589746224340e+01 -7.1310963843723513e+01 3.7124286657351870e+00 5.9296258903039867e+00 -8.5524566269900699e+00 8.0788911000000008e-03 1.3188891000000000e-01
-2.0979014065891283e-01 -5.9452190155145622e+01 3.9071887710665565e-01 8.9623651243416248e+01 -6.3036522019165361e+01 3.5151801771624847e+00 6.0705111062692501e+00 -8.0431541245593170e+00 8.3367917000000003e-03 1.4009695999999999e-01
-2.0485603947369624e-01 -5.7392799724071182e+01 3.9671646651404735e-01 8.8272727711235873e+01 -5.5183425451161789e+01 3.3276004641932202e+00 6.1806739723218573e+00 -7.5467356593115724e+00 8.5920070000000005e-03 1.4856159999999999e-01
-1.9977404302622237e-01 -5.5466346953194197e+01 4.0289382829031040e-01 8.6484202268038842e+01 -4.7771545069270687e+01 3.1490343493827928e+00 6.2618849656818734e+00 -7.0644980604669705e+00 8.8441787999999997e-03 1.5727996000000000e-01
-1.9454602827827777e-01 -5.3664217083764861e+01 4.0924868091633815e-01 8.4305974551660043e+01 -4.0816430196529744e+01 2.9788718411499358e+00 6.3159655006120259e+00 -6.5975974721992836e+00 9.0929527999999999e-03 1.6624881999999999e-01
-1.8917407620923440e-01 -5.1978486022318734e+01 4.1577849488181640e-01 8.1786014311268644e+01 -3.4329302334225623e+01 2.8165443521758027e+00 6.3447753789491399e+00 -6.1470445098811322e+00 9.3379794999999995e-03 1.7546460999999999e-01
-1.8366046598697583e-01 -5.0401861537675551e+01 4.2248049977068713e-01 7.8971922162121032e+01 -2.8317103524590454e+01 2.6615211314826261e+00 6.3501987895862628e+00 -5.7137009722354968e+00 9.5789143999999993e-03 1.8492342000000001e-01
-1.7800769245511894e-01 -4.8927637973061572e+01 4.2935166300475869e-01 7.5910517689252046e+01 -2.2782618633143855e+01 2.5133066298860527e+00 6.3341308952772959e+00 -5.2982799956200353e+00 9.8154178999999998e-03 1.9462097000000000e-01
-1.7221843698764436e-01 -4.7549641935397702e+01 4.3638872527102140e-01 7.2647416570080338e+01 -1.7724601866208566e+01 2.3714368364747780e+00 6.2984639740044335e+00 -4.9013444643992132e+00 1.0047156000000000e-02 2.0455266000000000e-01
-1.6629556165982284e-01 -4.6262190117321673e+01 4.4358820760711065e-01 6.9226651963536341e+01 -1.3137986997442111e+01 2.2354766512472457e+00 6.2450738594779933e+00 -4.5233092696203929e+00 1.0273801000000001e-02 2.1471357999999999e-01
-1.6024213839358442e-01 -4.5060058731248091e+01 4.5094637597399145e-01 6.5690356353459549e+01 -9.0141575700612577e+00 2.1050182082700308e+00 6.1758076792476642e+00 -4.1644475062897675e+00 1.0495031000000000e-02 2.2509846000000000e-01
-1.5406141398307535e-01 -4.3938441572526898e+01 4.5845928376873690e-01 6.2078432441775711e+01 -5.3412025686232196e+00 1.9796779269912133e+00 6.0924709102457220e+00 -3.8248934701588597e+00 1.0710529999999999e-02 2.3570173000000000e-01
-1.4775681592373177e-01 -4.2892921086147837e+01 4.6612276473906511e-01 5.8428277520896209e+01 -2.1042383552991222e+00 1.8590946842539517e+00 5.9968169057737972e+00 -3.5046505783136075e+00 1.0919989999999999e-02 2.4651751000000000e-01
-1.4133195824135378e-01 -4.1919441352618286e+01 4.7393242589787610e-01 5.4774608517361578e+01 7.1425126449111120e-01 1.7429281100804379e+00 5.8905361169159942e+00 -3.2035980289138082e+00 1.1123108000000000e-02 2.5753959999999998e-01
-1.3479062400488367e-01 -4.1014280104882033e+01 4.8188366877964106e-01 5.1149234660280250e+01 3.1340718695629306e+00 1.6308565929381640e+00 5.7752465346201936e+00 -2.9215012928808246e+00 1.1319591000000000e-02 2.6876150999999998e-01
-1.2813675949733225e-01 -4.0174025397865748e+01 4.8997169652586536e-01 4.7580958185726900e+01 5.1769556323283750e+00 1.5225756320848138e+00 5.6524869698948770e+00 -2.6580202414801173e+00 1.1509152000000000e-02 2.8017647000000001e-01
-1.2137448004485243e-01 -3.9395556136685599e+01 4.9819150679962543e-01 4.4095480478117473e+01 6.8661834552113117e+00 1.4177965291725954e+00 5.5237094164527596e+00 -2.4127201238053364e+00 1.1691511000000000e-02 2.9177742000000001e-01
-1.1450807584581338e-01 -3.8676023822750516e+01 5.0653788470010597e-01 4.0715372679240900e+01 8.2262361335338738e+00 1.3162451150080934e+00 5.3902746079305777e+00 -2.1850823425392578e+00 1.1866398000000000e-02 3.0355700000000002e-01
-1.0754196533820942e-01 -3.8012830817854081e+01 5.1500545944630394e-01 3.7460061289374529e+01 9.2824380462543363e+00 1.2176598148284523e+00 5.2534467505570293e+00 -1.9745142386343808e+00 1.2033550000000000e-02 3.1550762999999998e-01
-1.0048073600317700e-01 -3.7403620085184997e+01 5.2358865477878769e-01 3.4345891981657161e+01 1.0060608359835193e+01 1.1217910979898349e+00 5.1143920202926081e+00 -1.7803608942792384e+00 1.2192715000000000e-02 3.2762143999999999e-01
-9.3329115219625586e-02 -3.6846258751082573e+01 5.3228172438701205e-01 3.1386199767001820e+01 1.0586742015494085e+01 1.0283999640823962e+00 4.9741766538986241e+00 -1.6019166137336611e+00 1.2343646000000000e-02 3.3989032000000002e-01
-8.6091976093311512e-02 -3.6338826794162699e+01 5.4107874482385498e-01 2.8591424473031360e+01 1.0886709730115440e+01 9.3725698956904946e-01 4.8337665225148196e+00 -1.4384339622397375e+00 1.2486109000000000e-02 3.5230591000000000e-01
-7.8774314140542201e-02 -3.5879604888029306e+01 5.4997364384747027e-01 2.5969251002179135e+01 1.0985976565456985e+01 8.4814106136191403e-01 4.6940278485411939e+00 -1.2891346709129590e+00 1.2619877000000000e-02 3.6485963999999999e-01
-7.1381264775398079e-02 -3.5467066617724235e+01 5.5896017916489826e-01 2.3524780979790602e+01 1.0909358488469614e+01 7.6083885079294578e-01 4.5557293768985794e+00 -1.1532197337043568e+00 1.2744734000000001e-02 3.7754270000000001e-01
-6.3918085822510934e-02 -3.5099869132927353e+01 5.6803195968845466e-01 2.1260711607949830e+01 1.0680794591749338e+01 6.7514277914017851e-01 4.4195447558958012e+00 -1.0298782456136963e+00 1.2860473000000001e-02 3.9034606999999999e-01
-5.6390145858915969e-02 -3.4776845968738215e+01 5.7718245970665727e-01 1.9177543028239011e+01 1.0323169492045212e+01 5.9085188714031034e-01 4.2860561879732630e+00 -9.1829541473499732e-01 1.2966896000000000e-02 4.0326054000000000e-01
-4.8802935872199804e-02 -3.4497002049977709e+01 5.8640500471329915e-01 1.7273791711419790e+01 9.8581434595002744e+00 5.0776927772850411e-01 4.1557586720704274e+00 -8.1766109806749998e-01 1.3063819000000001e-02 4.1627669000000000e-01
-4.1162034286057081e-02 -3.4259507529777288e+01 5.9569281392022777e-01 1.5546204340791629e+01 9.3060296552675119e+00 4.2570185045230291e-01 4.0290643464847467e+00 -7.2717614213876292e-01 1.3151064000000001e-02 4.2938494999999999e-01
-3.3473141934733608e-02 -3.4063695726367975e+01 6.0503895774456606e-01 1.3989989797578065e+01 8.6856977967495901e+00 3.4445969802770549e-01 3.9063084137165731e+00 -6.4605899525199184e-01 1.3228465999999999e-02 4.4257553999999999e-01
-2.5742035430435795e-02 -3.3909059091541081e+01 6.1443641449241704e-01 1.2599031261062493e+01 8.0145005243523446e+00 2.6385487123483631e-01 3.7877540274813835e+00 -5.7355073425639902e-01 1.3295871000000001e-02 4.5583855000000001e-01
-1.7974590479625574e-02 -3.3795248539365396e+01 6.2387804201701202e-01 1.1366109814712674e+01 7.3082376253670498e+00 1.8370055527562590e-01 3.6735983832461314e+00 -5.0891975257458422e-01 1.3353135000000000e-02 4.6916390000000002e-01
-1.0176752737651507e-02 -3.3722072384273758e+01 6.3335661314602498e-01 1.0283111005212927e+01 6.5811302384540387e+00 1.0381054380740085e-01 3.5639784370630734e+00 -4.5146538988101492e-01 1.3400123999999999e-02 4.8254139000000001e-01
-2.3545494668963385e-03 -3.3689497456086968e+01 6.4286480151064729e-01 9.3412245082336227e+00 5.8458395969316221e+00 2.3997987140285337e-02 3.4589769778241282e+00 -4.0052129481497817e-01 1.3436718000000000e-02 4.9596067999999999e-01
5.4859337795186702e-03 -3.3697650647845158e+01 6.5239520988743993e-01 8.5311364955464182e+00 5.1134809150220644e+00 -5.5925388775247997e-02 3.3586284102516051e+00 -3.5545696954661238e-01 1.3462807000000000e-02 5.0941133000000005e-01
1.3338529841437685e-02 -3.3746821823805853e+01 6.6194034185648043e-01 7.8432006623532500e+00 4.3936800829833773e+00 -1.3614994801087899e-01 3.2629248728611029e+00 -3.1568036184922144e-01 1.3478291000000000e-02 5.2288276000000000e-01
2.1197042413335920e-02 -3.3837468040942255e+01 6.7149266557053133e-01 7.2675945780795459e+00 3.6946250272296841e+00 -2.1686955872892311e-01 3.1718210527154520e+00 -2.8063791929510085e-01 1.3483083000000000e-02 5.3636434000000000e-01
2.9055216898949576e-02 -3.3970219115793782e+01 6.8104457832772436e-01 6.7944701825396843e+00 3.0231428559677953e+00 -2.9828222359032419e-01 3.0852405581166162e+00 -2.4981585059810482e-01 1.3477108000000000e-02 5.4984533999999996e-01
3.6906752069424120e-02 -3.4145884252323782e+01 6.9058842074248705e-01 6.4140781346689772e+00 2.3847869010581118e+00 -3.8059117461769354e-01 3.0030788041414787e+00 -2.2273921681411368e-01 1.3460300999999999e-02 5.6331494999999998e-01
4.4745317550535457e-02 -3.4365460532134321e+01 7.0011649800193143e-01 6.1168773412971404e+00 1.7839209238732316e+00 -4.6400607906024272e-01 2.9252117203448753e+00 -1.9897197364475838e-01 1.3432611000000001e-02 5.7676231000000000e-01
5.2564565480838044e-02 -3.4630143273566617e+01 7.0962109403678020e-01 5.8936313618420888e+00 1.2238164774856923e+00 -5.4874429347151743e-01 2.8514957884361491e+00 -1.7811569416854359e-01 1.3393997000000000e-02 5.9017653000000003e-01
6.0358113024442994e-02 -3.4941337036004334e+01 7.1909445026497765e-01 5.7354881236523401e+00 7.0675840639108234e-01 -6.3503184633016763e-01 2.7817747717576204e+00 -1.5980857534367118e-01 1.3344429999999999e-02 6.0354666000000001e-01
6.8119565687313699e-02 -3.5300669754922495e+01 7.2852879393354231e-01 5.6340405014135717e+00 2.3414116292765358e-01 -7.2310517537985941e-01 2.7158822242334733e+00 -1.4372382741243764e-01 1.3283893999999999e-02 6.1686173000000000e-01
7.5842540633561384e-02 -3.5710009485885671e+01 7.3791636646041847e-01 5.5813777882508546e+00 -1.9342798816108853e-01 -8.1321206417774938e-01 2.6536450381426189e+00 -1.2956780116985961e-01 1.3212384000000001e-02 6.3011079000000003e-01
8.3520631711001658e-02 -3.6171480953949995e+01 7.4724938092169835e-01 5.5701226906098871e+00 -5.7602983572482946e-01 -9.0561368359884042e-01 2.5948864393403426e+00 -1.1707842861622310e-01 1.3129907000000000e-02 6.4328284999999996e-01
9.1147450254671913e-02 -3.6687487981097185e+01 7.5652007164986323e-01 5.5934537069325305e+00 -9.1434105389242837e-01 -1.0005867774196784e+00 2.5394283528043586e+00 -1.0602278605229580e-01 1.3036481000000001e-02 6.5636695000000000e-01
9.8716630915904824e-02 -3.7260737966437176e+01 7.6572070131924685e-01 5.6451183196754000e+00 -1.2095365865125949e+00 -1.0984246601946663e+00 2.4870934725672416e+00 -9.6195455056734186e-02 1.2932137999999999e-02 6.6935217000000002e-01
1.0622181417510701e-01 -3.7894267720850308e+01 7.7484353968964581e-01 5.7194367001893260e+00 -1.4632101349990692e+00 -1.1994398154617427e+00 2.4377074494315325e+00 -8.7416177291685243e-02 1.2816919000000000e-02 6.8222760000000005e-01
1.1365668131620227e-01 -3.8591477044501282e+01 7.8388090611909811e-01 5.8112956177333226e+00 -1.6772903622350372e+00 -1.3039664571561478e+00 2.3911000054454465e+00 -7.9527826684200220e-02 1.2690879000000000e-02 6.9498240000000000e-01
1.2101494276848374e-01 -3.9356163344357697e+01 7.9282515539295728e-01 5.9161349888014847e+00 -1.8539671533333562e+00 -1.4123629417407433e+00 2.3471065512721436e+00 -7.2394248504687661e-02 1.2554085000000000e-02 7.0760577999999996e-01
1.2829034393568767e-01 -4.0192562434579564e+01 8.0166868480935527e-01 6.0299322466350782e+00 -1.9956241851601477e+00 -1.5250147289598155e+00 2.3055689469558187e+00 -6.5898500396153636e-02 1.2406611999999999e-02 7.2008700999999997e-01
1.3547669434136295e-01 -4.1105398002332691e+01 8.1040396960651773e-01 6.1491745582960506e+00 -2.1047796746559335e+00 -1.6423380442089899e+00 2.2663362721286902e+00 -5.9940646953165928e-02 1.2248551000000000e-02 7.3241546999999996e-01
1.4256785014164958e-01 -4.2099933025413442e+01 8.1902354170637448e-01 6.2708347235688340e+00 -2.1840310808847518e+00 -1.7647832919768223e+00 2.2292654774821452e+00 -5.4435958724853295e-02 1.2080001999999999e-02 7.4458062000000003e-01
1.4955772578342602e-01 -4.3182031790572971e+01 8.2752000388548619e-01 6.3923371724985971e+00 -2.2360086584574415e+00 -1.8928393597963269e+00 2.1942216050082122e+00 -4.9313374772916647e-02 1.1901076999999999e-02 7.5657202000000001e-01
1.5644030566245731e-01 -4.4358231288356734e+01 8.3588604394597055e-01 6.5115274646123957e+00 -2.2633343409564648e+00 -2.0270385048270372e+00 2.1610780796533824e+00 -4.4513689351101483e-02 1.1711898000000000e-02 7.6837935000000002e-01
1.6320966161061662e-01 -4.5635825184633504e+01 8.4411445597189094e-01 6.6266391211489717e+00 -2.2685889743979573e+00 -2.1679621121781745e+00 2.1297166507417269e+00 -3.9988100908612045e-02 1.1512599000000000e-02 7.7999244000000001e-01
1.6985992375051573e-01 -4.7022951358621349e+01 8.5219810490194137e-01 6.7362575402073972e+00 -2.2542806893533078e+00 -2.3162462202041292e+00 2.1000275650119389e+00 -3.5696800264776028e-02 1.1303326000000001e-02 7.9140122000000002e-01
1.7638533878624385e-01 -4.8528711044453800e+01 8.6012999738407725e-01 6.8392863832147617e+00 -2.2228263351811588e+00 -2.4725898408153286e+00 2.0719089162191007e+00 -3.1607862532191965e-02 1.1084235000000000e-02 8.0259581999999996e-01
1.8278021754170282e-01 -5.0163282758394153e+01 8.6790321800634773e-01 6.9349131604199128e+00 -2.1765183437026780e+00 -2.6377619208509442e+00 2.0452670417123184e+00 -2.7695827675213055e-02 1.0855490000000001e-02 8.1356647999999998e-01
1.8903898742227193e-01 -5.1938078970992670e+01 8.7551099306606317e-01 7.0225787364029948e+00 -2.1175392244252107e+00 -2.8126119840543593e+00 2.0200157033683661e+00 -2.3940946129149990e-02 1.0617270000000000e-02 8.2430364000000000e-01
1.9515618075666002e-01 -5.3865914883360766e+01 8.8294667639886915e-01 7.1019442180995451e+00 -2.0479254284024311e+00 -2.9980809025529060e+00 1.9960759361790696e+00 -2.0328154887172940e-02 1.0369760000000000e-02 8.3479791999999997e-01
2.0112644062597962e-01 -5.5961209580352111e+01 8.9020375646420935e-01 7.1728612115002717e+00 -1.9695690088936499e+00 -3.1952138910037995e+00 1.9733756676797150e+00 -1.6846168311235508e-02 1.0113159000000000e-02 8.4504013000000000e-01
2.0694452669282060e-01 -5.8240222261863494e+01 8.9727586343078891e-01 7.2353466118378336e+00 -1.8842191335916951e+00 -3.4051757377029785e+00 1.9518492900809568e+00 -1.3486884424315759e-02 9.8476710000000005e-03 8.5502127999999999e-01
2.1260531520125020e-01 -6.0721331322158129e+01 9.0415676917657395e-01 7.2895544348694923e+00 -1.7934766191158713e+00 -3.6292685291210756e+00 1.9314372178090617e+00 -1.0244784152278242e-02 9.5735140000000000e-03 8.6473257999999997e-01
2.1810382812218271e-01 -6.3425377841181827e+01 9.1084042271610777e-01 7.3357531915583785e+00 -1.6987982491933564e+00 -3.8689539416950192e+00 1.9120854474595126e+00 -7.1163495444949900e-03 9.2909130999999992e-03 8.7416548999999999e-01
2.2343520400800948e-01 -6.6376049607885889e+01 9.1732091477319444e-01 7.3743033340580340e+00 -1.6014997578211372e+00 -4.1258773029671909e+00 1.8937453546496845e+00 -4.0996927645321982e-03 9.0001030000000006e-03 8.8331166999999999e-01
2.2859473296704264e-01 -6.9600375403099562e+01 9.2359252029367789e-01 7.4056394317684484e+00 -1.5027586231530741e+00 -4.4018993878434163e+00 1.8763726954927935e+00 -1.1940457698295757e-03 8.7013270999999996e-03 8.9216304000000002e-01
2.3357783917629354e-01 -7.3129294170136333e+01 9.2964967718905256e-01 7.4302528939560366e+00 -1.4036238252564321e+00 -4.6991323037842454e+00 1.8599280100430435e+00 1.6005447758792183e-03 8.3948374000000006e-03 9.0071175000000003e-01
2.3838011002684151e-01 -7.6998380884645584e+01 9.3548702176377829e-01 7.4486749316550558e+00 -1.3050203117485986e+00 -5.0199859153912403e+00 1.8443756875691588e+00 4.2833456062938381e-03 8.0808944000000001e-03 9.0895022999999997e-01
2.4299727280753930e-01 -8.1248699266496743e+01 9.4109936037342945e-01 7.4614638541495903e+00 -1.2077609711310422e+00 -5.3672215723237393e+00 1.8296836547165929e+00 6.8532590113190841e-03 7.7597663000000001e-03 9.1687114999999997e-01
2.4742521802130785e-01 -8.5927897757593826e+01 9.4648169776654534e-01 7.4691935442937236e+00 -1.1125502695145000e+00 -5.7440217352844805e+00 1.8158235587543745e+00 9.3089858696514104e-03 7.4317293999999999e-03 9.2446746000000002e-01
2.5166000521421000e-01 -9.1091571487102954e+01 9.5162924417009420e-01 7.4724448581053817e+00 -1.0199941326418629e+00 -6.1540767189432319e+00 1.8027696371774562e+00 1.1649112724638946e-02 7.0970672000000004e-03 9.3173240000000002e-01
2.5569785131730355e-01 -9.6804963894747232e+01 9.5653740111854746e-01 7.4717907686185940e+00 -9.3061100782228501e-01 -6.6016922794755457e+00 1.7904990087060524e+00 1.3872255230124890e-02 6.7560703000000000e-03 9.3865947999999999e-01
2.5953515979201019e-01 -1.0314520703633646e+02 9.6120179688119411e-01 7.4677991871155278e+00 -8.4483763129214351e-01 -7.0919325752963900e+00 1.7789911170563089e+00 1.5977111658130202e-02 6.4090362999999996e-03 9.4524253000000003e-01
2.6316848565567180e-01 -1.1020413030959061e+02 9.6561824394936324e-01 7.4610191328750659e+00 -7.6303825301051387e-01 -7.6307980481745599e+00 1.7682278779555518e+00 1.7962506372271987e-02 6.0562691999999996e-03 9.5147563999999996e-01
2.6659459377229028e-01 -1.1809214711769216e+02 9.6978280989105414e-01 7.4519788194457224e+00 -6.8551450579369111e-01 -8.2254744345986044e+00 1.7581929263915288e+00 1.9827429236055006e-02 5.6980790999999996e-03 9.5735325999999998e-01
2.6981040056178757e-01 -1.2694322733031647e+02 9.7369174649630530e-01 7.4411814380407391e+00 -6.1251042118438659e-01 -8.8846487300913175e+00 1.7488718490319375e+00 2.1571059605468755e-02 5.3347821999999998e-03 9.6287009999999995e-01
2.7281303229074533e-01 -1.3692200559802174e+02 9.7734156063182653e-01 7.4291019487921544e+00 -5.4422123446161796e-01 -9.6189652999243513e+00 1.7402517565324436e+00 2.3192742454916610e-02 4.9667000000000001e-03 9.6802122999999995e-01
2.7559978426888726e-01 -1.4823346555707388e+02 9.8072896464275550e-01 7.4161843918659800e+00 -4.8079950823509360e-01 -1.0441645341505495e+01 1.7323213124756889e+00 2.4692006411585105e-02 4.5941591999999996e-03 9.7280200999999999e-01
2.7816816748167067e-01 -1.6113722603802614e+02 9.8385093303636384e-01 7.4028417394499142e+00 -4.2236217213666999e-01 -1.1369405976957200e+01 1.7250704002022079e+00 2.6068547502970864e-02 4.2174915999999996e-03 9.7720817000000004e-01
2.8051586195769446e-01 -1.7596835264358538e+02 9.8670464579835193e-01 7.3894555849393901e+00 -3.6899633116123481e-01 -1.2423797930531432e+01 1.7184901852502199e+00 2.7322188561719477e-02 3.8370333000000002e-03 9.8123572999999997e-01
2.8264076340129157e-01 -1.9317000965816118e+02 9.8928754507655348e-01 7.3763694222901588e+00 -3.2076413837722179e-01 -1.3633313557293967e+01 1.7125728730921765e+00 2.8452874626521966e-02 3.4531249000000000e-03 9.8488107999999996e-01
2.8454096570530590e-01 -2.1334581219715207e+02 9.9159731392454620e-01 7.3638953807614911e+00 -2.7770805902916312e-01 -1.5036767789353403e+01 1.7073117215462466e+00 2.9460673899395454e-02 3.0661112999999999e-03 9.8814095000000002e-01
2.8621474929294560e-01 -2.3734913562442358e+02 9.9363186213072630e-01 7.3523091155945988e+00 -2.3985505202016671e-01 -1.6689081734114808e+01 1.7027007534138190e+00 3.0345688759971786e-02 2.6763420000000000e-03 9.9101238999999997e-01
2.8766061609222576e-01 -2.6644758157137278e+02 9.9538936873108641e-01 7.3418546756121081e+00 -2.0722022024809317e-01 -1.8671951753460380e+01 1.6987350790770466e+00 3.1108105454078352e-02 2.2841723000000002e-03 9.9349282999999999e-01
2.8887727787782086e-01 -3.0265360905609936e+02 9.9686826783828875e-01 7.3327393687995910e+00 -1.7980984970925887e-01 -2.1115322222359598e+01 1.6954103697606002e+00 3.1748120243467237e-02 1.8899688000000000e-03 9.9558005999999999e-01
2.8986365044199086e-01 -3.4948374781346496e+02 9.9806724155620374e-01 7.3251376761895157e+00 -1.5762501898016418e-01 -2.4246766300950959e+01 1.6927231453773526e+00 3.2265935719709093e-02 1.4941295000000000e-03 9.9727222000000004e-01
2.9061893520161547e-01 -4.1409926197706255e+02 9.9898531917639155e-01 7.3191894629287502e+00 -1.4066166630767854e-01 -2.8530872596090578e+01 1.6906703996983805e+00 3.2661785549981011e-02 1.0971916000000000e-03 9.9856794000000004e-01
2.9114284070300117e-01 -5.1607131816472929e+02 9.9962214642569869e-01 7.3149988732624012e+00 -1.2890779924354312e-01 -3.5240469621590833e+01 1.6892489939190158e+00 3.2936033179799290e-02 7.0085733000000002e-04 9.9946672000000003e-01
