-2.5186557902694001e-01 -9.5460892984889813e+02 2.5186685980438112e-01 -9.2223262719075296e+02 -2.5705421631788391e+02 6.2098780531800180e+01 -6.0010362517096247e+01 -1.6583003527151355e+01 5.5301730000000003e-06 1.0230946000000001e-06
-2.5185605807027278e-01 -7.1173690359773889e+02 2.5188100015644749e-01 -6.7919289934034441e+02 -2.5702101505884866e+02 4.6429437461438653e+01 -4.4333324876420711e+01 -1.6581511269893070e+01 3.5894988000000002e-05 1.9923924999999999e-05
-2.5182618728543393e-01 -5.9897183718136739e+02 2.5192536370402807e-01 -5.6599512438113675e+02 -2.5691687220647395e+02 3.9151474361507489e+01 -3.7035419793339756e+01 -1.6576830281307465e+01 8.5619985000000003e-05 7.9222864999999994e-05
-2.5176705282638345e-01 -5.2490407419494784e+02 2.5201318912950282e-01 -4.9118713718158409e+02 -2.5671080088999486e+02 3.4367601549649443e+01 -3.2217299090130133e+01 -1.6567566921751961e+01 1.5173507999999999e-04 1.9661552000000001e-04
-2.5167085324159399e-01 -4.6981812379271844e+02 2.5215606300710808e-01 -4.3503380407024821e+02 -2.5637584261530395e+02 3.0805803472851935e+01 -2.8605933215608136e+01 -1.6552507206560975e+01 2.3255418000000001e-04 3.8758918999999998e-04
-2.5153049329947358e-01 -4.2608595218947767e+02 2.5236452304604789e-01 -3.8990033757574719e+02 -2.5588773763350812e+02 2.7973938077831047e+01 -2.5708755821338691e+01 -1.6530556275794677e+01 3.2689763000000001e-04 6.6622920000000002e-04
-2.5133939916902542e-01 -3.8994342593373705e+02 2.5264833258082381e-01 -3.5202446328434462e+02 -2.5522437632773540e+02 2.5629187956241427e+01 -2.3282918964198522e+01 -1.6500712771280615e+01 4.3385032000000002e-04 1.0455858000000000e-03
-2.5109141498599924e-01 -3.5925260208947930e+02 2.5301663418931070e-01 -3.1927637011764506e+02 -2.5436554072814474e+02 2.3633682668911270e+01 -2.1190808917510356e+01 -1.6462056344631865e+01 5.5265518999999999e-04 1.5378795000000000e-03
-2.5078073891416425e-01 -3.3268064303839600e+02 2.5347804465339319e-01 -2.9033618112243698e+02 -2.5329278807019787e+02 2.1901517642100881e+01 -1.9346998881892581e+01 -1.6413741407328189e+01 6.8265765000000004e-04 2.1546280000000000e-03
-2.5040187997042329e-01 -3.0933918174366045e+02 2.5404071908152276e-01 -2.6433232975232119e+02 -2.5198940831465126e+02 2.0375480429910876e+01 -1.7694930133879339e+01 -1.6354994254185662e+01 8.2327310000000005e-04 2.9067318999999999e-03
-2.4994962860685330e-01 -2.8860543271430112e+02 2.5471239459973777e-01 -2.4066194675949427e+02 -2.5044042983485045e+02 1.9015504498896313e+01 -1.6195333260520503e+01 -1.6285112404078088e+01 9.7396649000000004e-04 3.8045331000000002e-03
-2.4941903520134037e-01 -2.7002510032322351e+02 2.5550042229698128e-01 -2.1889321049008674e+02 -2.4863265013233305e+02 1.7792401136088252e+01 -1.4819934955093425e+01 -1.6203464958200374e+01 1.1342389000000000e-03 4.8578574999999999e-03
-2.4880539434113594e-01 -2.5325597968909346e+02 2.5641179056687907e-01 -1.9870849169395800e+02 -2.4655468274827857e+02 1.6684217665062320e+01 -1.3547795987681083e+01 -1.6109493925006404e+01 1.3036180000000001e-03 6.0760461999999999e-03
-2.4810423343850893e-01 -2.3803337044091836e+02 2.5745314201556557e-01 -1.7986938133568100e+02 -2.4419701279479696e+02 1.5674003499802039e+01 -1.2363060522691102e+01 -1.6002715917089706e+01 1.4816515000000000e-03 7.4679780999999997e-03
-2.4731130351244696e-01 -2.2414788481276216e+02 2.5863078715253457e-01 -1.6219415916782424e+02 -2.4155205214777686e+02 1.4748376559531255e+01 -1.1253507798531617e+01 -1.5882723978451052e+01 1.6679024999999999e-03 9.0420881999999994e-03
-2.4642257294237710e-01 -2.1143071282015438e+02 2.5995071366749967e-01 -1.4554274690686461e+02 -2.3861419490564188e+02 1.3896570808947278e+01 -1.0209586581500988e+01 -1.5749189537712986e+01 1.8619452999999999e-03 1.0806380000000001e-02
-2.4543422167524570e-01 -1.9974349108932267e+02 2.6141859503393394e-01 -1.2980629343763070e+02 -2.3537986249134929e+02 1.3109781468684949e+01 -9.2237485216932971e+00 -1.5601864038484900e+01 2.0633631000000000e-03 1.2768437000000001e-02
-2.4434263855573776e-01 -1.8897119257900857e+02 2.6303979447417997e-01 -1.1489979727485712e+02 -2.3184754626309675e+02 1.2380705298760615e+01 -8.2899774755289304e+00 -1.5440580663722182e+01 2.2717459999999998e-03 1.4935428000000001e-02
-2.4314441684306057e-01 -1.7901697057522293e+02 2.6481937161784141e-01 -1.0075668607312016e+02 -2.2801783011184369e+02 1.1703207069014999e+01 -7.4034452712048440e+00 -1.5265255247746085e+01 2.4866887000000002e-03 1.7314116000000001e-02
-2.4183635431169001e-01 -1.6979839978491836e+02 2.6676208235215609e-01 -8.7324818392643550e+01 -2.2389341001347501e+02 1.1072076519099113e+01 -6.5602591470823173e+00 -1.5075887371289637e+01 2.7077901999999999e-03 1.9910858000000000e-02
-2.4041544771031650e-01 -1.6124461540487974e+02 2.6887238705146937e-01 -7.4563369648362340e+01 -2.1947908116463537e+02 1.0482843231287308e+01 -5.7572664409581487e+00 -1.4872560092647804e+01 2.9346520999999999e-03 2.2731616000000000e-02
-2.3887889578423827e-01 -1.5329418978992820e+02 2.7115444608843026e-01 -6.2440491116732765e+01 -2.1478173013509476e+02 9.9316394240326442e+00 -4.9919088564097027e+00 -1.4655440291913459e+01 3.1668782999999998e-03 2.5781951000000001e-02
-2.3722409625296803e-01 -1.4589345172534075e+02 2.7361212432279514e-01 -5.0931397296552610e+01 -2.0981029602352439e+02 9.4150911786168336e+00 -4.2621047147887570e+00 -1.4424777479863661e+01 3.4040742000000001e-03 2.9067029000000001e-02
-2.3544864379530431e-01 -1.3899518073173809e+02 2.7624899409396325e-01 -4.0016841847941890e+01 -2.0457570901928125e+02 8.9302342712869756e+00 -3.5661557286209584e+00 -1.4180902236960387e+01 3.6458464000000000e-03 3.2591624999999999e-02
-2.3355033307172463e-01 -1.3255759037242825e+02 2.7906833073217341e-01 -2.9681904895024228e+01 -1.9909083094403118e+02 8.4744481679345522e+00 -2.9026737794003701e+00 -1.3924224573596915e+01 3.8918026000000000e-03 3.6360116999999997e-02
-2.3152715469452792e-01 -1.2654348816304271e+02 2.8207311854357503e-01 -1.9914949247770359e+01 -1.9337035056114297e+02 8.0454021669964391e+00 -2.2705195284649626e+00 -1.3655230778034895e+01 4.1415510999999999e-03 4.0376493999999999e-02
-2.2937729673903109e-01 -1.2091961481898913e+02 2.8526604856582666e-01 -1.0706781999128674e+01 -1.8743068206575373e+02 7.6410126651086552e+00 -1.6687504914082791e+00 -1.3374480323954046e+01 4.3947007000000003e-03 4.4644352999999998e-02
-2.2709914474356915e-01 -1.1565609845264797e+02 2.8864951856809568e-01 -2.0499414106074139e+00 -1.8128983909043652e+02 7.2594080841319535e+00 -1.0965815961951304e+00 -1.3082601973650128e+01 4.6508610999999997e-03 4.9166899000000000e-02
-2.2469127969456626e-01 -1.1072600084809848e+02 2.9222563604359419e-01 6.0619114678790496e+00 -1.7496728813342096e+02 6.8988997036941111e+00 -5.5334836674344157e-01 -1.2780289052289325e+01 4.9096423000000002e-03 5.3946949000000001e-02
-2.2215248054519676e-01 -1.0610494977781968e+02 2.9599621446890950e-01 1.3634494032163248e+01 -1.6848379596666473e+02 6.5579581319632565e+00 -3.8478172095989027e-02 -1.2468294776764223e+01 5.1706551000000002e-03 5.8986927000000001e-02
-2.1948171968179558e-01 -1.0177081801784207e+02 2.9996278003720889e-01 2.0673343512239487e+01 -1.6186125424176842e+02 6.2351927281273749e+00 4.4853579770131091e-01 -1.2147426121712828e+01 5.4335110000000002e-03 6.4288872999999996e-02
-2.1667816745744781e-01 -9.7703468247307413e+01 3.0412656492503498e-01 2.7184164511515249e+01 -1.5512250462893286e+02 5.9293353825435320e+00 9.0815475685589098e-01 -1.1818538421339408e+01 5.6978226000000002e-03 6.9854434000000007e-02
-2.1374118715466678e-01 -9.3884521233291323e+01 3.0848851477364447e-01 3.3173143143378887e+01 -1.4829113918496992e+02 5.6392256946796246e+00 1.3408132507407200e+00 -1.1482528457614492e+01 5.9632034000000004e-03 7.5684873999999999e-02
-2.1067033750405512e-01 -9.0297168802403220e+01 3.1304928494833867e-01 3.8647185410982431e+01 -1.4139130884157777e+02 5.3637991888536689e+00 1.7469338002517221e+00 -1.1140328037232786e+01 6.2292681999999997e-03 8.1781068999999998e-02
-2.0746537066937593e-01 -8.6926006975324555e+01 3.1780924353099904e-01 4.3614119887634651e+01 -1.3444751658756780e+02 5.1020766849826096e+00 2.1269398796345813e+00 -1.0792896911076641e+01 6.4956331999999999e-03 8.8143510999999994e-02
-2.0412623224755289e-01 -8.3756894072048439e+01 3.2276847132008751e-01 4.8082849788768627e+01 -1.2748441455474227e+02 4.8531554094542022e+00 2.4812663764823419e+00 -1.0441215612851755e+01 6.7619166000000000e-03 9.4772308000000000e-02
-2.0065305824627688e-01 -8.0776824684487337e+01 3.2792676631944956e-01 5.2063469545655288e+01 -1.2052659315514259e+02 4.6162009916744902e+00 2.8103683498637619e+00 -1.0086278004541416e+01 7.0277381999999996e-03 1.0166719000000000e-01
-1.9704617458027412e-01 -7.7973822232896083e+01 3.3328364448644815e-01 5.5567338436076405e+01 -1.1359837989092706e+02 4.3904407447992284e+00 3.1147278120828794e+00 -9.7290840646466137e+00 7.2927204000000001e-03 1.0882751000000000e-01
-1.9330610412355653e-01 -7.5336849390106224e+01 3.3883832925808938e-01 5.8607114645358571e+01 -1.0672365796326143e+02 4.1751581267684790e+00 3.3948583404104467e+00 -9.3706333795538228e+00 7.5564877000000004e-03 1.1625223000000000e-01
-1.8943355210118845e-01 -7.2855713625508230e+01 3.4458977324690532e-01 6.1196779116990236e+01 -9.9925647517097175e+01 3.9696869190432293e+00 3.6513099724707900e+00 -9.0119167487265273e+00 7.8186677999999999e-03 1.2393994999999999e-01
-1.8542940508182210e-01 -7.0520994967882075e+01 3.5053665973722214e-01 6.3351609755588051e+01 -9.3226730949373163e+01 3.7734061838352524e+00 3.8846715758237300e+00 -8.6539094030527757e+00 8.0788911000000008e-03 1.3188891000000000e-01
-1.8129474608966337e-01 -6.8323989632471452e+01 3.5667738024114276e-01 6.5088128179433369e+01 -8.6648309339852176e+01 3.5857375305203032e+00 4.0955704947299152e+00 -8.2975658509386072e+00 8.3367917000000003e-03 1.4009695999999999e-01
-1.7703083445518425e-01 -6.6256639682607727e+01 3.6301006442390321e-01 6.6424041575847298e+01 -8.0210616627479808e+01 3.4061402073825175e+00 4.2846751970627084e+00 -7.9438119638153415e+00 8.5920070000000005e-03 1.4856159999999999e-01
-1.7263911588976649e-01 -6.4311487003093816e+01 3.6953256514119437e-01 6.7378146394519618e+01 -7.3932598724408066e+01 3.2341084534998812e+00 4.4526926452001234e+00 -7.5935401128585607e+00 8.8441787999999997e-03 1.5727996000000000e-01
-1.6812121241105810e-01 -6.2481621852715335e+01 3.7624247340184014e-01 6.7970227371379792e+01 -6.7831776961322547e+01 3.0691681748337976e+00 4.6003677038243058e+00 -7.2476031120367930e+00 9.0929527999999999e-03 1.6624881999999999e-01
-1.6347892234297290e-01 -6.0760641456751209e+01 3.8313711836779751e-01 6.8220928905933903e+01 -6.1924146464753633e+01 2.9108744092816297e+00 4.7284805009260147e+00 -6.9068094908185884e+00 9.3379794999999995e-03 1.7546460999999999e-01
-1.5871421527836915e-01 -5.9142610829190758e+01 3.9021357483549568e-01 6.8151625015267797e+01 -5.6224086548257127e+01 2.7588088320318818e+00 4.8378435174565064e+00 -6.5719190366011819e+00 9.5789143999999993e-03 1.8492342000000001e-01
-1.5382924719101482e-01 -5.7622034188637649e+01 3.9746864079181854e-01 6.7784273458374372e+01 -5.0744311086965922e+01 2.6125781153647236e+00 4.9292976901254448e+00 -6.2436401654910298e+00 9.8154178999999998e-03 1.9462097000000000e-01
-1.4882633524897829e-01 -5.6193814878447704e+01 4.0489887482080023e-01 6.7141268285727918e+01 -4.5495794827654620e+01 2.4718111821919715e+00 5.0037090632388956e+00 -5.9226251656127529e+00 1.0047156000000000e-02 2.0455266000000000e-01
-1.4370795277730652e-01 -5.4853227781270292e+01 4.1250060358496432e-01 6.6245281263503983e+01 -4.0487742912199728e+01 2.3361574146549193e+00 5.0619642069503072e+00 -5.6094676545099231e+00 1.0273801000000001e-02 2.1471357999999999e-01
-1.3847675444463442e-01 -5.3595901034474615e+01 4.2026988441862834e-01 6.5119112236552539e+01 -3.5727610434493734e+01 2.2052857414884834e+00 5.1049654548722323e+00 -5.3047024024757299e+00 1.0495031000000000e-02 2.2509846000000000e-01
-1.3313554603925348e-01 -5.2417785049858828e+01 4.2820255021593784e-01 6.3785530571339152e+01 -3.1221081720996160e+01 2.0788822866810883e+00 5.1336263853934767e+00 -5.0088023443959466e+00 1.0710529999999999e-02 2.3570173000000000e-01
-1.2768728950643382e-01 -5.1315133582691672e+01 4.3629420194952800e-01 6.2267124889739215e+01 -2.6972106284667749e+01 1.9566494465686821e+00 5.1488668808962501e+00 -4.7221783549948215e+00 1.0919989999999999e-02 2.4651751000000000e-01
-1.2213510798574587e-01 -5.0284486096271991e+01 4.4454020118918403e-01 6.0586159622245951e+01 -2.2982948330785813e+01 1.8383044406276183e+00 5.1516082838184056e+00 -4.4451796514555912e+00 1.1123108000000000e-02 2.5753959999999998e-01
-1.1648227069909486e-01 -4.9322647611556640e+01 4.5293569254585853e-01 5.8764434691244965e+01 -1.9254234077025597e+01 1.7235778495336047e+00 5.1427686398747277e+00 -4.1780936515851410e+00 1.1319591000000000e-02 2.6876150999999998e-01
-1.1073218791339884e-01 -4.8426672915406051e+01 4.6147561115301050e-01 5.6823153562189475e+01 -1.5785025232478890e+01 1.6122127607980787e+00 5.1232579979211206e+00 -3.9211468606106372e+00 1.1509152000000000e-02 2.8017647000000001e-01
-1.0488841597791065e-01 -4.7593853599847570e+01 4.7015467518526644e-01 5.4782808529651952e+01 -1.2572909811631384e+01 1.5039636454307492e+00 5.0939738740056875e+00 -3.6745068441790862e+00 1.1691511000000000e-02 2.9177742000000001e-01
-9.8954662361539741e-02 -4.6821705899688006e+01 4.7896737837708103e-01 5.2663075313899867e+01 -9.6140995349645451e+00 1.3985955865311721e+00 5.0557973442240325e+00 -3.4382845014193397e+00 1.1866398000000000e-02 3.0355700000000002e-01
-9.2934745354277176e-02 -4.6107953987244194e+01 4.8790804987344966e-01 5.0482704773830690e+01 -6.9035174203185461e+00 1.2958801260908190e+00 5.0095884044836403e+00 -3.2125348482310407e+00 1.2033550000000000e-02 3.1550762999999998e-01
-8.6832629328448596e-02 -4.5450524779303890e+01 4.9697080186053538e-01 4.8259455318293234e+01 -4.4349277933359339e+00 1.1956077718360332e+00 4.9561831067210917e+00 -2.9972614871835086e+00 1.2192715000000000e-02 3.2762143999999999e-01
-8.0652399552105070e-02 -4.4847535611629006e+01 5.0614956697236368e-01 4.6010016486004751e+01 -2.2010450732910236e+00 1.0975614965800569e+00 4.8963893955320072e+00 -2.7924186367872958e+00 1.2343646000000000e-02 3.3989032000000002e-01
-7.4398267226344877e-02 -4.4297286740958668e+01 5.1543809080948355e-01 4.3749956085850641e+01 -1.9365703393482353e-01 1.0015413407857099e+00 4.8309853310093951e+00 -2.5979147998789385e+00 1.2486109000000000e-02 3.5230591000000000e-01
-6.8074549336025886e-02 -4.3798252531201953e+01 5.2482996186432396e-01 4.1493673535972299e+01 1.5962572735054976e+00 9.0735079167449206e-01 4.7607153788323338e+00 -2.4136157029388152e+00 1.2619877000000000e-02 3.6485963999999999e-01
-6.1685683761731308e-02 -4.3349076872761316e+01 5.3431858907717678e-01 3.9254379625534106e+01 3.1783975822682824e+00 8.1479887007817386e-01 4.6862889897535709e+00 -2.2393486278727859e+00 1.2744734000000001e-02 3.7754270000000001e-01
-5.5236214167803971e-02 -4.2948566237848567e+01 5.4389722428021314e-01 3.7044073225345620e+01 4.5630233742415331e+00 7.2369924842326938e-01 4.6083785603039864e+00 -2.0749056861156210e+00 1.2860473000000001e-02 3.9034606999999999e-01
-4.8730779927702611e-02 -4.2595684964747662e+01 5.5355897716016234e-01 3.4873545053144660e+01 5.7608351779722389e+00 6.3386948560017009e-01 4.5276181987715693e+00 -1.9200475546229050e+00 1.2966896000000000e-02 4.0326054000000000e-01
-4.2174126198645551e-02 -4.2289552144862952e+01 5.6329680029563389e-01 3.2752380222652739e+01 6.7828586666080213e+00 5.4513055688844947e-01 4.4446027658747562e+00 -1.7745076272310816e+00 1.3063819000000001e-02 4.1627669000000000e-01
-3.5571073697679478e-02 -4.2029437357975105e+01 5.7310353404515091e-01 3.0688977898710593e+01 7.6403254561613707e+00 4.5730583373434097e-01 4.3598870174401076e+00 -1.6379951776705404e+00 1.3151064000000001e-02 4.2938494999999999e-01
-2.8926548925610723e-02 -4.1814760063476129e+01 5.8297186165911641e-01 2.8690588301042201e+01 8.3445859967042999e+00 3.7022089855438556e-01 4.2739858773418629e+00 -1.5101998792292035e+00 1.3228465999999999e-02 4.4257553999999999e-01
-2.2245543868430140e-02 -4.1645086657924715e+01 5.9289436913052618e-01 2.6763339815827305e+01 8.9069936283391637e+00 2.8370240011126135e-01 4.1873740062473415e+00 -1.3907945379399771e+00 1.3295871000000001e-02 4.5583855000000001e-01
-1.5533136146600651e-02 -4.1520130897608674e+01 6.0286351526961146e-01 2.4912292468651220e+01 9.3388216193689715e+00 1.9757773292075109e-01 4.1004865764353484e+00 -1.2794392419976635e+00 1.3353135000000000e-02 4.6916390000000002e-01
-8.7944638284479515e-03 -4.1439753599426510e+01 6.1287166911053514e-01 2.3141484416643554e+01 9.6511798089874841e+00 1.1167410257146182e-01 4.0137196807362443e+00 -1.1757839998995370e+00 1.3400123999999999e-02 4.8254139000000001e-01
-2.0347355048040139e-03 -4.1403964169397725e+01 6.2291109494871311e-01 2.1453994665322814e+01 9.8549391506469757e+00 2.5818025674816614e-02 3.9274314815781173e+00 -1.0794723594391917e+00 1.3436718000000000e-02 4.9596067999999999e-01
4.7407898602802589e-03 -4.1412922448332132e+01 6.3297398226617108e-01 1.9851997984073794e+01 9.9606653592846950e+00 -6.0165550651728683e-02 3.8419432014114792e+00 -9.9014401697306320e-01 1.3462807000000000e-02 5.0941133000000005e-01
1.1526782780247435e-02 -4.1466941683553500e+01 6.4305241580618744e-01 1.8336842783786842e+01 9.9785614512093588e+00 -1.4645366125815196e-01 3.7575407838741666e+00 -9.0743781743910534e-01 1.3478291000000000e-02 5.2288276000000000e-01
1.8317888581930786e-02 -4.1566492626226051e+01 6.5313844290534573e-01 1.6909101442884339e+01 9.9184193008110739e+00 -2.3322657212591502e-01 3.6744759046113824e+00 -8.3099369363792619e-01 1.3483083000000000e-02 5.3636434000000000e-01
2.5108702218944678e-02 -4.1712208473171849e+01 6.6322403608683866e-01 1.5568654066051636e+01 9.7895777231306784e+00 -3.2066819287039028e-01 3.5929680687751784e+00 -7.6045535547532062e-01 1.3477108000000000e-02 5.4984533999999996e-01
3.1893778346328283e-02 -4.1904890819887335e+01 6.7330110802314691e-01 1.4314751117341613e+01 9.6008908765339722e+00 -4.0896695148735995e-01 3.5132063428957561e+00 -6.9547214729266693e-01 1.3460300999999999e-02 5.6331494999999998e-01
3.8667646432511471e-02 -4.2145517171454472e+01 6.8336153398005539e-01 1.3146086794997393e+01 9.3607024145359574e+00 -4.9831681033999042e-01 3.4353509713685959e+00 -6.3570076856470659e-01 1.3432611000000001e-02 5.7676231000000000e-01
4.5424820833958268e-02 -4.2435249897073398e+01 6.9339716677933194e-01 1.2060843089504198e+01 9.0768280709296310e+00 -5.8891825205960036e-01 3.3595353488425523e+00 -5.8080673953904327e-01 1.3393997000000000e-02 5.9017653000000003e-01
5.2159785683201509e-02 -4.2775445461292840e+01 7.0339981435471033e-01 1.1056805531914730e+01 8.7565454437497632e+00 -6.8097901459923826e-01 3.2858681336225186e+00 -5.3046594915208634e-01 1.3344429999999999e-02 6.0354666000000001e-01
5.8867015038130244e-02 -4.3167666442530681e+01 7.1336126967724600e-01 1.0131377270071626e+01 8.4065892662920536e+00 -7.7471535205841335e-01 3.2144350616448483e+00 -4.8436555139733078e-01 1.3283893999999999e-02 6.1686173000000000e-01
6.5540993031277306e-02 -4.3613695930602873e+01 7.2327334068067251e-01 9.2816612182367511e+00 8.0331511039010550e+00 -8.7035341596310967e-01 3.1453005872106727e+00 -4.4220473597708121e-01 1.3212384000000001e-02 6.3011079000000003e-01
7.2176183645887848e-02 -4.4115550516480106e+01 7.3312780537336719e-01 8.5045168936612114e+00 7.6418878693318639e+00 -9.6813001249653596e-01 3.0785106348937612e+00 -4.0369613243049479e-01 1.3129907000000000e-02 6.4328284999999996e-01
7.8767065977172868e-02 -4.4675499455272472e+01 7.4291646420772461e-01 7.7966108933786762e+00 7.2379323042571189e+00 -1.0682943961329665e+00 3.0140933007522683e+00 -3.6856514574967392e-01 1.3036481000000001e-02 6.5636695000000000e-01
8.5308139269630823e-02 -4.5296084514781050e+01 7.5263114756149574e-01 7.1544660957015260e+00 6.8259056170831105e+00 -1.1711097980138807e+00 2.9520615158637593e+00 -3.3655132751210659e-01 1.2932137999999999e-02 6.6935217000000002e-01
9.1793907805082009e-02 -4.5980140854311941e+01 7.6226369329377008e-01 6.5745096099999882e+00 6.4099384650426030e+00 -1.2768547672660291e+00 2.8924144271838479e+00 -3.0740818489295441e-01 1.2816919000000000e-02 6.8222760000000005e-01
9.8218911126600028e-02 -4.6730824505930372e+01 7.7180599163301111e-01 6.0531124805948089e+00 5.9936901690550011e+00 -1.3858253962489320e+00 2.8351390769049045e+00 -2.8090321655929434e-01 1.2690879000000000e-02 6.9498240000000000e-01
1.0457771396386789e-01 -4.7551639813677482e+01 7.8124997021437714e-01 5.5866277484765989e+00 5.5803725132270419e+00 -1.4983371177892060e+00 2.7802119520392470e+00 -2.5681793840019568e-01 1.2554085000000000e-02 7.0760577999999996e-01
1.1086491127049997e-01 -4.8446471943771201e+01 7.9058760156106112e-01 5.1714243639832489e+00 5.1727751962860813e+00 -1.6147269496515755e+00 2.7276005963253374e+00 -2.3494770359785314e-01 1.2406611999999999e-02 7.2008700999999997e-01
1.1707515341065128e-01 -4.9419626814438516e+01 7.9981094049098544e-01 4.8039154591262472e+00 4.7732907672261877e+00 -1.7353563949990156e+00 2.6772646385694521e+00 -2.1510137460490558e-01 1.2248551000000000e-02 7.3241546999999996e-01
1.2320313104705216e-01 -5.0475870917139801e+01 8.0891210167278504e-01 4.4805833080817701e+00 4.3839428817771049e+00 -1.8606139357639548e+00 2.6291574727367992e+00 -1.9710104505609971e-01 1.2080001999999999e-02 7.4458062000000003e-01
1.2924358521565149e-01 -5.1620479876596399e+01 8.1788327458848531e-01 4.1980035679246770e+00 4.0064138703369858e+00 -1.9909182304242563e+00 2.5832270592692383e+00 -1.8078162876652476e-01 1.1901076999999999e-02 7.5657202000000001e-01
1.3519131740026119e-01 -5.2859294482844355e+01 8.2671673849618055e-01 3.9528606809881572e+00 3.6420703130952816e+00 -2.1267221356886852e+00 2.5394172702207252e+00 -1.6599036827983610e-01 1.1711898000000000e-02 7.6837935000000002e-01
1.4104120464452125e-01 -5.4198786198861221e+01 8.3540488487405051e-01 3.7419654468692216e+00 3.2919926881834325e+00 -2.2685164715949870e+00 2.4976686206629015e+00 -1.5258627869891755e-01 1.1512599000000000e-02 7.7999244000000001e-01
1.4678817436529057e-01 -5.5646122844016340e+01 8.4394018001366589e-01 3.5622646908152689e+00 2.9570017770916270e+00 -2.4168345779875304e+00 2.4579194350979856e+00 -1.4043979593812059e-01 1.1303326000000001e-02 7.9140122000000002e-01
1.5242725472586582e-01 -5.7209262622132499e+01 8.5231523983337820e-01 3.4108502967623173e+00 2.6376832896969473e+00 -2.5722584854802344e+00 2.4201062691571940e+00 -1.2943166292551536e-01 1.1084235000000000e-02 8.0259581999999996e-01
1.5795352930008455e-01 -5.8897037753505899e+01 8.6052276254626880e-01 3.2849678483535283e+00 2.3344147751532165e+00 -2.7354238269364677e+00 2.3841650491210675e+00 -1.1945330553356855e-01 1.0855490000000001e-02 8.1356647999999998e-01
1.6336218240822192e-01 -6.0719276205112315e+01 8.6855559599220011e-01 3.1820184125002839e+00 2.0473880009749874e+00 -2.9070279953940465e+00 2.3500312636819882e+00 -1.1040529698853860e-01 1.0617270000000000e-02 8.2430364000000000e-01
1.6864848904234714e-01 -6.2686927983540720e+01 8.7640672267513753e-01 3.0995616730706965e+00 1.7766323736059328e+00 -3.0878379893280243e+00 2.3176407304252828e+00 -1.0219724890239641e-01 1.0369760000000000e-02 8.3479791999999997e-01
1.7380781990364524e-01 -6.4812216137466308e+01 8.8406926724448842e-01 3.0353149753139679e+00 1.5220369200268495e+00 -3.2787000020097206e+00 2.2869300187615700e+00 -9.4747095481698004e-02 1.0113159000000000e-02 8.4504013000000000e-01
1.7883564643973909e-01 -6.7108815051225761e+01 8.9153650397644157e-01 2.9871549283234238e+00 1.2833681453345922e+00 -3.4805506366820547e+00 2.2578368555170263e+00 -8.7980547821415206e-02 9.8476710000000005e-03 8.5502127999999999e-01
1.8372754084468923e-01 -6.9592056676278872e+01 8.9880185677396640e-01 2.9531093602612075e+00 1.0602955692766829e+00 -3.6944299041760083e+00 2.2303004569941187e+00 -8.1830533971447406e-02 9.5735140000000000e-03 8.6473257999999997e-01
1.8847920124560347e-01 -7.2279189971126911e+01 9.0585893657350935e-01 2.9313595453664028e+00 8.5239598658382154e-01 -3.9214977697441364e+00 2.2042617392660535e+00 -7.6236601382484767e-02 9.2909130999999992e-03 8.7416548999999999e-01
1.9308642651602731e-01 -7.5189658452109541e+01 9.1270150393829741e-01 2.9202302054145193e+00 6.5918239400238388e-01 -4.1630514730659494e+00 2.1796636743578208e+00 -7.1144461836094700e-02 9.0001030000000006e-03 8.8331166999999999e-01
1.9754514649987537e-01 -7.8345487341335087e+01 9.1932351394637346e-01 2.9181865845833244e+00 4.8011123612295353e-01 -4.4205493976742556e+00 2.1564513397644025e+00 -6.6505411811057943e-02 8.7013270999999996e-03 8.9216304000000002e-01
2.0185140689946568e-01 -8.1771667488922247e+01 9.2571909374657835e-01 2.9238269243438806e+00 3.1459735810407502e-01 -4.6956366114540504e+00 2.1345721826274029e+00 -6.2275987468010087e-02 8.3948374000000006e-03 9.0071175000000003e-01
2.0600139446212912e-01 -8.5496729830036770e+01 9.3188257996524648e-01 2.9358763641457868e+00 1.6202597397342935e-01 -4.9901797463867075e+00 2.1139759580530386e+00 -5.8417327578454026e-02 8.0808944000000001e-03 9.0895022999999997e-01
2.0999141683092193e-01 -8.9553353534275175e+01 9.3780848878085010e-01 2.9531793147475174e+00 2.1761748401095949e-02 -5.3063058238739371e+00 2.0946150003659154e+00 -5.4894897935825047e-02 7.7597663000000001e-03 9.1687114999999997e-01
2.1381792269391320e-01 -9.3979181748765072e+01 9.4349154584935457e-01 2.9746927479327212e+00 -1.0684026512537204e-01 -5.6464537630124036e+00 2.0764441315068414e+00 -5.1678047798674548e-02 7.4317293999999999e-03 9.2446746000000002e-01
2.1747750682150663e-01 -9.8817828277398945e+01 9.4892669378555783e-01 2.9994784260067622e+00 -2.2442747967041771e-01 -6.0134380865334967e+00 2.0594206945751052e+00 -4.8739629360434585e-02 7.0970672000000004e-03 9.3173240000000002e-01
2.2096689999179714e-01 -1.0412013194802866e+02 9.5410907720041249e-01 3.0266954542656745e+00 -3.3164194126286983e-01 -6.4105280199876065e+00 2.0435046143066016e+00 -4.6055669667446224e-02 6.7560703000000000e-03 9.3865947999999999e-01
2.2428299417717984e-01 -1.0994582098619033e+02 9.5903408010772118e-01 3.0555937386326093e+00 -4.2911492056108491e-01 -6.8415533477703114e+00 2.0286582852492288e+00 -4.3605042443990431e-02 6.4090362999999996e-03 9.4524253000000003e-01
2.2742281232041900e-01 -1.1636558441645867e+02 9.6369728103610153e-01 3.0855056265397680e+00 -5.1746044407801728e-01 -7.3110352211612302e+00 2.0148466928792796e+00 -4.1369185424844683e-02 6.0562691999999996e-03 9.5147563999999996e-01
2.3038355870786698e-01 -1.2346397535337736e+02 9.6809452784237759e-01 3.1158408011952288e+00 -5.9727218857298525e-01 -7.8243715919600634e+00 2.0020371502436030e+00 -3.9331634286669401e-02 5.6980790999999996e-03 9.5735325999999998e-01
2.3316256859624490e-01 -1.3134309315604361e+02 9.7222186289818857e-01 3.1460780514106799e+00 -6.6911769803251797e-01 -8.3880705161858646e+00 1.9901995064446361e+00 -3.7478754153747185e-02 5.3347821999999998e-03 9.6287009999999995e-01
2.3575735858586228e-01 -1.4012790748772599e+02 9.7607559790337994e-01 3.1757599504316012e+00 -7.3353718613231167e-01 -9.0100905685498347e+00 1.9793058609115728e+00 -3.5797594290754242e-02 4.9667000000000001e-03 9.6802122999999995e-01
2.3816559135936299e-01 -1.4997348916694366e+02 9.7965226151662954e-01 3.2044866511079424e+00 -7.9103922279920591e-01 -9.7003016697239293e+00 1.9693306864795366e+00 -3.4277546450784693e-02 4.5941591999999996e-03 9.7280200999999999e-01
2.4038511598030105e-01 -1.6107575442063333e+02 9.8294865920616059e-01 3.2319085541098529e+00 -8.4209988501789013e-01 -1.0471172996392971e+01 1.9602506000193656e+00 -3.2909351668980638e-02 4.2174915999999996e-03 9.7720817000000004e-01
2.4241392759456487e-01 -1.7368710417534524e+02 9.8596181339902866e-01 3.2577286367845941e+00 -8.8715920468066001e-01 -1.1338773327458755e+01 1.9520444746522196e+00 -3.1684846828565039e-02 3.8370333000000002e-03 9.8123572999999997e-01
2.4425020772895317e-01 -1.8814109842714402e+02 9.8868902333183450e-01 3.2816866868927126e+00 -9.2662297001724780e-01 -1.2324354018684586e+01 1.9446932263807561e+00 -3.0597321104831602e-02 3.4531249000000000e-03 9.8488107999999996e-01
2.4589230917920857e-01 -2.0489208038170554e+02 9.9112784260670683e-01 3.3035614063444698e+00 -9.6085764532542484e-01 -1.3456892165623643e+01 1.9381798425128178e+00 -2.9640828042885807e-02 3.0661112999999999e-03 9.8814095000000002e-01
2.4733874593537403e-01 -2.2458295057232942e+02 9.9327606422862402e-01 3.3231665093825695e+00 -9.9019250816778670e-01 -1.4777445396454929e+01 1.9324893444420705e+00 -2.8810431135347141e-02 2.6763420000000000e-03 9.9101238999999997e-01
2.4858822340572451e-01 -2.4817033101239025e+02 9.9513176549344884e-01 3.3403455870508876e+00 -1.0149168985576804e+00 -1.6347203665137652e+01 1.9276086359096802e+00 -2.8101961388327469e-02 2.2841723000000002e-03 9.9349282999999999e-01
2.4963962834212272e-01 -2.7717665770709311e+02 9.9669329302524967e-01 3.3549700383649808e+00 -1.0352801446960731e+00 -1.8263718114385860e+01 1.9235264940279966e+00 -2.7511998239772208e-02 1.8899688000000000e-03 9.9558005999999999e-01
2.5049202380269764e-01 -3.1427013221996788e+02 9.9795925529496232e-01 3.3669360842632292e+00 -1.0514954015698195e+00 -2.0698262451099914e+01 1.9202335667498449e+00 -2.7037759680076295e-02 1.4941295000000000e-03 9.9727222000000004e-01
2.5114471967435037e-01 -3.6490257501808355e+02 9.9892862735913590e-01 3.3761633050807784e+00 -1.0637341115637255e+00 -2.4001413366954953e+01 1.9177220706340123e+00 -2.6677038957536838e-02 1.0971916000000000e-03 9.9856794000000004e-01
2.5159746409098682e-01 -4.4402390560529022e+02 9.9960103515081777e-01 3.3825961480883939e+00 -1.0721331960225333e+00 -2.9136083351130814e+01 1.9159850208765261e+00 -2.6428027766524306e-02 7.0085733000000002e-04 9.9946672000000003e-01
