-7.1569781302795754e-01 -4.6265085776263373e+02 7.1569956835062354e-01 -5.2984365687193144e+02 -1.3060548931189041e+02 3.0740188400928520e+01 -3.5116894505383414e+01 -8.5070122525220242e+00 5.5301730000000003e-06 1.0230946000000001e-06
-7.1567075840663530e-01 -3.3927159611245111e+02 7.1570494187036238e-01 -4.0639663445294275e+02 -1.3060176111887756e+02 2.2702832472019619e+01 -2.7076396737810427e+01 -8.5068439414376709e+00 3.5894988000000002e-05 1.9923924999999999e-05
-7.1558587798960815e-01 -2.8202727414355854e+02 7.1572180060184887e-01 -3.4897751725966799e+02 -1.3059006493827087e+02 1.8971616414718618e+01 -2.3337029912803686e+01 -8.5063159063822944e+00 8.5619985000000003e-05 7.9222864999999994e-05
-7.1541784231287731e-01 -2.4447757955202559e+02 7.1575517541848344e-01 -3.1112875009601203e+02 -1.3056691275029050e+02 1.6521449112656896e+01 -2.0872847770532431e+01 -8.5052706554075765e+00 1.5173507999999999e-04 1.9661552000000001e-04
-7.1514448287760224e-01 -2.1660615567054592e+02 7.1580946937084589e-01 -2.8282573576141959e+02 -1.3052925587404127e+02 1.4699854262239860e+01 -1.9030937435140704e+01 -8.5035704942965538e+00 2.3255418000000001e-04 3.8758918999999998e-04
-7.1474563796993196e-01 -1.9453670137105422e+02 7.1588868692701080e-01 -2.6018885656810806e+02 -1.3047432811162827e+02 1.3254360861098295e+01 -1.7558621459624096e+01 -8.5010904246562085e+00 3.2689763000000001e-04 6.6622920000000002e-04
-7.1420262748087437e-01 -1.7635520620409932e+02 7.1599653828248200e-01 -2.4130398085469736e+02 -1.3039957578024504e+02 1.2060360132485791e+01 -1.6331232680030784e+01 -8.4977149616011189e+00 4.3385032000000002e-04 1.0455858000000000e-03
-7.1349795899007440e-01 -1.6097347582780310e+02 7.1613649773708199e-01 -2.2508487799521566e+02 -1.3030261986561834e+02 1.1047055168124315e+01 -1.5278018100501727e+01 -8.4933363991373891e+00 5.5265518999999999e-04 1.5378795000000000e-03
-7.1261514607839560e-01 -1.4771203222822575e+02 7.1631183978124258e-01 -2.1085556108391711e+02 -1.3018123370860766e+02 1.0170289133970035e+01 -1.4354940344573945e+01 -8.4878537771987563e+00 6.8265765000000004e-04 2.1546280000000000e-03
-7.1153858564274963e-01 -1.3611704171493832e+02 7.1652566346341962e-01 -1.9816681523809942e+02 -1.3003332892655408e+02 9.4006150441536906e+00 -1.3532725101149000e+01 -8.4811722187111762e+00 8.2327310000000005e-04 2.9067318999999999e-03
-7.1025347430242092e-01 -1.2586951840079378e+02 7.1678090899325531e-01 -1.8670500535054572e+02 -1.2985694679418589e+02 8.7173726441603883e+00 -1.2790928439734452e+01 -8.4732025130414659e+00 9.7396649000000004e-04 3.8045331000000002e-03
-7.0874574727834827e-01 -1.1673606134184148e+02 7.1708036988121893e-01 -1.7624273228162497e+02 -1.2965025274045433e+02 8.1054831110910790e+00 -1.2114714298095995e+01 -8.4638608392392651e+00 1.1342389000000000e-03 4.8578574999999999e-03
-7.0700203373348969e-01 -1.0854024971135233e+02 7.1742670180878965e-01 -1.6660995498357875e+02 -1.2941153307554069e+02 7.5535743823236237e+00 -1.1492980533943497e+01 -8.4530685907724372e+00 1.3036180000000001e-03 6.0760461999999999e-03
-7.0500962442321558e-01 -1.0114510697725316e+02 7.1782242905365257e-01 -1.5767634825614567e+02 -1.2913919337034702e+02 7.0528428589074341e+00 -1.0917208890093779e+01 -8.4407522777056272e+00 1.4816515000000000e-03 7.4679780999999997e-03
-7.0275644550071470e-01 -9.4441854445604008e+01 7.1826994969240221e-01 -1.4933995059084154e+02 -1.2883175759303865e+02 6.5963178650560392e+00 -1.0380722901204852e+01 -8.4268434587133871e+00 1.6679024999999999e-03 9.0420881999999994e-03
-7.0023104076765252e-01 -8.8342442404760888e+01 7.1877153912587111e-01 -1.4151961249749834e+02 -1.2848786834107977e+02 6.1783740608396025e+00 -9.8782059067062686e+00 -8.4112787299843621e+00 1.8619452999999999e-03 1.0806380000000001e-02
-6.9742255521308738e-01 -8.2774418200363527e+01 7.1932935334858850e-01 -1.3414979717160281e+02 -1.2810628700124039e+02 5.7943963594292320e+00 -9.4053495361859234e+00 -8.3939997083202869e+00 2.0633631000000000e-03 1.2768437000000001e-02
-6.9432072742705830e-01 -7.7677321918111943e+01 7.1994543045557391e-01 -1.2717692183346938e+02 -1.2768589501172487e+02 5.4405446714898700e+00 -8.9586242783423309e+00 -8.3749530697084182e+00 2.2717459999999998e-03 1.4935428000000001e-02
-6.9091587686113809e-01 -7.3000072107626323e+01 7.2062169317261382e-01 -1.2055670363866869e+02 -1.2722569373608425e+02 5.1135831796302700e+00 -8.5351044429238883e+00 -8.3540905474473011e+00 2.4866887000000002e-03 1.7314116000000001e-02
-6.8719890411471296e-01 -6.8699057457457400e+01 7.2135994879940124e-01 -1.1425221539694594e+02 -1.2672480866480112e+02 4.8107559143153535e+00 -8.1323421225035357e+00 -8.3313690005957231e+00 2.7077901999999999e-03 1.9910858000000000e-02
-6.8316127518959802e-01 -6.4736684086375249e+01 7.2216189233684380e-01 -1.0823240281122170e+02 -1.2618248526068440e+02 4.5296919943008032e+00 -7.7482706639635053e+00 -8.3067503795788102e+00 2.9346520999999999e-03 2.2731616000000000e-02
-6.7879503007842912e-01 -6.1080293214000463e+01 7.2302910478125937e-01 -1.0247098638567287e+02 -1.2559809391647376e+02 4.2683352179037071e+00 -7.3811334240669693e+00 -8.2802018258098009e+00 3.1668782999999998e-03 2.5781951000000001e-02
-6.7409277417627145e-01 -5.7701303833162726e+01 7.2396305483018053e-01 -9.6945584099382032e+01 -1.2497112919585526e+02 4.0248882903071381e+00 -7.0294268539372808e+00 -8.2516956596105029e+00 3.4040742000000001e-03 2.9067029000000001e-02
-6.6904767255502473e-01 -5.4574544678504665e+01 7.2496510001955716e-01 -9.1637029838557766e+01 -1.2430120976972293e+02 3.7977694655282530e+00 -6.6918563077543709e+00 -8.2212093810856004e+00 3.6458464000000000e-03 3.2591624999999999e-02
-6.6365345855181568e-01 -5.1677731125797642e+01 7.2603648501795259e-01 -8.6528845065990808e+01 -1.2358807998769700e+02 3.5855787589867214e+00 -6.3673019183486419e+00 -8.1887257276026748e+00 3.8918026000000000e-03 3.6360116999999997e-02
-6.5790442231780821e-01 -4.8991032345387623e+01 7.2717834390094893e-01 -8.1606793437208083e+01 -1.2283160832268402e+02 3.3870699387432297e+00 -6.0547894639076540e+00 -8.1542326205293847e+00 4.1415510999999999e-03 4.0376493999999999e-02
-6.5179541511240024e-01 -4.6496728474802445e+01 7.2839169929824488e-01 -7.6858539086467630e+01 -1.2203178768115805e+02 3.2011285103618485e+00 -5.7534689379632828e+00 -8.1177231780935202e+00 4.3947007000000003e-03 4.4644352999999998e-02
-6.4532184930322312e-01 -4.4178926129896809e+01 7.2967746239365638e-01 -7.2273354169375978e+01 -1.2118873458150827e+02 3.0267534787494714e+00 -5.4625951834611124e+00 -8.0791956984513060e+00 4.6508610999999997e-03 4.9166899000000000e-02
-6.3847969264054749e-01 -4.2023320743782371e+01 7.3103643406231855e-01 -6.7841881409479015e+01 -1.2030268751800578e+02 2.8630421608640151e+00 -5.1815128297164437e+00 -8.0386535903202319e+00 4.9096423000000002e-03 5.3946949000000001e-02
-6.3126547541427613e-01 -4.0017002120017160e+01 7.3246930344918282e-01 -6.3555940674592684e+01 -1.1937400620139805e+02 2.7091778545285283e+00 -4.9096438437864309e+00 -7.9961053729731324e+00 5.1706551000000002e-03 5.8986927000000001e-02
-6.2367627757135680e-01 -3.8148282007796531e+01 7.3397665052772321e-01 -5.9408355791789795e+01 -1.1840316823673824e+02 2.5644190573793431e+00 -4.6464765173646940e+00 -7.9515645379879158e+00 5.4335110000000002e-03 6.4288872999999996e-02
-6.1570974159836955e-01 -3.6406569950454539e+01 7.3555894354122953e-01 -5.5392822850052305e+01 -1.1739076847043597e+02 2.4280908706191227e+00 -4.3915569736867033e+00 -7.9050495527515583e+00 5.6978226000000002e-03 6.9854434000000007e-02
-6.0736405820754080e-01 -3.4782223447433793e+01 7.3721654184581520e-01 -5.1503783654564046e+01 -1.1633751471193244e+02 2.2995771715865700e+00 -4.1444811633143397e+00 -7.8565836887137319e+00 5.9632034000000004e-03 7.5684873999999999e-02
-5.9863797349373660e-01 -3.3266472432907264e+01 7.3894969448891312e-01 -4.7736328253992916e+01 -1.1524422555926283e+02 2.1783144036870743e+00 -3.9048889110422280e+00 -7.8061949726252502e+00 6.2292681999999997e-03 8.1781068999999998e-02
-5.8953078320886776e-01 -3.1851312430158977e+01 7.4075854134647867e-01 -4.4086106303488592e+01 -1.1411182648696411e+02 2.0637854756221401e+00 -3.6724573709370660e+00 -7.7539160370656814e+00 6.4956331999999999e-03 8.8143510999999994e-02
-5.8004233276189043e-01 -3.0529433802553736e+01 7.4264311312298992e-01 -4.0549250137868995e+01 -1.1294134337083881e+02 1.9555156039136055e+00 -3.4468972823826163e+00 -7.6997839938248305e+00 6.7619166000000000e-03 9.4772308000000000e-02
-5.7017300863041420e-01 -2.9294149284634390e+01 7.4460333305725190e-01 -3.7122305153032833e+01 -1.1173390870187248e+02 1.8530675784353914e+00 -3.2279490128196766e+00 -7.6438402583996456e+00 7.0277381999999996e-03 1.0166719000000000e-01
-5.5992373692930453e-01 -2.8139334820390356e+01 7.4663901720669701e-01 -3.3802181717191928e+01 -1.1049074044352265e+02 1.7560381924628965e+00 -3.0153774485456180e+00 -7.5861303931686690e+00 7.2927204000000001e-03 1.0882751000000000e-01
-5.4929600345026119e-01 -2.7059378668517997e+01 7.4874987046717534e-01 -3.0586101697999169e+01 -1.0921315096065746e+02 1.6640552311855288e+00 -2.8089705118684209e+00 -7.5267040616216683e+00 7.5564877000000004e-03 1.1625223000000000e-01
-5.3829181215126121e-01 -2.6049129836707444e+01 7.5093549481767541e-01 -2.7471547076835215e+01 -1.0790253463524115e+02 1.5767740668454884e+00 -2.6085353835716174e+00 -7.4656146357162383e+00 7.8186677999999999e-03 1.2393994999999999e-01
-5.2691368229376134e-01 -2.5103857068632827e+01 7.5319538988892543e-01 -2.4456222094534883e+01 -1.0656036093670815e+02 1.4938754074381193e+00 -2.4138957059520267e+00 -7.4029190031251195e+00 8.0788911000000008e-03 1.3188891000000000e-01
-5.1516469138465482e-01 -2.4219215366478341e+01 7.5552894443437213e-01 -2.1538032302076189e+01 -1.0518818038311592e+02 1.4150632083883061e+00 -2.2248910181837918e+00 -7.3386776238787039e+00 8.3367917000000003e-03 1.4009695999999999e-01
-5.0304841792032895e-01 -2.3391207907283455e+01 7.5793544770220922e-01 -1.8715030557559128e+01 -1.0378760479841816e+02 1.3400622042841408e+00 -2.0413734322716683e+00 -7.2729520664189389e+00 8.5920070000000005e-03 1.4856159999999999e-01
-4.9056897001463656e-01 -2.2616158588920971e+01 7.6041408374936303e-01 -1.5985427630808848e+01 -1.0236030538843153e+02 1.2686165647343806e+00 -1.8632066317559746e+00 -7.2058128372187173e+00 8.8441787999999997e-03 1.5727996000000000e-01
-4.7773095677092470e-01 -2.1890683478237598e+01 7.6296393712750710e-01 -1.3347532066644375e+01 -1.0090801104543958e+02 1.2004877368491025e+00 -1.6902640591521629e+00 -7.1373271932245492e+00 9.0929527999999999e-03 1.6624881999999999e-01
-4.6453948828203445e-01 -2.1211666999674556e+01 7.6558399288306200e-01 -1.0799729000425488e+01 -9.9432496814159137e+01 1.1354531820623455e+00 -1.5224276478271626e+00 -7.0675668536906064e+00 9.3379794999999995e-03 1.7546460999999999e-01
-4.5100016131631587e-01 -2.0576239682481802e+01 7.6827313940020270e-01 -8.3404901443910990e+00 -9.7935578057095015e+01 1.0733050617213191e+00 -1.3595866847224609e+00 -6.9966057277215903e+00 9.5789143999999993e-03 1.8492342000000001e-01
-4.3711910225958422e-01 -1.9981760539711718e+01 7.7103015987183687e-01 -5.9683444636014507e+00 -9.6419109436871480e+01 1.0138491326160468e+00 -1.2016369924172827e+00 -6.9245199356481981e+00 9.8154178999999998e-03 1.9462097000000000e-01
-4.2290289554519234e-01 -1.9425795997140042e+01 7.7385374651464089e-01 -3.6818570906430828e+00 -9.4884971168127180e+01 9.5690335750790223e-01 -1.0484798530514041e+00 -6.8513862363003781e+00 1.0047156000000000e-02 2.0455266000000000e-01
-4.0835856934004505e-01 -1.8906103895164510e+01 7.7674250341206730e-01 -1.4796172143197901e+00 -9.3335061985423678e+01 9.0229688480049730e-01 -9.0002054278951760e-01 -6.7772857753685365e+00 1.0273801000000001e-02 2.1471357999999999e-01
-3.9349366711452710e-01 -1.8420621688514547e+01 7.7969493229930831e-01 6.3976051398024314e-01 -9.1771301213314402e+01 8.4986942748893479e-01 -7.5616886595497634e-01 -6.7022981263569088e+00 1.0495031000000000e-02 2.2509846000000000e-01
-3.7831616175858968e-01 -1.7967450192182621e+01 7.8270944962133959e-01 2.6776573729997670e+00 -9.0195614044593526e+01 7.9946994403435845e-01 -6.1683751313647006e-01 -6.6265047856190842e+00 1.0710529999999999e-02 2.3570173000000000e-01
-3.6283446989573592e-01 -1.7544842347661682e+01 7.8578438368991277e-01 4.6354533952561807e+00 -8.8609927832406058e+01 7.5095658278685384e-01 -4.8194154253128629e-01 -6.5499879778476586e+00 1.0919989999999999e-02 2.4651751000000000e-01
-3.4705746619700673e-01 -1.7151193268455327e+01 7.8891797184054813e-01 6.5145346211310677e+00 -8.7016168111224900e+01 7.0419505930013349e-01 -3.5139856420772048e-01 -6.4728305717179886e+00 1.1123108000000000e-02 2.5753959999999998e-01
-3.3099444043902376e-01 -1.6785027870876284e+01 7.9210836896155667e-01 8.3162990639976595e+00 -8.5416249524692446e+01 6.5905852801598619e-01 -2.2512766380043570e-01 -6.3951156586011777e+00 1.1319591000000000e-02 2.6876150999999998e-01
-3.1465508319000418e-01 -1.6444995649405797e+01 7.9535365033704686e-01 1.0042163326823008e+01 -8.3812069947360641e+01 6.1542679197954531e-01 -1.0304911128203076e-01 -6.3169262974853639e+00 1.1509152000000000e-02 2.8017647000000001e-01
-2.9804950012374609e-01 -1.6129858154955578e+01 7.9865180880391784e-01 1.1693562617560866e+01 -8.2205506346469818e+01 5.7318578934801445e-01 1.4915765620174437e-02 -6.2383454229819213e+00 1.1691511000000000e-02 2.9177742000000001e-01
-2.8118822633361401e-01 -1.5838485159265364e+01 8.0200075190885178e-01 1.3271952928410006e+01 -8.0598412976066996e+01 5.3222718890723708e-01 1.2884472212779230e-01 -6.1594557167262689e+00 1.1866398000000000e-02 3.0355700000000002e-01
-2.6408211182065466e-01 -1.5569845443365420e+01 8.0539832465237216e-01 1.4778820601785334e+01 -7.8992605410282792e+01 4.9244722522521023e-01 2.3881553753603213e-01 -6.0803390293570398e+00 1.2033550000000000e-02 3.1550762999999998e-01
-2.4674242169149557e-01 -1.5323002806676691e+01 8.0884228958779258e-01 1.6215674214938183e+01 -7.7389869043142440e+01 4.5374730339764646e-01 3.4490542876857716e-01 -6.0010764711726603e+00 1.2192715000000000e-02 3.2762143999999999e-01
-2.2918076458841752e-01 -1.5097109717485290e+01 8.1233034103625357e-01 1.7584050552595553e+01 -7.5791943928359970e+01 4.1603259732560505e-01 4.4719163859084876e-01 -5.9217481703977981e+00 1.2343646000000000e-02 3.3989032000000002e-01
-2.1140910700334015e-01 -1.4891402953119824e+01 8.1586010224371486e-01 1.8885512239539331e+01 -7.4200528162684606e+01 3.7921208934491635e-01 5.4575141503167901e-01 -5.8424331030496823e+00 1.2486109000000000e-02 3.5230591000000000e-01
-1.9343971602187959e-01 -1.4705196455005888e+01 8.1942913675298457e-01 2.0121650962637791e+01 -7.2617267520839519e+01 3.4319807365481714e-01 6.4066222171260101e-01 -5.7632087497334510e+00 1.2619877000000000e-02 3.6485963999999999e-01
-1.7528520226530475e-01 -1.4537888737440879e+01 8.2303493987469722e-01 2.1294081838193783e+01 -7.1043757254103454e+01 3.0790554071018028e-01 7.3200170588158597e-01 -5.6841511809115666e+00 1.2744734000000001e-02 3.7754270000000001e-01
-1.5695847694858189e-01 -1.4388942947324679e+01 8.2667494721633572e-01 2.2404444267427927e+01 -6.9481537265042292e+01 2.7325227196447122e-01 8.1984780453578598e-01 -5.6053347605443493e+00 1.2860473000000001e-02 3.9034606999999999e-01
-1.3847272325240201e-01 -1.4257893077785164e+01 8.3034654036824573e-01 2.3454401803142432e+01 -6.7932086090722308e+01 2.3915809049382974e-01 9.0427883236378892e-01 -5.5268319745347272e+00 1.2966896000000000e-02 4.0326054000000000e-01
-1.1984142495115291e-01 -1.4144344804332118e+01 8.3404704121762130e-01 2.4445636886014956e+01 -6.6396823910444795e+01 2.0554468851255592e-01 9.8537328572282834e-01 -5.4487134555589822e+00 1.3063819000000001e-02 4.1627669000000000e-01
-1.0107828052900569e-01 -1.4047968236805325e+01 8.3777372900654767e-01 2.5379852486598807e+01 -6.4877103712458180e+01 1.7233515157679113e-01 1.0632102233141922e+00 -5.3710476002138794e+00 1.3151064000000001e-02 4.2938494999999999e-01
-8.2197289063828061e-02 -1.3968498547079095e+01 8.4152382327395880e-01 2.6258764647141845e+01 -6.3374217870183550e+01 1.3945380248280259e-01 1.1378686952729704e+00 -5.2939008607815241e+00 1.3228465999999999e-02 4.4257553999999999e-01
-6.3212635715299448e-02 -1.3905734430731801e+01 8.4529450659969452e-01 2.7084104600458101e+01 -6.1889388463479868e+01 1.0682569005282216e-01 1.2094280830062878e+00 -5.2173372570665846e+00 1.3295871000000001e-02 4.5583855000000001e-01
-4.4138748980854237e-02 -1.3859537875110130e+01 8.4908291323247198e-01 2.7857612542582014e+01 -6.0423772106823762e+01 7.4376380029274269e-02 1.2779682407151356e+00 -5.1414185856347423e+00 1.3353135000000000e-02 4.6916390000000002e-01
-2.4990229125752994e-02 -1.3829833801009187e+01 8.5288614330492130e-01 2.8581037319829257e+01 -5.8978454713189493e+01 4.2031525991177987e-02 1.3435689258466643e+00 -5.0662041339210946e+00 1.3400123999999999e-02 4.8254139000000001e-01
-5.7818768110541319e-03 -1.3816610471475535e+01 8.5670125714757184e-01 2.9256131499017492e+01 -5.7554454449401852e+01 9.7165973292617780e-03 1.4063099703208819e+00 -4.9917508057836262e+00 1.3436718000000000e-02 4.9596067999999999e-01
1.3471364162328747e-02 -1.3819920165839120e+01 8.6052528666088046e-01 2.9884649214670372e+01 -5.6152718511776392e+01 -2.2643633942422192e-02 1.4662710074919456e+00 -4.9181128794877136e+00 1.3462807000000000e-02 5.0941133000000005e-01
3.2754349597683641e-02 -1.3839880348522227e+01 8.6435522394320297e-01 3.0468341960729919e+01 -5.4774128611739407e+01 -5.5124927701275528e-02 1.5235320782821908e+00 -4.8453423445787536e+00 1.3478291000000000e-02 5.2288276000000000e-01
5.2051863728371561e-02 -1.3876675382930062e+01 8.6818804687785900e-01 3.1008958124477157e+01 -5.3419493071018373e+01 -8.7804747226979840e-02 1.5781726686436122e+00 -4.7734883724940680e+00 1.3483083000000000e-02 5.3636434000000000e-01
7.1348547647897553e-02 -1.3930558695425249e+01 8.7202070491809602e-01 3.1508237613397970e+01 -5.2089554084419085e+01 -1.2076209366344282e-01 1.6302722175840834e+00 -4.7025976076620442e+00 1.3477108000000000e-02 5.4984533999999996e-01
9.0628927937882464e-02 -1.4001855443497995e+01 8.7585012477310353e-01 3.1967909342760841e+01 -5.0784988763832587e+01 -1.5407803570231382e-01 1.6799097134544221e+00 -4.6327142762834415e+00 1.3460300999999999e-02 5.6331494999999998e-01
1.0987745961001938e-01 -1.4090965885414215e+01 8.7967321893703510e-01 3.2389688428708830e+01 -4.9506402437406820e+01 -1.8783615644288043e-01 1.7271636021292061e+00 -4.5638798404258187e+00 1.3432611000000001e-02 5.7676231000000000e-01
1.2907855473404473e-01 -1.4198369492516616e+01 8.8348689137502245e-01 3.2775274846623731e+01 -4.8254341531737317e+01 -2.2212321228895249e-01 1.7721122761867729e+00 -4.4961334109671629e+00 1.3393997000000000e-02 5.9017653000000003e-01
1.4821653949578140e-01 -1.4324629275110693e+01 8.8728802899415404e-01 3.3126348430994888e+01 -4.7029286850204976e+01 -2.5702917508290424e-01 1.8148330149396767e+00 -4.4295114557858160e+00 1.3344429999999999e-02 6.0354666000000001e-01
1.6727571145308151e-01 -1.4470397370841058e+01 8.9107351301550408e-01 3.3444567722460917e+01 -4.5831658670857514e+01 -2.9264818595820929e-01 1.8554025154565836e+00 -4.3640480257079721e+00 1.3283893999999999e-02 6.1686173000000000e-01
1.8624039679176829e-01 -1.4636421733715585e+01 8.9484023034616067e-01 3.3731567946094422e+01 -4.4661815143022530e+01 -3.2907904065081939e-01 1.8938967938511468e+00 -4.2997757387975932e+00 1.3212384000000001e-02 6.3011079000000003e-01
2.0509486444172231e-01 -1.4823552530781518e+01 8.9858505652118359e-01 3.3988957100854648e+01 -4.3520060617822800e+01 -3.6642566309358360e-01 1.9303908496235376e+00 -4.2367216401367953e+00 1.3129907000000000e-02 6.4328284999999996e-01
2.2382342627478158e-01 -1.5032751078283901e+01 9.0230487560465400e-01 3.4218315443147127e+01 -4.2406642774390122e+01 -4.0479786013321117e-01 1.9649587575423033e+00 -4.1749135253990692e+00 1.3036481000000001e-02 6.5636695000000000e-01
2.4241045141872541e-01 -1.5265099440135103e+01 9.0599658303268205e-01 3.4421192897567735e+01 -4.1321755077365509e+01 -4.4431245613412540e-01 1.9976734506576121e+00 -4.1143760175679027e+00 1.2932137999999999e-02 6.6935217000000002e-01
2.6084032331531948e-01 -1.5521810779968527e+01 9.0965707708438515e-01 3.4599106976747613e+01 -4.0265542846244621e+01 -4.8509346152976318e-01 2.0286070833769023e+00 -4.0551315126203447e+00 1.2816919000000000e-02 6.8222760000000005e-01
2.7909752560422751e-01 -1.5804242136640037e+01 9.1328327593993097e-01 3.4753541799712885e+01 -3.9238101620738021e+01 -5.2727359461661438e-01 2.0578303765039947e+00 -3.9972002000604139e+00 1.2690879000000000e-02 6.9498240000000000e-01
2.9716661349504170e-01 -1.6113908484513900e+01 9.1687211199452390e-01 3.4885945588090571e+01 -3.8239482461480975e+01 -5.7099473233448150e-01 2.0854124902894018e+00 -3.9406002483725007e+00 1.2554085000000000e-02 7.0760577999999996e-01
3.1503222808126718e-01 -1.6452498475569904e+01 9.2042053470141116e-01 3.4997731189133468e+01 -3.7269690242223128e+01 -6.1640986008522636e-01 2.1114216353831932e+00 -3.8853478999857303e+00 1.2406611999999999e-02 7.2008700999999997e-01
3.3267916791025010e-01 -1.6821894986914188e+01 9.2392552478691969e-01 3.5090272935647938e+01 -3.6328700275616015e+01 -6.6368371297327566e-01 2.1359245512860654e+00 -3.8314573900408613e+00 1.2248551000000000e-02 7.3241546999999996e-01
3.5009234604122130e-01 -1.7224191112950002e+01 9.2738408572143416e-01 3.5164906595940359e+01 -3.5416443467676650e+01 -7.1299449876936760e-01 2.1589864913787684e+00 -3.7789411829417907e+00 1.2080001999999999e-02 7.4458062000000003e-01
3.6725681867326676e-01 -1.7661721038143302e+01 9.3079324940541142e-01 3.5222928399090328e+01 -3.4532807566014462e+01 -7.6453549423628930e-01 2.1806712034096072e+00 -3.7278100726853713e+00 1.1901076999999999e-02 7.5657202000000001e-01
3.8415781377329927e-01 -1.8137082967282272e+01 9.3415008185539516e-01 3.5265594604933760e+01 -3.3677660917874071e+01 -8.1851695817662717e-01 2.2010408909956758e+00 -3.6780731965220013e+00 1.1711898000000000e-02 7.6837935000000002e-01
4.0078077401801471e-01 -1.8653173757165497e+01 9.3745169173303755e-01 3.5294120655204466e+01 -3.2850836668467551e+01 -8.7516853490193447e-01 2.2201562063860081e+00 -3.6297380622136552e+00 1.1512599000000000e-02 7.7999244000000001e-01
4.1711128522396446e-01 -1.9213222876179252e+01 9.4069521613006257e-01 3.5309680852108094e+01 -3.2052144014446590e+01 -9.3474073512534983e-01 2.2380761335650856e+00 -3.5828108909941565e+00 1.1303326000000001e-02 7.9140122000000002e-01
4.3313521948741118e-01 -1.9820839007145981e+01 9.4387784899833915e-01 3.5313408245450503e+01 -3.1281364524481749e+01 -9.9750916727803884e-01 2.2548579645289601e+00 -3.5372954234593443e+00 1.1084235000000000e-02 8.0259581999999996e-01
4.4883860635845840e-01 -2.0480054383627817e+01 9.4699681556281556e-01 3.5306394158057188e+01 -3.0538261701857419e+01 -1.0637765884345947e+00 2.2705574597599050e+00 -3.4931971073215577e+00 1.0855490000000001e-02 8.1356647999999998e-01
4.6420776166692068e-01 -2.1195386113477845e+01 9.5004939790858445e-01 3.5289688669469498e+01 -2.9822578040772214e+01 -1.1338771997147312e+00 2.2852284452104388e+00 -3.4505173022756019e+00 1.0617270000000000e-02 8.2430364000000000e-01
4.7922925889435208e-01 -2.1971901747728012e+01 9.5303292929486871e-01 3.5264300245745979e+01 -2.9134039571494007e+01 -1.2081808375838228e+00 2.2989232532783741e+00 -3.4092572390884661e+00 1.0369760000000000e-02 8.3479791999999997e-01
4.9388994348803261e-01 -2.2815297599283586e+01 9.5594479699802848e-01 3.5231196093425787e+01 -2.8472358134743963e+01 -1.2870979829433913e+00 2.3116922639402895e+00 -3.3694171570432081e+00 1.0113159000000000e-02 8.4504013000000000e-01
5.0817694717495332e-01 -2.3731991080980890e+01 9.5878244515456812e-01 3.5191302611777218e+01 -2.7837233939086389e+01 -1.3710858336915650e+00 2.3235842231758030e+00 -3.3309963937578302e+00 9.8476710000000005e-03 8.5502127999999999e-01
5.2207768796181586e-01 -2.4729228725541745e+01 9.6154337476113683e-01 3.5145505622998819e+01 -2.7228358165052313e+01 -1.4606548263872909e+00 2.3346460564134754e+00 -3.2939935072590689e+00 9.5735140000000000e-03 8.6473257999999997e-01
5.3557994170496070e-01 -2.5815221872768944e+01 9.6422515788956442e-01 3.5094650560380721e+01 -2.6645412742470217e+01 -1.5563776942429264e+00 2.3449229512281615e+00 -3.2584062123880404e+00 9.2909130999999992e-03 8.7416548999999999e-01
5.4867177054043959e-01 -2.6999287178457745e+01 9.6682542347182499e-01 3.5039543621117254e+01 -2.6088076082817683e+01 -1.6588985523990289e+00 2.3544582902565088e+00 -3.2242316765289223e+00 9.0001030000000006e-03 8.8331166999999999e-01
5.6134160876792816e-01 -2.8292055716515975e+01 9.6934187435808061e-01 3.4980951669168370e+01 -2.5556021895648684e+01 -1.7689452641507095e+00 2.3632936989033606e+00 -3.1914664237139378e+00 8.7013270999999996e-03 8.9216304000000002e-01
5.7357821990877023e-01 -2.9705676995277827e+01 9.7177227878765970e-01 3.4919603427077632e+01 -2.5048923638987276e+01 -1.8873434999380745e+00 2.3714690098958306e+00 -3.1601065406598572e+00 8.3948374000000006e-03 9.0071175000000003e-01
5.8537076827590440e-01 -3.1254109287816732e+01 9.7411448460409256e-01 3.4856189602836025e+01 -2.4566453576742383e+01 -2.0150345079665102e+00 2.3790223089666482e+00 -3.1301476207296299e+00 8.0808944000000001e-03 9.0895022999999997e-01
5.9670876171792298e-01 -3.2953448754852978e+01 9.7636640788308326e-01 3.4791364143253574e+01 -2.4108287635132783e+01 -2.1530960667188985e+00 2.3859898956913632e+00 -3.1015849881476445e+00 7.7597663000000001e-03 9.1687114999999997e-01
6.0758210887501352e-01 -3.4822354066147149e+01 9.7852604430453805e-01 3.4725744555708005e+01 -2.3674105056439540e+01 -2.3027694159195047e+00 2.3924063246317848e+00 -3.0744136652414933e+00 7.4317293999999999e-03 9.2446746000000002e-01
6.1798113349294392e-01 -3.6882578250217030e+01 9.8059147199557284e-01 3.4659913151877362e+01 -2.3263589835325917e+01 -2.4654932281791155e+00 2.3983044051542608e+00 -3.0486284270271149e+00 7.0970672000000004e-03 9.3173240000000002e-01
6.2789654579509291e-01 -3.9159622462838428e+01 9.8256084584449832e-01 3.4594416486998050e+01 -2.2876434007290690e+01 -2.6429447251926219e+00 2.4037152046931691e+00 -3.0242239691054640e+00 6.7560703000000000e-03 9.3865947999999999e-01
6.3731951405237619e-01 -4.1683611299691819e+01 9.8443241171585671e-01 3.4529768047659310e+01 -2.2512335601561055e+01 -2.8370955533578357e+00 2.4086680862029524e+00 -3.0011948056163980e+00 6.4090362999999996e-03 9.4524253000000003e-01
6.4624157869933385e-01 -4.4490379265584622e+01 9.8620448939237781e-01 3.4466446711192638e+01 -2.2171005272771499e+01 -3.0502806395576965e+00 2.4131906730294128e+00 -2.9795355711880687e+00 6.0562691999999996e-03 9.5147563999999996e-01
6.5465479547398586e-01 -4.7622980433321125e+01 9.8787550100505184e-01 3.4404903585608011e+01 -2.1852161228601155e+01 -3.2852948507206592e+00 2.4173089331315634e+00 -2.9592407455622962e+00 5.6980790999999996e-03 9.5735325999999998e-01
6.6255159227797655e-01 -5.1133617264049015e+01 9.8944394260305646e-01 3.4345550710360733e+01 -2.1555536079885520e+01 -3.5455155217621788e+00 2.4210470900922543e+00 -2.9403050698484332e+00 5.3347821999999998e-03 9.6287009999999995e-01
6.6992491231642970e-01 -5.5086401398773702e+01 9.9090841258382989e-01 3.4288774007846627e+01 -2.1280874633423700e+01 -3.8350795663518658e+00 2.4244277701588226e+00 -2.9227232746318195e+00 4.9667000000000001e-03 9.6802122999999995e-01
6.7676811390005054e-01 -5.9561113206393834e+01 9.9226759179201951e-01 3.4234928163091219e+01 -2.1027935257823479e+01 -4.1591238882931050e+00 2.4274718887287139e+00 -2.9064903789900471e+00 4.5941591999999996e-03 9.7280200999999999e-01
6.8307508495700930e-01 -6.4658753106872325e+01 9.9352026626354029e-01 3.4184337616594348e+01 -2.0796490423313138e+01 -4.5241423719625828e+00 2.4301987509397174e+00 -2.8916014796125680e+00 4.2174915999999996e-03 9.7720817000000004e-01
6.8884012852105680e-01 -7.0509626498157047e+01 9.9466530448151635e-01 3.4137298523899403e+01 -2.0586330172266337e+01 -4.9385054351705877e+00 2.4326259616424579e+00 -2.8780520763167607e+00 3.8370333000000002e-03 9.8123572999999997e-01
6.9405807724340995e-01 -7.7286038177877316e+01 9.9570168012033977e-01 3.4094078175251283e+01 -2.0397259268547479e+01 -5.4132789461165896e+00 2.4347696656648630e+00 -2.8658378518651944e+00 3.4531249000000000e-03 9.8488107999999996e-01
6.9872425045079423e-01 -8.5222650065102854e+01 9.9662846351664769e-01 3.4054917289438414e+01 -2.0229099626867395e+01 -5.9635388976414374e+00 2.4366442721812724e+00 -2.8549548177713224e+00 3.0661112999999999e-03 9.8814095000000002e-01
7.0283442551747188e-01 -9.4651219991140422e+01 9.9744481598330870e-01 3.4020025990587790e+01 -2.0081692146174408e+01 -6.6106188276583602e+00 2.4382626717574429e+00 -2.8453994214690592e+00 2.6763420000000000e-03 9.9101238999999997e-01
7.0638492374915729e-01 -1.0606460167271555e+02 9.9815000686746613e-01 3.3989590776802139e+01 -1.9954894296500431e+01 -7.3862580927416657e+00 2.4396360321982984e+00 -2.8371683841517292e+00 2.2841723000000002e-03 9.9349282999999999e-01
7.0937258175504359e-01 -1.2024543392915137e+02 9.9874340786452298e-01 3.3963770401466263e+01 -1.9848581762017428e+01 -8.3409537457008334e+00 2.4407741182055678e+00 -2.8302587994528414e+00 1.8899688000000000e-03 9.9558005999999999e-01
7.1179473713381847e-01 -1.3856172115550893e+02 9.9922449017513548e-01 3.3942697643627774e+01 -1.9762649487278992e+01 -9.5631685924515484e+00 2.4416850691580851e+00 -2.8246681929372106e+00 1.4941295000000000e-03 9.9727222000000004e-01
7.1364942886946192e-01 -1.6380043173551439e+02 9.9959286430731387e-01 3.3926477761546387e+01 -1.9697005014686003e+01 -1.1233550181593101e+01 2.4423755387855604e+00 -2.8203939712195414e+00 1.0971916000000000e-03 9.9856794000000004e-01
7.1493594126269611e-01 -2.0358128659219562e+02 9.9984838811069676e-01 3.3915184242029632e+01 -1.9651549657514931e+01 -1.3847182264984669e+01 2.4428508997586729e+00 -2.8174326510470764e+00 7.0085733000000002e-04 9.9946672000000003e-01
