-2.9140891105079197e-01 -1.3508735866969630e+03 2.9141023228488533e-01 -1.3265148435706817e+03 -3.9108995795237166e+02 9.0629074054137348e+01 -8.9035568956088355e+01 -2.5594780738033045e+01 5.5301730000000003e-06 1.0230946000000001e-06
-2.9139789528744203e-01 -9.8146159159289004e+02 2.9142362523361032e-01 -9.5664761757879944e+02 -3.9100092606787365e+02 6.6449178955600203e+01 -6.4834444296271840e+01 -2.5590754006469240e+01 3.5894988000000002e-05 1.9923924999999999e-05
-2.9136333473766085e-01 -8.1015306188925058e+02 2.9146564389871976e-01 -7.8418374983966783e+02 -3.9072170497331547e+02 5.5228178655494055e+01 -5.3559180207246946e+01 -2.5578124368104525e+01 8.5619985000000003e-05 7.9222864999999994e-05
-2.9129491606614549e-01 -6.9788981788230979e+02 2.9154882721796205e-01 -6.6997324391577888e+02 -3.9016940778307338e+02 4.7864848145317886e+01 -4.6103796365457470e+01 -2.5553138414625916e+01 1.5173507999999999e-04 1.9661552000000001e-04
-2.9118361297997014e-01 -6.1467832089040883e+02 2.9168414934487441e-01 -5.8399342253119676e+02 -3.8927226661107403e+02 4.2396147596537915e+01 -4.0503405176180905e+01 -2.5512538584938369e+01 2.3255418000000001e-04 3.8758918999999998e-04
-2.9102121628389721e-01 -5.4890833254250686e+02 2.9188159100683797e-01 -5.1463988863663269e+02 -3.8796624987124267e+02 3.8062403155032058e+01 -3.5998109994819877e+01 -2.5453406102931435e+01 3.2689763000000001e-04 6.6622920000000002e-04
-2.9080012004408062e-01 -4.9484422680543810e+02 2.9215039948692967e-01 -4.5620594732276481e+02 -3.8619379238436539e+02 3.4488552046702395e+01 -3.2213703281645259e+01 -2.5373099020125078e+01 4.3385032000000002e-04 1.0455858000000000e-03
-2.9051320191492352e-01 -4.4922203053801650e+02 2.9249923412235107e-01 -4.0547314082300215e+02 -3.8390330293312257e+02 3.1461384365307033e+01 -2.8938601941610742e+01 -2.5269225672064035e+01 5.5265518999999999e-04 1.5378795000000000e-03
-2.9015374916186076e-01 -4.1000122861084873e+02 2.9293625624581970e-01 -3.6045897711897413e+02 -3.8104907473721096e+02 2.8847814090676803e+01 -2.6041941596993293e+01 -2.5139635503614993e+01 6.8265765000000004e-04 2.1546280000000000e-03
-2.8971540870794116e-01 -3.7581676104623841e+02 2.9346918991885990e-01 -3.1986607987242149e+02 -3.7759137057482423e+02 2.6558989309570958e+01 -2.3437545346395538e+01 -2.4982418252482365e+01 8.2327310000000005e-04 2.9067318999999999e-03
-2.8919215309719698e-01 -3.4570733683876500e+02 2.9410536331348780e-01 -2.8280838677154168e+02 -3.7349663376008715e+02 2.4532499253790473e+01 -2.1066037653433057e+01 -2.4795909628394153e+01 9.7396649000000004e-04 3.8045331000000002e-03
-2.8857825560827211e-01 -3.1896806187856754e+02 2.9485173896902539e-01 -2.4866205129974517e+02 -3.6873774718506206e+02 2.2722706811067990e+01 -1.8885108881976503e+01 -2.4578698938371950e+01 1.1342389000000000e-03 4.8578574999999999e-03
-2.8786827207046872e-01 -2.9506488463367293e+02 2.9571493590012371e-01 -2.1697848445065307e+02 -3.6329430852011382e+02 2.1095146602432589e+01 -1.6863844635174775e+01 -2.4329637998333830e+01 1.3036180000000001e-03 6.0760461999999999e-03
-2.8705702769203750e-01 -2.7358215574587166e+02 2.9670124561090810e-01 -1.8743059918388926e+02 -3.5715289454347004e+02 1.9623084401931429e+01 -1.4979232337828650e+01 -2.4047850806821049e+01 1.4816515000000000e-03 7.4679780999999997e-03
-2.8613960639458985e-01 -2.5418899918429486e+02 2.9781664506218425e-01 -1.5977802833274507e+02 -3.5030730088896053e+02 1.8285310910316962e+01 -1.3213907425880247e+01 -2.3732742278096421e+01 1.6679024999999999e-03 9.0420881999999994e-03
-2.8511134358614193e-01 -2.3661697611431046e+02 2.9906680545796027e-01 -1.3384368425904736e+02 -3.4275870431959322e+02 1.7064677821451909e+01 -1.1554643602293135e+01 -2.3384004590895508e+01 1.8619452999999999e-03 1.0806380000000001e-02
-2.8396781945869604e-01 -2.2064473579368681e+02 3.0045710039423734e-01 -1.0949735680751651e+02 -3.3451578155234967e+02 1.5947089244437370e+01 -9.9913034905138698e+00 -2.3001623957183178e+01 2.0633631000000000e-03 1.2768437000000001e-02
-2.8270485589929989e-01 -2.0608722375369516e+02 3.0199260961453928e-01 -8.6643914869505636e+01 -3.2559475146145434e+02 1.4920795880697215e+01 -8.5160922025864014e+00 -2.2585882869074869e+01 2.2717459999999998e-03 1.4935428000000001e-02
-2.8131851130295737e-01 -1.9278785593612810e+02 3.0367812531636801e-01 -6.5214495055134876e+01 -3.1601930850162705e+02 1.3975881312152334e+01 -7.1230058444980298e+00 -2.2137361266570647e+01 2.4866887000000002e-03 1.7314116000000001e-02
-2.7980508068919230e-01 -1.8061279183561970e+02 3.0551815200948546e-01 -4.5159835419498968e+01 -3.0582049110733254e+02 1.3103887686971861e+01 -5.8074204344308216e+00 -2.1656932906885647e+01 2.7077901999999999e-03 1.9910858000000000e-02
-2.7816108929103922e-01 -1.6944657279936126e+02 3.0751691431040895e-01 -2.6444998443358365e+01 -2.9503640476928643e+02 1.2297530537046052e+01 -4.5657705122070888e+00 -2.1145759309675622e+01 2.9346520999999999e-03 2.2731616000000000e-02
-2.7638329605195766e-01 -1.5918886195544874e+02 3.0967835269086819e-01 -9.0452748881820124e+00 -2.8371197179164869e+02 1.1550486494212359e+01 -3.3953048306267224e+00 -2.0605283216659036e+01 3.1668782999999998e-03 2.5781951000000001e-02
-2.7446869012891789e-01 -1.4975185915521394e+02 3.1200612772934827e-01 7.0572144667340684e+00 -2.7189812848133505e+02 1.0857225098820194e+01 -2.2938855802828813e+00 -2.0037208482591787e+01 3.4040742000000001e-03 2.9067029000000001e-02
-2.7241448856112488e-01 -1.4105827931738909e+02 3.1450362294545176e-01 2.1876273069675065e+01 -2.5965193675268506e+02 1.0212877556545747e+01 -1.2598274689584752e+00 -1.9443496959117578e+01 3.6458464000000000e-03 3.2591624999999999e-02
-2.7021813976693243e-01 -1.3303976310192510e+02 3.1717394054835557e-01 3.5423864680331597e+01 -2.4703530277204692e+02 9.6131349114317768e+00 -2.9176896517844941e-01 -1.8826337490485695e+01 3.8918026000000000e-03 3.6360116999999997e-02
-2.6787731888129113e-01 -1.2563555985303282e+02 3.2001990710553491e-01 4.7711999921969934e+01 -2.3411456148246694e+02 9.0541623184739404e+00 6.1143783440498956e-01 -1.8188128785665455e+01 4.1415510999999999e-03 4.0376493999999999e-02
-2.6538992950420520e-01 -1.1879147843192243e+02 3.2304407141699193e-01 5.8754259548272650e+01 -2.2095961667995809e+02 8.5325325801641618e+00 1.4508150775153232e+00 -1.7531453849927452e+01 4.3947007000000003e-03 4.4644352999999998e-02
-2.6275410370073271e-01 -1.1245901244975680e+02 3.2624870451525567e-01 6.8566995766994467e+01 -2.0764308818933162e+02 8.0451703432591017e+00 2.2273328216281696e+00 -1.6859052579328061e+01 4.6508610999999997e-03 4.9166899000000000e-02
-2.5996819966970930e-01 -1.0659461032935221e+02 3.2963580249974395e-01 7.7170343192444605e+01 -1.9423939444828048e+02 7.5893056895099882e+00 2.9419701832127898e+00 -1.6173791431022167e+01 4.9096423000000002e-03 5.3946949000000001e-02
-2.5703080465784345e-01 -1.0115906969488098e+02 3.3320708299381102e-01 8.4588956462638293e+01 -1.8082381994796683e+02 7.1624362108658532e+00 3.5957633686086981e+00 -1.5478633333993445e+01 5.1706551000000002e-03 5.8986927000000001e-02
-2.5394072971434523e-01 -9.6117012556394499e+01 3.3696399152206197e-01 9.0852484357204588e+01 -1.6747154496551946e+02 6.7622939336997012e+00 4.1898458336981061e+00 -1.4776603877549249e+01 5.4335110000000002e-03 6.4288872999999996e-02
-2.5069701493629759e-01 -9.1436454799385146e+01 3.4090769513303815e-01 9.5995915851869455e+01 -1.5425671486708760e+02 6.3868186604504329e+00 4.7254769468866034e+00 -1.4070759683357331e+01 5.6978226000000002e-03 6.9854434000000007e-02
-2.4729892364046591e-01 -8.7088419033073535e+01 3.4503908948512230e-01 1.0005970628806558e+02 -1.4125148043848748e+02 6.0341338156355624e+00 5.2040651208946489e+00 -1.3364153874743542e+01 5.9632034000000004e-03 7.5684873999999999e-02
-2.4374594527739341e-01 -8.3046613243519062e+01 3.4935879530358604e-01 1.0308973721650020e+02 -1.2852510611226575e+02 5.7025267420958432e+00 5.6271813182610444e+00 -1.2659804178292289e+01 6.2292681999999997e-03 8.1781068999999998e-02
-2.4003779310012480e-01 -7.9287144691862082e+01 3.5386716121495171e-01 1.0513712242131886e+02 -1.1614312845176575e+02 5.3904311058603751e+00 5.9965674021994939e+00 -1.1960660588466110e+01 6.4956331999999999e-03 8.8143510999999994e-02
-2.3617440416420657e-01 -7.5788273580664281e+01 3.5856426374699263e-01 1.0625787684501110e+02 -1.0416656968108741e+02 5.0964117244367406e+00 6.3141378204970708e+00 -1.1269575080718672e+01 6.7619166000000000e-03 9.4772308000000000e-02
-2.3215593583077265e-01 -7.2530191495608307e+01 3.6344991158027568e-01 1.0651244919525750e+02 -9.2651234931686531e+01 4.8191512638919765e+00 6.5819758551242815e+00 -1.0589272568811278e+01 7.0277381999999996e-03 1.0166719000000000e-01
-2.2798276518372554e-01 -6.9494836225823164e+01 3.6852364625675210e-01 1.0596517205540090e+02 -8.1647110578386574e+01 4.5574386528403155e+00 6.8023257165120672e+00 -9.9223248789975642e+00 7.2927204000000001e-03 1.0882751000000000e-01
-2.2365549718920241e-01 -6.6665718510821904e+01 3.7378473225949055e-01 1.0468361542458783e+02 -7.1197882720655542e+01 4.3101593155436202e+00 6.9775790811167822e+00 -9.2711287182560493e+00 7.5564877000000004e-03 1.1625223000000000e-01
-2.1917494779382385e-01 -6.4027774295383338e+01 3.7923217756180128e-01 1.0273785946726339e+02 -6.1340511963026742e+01 4.0762851384039269e+00 7.1102598206465251e+00 -8.6378820357191106e+00 7.8186677999999999e-03 1.2393994999999999e-01
-2.1454214275905564e-01 -6.1567220485690719e+01 3.8486473504441715e-01 1.0019973173864233e+02 -5.2104956041468213e+01 3.8548665893798049e+00 7.2030048103964281e+00 -8.0245685051698619e+00 8.0788911000000008e-03 1.3188891000000000e-01
-2.0975833514577924e-01 -5.9271455110107617e+01 3.9068088123777894e-01 9.7142022358720070e+01 -4.3514064100165996e+01 3.6450264366872869e+00 7.2585414079219843e+00 -7.4329456335251560e+00 8.3367917000000003e-03 1.4009695999999999e-01
-2.0482498200153137e-01 -5.7128934961975908e+01 3.9667884466565501e-01 9.3637667968660665e+01 -3.5583486141679785e+01 3.4459521791442271e+00 7.2796660736420309e+00 -6.8645316671109997e+00 8.5920070000000005e-03 1.4856159999999999e-01
-1.9974375601688407e-01 -5.5129087999836614e+01 4.0285659167333138e-01 8.9758961984940086e+01 -2.8321774794501803e+01 3.2568909629994671e+00 7.2692191463364901e+00 -6.3206012837798280e+00 8.8441787999999997e-03 1.5727996000000000e-01
-1.9451653386906456e-01 -5.3262223929881912e+01 4.0921184059942162e-01 8.5576773171599413e+01 -2.1730575436056238e+01 3.0771439048637643e+00 7.2300598511693339e+00 -5.8021815797199032e+00 9.0929527999999999e-03 1.6624881999999999e-01
-1.8914539622195514e-01 -5.1519455841368554e+01 4.1574206177586692e-01 8.1159817013306039e+01 -1.5804892539657031e+01 2.9060615369265399e+00 7.1650428044175598e+00 -5.3100532569605274e+00 9.3379794999999995e-03 1.7546460999999999e-01
-1.8363262189790319e-01 -4.9892634436340728e+01 4.2244448461384093e-01 7.6573970964525401e+01 -1.0533491554600332e+01 2.7430394585513782e+00 7.0769922573366610e+00 -4.8447547327528762e+00 9.5789143999999993e-03 1.8492342000000001e-01
-1.7798070536229138e-01 -4.8374288319309407e+01 4.2931607634603502e-01 7.1881675598182525e+01 -5.8993688542437335e+00 2.5875150401634928e+00 6.9686808590828955e+00 -4.4065903327098113e+00 9.8154178999999998e-03 1.9462097000000000e-01
-1.7219232758258723e-01 -4.6957560181721753e+01 4.3635357745618297e-01 6.7141379482186849e+01 -1.8802721782353509e+00 2.4389630932390043e+00 6.8428063029760766e+00 -3.9956389249068711e+00 1.0047156000000000e-02 2.0455266000000000e-01
-1.6627035020015263e-01 -4.5636156562695682e+01 4.4355350876496563e-01 6.2407083872202989e+01 1.5507040428424124e+00 2.2968927110485287e+00 6.7019717985289935e+00 -3.6117662356067814e+00 1.0273801000000001e-02 2.1471357999999999e-01
-1.6021784467119488e-01 -4.4404309284830234e+01 4.5091213600048674e-01 5.7727996070369890e+01 4.4244769168943119e+00 2.1608451152456021e+00 6.5486687783134174e+00 -3.2546418778891613e+00 1.0495031000000000e-02 2.2509846000000000e-01
-1.5403805729762565e-01 -4.3256726424436408e+01 4.5842551231370215e-01 5.3148235420438461e+01 6.7753318214412444e+00 2.0303901898225885e+00 6.3852605330743435e+00 -2.9237542983582268e+00 1.0710529999999999e-02 2.3570173000000000e-01
-1.4773441505525109e-01 -4.2188557214736619e+01 4.6608947119251487e-01 4.8706659625863104e+01 8.6402305272643787e+00 1.9051242780477691e+00 6.2139693156461764e+00 -2.6184285193885493e+00 1.0919989999999999e-02 2.4651751000000000e-01
-1.4131053142196215e-01 -4.1195359538191688e+01 4.7389961937587038e-01 4.4436776415063513e+01 1.0058142301256449e+01 1.7846680895548162e+00 6.0368657898104132e+00 -2.3378467473057212e+00 1.1123108000000000e-02 2.5753959999999998e-01
-1.3477018889316392e-01 -4.0273066939952386e+01 4.8185135811147128e-01 4.0366735191404004e+01 1.1069387331845554e+01 1.6686643535676684e+00 5.8558608574834476e+00 -2.0810667734278305e+00 1.1319591000000000e-02 2.6876150999999998e-01
-1.2811733315358564e-01 -3.9417961390520247e+01 4.8993989024168216e-01 3.6519400013238226e+01 1.1714983113558480e+01 1.5567758171327211e+00 5.6726999250774650e+00 -1.8470421585089722e+00 1.1509152000000000e-02 2.8017647000000001e-01
-1.2135607890547084e-01 -3.8626647928596448e+01 4.9816021311762476e-01 3.2912520431687192e+01 1.2036060770823624e+01 1.4486837653826197e+00 5.4889602343545700e+00 -1.6346424878466779e+00 1.1691511000000000e-02 2.9177742000000001e-01
-1.1449071569676741e-01 -3.7896035842421746e+01 5.0650711151327310e-01 2.9558945240942510e+01 1.2073286530680063e+01 1.3440863701228012e+00 5.3060504811315656e+00 -1.4426729786582526e+00 1.1866398000000000e-02 3.0355700000000002e-01
-1.0752566129560648e-01 -3.7223311965955205e+01 5.1497521431269255e-01 2.6466893125784537e+01 1.1866371254984054e+01 1.2426965614688090e+00 5.1252108329460482e+00 -1.2698920535031466e+00 1.2033550000000000e-02 3.1550762999999998e-01
-1.0046550248763339e-01 -3.6605927987001401e+01 5.2355894490870603e-01 2.3640300569786792e+01 1.1453603413440314e+01 1.1442412876363515e+00 4.9475206599271324e+00 -1.1150303263980055e+00 1.2192715000000000e-02 3.2762143999999999e-01
-9.3314965935057032e-02 -3.6041581648904959e+01 5.3225255663241788e-01 2.1079180264540213e+01 1.0871465048106478e+01 1.0484597395021462e+00 4.7738971837953637e+00 -9.7680692897533394e-01 1.2343646000000000e-02 3.3989032000000002e-01
-8.6078924004839991e-02 -3.5528203263509106e+01 5.4105012566730926e-01 1.8780025454946905e+01 1.0154303217391419e+01 9.5510224614751604e-01 4.6051089794965812e+00 -8.5394400731211151e-01 1.2486109000000000e-02 3.5230591000000000e-01
-7.8762371455937868e-02 -3.5063942096554250e+01 5.4994557939285826e-01 1.6736222641560001e+01 9.3340601415643096e+00 8.6392883101960916e-01 4.4417806814333547e+00 -7.4518107898028285e-01 1.2619877000000000e-02 3.6485963999999999e-01
-7.1370442923869792e-02 -3.4647155768806989e+01 5.5893267512682421e-01 1.4938486973642137e+01 8.4400945421745899e+00 7.7470834155490453e-01 4.2844035580920332e+00 -6.4928710554747093e-01 1.2744734000000001e-02 3.7754270000000001e-01
-6.3908395436148069e-02 -3.4276400130343525e+01 5.6800502138296338e-01 1.3375288349801577e+01 7.4990155342890805e+00 6.8721718168906776e-01 4.1333454802215774e+00 -5.6507077871917666e-01 1.2860473000000001e-02 3.9034606999999999e-01
-5.6381596755897656e-02 -3.3950422546600514e+01 5.7715609204283824e-01 1.2033273220909424e+01 6.5345997434315457e+00 6.0123830333652828e-01 3.9888614683465473e+00 -4.9138940038608803e-01 1.2966896000000000e-02 4.0326054000000000e-01
-4.8795537038236664e-02 -3.3668152261153942e+01 5.8637921218400768e-01 1.0897673881593988e+01 5.5678087180039064e+00 5.1656003024033192e-01 3.8511051991016805e+00 -4.2715630010247302e-01 1.3063819000000001e-02 4.1627669000000000e-01
-4.1155793861135381e-02 -3.3428696011492114e+01 5.9566760059545698e-01 9.9526981857015571e+00 4.6167596658315482e+00 4.3297518863007789e-01 3.7201397781990488e+00 -3.7134602433889929e-01 1.3151064000000001e-02 4.2938494999999999e-01
-3.3468067194557194e-02 -3.3231334704797305e+01 6.0501432726216797e-01 9.1818929691508337e+00 3.6968239613264084e+00 3.5028022005063231e-01 3.5959494841345583e+00 -3.2299908000384570e-01 1.3228465999999999e-02 4.4257553999999999e-01
-2.5738132774937306e-02 -3.3075517360156688e+01 6.1441237005235805e-01 8.5684746694009686e+00 2.8207209609147896e+00 2.6827402307008241e-01 3.4784501390499791e+00 -2.8122394684274243e-01 1.3295871000000001e-02 4.5583855000000001e-01
-1.7971865417943544e-02 -3.2960862240154384e+01 6.2385458637386115e-01 8.0956292857209053e+00 1.9986595304953443e+00 1.8675710838467796e-01 3.3674998917564576e+00 -2.4519948226835292e-01 1.3353135000000000e-02 4.6916390000000002e-01
-1.0175209877525460e-02 -3.2887154074036246e+01 6.3333374860365210e-01 7.7467823908908962e+00 1.2384996897487051e+00 1.0553047928779646e-01 3.2629091346413364e+00 -2.1417391629822199e-01 1.3400123999999999e-02 4.8254139000000001e-01
-2.3541925022946275e-03 -3.2854345095336349e+01 6.4284252991603663e-01 7.5058238136261624e+00 5.4593625836145132e-01 2.4394830183042782e-02 3.1644498137523032e+00 -1.8746513129625719e-01 1.3436718000000000e-02 4.9596067999999999e-01
5.4851020772359593e-03 -3.2862556689622380e+01 6.5237353262627140e-01 7.3573064230328251e+00 -7.5304031134386884e-02 -5.6850638961880362e-02 3.0718645305466712e+00 -1.6445878655854221e-01 1.3462807000000000e-02 5.0941133000000005e-01
1.3336507635891115e-02 -3.2912082466088549e+01 6.6191925984694377e-01 7.2865994703312369e+00 -6.2325384412081464e-01 -1.3840894261454428e-01 2.9848739276616030e+00 -1.4460556612516753e-01 1.3478291000000000e-02 5.2288276000000000e-01
2.1193828807545112e-02 -3.3003392619558255e+01 6.7147217926111669e-01 7.2800172453583434e+00 -1.0975005507041653e+00 -2.2048684868565349e-01 2.9031836672062505e+00 -1.2741827046683527e-01 1.3483083000000000e-02 5.3636434000000000e-01
2.9050811944170585e-02 -3.3137139791504488e+01 6.8102468769280400e-01 7.3249086376786892e+00 -1.4989678925328720e+00 -3.0329562745296035e-01 2.8264913971299377e+00 -1.1246877238041735e-01 1.3477108000000000e-02 5.4984533999999996e-01
3.6901156772219113e-02 -3.3314166355584724e+01 6.9056912527877978e-01 7.4097197850888783e+00 -1.8297204510490619e+00 -3.8705230451388206e-01 2.7544919130382652e+00 -9.9383540276487339e-02 1.3460300999999999e-02 5.6331494999999998e-01
4.4738533877191511e-02 -3.3535513127766194e+01 7.0009779672629358e-01 7.5240303653766878e+00 -2.0927554688130034e+00 -4.7198089640205954e-01 2.6868817503340434e+00 -8.7839824504990865e-02 1.3432611000000001e-02 5.7676231000000000e-01
5.2556596360018026e-02 -3.3802432414267692e+01 7.0960298548488032e-01 7.6585593662480047e+00 -2.2918292000721965e+00 -5.5831402365891614e-01 2.6233635235681336e+00 -7.7561777495205417e-02 1.3393997000000000e-02 5.9017653000000003e-01
6.0348962352488211e-02 -3.4116397567590290e+01 7.1907693248864524e-01 7.8051600497681441e+00 -2.4312708204798121e+00 -6.4629378089916556e-01 2.5636486630468154e+00 -6.8314862738847196e-02 1.3344429999999999e-02 6.0354666000000001e-01
6.8109238330011201e-02 -3.4479120593862390e+01 7.2851186449988370e-01 7.9567867413167006e+00 -2.5158279978288940e+00 -7.3617387166112991e-01 2.5074604527134579e+00 -5.9903469290232006e-02 1.3283893999999999e-02 6.1686173000000000e-01
7.5831042424376605e-02 -3.4892568208583491e+01 7.3790002245270103e-01 8.1074490960572110e+00 -2.5505238761951667e+00 -8.2822099764445012e-01 2.4545358795938022e+00 -5.2165258957351919e-02 1.3212384000000001e-02 6.3011079000000003e-01
8.3507969454613140e-02 -3.5358983365098901e+01 7.4723361893758278e-01 8.2521629430494787e+00 -2.5405244354390457e+00 -9.2271646103691873e-01 2.4046270572309036e+00 -4.4967833090252873e-02 1.3129907000000000e-02 6.4328284999999996e-01
9.1133631724320263e-02 -3.5880907862546856e+01 7.5650488780272918e-01 8.3868702117009004e+00 -2.4910267681957228e+00 -1.0199586124141093e+00 2.3575022276506141e+00 -3.8204853161700296e-02 1.3036481000000001e-02 6.5636695000000000e-01
9.8701664849857873e-02 -3.6461210163926374e+01 7.6570609123996047e-01 8.5083790144199991e+00 -2.4071587228684912e+00 -1.1202649760127608e+00 2.3129461092962318e+00 -3.1792020574974454e-02 1.2932137999999999e-02 6.6935217000000002e-01
1.0620571027577597e-01 -3.7103114371103750e+01 7.7482949852700145e-01 8.6142824070996742e+00 -2.2939402586156854e+00 -1.2239744269336807e+00 2.2707603454743182e+00 -2.5664784896945902e-02 1.2816919000000000e-02 6.8222760000000005e-01
1.1363945024395566e-01 -3.7810237533290803e+01 7.8386742854291147e-01 8.7028708589200630e+00 -2.1561231704073682e+00 -1.3314502741469856e+00 2.2307630339912201e+00 -1.9774284646779949e-02 1.2690879000000000e-02 6.9498240000000000e-01
1.2099659613722880e-01 -3.8586628774234519e+01 7.9281223559627489e-01 8.7730649100135505e+00 -1.9982345309981528e+00 -1.4430831122852685e+00 2.1927886116339197e+00 -1.4085137725361810e-02 1.2554085000000000e-02 7.0760577999999996e-01
1.2827089430756811e-01 -3.9436815048103853e+01 8.0165631651110525e-01 8.8243260219245361e+00 -1.8244919484985473e+00 -1.5592941120735540e+00 2.1566871027349159e+00 -8.5729349323242689e-03 1.2406611999999999e-02 7.2008700999999997e-01
1.3545615521703785e-01 -4.0365856432960030e+01 8.1039214605637033e-01 8.8565855997016456e+00 -1.6387827606281851e+00 -1.6805393575399588e+00 2.1223232311212255e+00 -3.2219123783851240e-03 1.2248551000000000e-02 7.3241546999999996e-01
1.4254623595322363e-01 -4.1379406404457598e+01 8.1901225568827751e-01 8.8701686634004648e+00 -1.4446544168898079e+00 -1.8073136008414374e+00 2.0895758566347267e+00 1.9767730750402238e-03 1.2080001999999999e-02 7.4458062000000003e-01
1.4953505188561222e-01 -4.2483779317799062e+01 8.2750924772208323e-01 8.8657279764910744e+00 -1.2452815048661057e+00 -1.9401558007583934e+00 2.0583367638876493e+00 7.0268199611930255e-03 1.1901076999999999e-02 7.5657202000000001e-01
1.5641658832197247e-01 -4.3686033577066915e+01 8.3587580950390306e-01 8.8441783703182697e+00 -1.0435038485780781e+00 -2.0796538287971300e+00 2.0285097030506880e+00 1.1928009063562990e-02 1.1711898000000000e-02 7.6837935000000002e-01
1.6318491799292523e-01 -4.4994066783764914e+01 8.4410473466842673e-01 8.8066424086128219e+00 -8.4179974292366255e-01 -2.2264520130409160e+00 2.0000093429841499e+00 1.6677671934815883e-02 1.1512599000000000e-02 7.7999244000000001e-01
1.6983417191099287e-01 -4.6416716712824496e+01 8.5218888770939294e-01 8.7543938578806646e+00 -6.4231261699900144e-01 -2.3812572672841998e+00 1.9727604251839788e+00 2.1271381946462199e-02 1.1303326000000001e-02 7.9140122000000002e-01
1.7635859765250073e-01 -4.7963896836343103e+01 8.6012127483863887e-01 8.6888132129253641e+00 -4.4686365558238045e-01 -2.5448487242782014e+00 1.9466965950141839e+00 2.5703830868294562e-02 1.1084235000000000e-02 8.0259581999999996e-01
1.8275250690386580e-01 -4.9646729120886405e+01 8.6789498021295641e-01 8.6113490092675349e+00 -2.5696917143139442e-01 -2.7180860645062985e+00 1.9217595457965786e+00 2.9969675766172557e-02 1.0855490000000001e-02 8.1356647999999998e-01
1.8901032791530781e-01 -5.1477724003151934e+01 8.7550322970723549e-01 8.5234792131918127e+00 -7.3863773375601530e-02 -2.9019218616096127e+00 1.8978981168568101e+00 3.4063584586393449e-02 1.0617270000000000e-02 8.2430364000000000e-01
1.9512659384446929e-01 -5.3470975568573841e+01 8.8293937674265466e-01 8.4266830578101661e+00 1.0147722310171756e-01 -3.0974142485932328e+00 1.8750670888410346e+00 3.7981040650329728e-02 1.0369760000000000e-02 8.3479791999999997e-01
2.0109594858460555e-01 -5.5642394618531377e+01 8.9019690937258655e-01 8.3224162168223774e+00 2.6831348401880895e-01 -3.3057422055048651e+00 1.8532272126513820e+00 4.1718310084637895e-02 1.0113159000000000e-02 8.4504013000000000e-01
2.0691315259277482e-01 -5.8009987397764469e+01 8.9726945736850194e-01 8.2120907183333411e+00 4.2611642452853277e-01 -3.5282235098325607e+00 1.8323438850245066e+00 4.5272747638000217e-02 9.8476710000000005e-03 8.5502127999999999e-01
2.1257308288983812e-01 -6.0594172251273193e+01 9.0415079221997019e-01 8.0970596099187961e+00 5.7454612712535469e-01 -3.7663356703320403e+00 1.8123862928195527e+00 4.8642793019876604e-02 9.5735140000000000e-03 8.6473257999999997e-01
2.1807076220141042e-01 -6.3418201015305733e+01 9.1083486256418411e-01 7.9786014948352184e+00 7.1342565718655693e-01 -4.0217421174117032e+00 1.7933277126299254e+00 5.1828091790358195e-02 9.2909130999999992e-03 8.7416548999999999e-01
2.2340132981690941e-01 -6.6508574465635277e+01 9.1731575875643467e-01 7.8579162588308433e+00 8.4272035411290191e-01 -4.2963207828360517e+00 1.7751442088616889e+00 5.4829406087918850e-02 9.0001030000000006e-03 8.8331166999999999e-01
2.2856007655869659e-01 -6.9895659503595567e+01 9.2358775538554105e-01 7.7361161779901355e+00 9.6251647125854101e-01 -4.5922015937865437e+00 1.7578128127033479e+00 5.7648520181529259e-02 8.7013270999999996e-03 8.9216304000000002e-01
2.3354242729750685e-01 -7.3614333509195447e+01 9.2964529001613594e-01 7.6142256568438915e+00 1.0730010056721264e+00 -4.9118090715779745e+00 1.7413165774109056e+00 6.0288459755949743e-02 8.3948374000000006e-03 9.0071175000000003e-01
2.3834397009339936e-01 -7.7704853726555953e+01 9.3548299861818962e-01 7.4931878815330872e+00 1.1744444611489995e+00 -5.2579171006132519e+00 1.7256373208340099e+00 6.2752924710471544e-02 8.0808944000000001e-03 9.0895022999999997e-01
2.4296043288299651e-01 -8.2213851695260047e+01 9.4109568722339110e-01 7.3738056510495955e+00 1.2671827940177067e+00 -5.6337127869800740e+00 1.7107593681142750e+00 6.5046578303316324e-02 7.7597663000000001e-03 9.1687114999999997e-01
2.4738770679224509e-01 -8.7195635518910436e+01 9.4647836026876686e-01 7.2568743741346200e+00 1.3516031905149601e+00 -6.0428790584716907e+00 1.6966683371558444e+00 6.7174198404863439e-02 7.4317293999999999e-03 9.2446746000000002e-01
2.5162185196460585e-01 -9.2713792236428588e+01 9.5162622768258642e-01 7.1430445148896329e+00 1.4281305577185615e+00 -6.4896970482917666e+00 1.6833510744422420e+00 6.9142235169783003e-02 7.0970672000000004e-03 9.3173240000000002e-01
2.5565908590467379e-01 -9.8843204611815906e+01 9.5653469071255248e-01 7.0329115088203347e+00 1.4972150169987679e+00 -6.9791739765862113e+00 1.6707953940259088e+00 7.0956329258096876e-02 6.7560703000000000e-03 9.3865947999999999e-01
2.5949581261912835e-01 -1.0567269421502441e+02 9.6119937735532512e-01 6.9269874223825774e+00 1.5593218654083199e+00 -7.5172121773170009e+00 1.6589899669165118e+00 7.2623114477475131e-02 6.4090362999999996e-03 9.4524253000000003e-01
2.6312858764759295e-01 -1.1330834960098363e+02 9.6561609984109276e-01 6.8257176942830364e+00 1.6149218012169291e+00 -8.1108201624149938e+00 1.6479238922912249e+00 7.4149240251687260e-02 6.0562691999999996e-03 9.5147563999999996e-01
2.6655417634453638e-01 -1.2187810868555383e+02 9.6978092549262118e-01 6.7294829582464226e+00 1.6644836445966096e+00 -8.7684066484572192e+00 1.6375885351236867e+00 7.5541431757261385e-02 5.6980790999999996e-03 9.5735325999999998e-01
2.6976949559737073e-01 -1.3153764803346118e+02 9.7369010586620386e-01 6.6386075379635301e+00 1.7084658079524775e+00 -9.5001549521261222e+00 1.6279734929262546e+00 7.6806363630019303e-02 5.3347821999999998e-03 9.6287009999999995e-01
2.7277167210835407e-01 -1.4247876161078653e+02 9.7734014761071231e-01 6.5533625361838599e+00 1.7473166916166849e+00 -1.0318561299475265e+01 1.6190705849037161e+00 7.7950716202086698e-02 4.9667000000000001e-03 9.6802122999999995e-01
2.7555800159725818e-01 -1.5494079480894996e+02 9.8072776286626029e-01 6.4739738978020114e+00 1.7814644185367494e+00 -1.1239166432901410e+01 1.6108718403677154e+00 7.8980798225885634e-02 4.5941591999999996e-03 9.7280200999999999e-01
2.7812599542689054e-01 -1.6922746842500092e+02 9.8384992595144405e-01 6.4006268321501159e+00 1.8113075269514822e+00 -1.2281639352080896e+01 1.6033698173556061e+00 7.9902789580299532e-02 4.2174915999999996e-03 9.7720817000000004e-01
2.8047333397757279e-01 -1.8573138511976106e+02 9.8670381667610296e-01 6.3334710726117169e+00 1.8372255127609483e+00 -1.3471354041566261e+01 1.5965576265928438e+00 8.0722499308784029e-02 3.8370333000000002e-03 9.8123572999999997e-01
2.8259791327266193e-01 -2.0497240056835818e+02 9.8928687702855833e-01 6.2726269118686897e+00 1.8595675291418070e+00 -1.4841869626917692e+01 1.5904289528055791e+00 8.1445427466621353e-02 3.4531249000000000e-03 9.8488107999999996e-01
2.8449782749398023e-01 -2.2765908973131690e+02 9.9159678991789924e-01 6.2181893801088073e+00 1.8786517618416003e+00 -1.6438908586066049e+01 1.5849780717898563e+00 8.2076565977151308e-02 3.0661112999999999e-03 9.8814095000000002e-01
2.8617135732543431e-01 -2.5479347120414008e+02 9.9363146500217214e-01 6.1702298705828662e+00 1.8947647676628021e+00 -1.8327149601594577e+01 1.5801998061684228e+00 8.2620493783334567e-02 2.6763420000000000e-03 9.9101238999999997e-01
2.8761700492215647e-01 -2.8786360391322671e+02 9.9538908120381109e-01 6.1288050488936827e+00 1.9081598901693853e+00 -2.0602750945088538e+01 1.5760895826224950e+00 8.3081303430417516e-02 2.2841723000000002e-03 9.9349282999999999e-01
2.8883348225412431e-01 -3.2923035979783884e+02 9.9686807253782717e-01 6.0939558171616754e+00 1.9190567897820021e+00 -2.3418539995005382e+01 1.5726433018719488e+00 8.3462542382304591e-02 1.8899688000000000e-03 9.9558005999999999e-01
2.8981970527797063e-01 -3.8301469486923315e+02 9.9806712102590400e-01 6.0657120017750819e+00 1.9276405456919177e+00 -2.7041895615607093e+01 1.5698577294279941e+00 8.3767253486597665e-02 1.4941295000000000e-03 9.9727222000000004e-01
2.9057487553164529e-01 -4.5759723061319204e+02 9.9898525589906673e-01 6.0440922560189358e+00 1.9340619247855084e+00 -3.2018043945838812e+01 1.5677298003573523e+00 8.3997938424989760e-02 1.0971916000000000e-03 9.9856794000000004e-01
2.9109870160564100e-01 -5.7584630534837709e+02 9.9962212286206886e-01 6.0290998852726432e+00 1.9384392405632156e+00 -3.9838953614404616e+01 1.5662563156787814e+00 8.4156551365176940e-02 7.0085733000000002e-04 9.9946672000000003e-01
