-1.0680518396700914e-01 -1.6444322603546022e+03 1.0680631633363970e-01 -1.4522114127407513e+03 -4.2204436431623373e+02 1.0414909754649352e+02 -9.1886697274499284e+01 -2.6924684161379258e+01 5.5301730000000003e-06 1.0230946000000001e-06
-1.0680114654541181e-01 -1.2456291272960441e+03 1.0682319845324104e-01 -1.0530786847473817e+03 -4.2195286789059043e+02 7.8705850871087037e+01 -6.6428603576266326e+01 -2.6920594051002400e+01 3.5894988000000002e-05 1.9923924999999999e-05
-1.0678847965110146e-01 -1.0603783976043694e+03 1.0687616394608586e-01 -8.6698474800091924e+02 -4.2166590931508671e+02 6.6884140057915445e+01 -5.4568841863198600e+01 -2.6907765407485631e+01 8.5619985000000003e-05 7.9222864999999994e-05
-1.0676340331156321e-01 -9.3858962465586069e+02 1.0698101843131674e-01 -7.4376490296712598e+02 -4.2109827056396699e+02 5.9108447307762994e+01 -4.6728460716391510e+01 -2.6882384752736584e+01 1.5173507999999999e-04 1.9661552000000001e-04
-1.0672260927217649e-01 -8.4788956315707367e+02 1.0715159508162338e-01 -6.5101759212327204e+02 -4.2017610462946584e+02 5.3313277150152800e+01 -4.0840588570078694e+01 -2.6841140750512949e+01 2.3255418000000001e-04 3.8758918999999998e-04
-1.0666308875532901e-01 -7.7575384676475358e+02 1.0740047483319963e-01 -5.7621650404622289e+02 -4.1883342650263597e+02 4.8699504688164623e+01 -3.6105898922043103e+01 -2.6781063814566508e+01 3.2689763000000001e-04 6.6622920000000002e-04
-1.0658205408661255e-01 -7.1600394986848789e+02 1.0773931409884141e-01 -5.1319922053237087e+02 -4.1701077178268559e+02 4.4872905911340375e+01 -3.2130765102309724e+01 -2.6699462153175329e+01 4.3385032000000002e-04 1.0455858000000000e-03
-1.0647689483304822e-01 -6.6513254937113675e+02 1.0817902817205924e-01 -4.5848807315372522e+02 -4.1465466225973688e+02 4.1609711942022535e+01 -2.8692609420636963e+01 -2.6593893938448925e+01 5.5265518999999999e-04 1.5378795000000000e-03
-1.0634515068946702e-01 -6.2095503280452078e+02 1.0872990460026864e-01 -4.0993884259971514e+02 -4.1171746606913644e+02 3.8770569703177237e+01 -2.5653738133946018e+01 -2.6462156795002564e+01 6.8265765000000004e-04 2.1546280000000000e-03
-1.0618449316992773e-01 -5.8201710680124279e+02 1.0940167974049900e-01 -3.6614639711204745e+02 -4.0815745842604281e+02 3.6262740612049264e+01 -2.2923451744381865e+01 -2.6302286491665008e+01 8.2327310000000005e-04 2.9067318999999999e-03
-1.0599271313284589e-01 -5.4730089633981504e+02 1.1020359092195807e-01 -3.2614930506753205e+02 -4.0393900613303555e+02 3.4021346159498414e+01 -2.0439223701385899e+01 -2.6112561262539764e+01 9.7396649000000004e-04 3.8045331000000002e-03
-1.0576771165981241e-01 -5.1606538495477218e+02 1.1114441458544135e-01 -2.8926903690342277e+02 -3.9903280621757267e+02 3.1999182900755677e+01 -1.8156463531647240e+01 -2.5891508946745123e+01 1.1342389000000000e-03 4.8578574999999999e-03
-1.0550749339093654e-01 -4.8775370510167710e+02 1.1223249415100341e-01 -2.5501617089480854e+02 -3.9341614903749974e+02 3.0160805104308455e+01 -1.6042552844202795e+01 -2.5637915639477900e+01 1.3036180000000001e-03 6.0760461999999999e-03
-1.0521016169724155e-01 -4.6193626671184450e+02 1.1347576020415591e-01 -2.2303252981558728e+02 -3.8707317919674290e+02 2.8478893839453185e+01 -1.4073173973390839e+01 -2.5350834841310643e+01 1.4816515000000000e-03 7.4679780999999997e-03
-1.0487391477158707e-01 -4.3827425537835052e+02 1.1488174684132867e-01 -1.9305370788742067e+02 -3.7999512424583770e+02 2.6931924779842774e+01 -1.2229939837375436e+01 -2.5029595842975656e+01 1.6679024999999999e-03 9.0420881999999994e-03
-1.0449704297989511e-01 -4.1649538307371029e+02 1.1645760274548268e-01 -1.6488390266861850e+02 -3.7218048718624425e+02 2.5502621291037062e+01 -1.0498809263243670e+01 -2.4673811366608973e+01 1.8619452999999999e-03 1.0806380000000001e-02
-1.0407792640462578e-01 -3.9637721706146817e+02 1.1821010145784802e-01 -1.3837830421833195e+02 -3.6363517153212331e+02 2.4176887916853900e+01 -8.8689857017365537e+00 -2.4283383027578200e+01 2.0633631000000000e-03 1.2768437000000001e-02
-1.0361503371264004e-01 -3.7773547273248562e+02 1.2014564611185516e-01 -1.1343047504239446e+02 -3.5437255459842828e+02 2.2943062663918226e+01 -7.3321348174567973e+00 -2.3858505503750241e+01 2.2717459999999998e-03 1.4935428000000001e-02
-1.0310692025406354e-01 -3.6041552345910981e+02 1.2227027738256691e-01 -8.9962932693730352e+01 -3.4441345615260127e+02 2.1791374160792824e+01 -5.8818068481008012e+00 -2.3399667172225502e+01 2.4866887000000002e-03 1.7314116000000001e-02
-1.0255222810500873e-01 -3.4428621474740470e+02 1.2458967330803949e-01 -6.7920066844691647e+01 -3.3378605732365895e+02 2.0713546158141376e+01 -4.5130078631014570e+00 -2.2907649327649480e+01 2.7077901999999999e-03 1.9910858000000000e-02
-1.0194968371785609e-01 -3.2923515091034693e+02 1.2710915911446319e-01 -4.7262516663493649e+01 -3.2252567411373985e+02 1.9702495980368859e+01 -3.2218643489134866e+00 -2.2383520340222649e+01 2.9346520999999999e-03 2.2731616000000000e-02
-1.0129809920291888e-01 -3.1516520410509241e+02 1.2983370185699458e-01 -2.7962835705034568e+01 -3.1067450495239069e+02 1.8752111404901111e+01 -2.0053690966104369e+00 -2.1828629816143408e+01 3.1668782999999998e-03 2.5781951000000001e-02
-1.0059637104677836e-01 -3.0199175006314215e+02 1.3276791577892430e-01 -1.0001881723382807e+01 -2.9828123149352751e+02 1.7857073569415064e+01 -8.6117269936891150e-01 -2.1244595916447867e+01 3.4040742000000001e-03 2.9067029000000001e-02
-9.9843479257840539e-02 -2.8964052256525423e+02 1.3591606588445540e-01 6.6340969328606887e+00 -2.8540053456243720e+02 1.7012719681488321e+01 2.1258290222004605e-01 -2.0633292624401424e+01 3.6458464000000000e-03 3.2591624999999999e-02
-9.9038488648001050e-02 -2.7804594782502113e+02 1.3928206257953565e-01 2.1955861611317729e+01 -2.7209255547310863e+02 1.6214936561081373e+01 1.2173985879041189e+00 -1.9996832342187215e+01 3.8918026000000000e-03 3.6360116999999997e-02
-9.8180547123758635e-02 -2.6714976618888056e+02 1.4286946881741444e-01 3.5973202932312148e+01 -2.5842222262418107e+02 1.5460072270766869e+01 2.1545285641929564e+00 -1.9337545579758046e+01 4.1415510999999999e-03 4.0376493999999999e-02
-9.7268886327047652e-02 -2.5689995435309419e+02 1.4668149741905895e-01 4.8696587605569626e+01 -2.4445854490078042e+02 1.4744867157236174e+01 3.0250824928002320e+00 -1.8657958117689958e+01 4.3947007000000003e-03 4.4644352999999998e-02
-9.6302821635237984e-02 -2.4724983628506141e+02 1.5072101107315411e-01 6.0138521718997957e+01 -2.3027381993170880e+02 1.4066397049236123e+01 3.8300819595843101e+00 -1.7960765921792515e+01 4.6508610999999997e-03 4.9166899000000000e-02
-9.5281751306691906e-02 -2.3815734518710869e+02 1.5499052590888107e-01 7.0314664110690984e+01 -2.1594278880773442e+02 1.3422027370244923e+01 4.5705440366824153e+00 -1.7248806827099123e+01 4.9096423000000002e-03 5.3946949000000001e-02
-9.4205157548818030e-02 -2.2958442938883974e+02 1.5949220702994416e-01 7.9244682413217546e+01 -2.0154176976755693e+02 1.2809367922526064e+01 5.2475222908528245e+00 -1.6525032318767252e+01 5.1706551000000002e-03 5.8986927000000001e-02
-9.3072604595574107e-02 -2.2149653371812903e+02 1.6422787655332219e-01 8.6952923258100768e+01 -1.8714771819693721e+02 1.2226254295582931e+01 5.8621513337951807e+00 -1.5792475359643786e+01 5.4335110000000002e-03 6.4288872999999996e-02
-9.1883740629964281e-02 -2.1386219160113814e+02 1.6919900557051729e-01 9.3468867100245788e+01 -1.7283735152749378e+02 1.1670707263273666e+01 6.4156787922426091e+00 -1.5054220373489372e+01 5.6978226000000002e-03 6.9854434000000007e-02
-9.0638295647930994e-02 -2.0665265319209558e+02 1.7440672307950061e-01 9.8827395044277310e+01 -1.5868619336565760e+02 1.1140916224178058e+01 6.9094907294575725e+00 -1.4313369370450273e+01 5.9632034000000004e-03 7.5684873999999999e-02
-8.9336082526409039e-02 -1.9984158953644396e+02 1.7985181151873963e-01 1.0306890196841383e+02 -1.4476770220907787e+02 1.0635218980850887e+01 7.3451285690488506e+00 -1.3573011067763048e+01 6.2292681999999997e-03 8.1781068999999998e-02
-8.7976996168882368e-02 -1.9340482807262268e+02 1.8553471033997632e-01 1.0623924497788204e+02 -1.3115240286359173e+02 1.0152084842434620e+01 7.7243002828217247e+00 -1.2836188740718962e+01 6.4956331999999999e-03 8.8143510999999994e-02
-8.6561013505384019e-02 -1.8732013038016038e+02 1.9145551600822713e-01 1.0838954687619839e+02 -1.1790707887422597e+02 9.6901004491979439e+00 8.0488851911797230e+00 -1.2105869691776599e+01 6.7619166000000000e-03 9.4772308000000000e-02
-8.5088192210831345e-02 -1.8156699437424098e+02 1.9761398736095082e-01 1.0957587712203967e+02 -1.0509401735118897e+02 9.2479571239439409e+00 8.3209335910158497e+00 -1.1384915772294342e+01 7.0277381999999996e-03 1.0166719000000000e-01
-8.3558670491415216e-02 -1.7612648776553579e+02 2.0400954650124276e-01 1.0985880994810027e+02 -9.2770340859645884e+01 8.8244403598484080e+00 8.5426612602953753e+00 -1.0676056146644431e+01 7.2927204000000001e-03 1.0882751000000000e-01
-8.1972670075151230e-02 -1.7098111267378542e+02 2.1064126629311075e-01 1.0930289094772910e+02 -8.0987449033588504e+01 8.4184212855836211e+00 8.7164394314751021e+00 -9.9818637120265858e+00 7.5564877000000004e-03 1.1625223000000000e-01
-8.0330490017166412e-02 -1.6611465600280729e+02 2.1750789626411832e-01 1.0797602123193461e+02 -6.9790482869540767e+01 8.0288469500880861e+00 8.8447822997753960e+00 -9.3047304763868119e+00 7.8186677999999999e-03 1.2393994999999999e-01
-7.8632506272477629e-02 -1.6151208060186286e+02 2.2460786439177394e-01 1.0594876761530453e+02 -5.9217946880406970e+01 7.6547333146752408e+00 8.9303291198378876e+00 -8.6468479089209733e+00 8.0788911000000008e-03 1.3188891000000000e-01
-7.6879178104315646e-02 -1.5715944422639987e+02 2.3193925030769294e-01 1.0329364182750057e+02 -4.9301474624172783e+01 7.2951605519401852e+00 8.9758265785603495e+00 -8.0101937480218677e+00 8.3367917000000003e-03 1.4009695999999999e-01
-7.5071039539693032e-02 -1.5304378932693663e+02 2.3949982102538164e-01 1.0008432983838662e+02 -4.0065606138380538e+01 6.9492654937482339e+00 8.9841059524662281e+00 -7.3965156949824165e+00 8.5920070000000005e-03 1.4856159999999999e-01
-7.3208703641620201e-02 -1.4915307300367758e+02 2.4728701307634524e-01 9.6394924368332795e+01 -3.1527756898512504e+01 6.6162377173860758e+00 8.9580612575173664e+00 -6.8073241469827410e+00 8.8441787999999997e-03 1.5727996000000000e-01
-7.1292858236889328e-02 -1.4547609513821132e+02 2.5529795037397979e-01 9.2299148245685871e+01 -2.3698256271412411e+01 6.2953143231861279e+00 8.9006252734141160e+00 -6.2438839311716547e+00 9.0929527999999999e-03 1.6624881999999999e-01
-6.9324265916074337e-02 -1.4200243307270907e+02 2.6352944421357227e-01 8.7869593037974639e+01 -1.6580490314305905e+01 5.9857761331184420e+00 8.8147452161879407e+00 -5.7072132316139017e+00 9.3379794999999995e-03 1.7546460999999999e-01
-6.7303761897422862e-02 -1.3872238506967301e+02 2.7197800220424656e-01 8.3177006361773749e+01 -1.0171157028411278e+01 5.6869438237800694e+00 8.7033590987172644e+00 -5.1980832209717871e+00 9.5789143999999993e-03 1.8492342000000001e-01
-6.5232260435180406e-02 -1.3562693039265929e+02 2.8063980147312534e-01 7.8289599048648626e+01 -4.4606278961798669e+00 5.3981757542233613e+00 8.5693717938325431e+00 -4.7170243502684270e+00 9.8154178999999998e-03 1.9462097000000000e-01
-6.3110744139050060e-02 -1.3270766802427602e+02 2.8951073332506017e-01 7.3272556413788948e+01 5.6667982116038507e-01 5.1188633980863401e+00 8.4156325499249220e+00 -4.2643299192097244e+00 1.0047156000000000e-02 2.0455266000000000e-01
-6.0940261838084493e-02 -1.2995677394988329e+02 2.9858641217457738e-01 6.8187170743604256e+01 4.9317922232351821e+00 4.8484276615266406e+00 8.2449132364567852e+00 -3.8400666220955713e+00 1.0273801000000001e-02 2.1471357999999999e-01
-5.8721939261226166e-02 -1.2736698254518086e+02 3.0786213088614822e-01 6.3090710675150923e+01 8.6606206603507658e+00 4.5863220734378505e+00 8.0598897561131473e+00 -3.4440886068841876e+00 1.0495031000000000e-02 2.2509846000000000e-01
-5.6456966220659051e-02 -1.2493153497331832e+02 3.1733291436586464e-01 5.8035835172486422e+01 1.1783394093948992e+01 4.3320237343041663e+00 7.8631234041039342e+00 -3.0760496367302212e+00 1.0710529999999999e-02 2.3570173000000000e-01
-5.4146598747916684e-02 -1.2264415416770412e+02 3.2699351062949344e-01 5.3070321578924030e+01 1.4334029808550177e+01 4.0850315655952301e+00 7.6570455252195515e+00 -2.7354196666608570e+00 1.0919989999999999e-02 2.4651751000000000e-01
-5.1792161229990204e-02 -1.2049902015053435e+02 3.3683838187053017e-01 4.8236844465926474e+01 1.6349483004783131e+01 3.8448701319037850e+00 7.4439449803465667e+00 -2.4215029184010595e+00 1.1123108000000000e-02 2.5753959999999998e-01
-4.9395040001004198e-02 -1.1849074008005215e+02 3.4686173125603720e-01 4.3572856250379729e+01 1.7869109668437936e+01 3.6110829709137491e+00 7.2259564285143822e+00 -2.1334556822855868e+00 1.1319591000000000e-02 2.6876150999999998e-01
-4.6956681206108658e-02 -1.1661432538741747e+02 3.5705751185858947e-01 3.9110352332555991e+01 1.8934013492178011e+01 3.3832319389110519e+00 7.0050521804525134e+00 -1.8703053543775072e+00 1.1509152000000000e-02 2.8017647000000001e-01
-4.4478592937587054e-02 -1.1486517463296946e+02 3.6741941772432862e-01 3.4876249890154355e+01 1.9586416475448289e+01 3.1608959936982659e+00 6.7830365882868060e+00 -1.6309708188883292e+00 1.1691511000000000e-02 2.9177742000000001e-01
-4.1962347370964354e-02 -1.1323905663843360e+02 3.7794087494101736e-01 3.0892135577138170e+01 1.9869055722277682e+01 2.9436699896329208e+00 6.5615428326064560e+00 -1.4142826157582005e+00 1.1866398000000000e-02 3.0355700000000002e-01
-3.9409563676142609e-02 -1.1173208376080255e+02 3.8861511309360641e-01 2.7174580404542091e+01 1.9824615589425498e+01 2.7311619213960294e+00 6.3420307893958938e+00 -1.2190001518257563e+00 1.2033550000000000e-02 3.1550762999999998e-01
-3.6821922970157350e-02 -1.1034070811799549e+02 3.9943510274061378e-01 2.3735353480889302e+01 1.9495196429717065e+01 2.5229930569893035e+00 6.1257889534017940e+00 -1.0438321942985860e+00 1.2192715000000000e-02 3.2762143999999999e-01
-3.4201157636637308e-02 -1.0906170252493752e+02 4.1039360007385384e-01 2.0581687076278296e+01 1.8921837693067140e+01 2.3187958677392433e+00 5.9139371495047213e+00 -8.8745443227531062e-01 1.2343646000000000e-02 3.3989032000000002e-01
-3.1549053461912474e-02 -1.0789215086950630e+02 4.2148313798649140e-01 1.7716597912922481e+01 1.8144093801615696e+01 2.1182131582602874e+00 5.7074312008680259e+00 -7.4852629752038347e-01 1.2486109000000000e-02 3.5230591000000000e-01
-2.8867441090581883e-02 -1.0682943487841629e+02 4.3269606180082609e-01 1.5139248797232346e+01 1.7199654911657856e+01 1.9208963617075234e+00 5.5070695831792014e+00 -6.2570635094302429e-01 1.2619877000000000e-02 3.6485963999999999e-01
-2.6158202433837763e-02 -1.0587122912934808e+02 4.4402450247245406e-01 1.2845326978601275e+01 1.6124049100721265e+01 1.7265050590607496e+00 5.3135014783349819e+00 -5.1766690425415474e-01 1.2744734000000001e-02 3.7754270000000001e-01
-2.3423264261141455e-02 -1.0501549124854331e+02 4.5546040338610583e-01 1.0827439164610825e+01 1.4950387735912056e+01 1.5347055160316385e+00 5.1272355188867076e+00 -4.2310663898736650e-01 1.2860473000000001e-02 3.9034606999999999e-01
-2.0664593928007166e-02 -1.0426045538547558e+02 4.6699553821953865e-01 9.0755347284748940e+00 1.3709163582439437e+01 1.3451694661133677e+00 4.9486495597501436e+00 -3.4076173694655354e-01 1.2966896000000000e-02 4.0326054000000000e-01
-1.7884203648218230e-02 -1.0360462902678890e+02 4.7862149307964419e-01 7.5773115453212201e+00 1.2428123937638425e+01 1.1575734909158255e+00 4.7780016766660607e+00 -2.6941575801415835e-01 1.3063819000000001e-02 4.1627669000000000e-01
-1.5084137677178713e-02 -1.0304678687632529e+02 4.9032972009412445e-01 6.3186176983656193e+00 1.1132182017457350e+01 9.7159720506418612e-01 4.6154406397720722e+00 -2.0790737354582492e-01 1.3151064000000001e-02 4.2938494999999999e-01
-1.2266485128561710e-02 -1.0258597179449021e+02 5.0211148381981596e-01 5.2838541395826581e+00 9.8433927633584837e+00 7.8692327297718645e-01 4.4610180128517465e+00 -1.5513723341475166e-01 1.3228465999999999e-02 4.4257553999999999e-01
-9.4333628854450097e-03 -1.0222149055717927e+02 5.1395793269825762e-01 4.4563429922836919e+00 8.5809610806884518e+00 6.0323532289069881e-01 4.3146987156268688e+00 -1.1007262396347604e-01 1.3295871000000001e-02 4.5583855000000001e-01
-6.5869241447432253e-03 -1.0195291624996479e+02 5.2586006332790680e-01 3.8186867407000658e+00 7.3613027358381071e+00 4.2021761318788009e-01 4.1763727356823539e+00 -7.1751202522269741e-02 1.3353135000000000e-02 4.6916390000000002e-01
-3.7293477366675959e-03 -1.0178008822047113e+02 5.3780876512386888e-01 3.3530892814875362e+00 6.1981328297688938e+00 2.3755336743985200e-01 4.0458655745974514e+00 -3.9283071462668406e-02 1.3400123999999999e-02 4.8254139000000001e-01
-8.6284239694203735e-04 -1.0170311611675790e+02 5.4979480245400614e-01 3.0416608734133126e+00 5.1025971537418089e+00 5.4924246930207588e-02 3.9229493555004091e+00 -1.1851929747333245e-02 1.3436718000000000e-02 4.9596067999999999e-01
2.0103617776290328e-03 -1.0172238361069093e+02 5.6180885036672068e-01 2.8666789703520452e+00 4.0834132500798077e+00 -1.2799143139186420e-01 3.8073521489576105e+00 1.1285219364826928e-02 1.3462807000000000e-02 5.0941133000000005e-01
4.8880047847284364e-03 -1.0183855430876635e+02 5.7384145886317095e-01 2.8108238210997123e+00 3.1470491747896867e+00 -3.1151893842402423e-01 3.6987679335075070e+00 3.0799003363160635e-02 1.3478291000000000e-02 5.2288276000000000e-01
7.7678159414988207e-03 -1.0205257920490236e+02 5.8588313328478570e-01 2.8573785778224305e+00 2.2979020058098500e+00 -4.9598952851615863e-01 3.5968644830034671e+00 4.7289828231101547e-02 1.3483083000000000e-02 5.3636434000000000e-01
1.0647503204002290e-02 -1.0236570568672967e+02 5.9792428965353395e-01 2.9903974506499149e+00 1.5384976919273978e+00 -6.8174086951106716e-01 3.5012915457762812e+00 6.1290200592856954e-02 1.3477108000000000e-02 5.4984533999999996e-01
1.3524757439436569e-02 -1.0277948800322356e+02 6.0995527253581683e-01 3.1948398099920841e+00 8.6969319691657232e-01 -8.6911848648046597e-01 3.4116884176083078e+00 7.3268645719814285e-02 1.3460300999999999e-02 5.6331494999999998e-01
1.6397258834459111e-02 -1.0329580002550632e+02 6.2196638183830555e-01 3.4566767453761993e+00 2.9087472348283383e-01 -1.0584774447290259e+00 3.3276893911885246e+00 8.3632576092283875e-02 1.3432611000000001e-02 5.7676231000000000e-01
1.9262681167403206e-02 -1.0391685124539018e+02 6.3394789067183355e-01 3.7629669132997328e+00 -1.9983259258016886e-01 -1.2501839746368031e+00 3.2489296259256397e+00 9.2733055715366303e-02 1.3393997000000000e-02 5.9017653000000003e-01
2.2118685399953875e-02 -1.0464520171881773e+02 6.4589001855555817e-01 4.1019040739925590e+00 -6.0538409425216222e-01 -1.4446165435138827e+00 3.1750495946408179e+00 1.0086836771456240e-01 1.3344429999999999e-02 6.0354666000000001e-01
2.4962928221580027e-02 -1.0548378271447062e+02 6.5778296714474516e-01 4.4628418572466586e+00 -9.2960595699513171e-01 -1.6421679168705214e+00 3.1056995870800916e+00 1.0828933551949439e-01 1.3283893999999999e-02 6.1686173000000000e-01
2.7793070593966684e-02 -1.0643592093961929e+02 6.6961695595855186e-01 4.8363057104458100e+00 -1.1770376085048677e+00 -1.8432475207528469e+00 3.0405423510144320e+00 1.1520316634429191e-01 1.3212384000000001e-02 6.3011079000000003e-01
3.0606764934366593e-02 -1.0750535939200132e+02 6.8138216878835178e-01 5.2139627179646064e+00 -1.3527642769952768e+00 -2.0482823865960240e+00 2.9792559609167082e+00 1.2177801521544603e-01 1.3129907000000000e-02 6.4328284999999996e-01
3.3401670068356787e-02 -1.0869628958196142e+02 6.9306881622135674e-01 5.5886030440743877e+00 -1.4622527549239084e+00 -2.2577202402362038e+00 2.9215358271554299e+00 1.2814753479876945e-01 1.3036481000000001e-02 6.5636695000000000e-01
3.6175453365946408e-02 -1.1001338474679036e+02 7.0466714457256197e-01 5.9540851476936201e+00 -1.5112259865553919e+00 -2.4720319274038580e+00 2.8670957978322784e+00 1.3441480412898837e-01 1.2932137999999999e-02 6.6935217000000002e-01
3.8925784333252611e-02 -1.1146183254155092e+02 7.1616740908890886e-01 6.3052880174103265e+00 -1.5055352529800179e+00 -2.6917134010543631e+00 2.8156694595994365e+00 1.4065652664143463e-01 1.2816919000000000e-02 6.8222760000000005e-01
4.1650347429149026e-02 -1.1304738127226314e+02 7.2755992754096066e-01 6.6380420346817921e+00 -1.4510546199003485e+00 -2.9172894486632868e+00 2.7670100264874007e+00 1.4692664663064664e-01 1.2690879000000000e-02 6.9498240000000000e-01
4.4346837793049404e-02 -1.1477638383377597e+02 7.3883506235901042e-01 6.9490584198744996e+00 -1.3535898189363125e+00 -3.1493164394880555e+00 2.7208912622083083e+00 1.5325985386024876e-01 1.2554085000000000e-02 7.0760577999999996e-01
4.7012963381015876e-02 -1.1665584976510245e+02 7.4998322956502717e-01 7.2358554742362333e+00 -1.2187872986762955e+00 -3.3883858460516025e+00 2.6771065550761701e+00 1.5967492725544838e-01 1.2406611999999999e-02 7.2008700999999997e-01
4.9646455646299131e-02 -1.1869351143075329e+02 7.6099494343238550e-01 7.4966808848735704e+00 -1.0520939436808807e+00 -3.6351290328945085e+00 2.6354685891268517e+00 1.6617751516371704e-01 1.2248551000000000e-02 7.3241546999999996e-01
5.2245063131014235e-02 -1.2089788641325354e+02 7.7186078969002803e-01 7.7304333733170028e+00 -8.5867492764355691e-01 -3.8902210031761770e+00 2.5958087274958426e+00 1.7276279388412219e-01 1.2080001999999999e-02 7.4458062000000003e-01
5.4806555738356744e-02 -1.2327835597102984e+02 7.8257144338635676e-01 7.9365876689151449e+00 -6.4340033574808519e-01 -4.1543856018020922e+00 2.5579761097331115e+00 1.7941784414871148e-01 1.1901076999999999e-02 7.5657202000000001e-01
5.7328729004818807e-02 -1.2584525467608201e+02 7.9311768675312577e-01 8.1151182008453056e+00 -4.1079695795953081e-01 -4.4284003195095716e+00 2.5218365433890249e+00 1.8612373051595890e-01 1.1711898000000000e-02 7.6837935000000002e-01
5.9809410508513378e-02 -1.2860997658452092e+02 8.0349043600127845e-01 8.2664286626175496e+00 -1.6503777772479017e-01 -4.7131076476850478e+00 2.4872713703783478e+00 1.9285692928295042e-01 1.1512599000000000e-02 7.7999244000000001e-01
6.2246449188633868e-02 -1.3158507633237514e+02 8.1368069666121823e-01 8.3912827005921908e+00 9.0070926933449411e-02 -5.0094154889015243e+00 2.4541765047981530e+00 1.9959176961258204e-01 1.1303326000000001e-02 7.9140122000000002e-01
6.4637736706534721e-02 -1.3478442406061384e+02 8.2367965290226774e-01 8.4907419888800320e+00 3.5109492106165940e-01 -5.3183079776568567e+00 2.4224608910201288e+00 2.0630052440575311e-01 1.1084235000000000e-02 8.0259581999999996e-01
6.6981188220758936e-02 -1.3822333107283916e+02 8.3347858714515566e-01 8.5661079240490103e+00 6.1496428743141451e-01 -5.6408578111835945e+00 2.3920457406490212e+00 2.1295533373594780e-01 1.0855490000000001e-02 8.1356647999999998e-01
6.9274761612010460e-02 -1.4191875155315020e+02 8.4306896044952995e-01 8.6188659013361928e+00 8.7896978276673132e-01 -5.9782353223946370e+00 2.3628630368447703e+00 2.1952877567082354e-01 1.0617270000000000e-02 8.2430364000000000e-01
7.1516453210938191e-02 -1.4588947631690780e+02 8.5244239465006599e-01 8.6506397466245186e+00 1.1407471198082757e+00 -6.3317216394906009e+00 2.3348545023664289e+00 2.2599456277383762e-01 1.0369760000000000e-02 8.3479791999999997e-01
7.3704299934244016e-02 -1.5015637506810913e+02 8.6159068128841310e-01 8.6631480294189220e+00 1.3982611920715713e+00 -6.7027238620220349e+00 2.3079705317102990e+00 2.3232805206897372e-01 1.0113159000000000e-02 8.4504013000000000e-01
7.5836381420790744e-02 -1.5474267664632058e+02 8.7050579054513977e-01 8.6581656705299590e+00 1.6497863760522569e+00 -7.0927926481704695e+00 2.2821692050369884e+00 2.3850670606252089e-01 9.8476710000000005e-03 8.5502127999999999e-01
7.7910820031602268e-02 -1.5967429928428098e+02 8.7917987123973396e-01 8.6374922498680053e+00 1.8938822640968900e+00 -7.5036426512142356e+00 2.2574151135535558e+00 2.4451021307008927e-01 9.5735140000000000e-03 8.6473257999999997e-01
7.9925791530403661e-02 -1.6498025905887826e+02 8.8760529549033329e-01 8.6029244118084023e+00 2.1293877773683167e+00 -7.9371788924767923e+00 2.2336788044179627e+00 2.5032080804985746e-01 9.2909130999999992e-03 8.7416548999999999e-01
8.1879514403081083e-02 -1.7069311351756946e+02 8.9577461405399461e-01 8.5562286170729234e+00 2.3553643296033777e+00 -8.3955237035206043e+00 2.2109358110879285e+00 2.5592324362391061e-01 9.0001030000000006e-03 8.8331166999999999e-01
8.3770262674329909e-02 -1.7684955254235703e+02 9.0368060991837018e-01 8.4991304285568088e+00 2.5711061560330957e+00 -8.8810544458994176e+00 2.1891658868876211e+00 2.6130464257138736e-01 8.7013270999999996e-03 8.9216304000000002e-01
8.5596359499330726e-02 -1.8349105789969622e+02 9.1131627150586980e-01 8.4332903968410502e+00 2.7760991923466993e+00 -9.3964443622805138e+00 2.1683524468532958e+00 2.6645481516675101e-01 8.3948374000000006e-03 9.0071175000000003e-01
8.7356187844289529e-02 -1.9066476670901952e+02 9.1867483733339039e-01 8.3602908049704538e+00 2.9700033175165039e+00 -9.9447173530807493e+00 2.1484817787551616e+00 2.7136564119538226e-01 8.0808944000000001e-03 9.0895022999999997e-01
8.9048181942005478e-02 -1.9842445999958682e+02 9.2574976028453237e-01 8.2816375388851675e+00 3.1526277271197745e+00 -1.0529309467490100e+01 2.1295413729537849e+00 2.7603154909444061e-01 7.7597663000000001e-03 9.1687114999999997e-01
9.0670835836303226e-02 -2.0683186087397442e+02 9.3253474333738351e-01 8.1987440867943615e+00 3.3239134054161763e+00 -1.1154150964128881e+01 2.1115271728125862e+00 2.8044866019130416e-01 7.4317293999999999e-03 9.2446746000000002e-01
9.2222705518140796e-02 -2.1595824296717424e+02 9.3902374849646475e-01 8.1129309140162356e+00 3.4839111249091488e+00 -1.1823767565885642e+01 2.0944268897592497e+00 2.8461510560022968e-01 7.0970672000000004e-03 9.3173240000000002e-01
9.3702404653393551e-02 -2.2588643106298699e+02 9.4521097892883832e-01 8.0254242477472513e+00 3.6327630786246168e+00 -1.2543406215582602e+01 2.0782362598921447e+00 2.8853030473174945e-01 6.7560703000000000e-03 9.3865947999999999e-01
9.5108615263394564e-02 -2.3671347665882629e+02 9.5109092362383785e-01 7.9373526489120128e+00 3.7706867256283458e+00 -1.3319205919633854e+01 2.0629504166996315e+00 2.9219541264233745e-01 6.4090362999999996e-03 9.4524253000000003e-01
9.6440074908286100e-02 -2.4855396951473736e+02 9.5665830380139205e-01 7.8497502926569815e+00 3.8979586739816763e+00 -1.4158398539968266e+01 2.0485659740752333e+00 2.9561264980817864e-01 6.0562691999999996e-03 9.5147563999999996e-01
9.7695598048100352e-02 -2.6154473047469492e+02 9.6190816223148490e-01 7.7635653597987577e+00 4.0148992827093073e+00 -1.5069621635670030e+01 2.0350780814479990e+00 2.9878523241025512e-01 5.6980790999999996e-03 9.5735325999999998e-01
9.8874054681678675e-02 -2.7585072275875899e+02 9.6683577391469577e-01 7.6796502259214092e+00 4.1218646453632388e+00 -1.6063276143556109e+01 2.0224855554001868e+00 3.0171712848551391e-01 5.3347821999999998e-03 9.6287009999999995e-01
9.9974391707752380e-02 -2.9167367919757919e+02 9.7143673540165887e-01 7.5987740876369347e+00 4.2192247761945501e+00 -1.7152081921218052e+01 2.0107855073589218e+00 3.0441292621879384e-01 4.9667000000000001e-03 9.6802122999999995e-01
1.0099561797218615e-01 -3.0926378868627251e+02 9.7570690226944201e-01 7.5216275658112224e+00 4.3073627551350739e+00 -1.8351815989952314e+01 1.9999759523079699e+00 3.0687761766089655e-01 4.5941591999999996e-03 9.7280200999999999e-01
1.0193682135684251e-01 -3.2893714869361349e+02 9.7964246057711390e-01 7.4488218914401552e+00 4.3866667952490390e+00 -1.9682421637761472e+01 1.9900550410518991e+00 3.0911645032997848e-01 4.2174915999999996e-03 9.7720817000000004e-01
1.0279715169071746e-01 -3.5110116003819348e+02 9.8323985541017633e-01 7.3809010418127547e+00 4.4575111553365945e+00 -2.1169620029459242e+01 1.9810212318103537e+00 3.1113475088614484e-01 3.8370333000000002e-03 9.8123572999999997e-01
1.0357583783880492e-01 -3.7629472893763614e+02 9.8649586233613262e-01 7.3183401895364995e+00 4.5202604300102651e+00 -2.2847467171080588e+01 1.9728730620407415e+00 3.1293783263925201e-01 3.4531249000000000e-03 9.8488107999999996e-01
1.0427218129377244e-01 -4.0525287688317007e+02 9.8940756060864887e-01 7.2615518566782491e+00 4.5752573944645381e+00 -2.4762463868534439e+01 1.9656092096349851e+00 3.1453079776263854e-01 3.0661112999999999e-03 9.8814095000000002e-01
1.0488555190374521e-01 -4.3901742658393641e+02 9.9197231530366248e-01 7.2108930902986650e+00 4.6228212291634589e+00 -2.6980600520109270e+01 1.9592285745374525e+00 3.1591853934395020e-01 2.6763420000000000e-03 9.9101238999999997e-01
1.0541540068895433e-01 -4.7914171898830745e+02 9.9418783091105800e-01 7.1666669463417501e+00 4.6632373495153008e+00 -2.9600396967246692e+01 1.9537300600932324e+00 3.1710552324650892e-01 2.2841723000000002e-03 9.9349282999999999e-01
1.0586125556952070e-01 -5.2810335127783230e+02 9.9605213347077481e-01 7.1291260334466298e+00 4.6967626398437270e+00 -3.2779201247121144e+01 1.9491127184777211e+00 3.1809577646476062e-01 1.8899688000000000e-03 9.9558005999999999e-01
1.0622271922934698e-01 -5.9025459686465240e+02 9.9756356164086168e-01 7.0984775941219436e+00 4.7236161634971268e+00 -3.6793775598497191e+01 1.9453757208848064e+00 3.1889279899008560e-01 1.4941295000000000e-03 9.9727222000000004e-01
1.0649949902163028e-01 -6.7450878426739507e+02 9.9872089174472001e-01 7.0748829285588668e+00 4.7439802018023105e+00 -4.2211599640462445e+01 1.9425180778422479e+00 3.1949956177236660e-01 1.0971916000000000e-03 9.9856794000000004e-01
1.0669148814096807e-01 -8.0536009449784854e+02 9.9952367718505108e-01 7.0584529006276018e+00 4.7580045479225728e+00 -5.0593768921656320e+01 1.9405378381379785e+00 3.1991863213989913e-01 7.0085733000000002e-04 9.9946672000000003e-01
