-2.4493013594175386e-01 -1.5878082055520886e+03 2.4493140962356605e-01 -1.5245640484910098e+03 -4.5887015864182666e+02 1.0645605397651785e+02 -1.0231924801252345e+02 -3.0020940447314839e+01 5.5301730000000003e-06 1.0230946000000001e-06
-2.4492087715689007e-01 -1.1543678076781744e+03 2.4494568106153417e-01 -1.0905315584390842e+03 -4.5874014680185888e+02 7.8094435548254268e+01 -7.3930010631619865e+01 -3.0015060899152306e+01 3.5894988000000002e-05 1.9923924999999999e-05
-2.4489182890258104e-01 -9.5335924967053677e+02 2.4499045587437965e-01 -8.8802604472089081e+02 -4.5833244223680816e+02 6.4932477116492322e+01 -6.0697708909629178e+01 -2.9996621321586630e+01 8.5619985000000003e-05 7.9222864999999994e-05
-2.4483432278701722e-01 -8.2162306278718859e+02 2.4507909547159773e-01 -7.5377601900195850e+02 -4.5752617286217037e+02 5.6295004735041474e+01 -5.1941304995948933e+01 -2.9960147174219305e+01 1.5173507999999999e-04 1.9661552000000001e-04
-2.4474077218168619e-01 -7.2396742305999680e+02 2.4522329383893224e-01 -6.5255997468017745e+02 -4.5621695870655992e+02 4.9879506197554804e+01 -4.5356236583861175e+01 -2.9900896920981371e+01 2.3255418000000001e-04 3.8758918999999998e-04
-2.4460427723133546e-01 -6.4677016607978612e+02 2.4543368637375687e-01 -5.7077238579513789e+02 -4.5431211755059468e+02 4.4794936798604120e+01 -4.0051555257958150e+01 -2.9814637952019037e+01 3.2689763000000001e-04 6.6622920000000002e-04
-2.4441844512387101e-01 -5.8330201757550640e+02 2.4572012692002465e-01 -5.0173152250974965e+02 -4.5172896570980282e+02 4.0601388474240565e+01 -3.5588882166018955e+01 -2.9697561736566996e+01 4.3385032000000002e-04 1.0455858000000000e-03
-2.4417728950469245e-01 -5.2973382298040565e+02 2.4609184281043536e-01 -4.4167823540604024e+02 -4.4839427450158763e+02 3.7048799014731145e+01 -3.1720727050548820e+01 -2.9546250952886123e+01 5.5265518999999999e-04 1.5378795000000000e-03
-2.4387516829860156e-01 -4.8367197082099688e+02 2.4655753070738992e-01 -3.8830603684140624e+02 -4.4424428319797710e+02 3.3981090171189280e+01 -2.8294381725265982e+01 -2.9357671784632341e+01 6.8265765000000004e-04 2.1546280000000000e-03
-2.4350674172379244e-01 -4.4351538443364990e+02 2.4712542131998536e-01 -3.4011430447948169e+02 -4.3922498878393708e+02 3.1294069811895618e+01 -2.5209651533830108e+01 -2.9129179077398813e+01 8.2327310000000005e-04 2.9067318999999999e-03
-2.4306694368395310e-01 -4.0813673264953047e+02 2.4780332350006568e-01 -2.9608658334371870e+02 -4.3329258974128533e+02 2.8914554633032161e+01 -2.2397847861701770e+01 -2.8858529049811828e+01 9.7396649000000004e-04 3.8045331000000002e-03
-2.4255096085118905e-01 -3.7670950399941063e+02 2.4859865648368365e-01 -2.5551523569683707e+02 -4.2641398009191465e+02 2.6789041408087623e+01 -1.9810357600343675e+01 -2.8543895288221808e+01 1.1342389000000000e-03 4.8578574999999999e-03
-2.4195421738235159e-01 -3.4860761312998847e+02 2.4951847344926492e-01 -2.1789891799291351e+02 -4.1856723961742478e+02 2.4877128316986038e+01 -1.7411972605763545e+01 -2.8183885777835240e+01 1.3036180000000001e-03 6.0760461999999999e-03
-2.4127236384817294e-01 -3.2334386800087805e+02 2.5056947858217560e-01 -1.8287908970395370e+02 -4.0974207542422738e+02 2.3147479521856706e+01 -1.5176778048719635e+01 -2.7777559355616077e+01 1.4816515000000000e-03 7.4679780999999997e-03
-2.4050126826880491e-01 -3.0053050719709677e+02 2.5175804089249160e-01 -1.5019868605188088e+02 -3.9994016419986502e+02 2.1575240095537627e+01 -1.3085488225192785e+01 -2.7324439489777053e+01 1.6679024999999999e-03 9.0420881999999994e-03
-2.3963701003953922e-01 -2.7985299214978016e+02 2.5309020357785872e-01 -1.1967411675329380e+02 -3.8917538337705651e+02 2.0140315746851225e+01 -1.1123659527972167e+01 -2.6824525130596438e+01 1.8619452999999999e-03 1.0806380000000001e-02
-2.3867587429740270e-01 -2.6105199454864231e+02 2.5457169270679048e-01 -9.1175495432096994e+01 -3.7747388315777329e+02 1.8826191767368236e+01 -9.2804407939296674e+00 -2.6278296565966819e+01 2.0633631000000000e-03 1.2768437000000001e-02
-2.3761434932489264e-01 -2.4391073683820198e+02 2.5620792122053548e-01 -6.4612283164997493e+01 -3.6487400728108207e+02 1.7619104100284776e+01 -7.5476785023516531e+00 -2.5686717243015110e+01 2.2717459999999998e-03 1.4935428000000001e-02
-2.3644912219021144e-01 -2.2824580868664668e+02 2.5800399565319487e-01 -3.9922429844408626e+01 -3.5142601744534102e+02 1.6507439282632525e+01 -5.9192515064679752e+00 -2.5051228339537293e+01 2.4866887000000002e-03 1.7314116000000001e-02
-2.3517707884523875e-01 -2.1390044921718959e+02 2.5996471598070853e-01 -1.7064078829279037e+01 -3.3719164851620786e+02 1.5481288916511801e+01 -4.3905706379021687e+00 -2.4373739292960440e+01 2.7077901999999999e-03 1.9910858000000000e-02
-2.3379529873705765e-01 -2.0073943172230506e+02 2.6209458392661794e-01 3.9911770738560777e+00 -3.2224341573162809e+02 1.4532122610525839e+01 -2.9581844876574257e+00 -2.3656608638191347e+01 2.9346520999999999e-03 2.2731616000000000e-02
-2.3230105774712209e-01 -1.8864524032746246e+02 2.6439779843165018e-01 2.3263065694207217e+01 -3.0666380397580861e+02 1.3652535148785200e+01 -1.6194773932414221e+00 -2.2902622651234779e+01 3.1668782999999998e-03 2.5781951000000001e-02
-2.3069182525208942e-01 -1.7751503835533350e+02 2.6687826018413385e-01 4.0767834684240057e+01 -2.9054424894442059e+02 1.2836050040559137e+01 -3.7241517739244734e-01 -2.2114964374781739e+01 3.4040742000000001e-03 2.9067029000000001e-02
-2.2896526216437513e-01 -1.6725829874515750e+02 2.6953957464027672e-01 5.6520872167532119e+01 -2.7398385138503102e+02 1.2076965844250624e+01 7.8464681152391313e-01 -2.1297176665631472e+01 3.6458464000000000e-03 3.2591624999999999e-02
-2.2711922387132069e-01 -1.5779494254596025e+02 2.7238504749374948e-01 7.0539955942738629e+01 -2.5708809444242451e+02 1.1370236110571081e+01 1.8531336947671977e+00 -2.0453122362330053e+01 3.8918026000000000e-03 3.6360116999999997e-02
-2.2515175631630316e-01 -1.4905379358023171e+02 2.7541769071624073e-01 8.2847468750222404e+01 -2.3996729936087436e+02 1.0711369926711807e+01 2.8343826531499592e+00 -1.9586935274638478e+01 4.1415510999999999e-03 4.0376493999999999e-02
-2.2306109746831915e-01 -1.4097135456706545e+02 2.7864022029224872e-01 9.3472159412732552e+01 -2.2273505613648155e+02 1.0096353314757945e+01 3.7297511946265134e+00 -1.8702969997010090e+01 4.3947007000000003e-03 4.4644352999999998e-02
-2.2084567732198468e-01 -1.3349077454737741e+02 2.8205505621908150e-01 1.0245047700133605e+02 -2.0550652296087461e+02 9.5215840755550598e+00 4.5407043883399005e+00 -1.7805746934238133e+01 4.6508610999999997e-03 4.9166899000000000e-02
-2.1850411593809033e-01 -1.2656100152837496e+02 2.8566432552713428e-01 1.0982749629441034e+02 -1.8839669105651598e+02 8.9838174112569025e+00 5.2688795755315452e+00 -1.6899894097630405e+01 4.9096423000000002e-03 5.3946949000000001e-02
-2.1603522589290727e-01 -1.2013607208416641e+02 2.8946985850454277e-01 1.1565744681600329e+02 -1.7151877470875749e+02 8.4801215566560586e+00 5.9161587659421055e+00 -1.5990089066773814e+01 5.1706551000000002e-03 5.8986927000000001e-02
-2.1343800786943612e-01 -1.1417449635393524e+02 2.9347319549280720e-01 1.2000391455320977e+02 -1.5498234610427659e+02 8.0078390853246901e+00 6.4846632289039867e+00 -1.5080997889606200e+01 5.4335110000000002e-03 6.4288872999999996e-02
-2.1071165506615822e-01 -1.0863875506061819e+02 2.9767558009116823e-01 1.2293969154144065e+02 -1.3889184531057910e+02 7.5645553115389212e+00 6.9768182799218765e+00 -1.4177217902260509e+01 5.6978226000000002e-03 6.9854434000000007e-02
-2.0785554829842293e-01 -1.0349484690243779e+02 3.0207796670730058e-01 1.2454635083081985e+02 -1.2334500214467272e+02 7.1480705626542438e+00 7.3953432509543484e+00 -1.3283218815948583e+01 5.9632034000000004e-03 7.5684873999999999e-02
-2.0486925844775400e-01 -9.8711912870685154e+01 3.0668101678196613e-01 1.2491356348151467e+02 -1.0843147025636915e+02 6.7563772080561444e+00 7.7432543504844791e+00 -1.2403289444470529e+01 6.2292681999999997e-03 8.1781068999999998e-02
-2.0175254450240454e-01 -9.4261901862698110e+01 3.1148510180929140e-01 1.2413814146920970e+02 -9.4231600109882265e+01 6.3876383534392787e+00 8.0238543056355081e+00 -1.1541486509445543e+01 6.4956331999999999e-03 8.8143510999999994e-02
-1.9850535355735691e-01 -9.0119282362829395e+01 3.1649030333676759e-01 1.2232295347665132e+02 -8.0815409258268105e+01 6.0401707508718587e+00 8.2407125539200106e+00 -1.0701589102225254e+01 6.7619166000000000e-03 9.4772308000000000e-02
-1.9512781787515518e-01 -8.6260789725010738e+01 3.2169641749566674e-01 1.1957563032082079e+02 -6.8241680146800476e+01 5.7124289530013233e+00 8.3976383186033701e+00 -9.8870576066661968e+00 7.0277381999999996e-03 1.0166719000000000e-01
-1.9162025439604374e-01 -8.2665178360000127e+01 3.2710295575611104e-01 1.1600717873186531e+02 -5.6557739138010056e+01 5.4029918164643824e+00 8.4986469123447943e+00 -9.1009998791871176e+00 7.2927204000000001e-03 1.0882751000000000e-01
-1.8798317159602529e-01 -7.9313095035442771e+01 3.3270913435610178e-01 1.1173052339379812e+02 -4.5798377782770125e+01 5.1105511581414316e+00 8.5479211650311786e+00 -8.3461453548256266e+00 7.5564877000000004e-03 1.1625223000000000e-01
-1.8421725528088373e-01 -7.6186805716663983e+01 3.3851389619853101e-01 1.0685899425112136e+02 -3.5986441467427596e+01 4.8338999548499313e+00 8.5497693630175213e+00 -7.6248217639101368e+00 7.8186677999999999e-03 1.2393994999999999e-01
-1.8032336760646167e-01 -7.3270105049393393e+01 3.4451591236131995e-01 1.0150482476521626e+02 -2.7132510598765236e+01 4.5719231486187040e+00 8.5085801557260723e+00 -6.9389424078848343e+00 8.0788911000000008e-03 1.3188891000000000e-01
-1.7630256177449877e-01 -7.0548169654881391e+01 3.5071355944533855e-01 9.5777722934536769e+01 -1.9235453794468395e+01 4.3235903047943998e+00 8.4287765568174127e+00 -6.2900030844876476e+00 8.3367917000000003e-03 1.4009695999999999e-01
-1.7215606243818060e-01 -6.8007401603248468e+01 3.5710494977717944e-01 8.9783506499164560e+01 -1.2282853659549213e+01 4.0879467963387697e+00 8.3147697187130838e+00 -5.6790799652850659e+00 8.5920070000000005e-03 1.4856159999999999e-01
-1.6788527549936422e-01 -6.5635362080911335e+01 3.6368791630777125e-01 8.3622660137891643e+01 -6.2517866243455380e+00 3.8641078029449636e+00 8.1709139850479620e+00 -5.1068394835811741e+00 8.8441787999999997e-03 1.5727996000000000e-01
-1.6349177831135259e-01 -6.3420634386907153e+01 3.7046002771376541e-01 7.7389569364884366e+01 -1.1097102792578835e+00 3.6512517224100467e+00 8.0014634717742368e+00 -4.5735513245929056e+00 9.0929527999999999e-03 1.6624881999999999e-01
-1.5897731967889478e-01 -6.1352755352470986e+01 3.7741858839753650e-01 7.1171168494941213e+01 3.1844866660309643e+00 3.4486148302000896e+00 7.8105321193262309e+00 -4.0791088441160790e+00 9.3379794999999995e-03 1.7546460999999999e-01
-1.5434381495957300e-01 -5.9422117959993265e+01 3.8456064603787565e-01 6.5046323462379107e+01 6.6793419537256558e+00 3.2554861951317955e+00 7.6020568725906168e+00 -3.6230537577342936e+00 9.5789143999999993e-03 1.8492342000000001e-01
-1.4959336075964103e-01 -5.7619899389656126e+01 3.9188296893790964e-01 5.9085198234091727e+01 9.4295592012971223e+00 3.0712038309140377e+00 7.3797665251339879e+00 -3.2046071665045202e+00 9.8154178999999998e-03 1.9462097000000000e-01
-1.4472821044096029e-01 -5.5938064078859405e+01 3.9938208377856932e-01 5.3348799785581861e+01 1.1494764415467523e+01 2.8951496350239396e+00 7.1471531977865297e+00 -2.8226999113899192e+00 1.0047156000000000e-02 2.0455266000000000e-01
-1.3975076922238724e-01 -5.4369138918699029e+01 4.0705428316928272e-01 4.7888739977501523e+01 1.2938195923962654e+01 2.7267456728979620e+00 6.9074501006431275e+00 -2.4760080741563621e+00 1.0273801000000001e-02 2.1471357999999999e-01
-1.3466361867283713e-01 -5.2906335756190074e+01 4.1489558789450770e-01 4.2747220728487051e+01 1.3825400311749297e+01 2.5654517315865353e+00 6.6636158275538326e+00 -2.1629921157747520e+00 1.0495031000000000e-02 2.2509846000000000e-01
-1.2946948731960742e-01 -5.1543409837298682e+01 4.2290179221789281e-01 3.7957132648539883e+01 1.4223061196635406e+01 2.4107610816100205e+00 6.4183215663061839e+00 -1.8819325779489233e+00 1.0710529999999999e-02 2.3570173000000000e-01
-1.2417125554699057e-01 -5.0274635562461150e+01 4.3106845633158442e-01 3.3542353275374339e+01 1.4197736423450845e+01 2.2621981427711377e+00 6.1739451421324443e+00 -1.6309691210090262e+00 1.0919989999999999e-02 2.4651751000000000e-01
-1.1877196049488686e-01 -4.9094768445272031e+01 4.3939089880553256e-01 2.9518216109823140e+01 1.3814831169712177e+01 2.1193158829585297e+00 5.9325699207912672e+00 -1.4081363233667601e+00 1.1123108000000000e-02 2.5753959999999998e-01
-1.1327478136296604e-01 -4.7999006331909527e+01 4.4786421923957215e-01 2.5891965999944816e+01 1.3137606451667157e+01 1.9816930576935394e+00 5.6959878400011430e+00 -1.2114023288877840e+00 1.1319591000000000e-02 2.6876150999999998e-01
-1.0768303451205466e-01 -4.6982957128996652e+01 4.5648330581411645e-01 2.2663629459502637e+01 1.2226322712974655e+01 1.8489320474925153e+00 5.4657068219805476e+00 -1.0386991157849321e+00 1.1509152000000000e-02 2.8017647000000001e-01
-1.0200017836274880e-01 -4.6042611127619189e+01 4.6524282773946357e-01 1.9826576084365431e+01 1.1137515392752828e+01 1.7206568310300996e+00 5.2429626717245732e+00 -8.8795602340394131e-01 1.1691511000000000e-02 2.9177742000000001e-01
-9.6229818294026798e-02 -4.5174315689592262e+01 4.7413722770510258e-01 1.7368421829559626e+01 9.9234083427833166e+00 1.5965112959626453e+00 5.0287339262887807e+00 -7.5712761573646892e-01 1.1866398000000000e-02 3.0355700000000002e-01
-9.0375667454347386e-02 -4.4374746046856643e+01 4.8316078228526282e-01 1.5271896281107646e+01 8.6314625722134117e+00 1.4761566285943584e+00 4.8237578678510271e+00 -6.4421806376008406e-01 1.2033550000000000e-02 3.1550762999999998e-01
-8.4441581051938719e-02 -4.3640890534218975e+01 4.9230754908405849e-01 1.3515615621204685e+01 7.3040620070018036e+00 1.3592704572810350e+00 4.6285514935723606e+00 -5.4730372625081269e-01 1.2192715000000000e-02 3.2762143999999999e-01
-7.8431531861734849e-02 -4.2970026425066223e+01 5.0157140448895654e-01 1.2075038427286572e+01 5.9783345366044633e+00 1.2455448122395927e+00 4.4434316199183614e+00 -4.6455084568701499e-01 1.2343646000000000e-02 3.3989032000000002e-01
-7.2349615123988353e-02 -4.2359707212285819e+01 5.1094603612008327e-01 1.0923244958764579e+01 4.6860932834581837e+00 1.1346847989533873e+00 4.2685370177441584e+00 -3.9423028601836740e-01 1.2486109000000000e-02 3.5230591000000000e-01
-6.6200028949819384e-02 -4.1807743557786630e+01 5.2042497303299884e-01 1.0031735050811497e+01 3.4538901962670239e+00 1.0264068953642020e+00 4.1038503940136444e+00 -3.3472855595463907e-01 1.2619877000000000e-02 3.6485963999999999e-01
-5.9987089017053963e-02 -4.1312194499922178e+01 5.3000156306661617e-01 9.3711694484635633e+00 2.3031682131643114e+00 9.2043795340380230e-01 3.9492210366204410e+00 -2.8455587111394898e-01 1.2744734000000001e-02 3.7754270000000001e-01
-5.3715213874385631e-02 -4.0871352205485138e+01 5.3966899549528191e-01 8.9120342225691260e+00 1.2505087462537203e+00 8.1651370657707711e-01 3.8043864308294992e+00 -2.4235084843358209e-01 1.2860473000000001e-02 3.9034606999999999e-01
-4.7388915144150084e-02 -4.0483733797419092e+01 5.4942031613016418e-01 8.6252360150371992e+00 3.0793884291159540e-01 7.1437743869790538e-01 3.6689929726163575e+00 -2.0688235607956565e-01 1.2966896000000000e-02 4.0326054000000000e-01
-4.1012807319550593e-02 -4.0148073697542110e+01 5.5924841221786448e-01 8.4826445060526030e+00 -5.1669792153793315e-01 6.1377902632148684e-01 3.5426159100500518e+00 -1.7704903949601644e-01 1.3063819000000001e-02 4.1627669000000000e-01
-3.4591578372981574e-02 -3.9863315499760908e+01 5.6914605774457994e-01 8.4574051308806091e+00 -1.2193312609535094e+00 5.1447336488905115e-01 3.4247771826797275e+00 -1.5187632588346042e-01 1.3151064000000001e-02 4.2938494999999999e-01
-2.8130019147704993e-02 -3.9628608547121736e+01 5.7910586813194165e-01 8.5245250056902044e+00 -1.7992210373643778e+00 4.1621975475815809e-01 3.3149625774879290e+00 -1.3051196595049383e-01 1.3228465999999999e-02 4.4257553999999999e-01
-2.1632984168948488e-02 -3.9443302556649805e+01 5.8912036064256346e-01 8.6609106219246836e+00 -2.2585091966178097e+00 3.1878022846514042e-01 3.2126361871670275e+00 -1.1221958594912684e-01 1.3295871000000001e-02 4.5583855000000001e-01
-1.5105411238356348e-02 -3.9306946248117818e+01 5.9918192417726734e-01 8.8456743840850347e+00 -2.6017595926116135e+00 2.2191920360533235e-01 3.1172536823965227e+00 -9.6371308396587627e-02 1.3353135000000000e-02 4.6916390000000002e-01
-8.5522969409257688e-03 -3.9219285912031694e+01 6.0928285702855201e-01 9.0602323565336107e+00 -2.8355153770669035e+00 1.2540000363656389e-01 3.0282732582579888e+00 -8.2439487301632614e-02 1.3400123999999999e-02 4.8254139000000001e-01
-1.9787064422322476e-03 -3.9180266306092854e+01 6.1941535177920526e-01 9.2883597546021139e+00 -2.9678665308897729e+00 2.8988025737389123e-02 2.9451653515284737e+00 -6.9987724816427066e-02 1.3436718000000000e-02 4.9596067999999999e-01
4.6102461060212319e-03 -3.9190032383569161e+01 6.2957152550507856e-01 9.5161857203655469e+00 -3.0080471378572522e+00 -6.7554751366788679e-02 2.8674198754234714e+00 -5.8661600713968858e-02 1.3462807000000000e-02 5.0941133000000005e-01
1.1209377971553219e-02 -3.9248933110232294e+01 6.3974338957231258e-01 9.7321389269025804e+00 -2.9660626586563650e+00 -1.6446855520242476e-01 2.7945527997021555e+00 -4.8179483517502612e-02 1.3478291000000000e-02 5.2288276000000000e-01
1.7813481929018632e-02 -3.9357526750933587e+01 6.4992291759357979e-01 9.9268511214359343e+00 -2.8523558526384174e+00 -2.6199806051377639e-01 2.7261099347683690e+00 -3.8323144103872178e-02 1.3483083000000000e-02 5.3636434000000000e-01
2.4417301766945038e-02 -3.9516587590118540e+01 6.6010200767461658e-01 1.0093023626873366e+01 -2.6775073273854342e+00 -3.6039325608833117e-01 2.6616704138927876e+00 -2.8929219605389443e-02 1.3477108000000000e-02 5.4984533999999996e-01
3.1015542084957909e-02 -3.9727114541311579e+01 6.7027249751561013e-01 1.0225271156835831e+01 -2.4519795184793098e+00 -4.5991089292299936e-01 2.6008485666618797e+00 -1.9880437232881791e-02 1.3460300999999999e-02 5.6331494999999998e-01
3.7602882989619141e-02 -3.9990342149267555e+01 6.8042618706327962e-01 1.0319993471791735e+01 -2.1859001297257179e+00 -5.6081608047284237e-01 2.5432944341284345e+00 -1.1097978302011065e-02 1.3432611000000001e-02 5.7676231000000000e-01
4.4173989891652360e-02 -4.0307753792501259e+01 6.9055485361226299e-01 1.0374930494585476e+01 -1.8888859723553024e+00 -6.6338392523620882e-01 2.4886937306810273e+00 -2.5342479984549306e-03 1.3393997000000000e-02 5.9017653000000003e-01
5.0723498810104600e-02 -4.0681096031748474e+01 7.0065022915303687e-01 1.0389481323522533e+01 -1.5699052845607058e+00 -7.6790089124638450e-01 2.4367670923100171e+00 5.8337168583948501e-03 1.3344429999999999e-02 6.0354666000000001e-01
5.7246035966797587e-02 -4.1112396827351233e+01 7.1070403057469034e-01 1.0363992732222327e+01 -1.2371741673221384e+00 -8.7466682756711189e-01 2.3872684275724914e+00 1.4009990619406347e-02 1.3283893999999999e-02 6.1686173000000000e-01
6.3736237380778576e-02 -4.1603987436485220e+01 7.2070798986769991e-01 1.0299825603990419e+01 -8.9808831927494026e-01 -9.8399718574987682e-01 2.3399828928678699e+00 2.1984807708313233e-02 1.3212384000000001e-02 6.3011079000000003e-01
7.0188719476643596e-02 -4.2158527350543295e+01 7.3065380881976727e-01 1.0199119349112197e+01 -5.5918319311850928e-01 -1.0962245784282394e+00 2.2947246995166002e+00 2.9738854750896288e-02 1.3129907000000000e-02 6.4328284999999996e-01
7.6598113374827165e-02 -4.2779017134304148e+01 7.4053321187067556e-01 1.0064622277445389e+01 -2.2611952503955621e-01 -1.2117016281802839e+00 2.2513346385077844e+00 3.7247156919559529e-02 1.3036481000000001e-02 6.5636695000000000e-01
8.2959069790214696e-02 -4.3468862611237164e+01 7.5033795366298184e-01 9.8995301130419175e+00 9.6309758858580063e-02 -1.3308035813904846e+00 2.2096772817636876e+00 4.4481776536564176e-02 1.2932137999999999e-02 6.6935217000000002e-01
8.9266244336304174e-02 -4.4231877271424828e+01 7.6005979638993704e-01 9.7073440683739030e+00 4.0415136257718159e-01 -1.4539308185288857e+00 2.1696384696798541e+00 5.1414513252699932e-02 1.2816919000000000e-02 6.8222760000000005e-01
9.5514326916883024e-02 -4.5072343462964753e+01 7.6969055509964757e-01 9.4917432044276620e+00 6.9425155648662062e-01 -1.5815125076317524e+00 2.1311226826262804e+00 5.8018671153279036e-02 1.2690879000000000e-02 6.9498240000000000e-01
1.0169803192880225e-01 -4.5995052465147864e+01 7.7922208259368797e-01 9.2564737172682925e+00 9.6420276172014585e-01 -1.7140099096516681e+00 2.0940498238327168e+00 6.4270422281989495e-02 1.2554085000000000e-02 7.0760577999999996e-01
1.0781210316058940e-01 -4.7005360470940587e+01 7.8864627697779444e-01 9.0052565732644787e+00 1.2122821532283055e+00 -1.8519203424230108e+00 2.0583543992770643e+00 7.0149889429358167e-02 1.2406611999999999e-02 7.2008700999999997e-01
1.1385133828551200e-01 -4.8109253703800690e+01 7.9795511941533304e-01 8.7417084159311127e+00 1.4373781896456652e+00 -1.9957821355647392e+00 2.0239816147036258e+00 7.5641722151492258e-02 1.2248551000000000e-02 7.3241546999999996e-01
1.1981057416573979e-01 -4.9313417134447093e+01 8.0714065147521930e-01 8.4692750432733899e+00 1.6389615945347598e+00 -2.1461793174175865e+00 1.9908862002379282e+00 8.0735402490529171e-02 1.2080001999999999e-02 7.4458062000000003e-01
1.2568469664956969e-01 -5.0625317142833211e+01 8.1619499023330433e-01 8.1911895036175828e+00 1.8169296881883170e+00 -2.3037473585186383e+00 1.9590305147873464e+00 8.5425341259036766e-02 1.1901076999999999e-02 7.5657202000000001e-01
1.3146865036865160e-01 -5.2053297346184934e+01 8.2511034337376332e-01 7.9104290390136676e+00 1.9716237945317880e+00 -2.4691799929003784e+00 1.9283827888193354e+00 8.9710745056119007e-02 1.1711898000000000e-02 7.6837935000000002e-01
1.3715745343382665e-01 -5.3606690887176221e+01 8.3387903184117584e-01 7.6297036931058786e+00 2.1037181110731322e+00 -2.6432369094872312e+00 1.8989157310958427e+00 9.3595368403187537e-02 1.1512599000000000e-02 7.7999244000000001e-01
1.4274617294206329e-01 -5.5295939222745098e+01 8.4249345208705750e-01 7.3514174445256364e+00 2.2141662417114931e+00 -2.8267514155860951e+00 1.8706055788289788e+00 9.7087068643957830e-02 1.1303326000000001e-02 7.9140122000000002e-01
1.4822997396258478e-01 -5.7132751443896751e+01 8.5094615157679665e-01 7.0776908659524898e+00 2.3041327226829016e+00 -3.0206418503053829e+00 1.8434307923361377e+00 1.0019739449283022e-01 1.1084235000000000e-02 8.0259581999999996e-01
1.5360407544935475e-01 -5.9130260257709530e+01 8.5922976083341174e-01 6.8103454576964859e+00 2.3749590429528045e+00 -3.2259210722272949e+00 1.8173719922596445e+00 1.0294104774407506e-01 1.0855490000000001e-02 8.1356647999999998e-01
1.5886379432859141e-01 -6.1303233993063301e+01 8.6733706139379341e-01 6.5509190716597141e+00 2.4280941968056804e+00 -3.4437111202209238e+00 1.7924086316459822e+00 1.0533538046699635e-01 1.0617270000000000e-02 8.2430364000000000e-01
1.6400453570154253e-01 -6.3668303952429035e+01 8.7526097070731779e-01 6.3006733097421730e+00 2.4650605217684474e+00 -3.6752580337655187e+00 1.7685235926649190e+00 1.0739983473125279e-01 1.0369760000000000e-02 8.3479791999999997e-01
1.6902179774309797e-01 -6.6244244087910332e+01 8.8299454968654012e-01 6.0606156072620125e+00 2.4874230569124651e+00 -3.9219497740152942e+00 1.7456977830977136e+00 1.0915552368305928e-01 1.0113159000000000e-02 8.4504013000000000e-01
1.7391117660040226e-01 -6.9052283608853614e+01 8.9053101025788806e-01 5.8315154963320781e+00 2.4967430191897315e+00 -4.1853372658472807e+00 1.7239124226828921e+00 1.1062461385877484e-01 9.8476710000000005e-03 8.5502127999999999e-01
1.7866836639285491e-01 -7.2116498029115263e+01 8.9786371536166165e-01 5.6139257615501856e+00 2.4945606308685240e+00 -4.4671589572503256e+00 1.7031492816944924e+00 1.1182993612600713e-01 9.5735140000000000e-03 8.6473257999999997e-01
1.8328918370517402e-01 -7.5464285967916695e+01 9.0498621670550206e-01 5.4082047517260756e+00 2.4823721009438855e+00 -4.7693714859469711e+00 1.6833858689448944e+00 1.1279463263126505e-01 9.2909130999999992e-03 8.7416548999999999e-01
1.8776954309433255e-01 -7.9126879521499745e+01 9.1189221701092282e-01 5.2145385376664510e+00 2.4616141349855658e+00 -5.0941834927007790e+00 1.6646049175169155e+00 1.1354169219753574e-01 9.0001030000000006e-03 8.8331166999999999e-01
1.9210548648123463e-01 -8.3140032603544924e+01 9.1857561531747189e-01 5.0329629822742978e+00 2.4336388997523635e+00 -5.4440981926229037e+00 1.6467848807792791e+00 1.1409405143031635e-01 8.7013270999999996e-03 8.9216304000000002e-01
1.9629316845487751e-01 -8.7544824763550096e+01 9.2503048433065038e-01 4.8633855830346020e+00 2.3997272498477797e+00 -5.8219659495216822e+00 1.6299048583615956e+00 1.1447353308593722e-01 8.3948374000000006e-03 9.0071175000000003e-01
2.0032888076541525e-01 -9.2388620022396765e+01 9.3125110817538148e-01 4.7056040416156906e+00 2.3610589187925375e+00 -6.2310458619607010e+00 1.6139435582941273e+00 1.1470140441551339e-01 8.0808944000000001e-03 9.0895022999999997e-01
2.0420903272970783e-01 -9.7726289574160006e+01 9.3723195219323518e-01 4.5593309450066748e+00 2.3187256924775426e+00 -6.6750818392929032e+00 1.5988796187618886e+00 1.1479861418615110e-01 7.7597663000000001e-03 9.1687114999999997e-01
2.0793017082577184e-01 -1.0362170576217844e+02 9.4296769314520323e-01 4.4241965128773373e+00 2.2737177797794272e+00 -7.1583990937424140e+00 1.5846917058844261e+00 1.1478234636196918e-01 7.4317293999999999e-03 9.2446746000000002e-01
2.1148898359139343e-01 -1.1014963113384296e+02 9.4845322676239241e-01 4.2997918551697678e+00 2.2269395705886446e+00 -7.6860243424680110e+00 1.5713585099262009e+00 1.1467239992087458e-01 7.0970672000000004e-03 9.3173240000000002e-01
2.1488229182690291e-01 -1.1739807836669867e+02 9.5368365264463761e-01 4.1856568493903117e+00 2.1791971489727175e+00 -8.2638349075149016e+00 1.5588590381612972e+00 1.1448481699046698e-01 6.7560703000000000e-03 9.3865947999999999e-01
2.1810707308823826e-01 -1.2547140993482827e+02 9.5865431201397000e-01 4.0813065551085179e+00 2.1312101427556587e+00 -8.8987580609511117e+00 1.5471726431313351e+00 1.1423498622643849e-01 6.4090362999999996e-03 9.4524253000000003e-01
2.2116043229526863e-01 -1.3449423620362825e+02 9.6336074241045477e-01 3.9862420374484699e+00 2.0836162574341488e+00 -9.5990170666095676e+00 1.5362792993530303e+00 1.1393700266230207e-01 6.0562691999999996e-03 9.5147563999999996e-01
2.2403965071792223e-01 -1.4461678941302654e+02 9.6779875319912800e-01 3.8999563559021428e+00 2.0369725459522625e+00 -1.0374476317133336e+01 1.5261594955465794e+00 1.1360375423287002e-01 5.6980790999999996e-03 9.5735325999999998e-01
2.2674213699005827e-01 -1.5602182180974830e+02 9.7196435006305992e-01 3.8219479752908816e+00 1.9917654598680681e+00 -1.1237079933088012e+01 1.5167946251532001e+00 1.1324681793488030e-01 5.3347821999999998e-03 9.6287009999999995e-01
2.2926547609559481e-01 -1.6893442223942424e+02 9.7585381051029174e-01 3.7517252257294218e+00 1.9484149100252426e+00 -1.2201482549574798e+01 1.5081668234829813e+00 1.1287670289610628e-01 4.9667000000000001e-03 9.6802122999999995e-01
2.3160739507821940e-01 -1.8363542983863542e+02 9.7946363101897949e-01 3.6888138750600481e+00 1.9072807422427969e+00 -1.3285907056989922e+01 1.5002592911804222e+00 1.1250274235153891e-01 4.5941591999999996e-03 9.7280200999999999e-01
2.3376580223029106e-01 -2.0048114142906584e+02 9.8279058744294368e-01 3.6327616556582547e+00 1.8686687167367968e+00 -1.4513414411335811e+01 1.4930561393370441e+00 1.1213318405692461e-01 4.2174915999999996e-03 9.7720817000000004e-01
2.3573874790393826e-01 -2.1993204648317808e+02 9.8583167460611998e-01 3.5831436113579098e+00 1.8328367656515274e+00 -1.5913752059835485e+01 1.4865426840945020e+00 1.1177466973551124e-01 3.8370333000000002e-03 9.8123572999999997e-01
2.3752446369996119e-01 -2.4259781453642711e+02 9.8858416670810845e-01 3.5395640456210913e+00 1.7999999313321511e+00 -1.7526260727298556e+01 1.4807053325547119e+00 1.1143564003122905e-01 3.4531249000000000e-03 9.8488107999999996e-01
2.3912134777199304e-01 -2.6930936830954454e+02 9.9104559467209263e-01 3.5016614659222665e+00 1.7703372022128392e+00 -1.9404542722168319e+01 1.4755317076059673e+00 1.1111953024752522e-01 3.0661112999999999e-03 9.8814095000000002e-01
2.4052795502927479e-01 -3.0124169333614958e+02 9.9321373104345168e-01 3.4691085733705864e+00 1.7439936626151087e+00 -2.1624417617458597e+01 1.4710107320177845e+00 1.1083179396082304e-01 2.6763420000000000e-03 9.9101238999999997e-01
2.4174302652833171e-01 -3.4013972776681487e+02 9.9508663529392327e-01 3.4416152837645542e+00 1.7210876139357121e+00 -2.4298616690126721e+01 1.4671325465183565e+00 1.1057645662601569e-01 2.2841723000000002e-03 9.9349282999999999e-01
2.4276547967574771e-01 -3.8877203585878016e+02 9.9666263872021532e-01 3.4189296852973237e+00 1.7017125981670831e+00 -2.7606318214303798e+01 1.4638886126248261e+00 1.1035685250730522e-01 1.8899688000000000e-03 9.9558005999999999e-01
2.4359440332955276e-01 -4.5197165576199524e+02 9.9794033689331285e-01 3.4008384081057370e+00 1.6859421019003460e+00 -3.1861032707045407e+01 1.4612716884557397e+00 1.1017570150075964e-01 1.4941295000000000e-03 9.9727222000000004e-01
2.4422912637980113e-01 -5.3956857611221130e+02 9.9891869536818867e-01 3.3871673046428543e+00 1.6738303862726347e+00 -3.7702119915431666e+01 1.4592757155204492e+00 1.1003515606463170e-01 1.0971916000000000e-03 9.9856794000000004e-01
2.4466940389585565e-01 -6.7838994634761127e+02 9.9959733661016137e-01 3.3777765204003596e+00 1.6654115497738129e+00 -4.6879347048288530e+01 1.4578952007303272e+00 1.0993672369912956e-01 7.0085733000000002e-04 9.9946672000000003e-01
