-2.8521036613420708e-01 -1.4616640371438989e+03 2.8521168102658961e-01 -1.4309794557745406e+03 -4.2671324013083716e+02 9.8355031788650052e+01 -9.6344629754179934e+01 -2.7968366231282776e+01 5.5301730000000003e-06 1.0230946000000001e-06
-2.8519958468662893e-01 -1.0586207842224378e+03 2.8522519113320055e-01 -1.0273920180409525e+03 -4.2660403267925710e+02 7.1933580184616090e+01 -6.9897764753565625e+01 -2.7963424548417567e+01 3.5894988000000002e-05 1.9923924999999999e-05
-2.8516575927263821e-01 -8.7175262903109615e+02 2.8526757736620517e-01 -8.3914681619906753e+02 -4.2626155347718287e+02 5.9674067802244949e+01 -5.7573464191279079e+01 -2.7947925782614242e+01 8.5619985000000003e-05 7.9222864999999994e-05
-2.8509879593139048e-01 -7.4933687927328674e+02 2.8535148835058133e-01 -7.1441642684520218e+02 -4.2558420502235197e+02 5.1631361087928163e+01 -4.9421112477561216e+01 -2.7917266208958061e+01 1.5173507999999999e-04 1.9661552000000001e-04
-2.8498986036780233e-01 -6.5864774201819273e+02 2.8548799423878723e-01 -6.2044548677944078e+02 -4.2448413531625323e+02 4.5660395717501622e+01 -4.3293652505696066e+01 -2.7867454497221999e+01 2.3255418000000001e-04 3.8758918999999998e-04
-2.8483091800403271e-01 -5.8701600202918394e+02 2.8568716306690239e-01 -5.4457717985521265e+02 -4.2288316944540304e+02 4.0931000642092023e+01 -3.8360872717849169e+01 -2.7794921185654108e+01 3.2689763000000001e-04 6.6622920000000002e-04
-2.8461452469168819e-01 -5.2818154292013037e+02 2.8595832301073015e-01 -4.8059149248295046e+02 -4.2071129649101260e+02 3.7033256630529259e+01 -3.4214105522309417e+01 -2.7696445080040771e+01 4.3385032000000002e-04 1.0455858000000000e-03
-2.8433370958424226e-01 -4.7858067747133060e+02 2.8631020915700717e-01 -4.2498475497601953e+02 -4.1790614738232523e+02 3.3734086364959524e+01 -3.0622457093306149e+01 -2.7569123200148070e+01 5.5265518999999999e-04 1.5378795000000000e-03
-2.8398190273338342e-01 -4.3598444346938010e+02 2.8675105423157776e-01 -3.7560300997289522e+02 -4.1441296252910286e+02 3.0887957191423492e+01 -2.7443283553752408e+01 -2.7410361916408011e+01 6.8265765000000004e-04 2.1546280000000000e-03
-2.8355288619815450e-01 -3.9890079857296047e+02 2.8728864986396330e-01 -3.3104077820531114e+02 -4.1018475645017963e+02 2.8397667960078117e+01 -2.4582821903539685e+01 -2.7217878992690409e+01 8.2327310000000005e-04 2.9067318999999999e-03
-2.8304076073231343e-01 -3.6627827714715977e+02 2.8793038833104279e-01 -2.9034210467454324e+02 -4.0518264028087373e+02 2.6194904243371806e+01 -2.1976628815610233e+01 -2.6989712060121974e+01 9.7396649000000004e-04 3.8045331000000002e-03
-2.8243992142731833e-01 -3.3734524506918052e+02 2.8868329307854523e-01 -2.5283770476309923e+02 -3.9937619101619993e+02 2.4229687290274747e+01 -1.9578936715368528e+01 -2.6724230307401118e+01 1.1342389000000000e-03 4.8578574999999999e-03
-2.8174503991516420e-01 -3.1151659801962063e+02 2.8955404102246818e-01 -2.1804983774449718e+02 -3.9274383038152695e+02 2.2464247395218361e+01 -1.7356449626667292e+01 -2.6420147283706129e+01 1.3036180000000001e-03 6.0760461999999999e-03
-2.8095105147684785e-01 -2.8833656745097807e+02 2.9054897870330998e-01 -1.8563349107817317e+02 -3.8527317737538516e+02 2.0869267461680625e+01 -1.5284518977893503e+01 -2.6076533729962360e+01 1.4816515000000000e-03 7.4679780999999997e-03
-2.8005314460364739e-01 -2.6744204659420814e+02 2.9167413536670977e-01 -1.5533818233865421e+02 -3.7696133423682477e+02 1.9421473681916687e+01 -1.3344672129652206e+01 -2.5692828689554538e+01 1.6679024999999999e-03 9.0420881999999994e-03
-2.7904675392389050e-01 -2.4853822685399896e+02 2.9293523182683129e-01 -1.2698216344084034e+02 -3.6781509905051530e+02 1.8102035122387750e+01 -1.1522954760561433e+01 -2.5268848922600284e+01 1.8619452999999999e-03 1.0806380000000001e-02
-2.7792755364310262e-01 -2.3138185455565670e+02 2.9433768868643734e-01 -1.0043428286624690e+02 -3.5785106370508402e+02 1.6895464053067727e+01 -9.8087762372996945e+00 -2.4804794262290194e+01 2.0633631000000000e-03 1.2768437000000001e-02
-2.7669145452077087e-01 -2.1576945639088831e+02 2.9588663012527150e-01 -7.5600884239343571e+01 -3.4709561263548881e+02 1.5788842997266510e+01 -8.1940852221650538e+00 -2.4301251141044997e+01 2.2717459999999998e-03 1.4935428000000001e-02
-2.7533459879358924e-01 -2.0152879426920441e+02 2.9758689026168067e-01 -5.2415945217082701e+01 -3.3558476367920940e+02 1.4771264384257776e+01 -6.6727581984525406e+00 -2.3759189975476993e+01 2.4866887000000002e-03 1.7314116000000001e-02
-2.7385336028954288e-01 -1.8851261009439995e+02 2.9944301300965748e-01 -3.0833598012367347e+01 -3.2336393996748654e+02 1.3833421175425663e+01 -5.2401428275082793e+00 -2.3179960313400809e+01 2.7077901999999999e-03 1.9910858000000000e-02
-2.7224433815326715e-01 -1.7659386043291750e+02 3.0145925994151962e-01 -1.0822148256059327e+01 -3.1048737173701079e+02 1.2967295117470872e+01 -3.8926983628120237e+00 -2.2565278406353240e+01 2.9346520999999999e-03 2.2731616000000000e-02
-2.7050436026857921e-01 -1.6566214789434611e+02 3.0363960599917567e-01 7.6405897946663073e+00 -2.9701777594910584e+02 1.2165924462191102e+01 -2.6277213848652812e+00 -2.1917213692688193e+01 3.1668782999999998e-03 2.5781951000000001e-02
-2.6863047983594646e-01 -1.5562089087692658e+02 3.0598774378285931e-01 2.4571140370528820e+01 -2.8302547269092713e+02 1.1423219897410858e+01 -1.4431196708829102e+00 -2.1238167217377420e+01 3.4040742000000001e-03 2.9067029000000001e-02
-2.6661997309079893e-01 -1.4638510673594985e+02 3.0850708641028551e-01 3.9983530704819948e+01 -2.6858758475500900e+02 1.0733820974972636e+01 -3.3723054887138304e-01 -2.0530847020011286e+01 3.6458464000000000e-03 3.2591624999999999e-02
-2.6447034272606085e-01 -1.3787966716657706e+02 3.1120076322791651e-01 5.3891809061068500e+01 -2.5378708479267237e+02 1.0092983830301772e+01 6.9132458902751903e-01 -1.9798239334402176e+01 3.8918026000000000e-03 3.6360116999999997e-02
-2.6217931332877525e-01 -1.3003785043205960e+02 3.1407162552927370e-01 6.6312166685012087e+01 -2.3871167460465568e+02 9.4964881102811898e+00 1.6437641820795599e+00 -1.9043574191076065e+01 4.1415510999999999e-03 4.0376493999999999e-02
-2.5974483309136970e-01 -1.2280018579664042e+02 3.1712224441057091e-01 7.7264599955065989e+01 -2.2345262588444541e+02 8.9405632860480946e+00 2.5212450065011867e+00 -1.8270289015040014e+01 4.3947007000000003e-03 4.4644352999999998e-02
-2.5716507381165654e-01 -1.1611349034774692e+02 3.2035491077071432e-01 8.6774219323331451e+01 -2.0810358181063773e+02 8.4218275112152448e+00 3.3249437304551526e+00 -1.7481988557772308e+01 4.6508610999999997e-03 4.9166899000000000e-02
-2.5443842861114496e-01 -1.0993006065825892e+02 3.2377163817045856e-01 9.4872236325184673e+01 -1.9275922035961349e+02 7.9372365534381215e+00 4.0561228989447162e+00 -1.6682401802837820e+01 4.9096423000000002e-03 5.3946949000000001e-02
-2.5156351478715067e-01 -1.0420700584812403e+02 3.2737415925846136e-01 1.0159662699406934e+02 -1.7751396549176889e+02 7.4840419852760833e+00 4.7161816751575856e+00 -1.5875338642788707e+01 5.1706551000000002e-03 5.8986927000000001e-02
-2.4853916867899872e-01 -9.8905665321338361e+01 3.3116393220438545e-01 1.0699253760404318e+02 -1.6246066029585117e+02 7.0597547124015847e+00 5.3066962965879521e+00 -1.5064643210803521e+01 5.4335110000000002e-03 6.4288872999999996e-02
-2.4536445080182073e-01 -9.3991131287603537e+01 3.3514213426579642e-01 1.1111240395517325e+02 -1.4768929715050652e+02 6.6621155216819652e+00 5.8294465844888119e+00 -1.4254149950657926e+01 5.6978226000000002e-03 6.9854434000000007e-02
-2.4203864014233584e-01 -8.9431819604679703e+01 3.3930966893605397e-01 1.1401585633166972e+02 -1.3328577314759528e+02 6.2890684039846994e+00 6.2864347937974410e+00 -1.3447637451772163e+01 5.9632034000000004e-03 7.5684873999999999e-02
-2.3856123701096008e-01 -8.5199112976455254e+01 3.4366716237036610e-01 1.1576938754650375e+02 -1.1933075055988604e+02 5.9387387377468368e+00 6.6798933435309173e+00 -1.2648785702787883e+01 6.2292681999999997e-03 8.1781068999999998e-02
-2.3493196076011891e-01 -8.1267042492310395e+01 3.4821496624494552e-01 1.1644584170646846e+02 -1.0589859949813872e+02 5.6094137740371490e+00 7.0122852962261879e+00 -1.1861134381372498e+01 6.4956331999999999e-03 8.8143510999999994e-02
-2.3115074978424716e-01 -7.7612013165241962e+01 3.5295315775700964e-01 1.1612372194302888e+02 -9.3056471298616188e+01 5.2995259287787961e+00 7.2862969886639819e+00 -1.1088044501613785e+01 6.7619166000000000e-03 9.4772308000000000e-02
-2.2721775809725775e-01 -7.4212560324411399e+01 3.5788154391351495e-01 1.1488636476794062e+02 -8.0863500301571776e+01 5.0076378901818375e+00 7.5048241689996225e+00 -1.0332662729803200e+01 7.0277381999999996e-03 1.0166719000000000e-01
-2.2313335476211957e-01 -7.1049136305248155e+01 3.6299966224594582e-01 1.1282098966831843e+02 -6.9370168951139249e+01 4.7324297939081621e+00 7.6709524801806275e+00 -9.5978906592865822e+00 7.2927204000000001e-03 1.0882751000000000e-01
-2.1889813187676432e-01 -6.8103930111345107e+01 3.6830677080326824e-01 1.1001767280793375e+02 -5.8617827780825280e+01 4.4726884187287670e+00 7.7879326873694970e+00 -8.8863597778820402e+00 7.5564877000000004e-03 1.1625223000000000e-01
-2.1451288803185120e-01 -6.5360687299870690e+01 3.7380186888081163e-01 1.0656824477976458e+02 -4.8638475188467034e+01 4.2272960316688479e+00 7.8591531380345110e+00 -8.2004069993427837e+00 7.8186677999999999e-03 1.2393994999999999e-01
-2.0997862716992324e-01 -6.2804564836629737e+01 3.7948369844984770e-01 1.0256516602029430e+02 -3.9454444972485945e+01 3.9952216297418328e+00 7.8881084082097157e+00 -7.5420585928176767e+00 8.0788911000000008e-03 1.3188891000000000e-01
-2.0529657569806434e-01 -6.0422008586754600e+01 3.8535072271391824e-01 9.8100417872322652e+01 -3.1078610106680497e+01 3.7755138942922586e+00 7.8783659018470420e+00 -6.9130217102749700e+00 8.3367917000000003e-03 1.4009695999999999e-01
-2.0046815967102311e-01 -5.8200622926302906e+01 3.9140115470039760e-01 9.3264385448667355e+01 -2.3514536248148044e+01 3.5672929020535999e+00 7.8335318264974063e+00 -6.3146750527051871e+00 8.5920070000000005e-03 1.4856159999999999e-01
-1.9549501619965098e-01 -5.6129072013295740e+01 3.9763294296471152e-01 8.8144817835373942e+01 -1.6756770753550871e+01 3.3697443390903881e+00 7.7572165370263795e+00 -5.7480700505752687e+00 8.8441787999999997e-03 1.5727996000000000e-01
-1.9037898204246426e-01 -5.4196978210172389e+01 4.0404378588611817e-01 8.2825841446551692e+01 -1.0791457486638723e+01 3.1821133052014861e+00 7.6530005084594235e+00 -5.2139337333248070e+00 9.0929527999999999e-03 1.6624881999999999e-01
-1.8512209360564397e-01 -5.2394847690528167e+01 4.1063113166770804e-01 7.7387075204484788e+01 -5.5969387969851692e+00 3.0036992101782856e+00 7.5244013482803869e+00 -4.7126780489390505e+00 9.3379794999999995e-03 1.7546460999999999e-01
-1.7972658123881705e-01 -5.0713973703785634e+01 4.1739218548429458e-01 7.1902843607128730e+01 -1.1444074912168829e+00 2.8338509612090848e+00 7.3748426770743309e+00 -4.2444127329883568e+00 9.5789143999999993e-03 1.8492342000000001e-01
-1.7419488634771313e-01 -4.9146393329626122e+01 4.2432388803874266e-01 6.6441545378520516e+01 2.6011815669313059e+00 2.6719632644967817e+00 7.2076264067343923e+00 -3.8089639052541471e+00 9.8154178999999998e-03 1.9462097000000000e-01
-1.6852963287306977e-01 -4.7684805725677734e+01 4.3142295130142094e-01 6.1065091192332723e+01 5.6802646432763035e+00 2.5174718803168807e+00 7.0259058657457025e+00 -3.4058920359999423e+00 1.0047156000000000e-02 2.0455266000000000e-01
-1.6273362158641330e-01 -4.6322519513227995e+01 4.3868586565809270e-01 5.5828511011057323e+01 8.1377307743909597e+00 2.3698501283541065e+00 6.8326649013569636e+00 -3.0345152270362643e+00 1.0273801000000001e-02 2.1471357999999999e-01
-1.5680985861115387e-01 -4.5053409515954549e+01 4.4610886417046303e-01 5.0779730758980349e+01 1.0021949224799735e+01 2.2286064603251630e+00 6.6306972542218805e+00 -2.6939364932833088e+00 1.0495031000000000e-02 2.2509846000000000e-01
-1.5076152119727149e-01 -4.3871863289193172e+01 4.5368796546352180e-01 4.5959410242495359e+01 1.1383830153291436e+01 2.0932806615938611e+00 6.4225934140606018e+00 -2.3830684285680674e+00 1.0710529999999999e-02 2.3570173000000000e-01
-1.4459196342553493e-01 -4.2772742415560238e+01 4.6141896657765352e-01 4.1400973174728058e+01 1.2275879742783914e+01 1.9634414123987467e+00 6.2107284257787523e+00 -2.1006616805642322e+00 1.0919989999999999e-02 2.4651751000000000e-01
-1.3830472191172088e-01 -4.1751346703099422e+01 4.6929743582074646e-01 3.7130738549616886e+01 1.2751295492960251e+01 1.8386839753677486e+00 5.9972544207666934e+00 -1.8453334679586055e+00 1.1123108000000000e-02 2.5753959999999998e-01
-1.3190349869395684e-01 -4.0803378100985164e+01 4.7731873421186444e-01 3.3168155058643457e+01 1.2863123133611264e+01 1.7186276036375148e+00 5.7840971333060676e+00 -1.6155948382877319e+00 1.1319591000000000e-02 2.6876150999999998e-01
-1.2539215552850211e-01 -3.9924910371331237e+01 4.8547802262913708e-01 2.9526142418475629e+01 1.2663471662637612e+01 1.6029134222092347e+00 5.5729552602961974e+00 -1.4098780678772012e+00 1.1509152000000000e-02 2.8017647000000001e-01
-1.1877471959396690e-01 -3.9112360632942099e+01 4.9377025466186952e-01 2.6211526345562479e+01 1.2202835933060037e+01 1.4912026470975663e+00 5.3653037647010322e+00 -1.2265633303371806e+00 1.1691511000000000e-02 2.9177742000000001e-01
-1.1205538919553124e-01 -3.8362479784231027e+01 5.0219016946265171e-01 2.3225541110451044e+01 1.1529390606339920e+01 1.3831749106159543e+00 5.1624001269967366e+00 -1.0640032281978222e+00 1.1866398000000000e-02 3.0355700000000002e-01
-1.0523848813119305e-01 -3.7672297004433581e+01 5.1073234893048258e-01 2.0564361845972549e+01 1.0688573151913346e+01 1.2785258866735258e+00 4.9652915910647053e+00 -9.2054490662450728e-01 1.2033550000000000e-02 3.1550762999999998e-01
-9.8328505621301021e-02 -3.7039133979696551e+01 5.1939116767553650e-01 1.8219719759633158e+01 9.7226694417752366e+00 1.1769664492514817e+00 4.7748273327800899e+00 -7.9455176915532888e-01 1.2192715000000000e-02 3.2762143999999999e-01
-9.1330067787459779e-02 -3.6460570092335928e+01 5.2816082875861592e-01 1.6179505174364039e+01 8.6703909188499253e+00 1.0782207955035654e+00 4.5916702883427325e+00 -6.8442139793990298e-01 1.2343646000000000e-02 3.3989032000000002e-01
-8.4247943356748872e-02 -3.5934430628671066e+01 5.3703535654326051e-01 1.4428396431902566e+01 7.5666290824054689e+00 9.8202520897536716e-01 4.4163115718392971e+00 -5.8860182659906335e-01 1.2486109000000000e-02 3.5230591000000000e-01
-7.7087020844846615e-02 -3.5458771563714357e+01 5.4600862528730931e-01 1.2948477032373050e+01 6.4424419019363812e+00 8.8812649432646662e-01 4.2490850896558516e+00 -5.0560485608349970e-01 1.2619877000000000e-02 3.6485963999999999e-01
-6.9852325668687237e-02 -3.5031869072206518e+01 5.5507433769922976e-01 1.1719840123903303e+01 5.3248764334349366e+00 7.9628103556899688e-01 4.0901839114365099e+00 -4.3401753634049495e-01 1.2744734000000001e-02 3.7754270000000001e-01
-6.2549003033803896e-02 -3.4652208015896939e+01 5.6422604638178808e-01 1.0721162583005272e+01 4.2371020305828679e+00 7.0625343159824538e-01 3.9396760838998786e+00 -3.7251063308193932e-01 1.2860473000000001e-02 3.9034606999999999e-01
-5.5182306525890595e-02 -3.4318472783710916e+01 5.7345716812783132e-01 9.9302423510707509e+00 3.1983686216505047e+00 6.1781527615730769e-01 3.7975206034363902e+00 -3.1984503304425116e-01 1.2966896000000000e-02 4.0326054000000000e-01
-4.7757609519240241e-02 -3.4029540297132840e+01 5.8276096962450619e-01 9.3244931770816404e+00 2.2242493137770198e+00 5.3074426412629228e-01 3.6635836592918221e+00 -2.7487604774856356e-01 1.3063819000000001e-02 4.1627669000000000e-01
-4.0280370951430694e-02 -3.3784472684674220e+01 5.9213061034060144e-01 8.8813862090520921e+00 1.3268210530967581e+00 4.4482276645245711e-01 3.5376533145749658e+00 -2.3655559935978002e-01 1.3151064000000001e-02 4.2938494999999999e-01
-3.2756169548638636e-02 -3.3582513691220576e+01 6.0155909963920529e-01 8.5788435966478289e+00 5.1491258680583296e-01 3.5983724303305653e-01 3.4194548126028215e+00 -2.0393263513877524e-01 1.3228465999999999e-02 4.4257553999999999e-01
-2.5190658191887705e-02 -3.3423085266369277e+01 6.1103935396082987e-01 8.3955673959418391e+00 -2.0562196033580268e-01 2.7557674105647512e-01 3.3086633828888301e+00 -1.7615185791479207e-01 1.3295871000000001e-02 4.5583855000000001e-01
-1.7589586733924467e-02 -3.3305782992234569e+01 6.2056416823184835e-01 8.3113238639838283e+00 -8.3160071564933413e-01 1.9183218855285422e-01 3.2049172459748334e+00 -1.5245127838975633e-01 1.3353135000000000e-02 4.6916390000000002e-01
-9.9587734781234061e-03 -3.3230377362494004e+01 6.3012625160394775e-01 8.3071608510268469e+00 -1.3622034252182345e+00 1.0839509553452675e-01 3.1078287363190293e+00 -1.3215829360377568e-01 1.3400123999999999e-02 4.8254139000000001e-01
-2.3041165869249203e-03 -3.3196814012199923e+01 6.3971821315834854e-01 8.3655799066369951e+00 -1.7986527504673038e+00 2.5056701082462718e-02 3.0169945494591452e+00 -1.1468522221541229e-01 1.3436718000000000e-02 4.9596067999999999e-01
5.3684287350406201e-03 -3.3205214375528591e+01 6.4933259049736580e-01 8.4706547832750925e+00 -2.1438991749864420e+00 -5.8393279129208775e-02 2.9320045747200121e+00 -9.9523945398804853e-02 1.3462807000000000e-02 5.0941133000000005e-01
1.3052827424076874e-02 -3.3255879552573774e+01 6.5896182115284763e-01 8.6081027050880703e+00 -2.4023139095826531e+00 -1.4216744026002992e-01 2.8524496954108374e+00 -8.6239690084538384e-02 1.3478291000000000e-02 5.2288276000000000e-01
2.0743015895392680e-02 -3.3349294228665485e+01 6.6859830691718969e-01 8.7653160331553064e+00 -2.5793964416628081e+00 -2.2648231913372596e-01 2.7779278355611803e+00 -7.4465078444161920e-02 1.3483083000000000e-02 5.3636434000000000e-01
2.8432873522006796e-02 -3.3486134020606329e+01 6.7823437810388265e-01 8.9313544995189424e+00 -2.6814975557655720e+00 -3.1155921573647616e-01 2.7080496226512318e+00 -6.3893907365606475e-02 1.3477108000000000e-02 5.4984533999999996e-01
3.6116234043186035e-02 -3.3667271878589332e+01 6.8786230784329305e-01 9.0969061975063248e+00 -2.7155805795829990e+00 -3.9762548696041500e-01 2.6424425173507338e+00 -5.4274026653770020e-02 1.3460300999999999e-02 5.6331494999999998e-01
4.3786902677102391e-02 -3.3893788337705949e+01 6.9747433352633492e-01 9.2542225109271765e+00 -2.6889630594830578e+00 -4.8491601214544167e-01 2.5807538587229040e+00 -4.5401823841201679e-02 1.3432611000000001e-02 5.7676231000000000e-01
5.1438667529270621e-02 -3.4166983373365348e+01 7.0706267110025078e-01 9.3970317538703458e+00 -2.6091447800198746e+00 -5.7367466747455831e-01 2.5226533220979057e+00 -3.7115594912837009e-02 1.3393997000000000e-02 5.9017653000000003e-01
5.9065282479891623e-02 -3.4488389152104943e+01 7.1661949362494026e-01 9.5204322043536074e+00 -2.4836157838703286e+00 -6.6415558982693557e-01 2.4678342180292416e+00 -2.9289930030248709e-02 1.3344429999999999e-02 6.0354666000000001e-01
6.6660490000728378e-02 -3.4859786640389416e+01 7.2613695986452187e-01 9.6207783038885601e+00 -2.3197100335878709e+00 -7.5662501066271992e-01 2.4160144894861983e+00 -2.1830484929096613e-02 1.3283893999999999e-02 6.1686173000000000e-01
7.4218043971981895e-02 -3.5283224799078873e+01 7.3560724287889512e-01 9.6955557466715003e+00 -2.1244798421309876e+00 -8.5136326015002450e-01 2.3669365975638912e+00 -1.4668312355139384e-02 1.3212384000000001e-02 6.3011079000000003e-01
8.1731675456976960e-02 -3.5761040477688226e+01 7.4502248713639752e-01 9.7432533019814063e+00 -1.9045995166973433e+00 -9.4866624079956829e-01 2.3203675165133877e+00 -7.7560104959962994e-03 1.3129907000000000e-02 6.4328284999999996e-01
8.9195132631695595e-02 -3.6295884674385171e+01 7.5437485854903830e-01 9.7632338594227939e+00 -1.6662807671376001e+00 -1.0488479865581566e+00 2.2760976916855982e+00 -1.0631230070615191e-03 1.3036481000000001e-02 6.5636695000000000e-01
9.6602186488995656e-02 -3.6890751486364678e+01 7.6365655162038826e-01 9.7556084534074756e+00 -1.4152320181199673e+00 -1.1522430671110131e+00 2.2339400464806602e+00 5.4272495776129708e-03 1.2932137999999999e-02 6.6935217000000002e-01
1.0394661372595410e-01 -3.7549009059547977e+01 7.7285976800190914e-01 9.7211125151574596e+00 -1.1566067749758497e+00 -1.2592089091221379e+00 2.1937287454690440e+00 1.1721782620824437e-02 1.2816919000000000e-02 6.8222760000000005e-01
1.1122223096918066e-01 -3.8274439476858603e+01 7.8197675938029576e-01 9.6609948287132781e+00 -8.9499611420243586e-01 -1.3701291215339162e+00 2.1553175486580911e+00 1.7819607027700021e-02 1.2690879000000000e-02 6.9498240000000000e-01
1.1842288336638024e-01 -3.9071277573222950e+01 7.9099981318169588e-01 9.5769038104403368e+00 -6.3441754019635710e-01 -1.4854165462015425e+00 2.1185783970429330e+00 2.3714962687571631e-02 1.2554085000000000e-02 7.0760577999999996e-01
1.2554245029057171e-01 -3.9944274468621323e+01 7.9992125971960015e-01 9.4707952259373727e+00 -3.7832597209630736e-01 -1.6055169252470913e+00 2.0833995094569655e+00 2.9398418568026718e-02 1.2406611999999999e-02 7.2008700999999997e-01
1.3257487386118272e-01 -4.0898728411328101e+01 8.0873350793429466e-01 9.3448329486054114e+00 -1.2963193838829920e-01 -1.7309134235967354e+00 2.0496838608091004e+00 3.4859240625117194e-02 1.2248551000000000e-02 7.3241546999999996e-01
1.3951414183139299e-01 -4.1940576208437669e+01 8.1742902394918959e-01 9.2013307727534883e+00 1.0927220682227665e-01 -1.8621309634727286e+00 2.0173475477964162e+00 4.0086167496416192e-02 1.2080001999999999e-02 7.4458062000000003e-01
1.4635429899657221e-01 -4.3076454609773982e+01 8.2600034536659994e-01 9.0426606800378693e+00 3.3647890381688145e-01 -1.9997416175527136e+00 1.9863183022243525e+00 4.5068634349190798e-02 1.1901076999999999e-02 7.5657202000000001e-01
1.5308945860271783e-01 -4.4313790511043180e+01 8.3444009556352716e-01 8.8712086456446979e+00 5.5052822684032821e-01 -2.1443707739516049e+00 1.9565334162911245e+00 4.9797393857561455e-02 1.1711898000000000e-02 7.6837935000000002e-01
1.5971381945911250e-01 -4.5660903657098146e+01 8.4274100513532979e-01 8.6893240671977434e+00 7.5036781574419009e-01 -2.2967043342675737e+00 1.9279395388229750e+00 5.4265024088092875e-02 1.1512599000000000e-02 7.7999244000000001e-01
1.6622163741722856e-01 -4.7127116351687135e+01 8.5089587615627182e-01 8.4992699923680775e+00 9.3530961750061126e-01 -2.4574958931173234e+00 1.9004901464831163e+00 5.8466249304428029e-02 1.1303326000000001e-02 7.9140122000000002e-01
1.7260728241291834e-01 -4.8722898972231306e+01 8.5889765365842685e-01 8.3032067877424467e+00 1.1049892315654253e+00 -2.6275770815958257e+00 1.8741449801290873e+00 6.2398159670307721e-02 1.1084235000000000e-02 8.0259581999999996e-01
1.7886518712844318e-01 -5.0460014359921104e+01 8.6673936130066442e-01 8.1031559267706967e+00 1.2593219465552115e+00 -2.8078667219888409e+00 1.8488691875458509e+00 6.6060198661163971e-02 1.0855490000000001e-02 8.1356647999999998e-01
1.8498989833044421e-01 -5.2351712704589374e+01 8.7441416569966390e-01 7.9009871982225297e+00 1.3984633989047057e+00 -2.9993842460206097e+00 1.8246319786731691e+00 6.9454134497754172e-02 1.0617270000000000e-02 8.2430364000000000e-01
1.9097606546150453e-01 -5.4412940219885527e+01 8.8191536213413380e-01 7.6984081914209623e+00 1.5227710207015075e+00 -3.2032635477591653e+00 1.8014060948226747e+00 7.2583955844621698e-02 1.0369760000000000e-02 8.3479791999999997e-01
1.9681844634436807e-01 -5.6660604376325587e+01 8.8923638169270203e-01 7.4969562206549245e+00 1.6327676327941005e+00 -3.4207696915714170e+00 1.7791670849729626e+00 7.5455700699730469e-02 1.0113159000000000e-02 8.4504013000000000e-01
2.0251191288615872e-01 -5.9113853656233665e+01 8.9637079842180667e-01 7.2979974362048781e+00 1.7291077221362920e+00 -3.6533185528407301e+00 1.7578926696759614e+00 7.8077131279021134e-02 9.8476710000000005e-03 8.5502127999999999e-01
2.0805145107838019e-01 -6.1794450105034805e+01 9.0331232932569594e-01 7.1027307593683906e+00 1.8125477235091003e+00 -3.9024997592396815e+00 1.7375623825903896e+00 8.0457651737022809e-02 9.5735140000000000e-03 8.6473257999999997e-01
2.1343218951801113e-01 -6.4727196682438731e+01 9.1005487010588049e-01 6.9121894698060320e+00 1.8839188144395289e+00 -4.1701053053501305e+00 1.7181570321849724e+00 8.2607755173745162e-02 9.2909130999999992e-03 8.7416548999999999e-01
2.1864937088641001e-01 -6.7940432783732120e+01 9.1659245942168110e-01 6.7272521337986833e+00 1.9441026249530406e+00 -4.4581609906569248e+00 1.6996585489737592e+00 8.4539321334035633e-02 9.0001030000000006e-03 8.8331166999999999e-01
2.2369838617462923e-01 -7.1466665233221391e+01 9.2291932177757141e-01 6.5486498017036983e+00 1.9940095939832747e+00 -4.7689674471254282e+00 1.6820496411696779e+00 8.6264797180181943e-02 8.7013270999999996e-03 8.9216304000000002e-01
2.2857475757075807e-01 -7.5343279563119836e+01 9.2902984607950712e-01 6.3769785160436738e+00 2.0345624416691583e+00 -5.1051474109383825e+00 1.6653136168842320e+00 8.7797215042812557e-02 8.3948374000000006e-03 9.0071175000000003e-01
2.3327416698101744e-01 -7.9613586694168575e+01 9.3491862137437731e-01 6.2127054658929177e+00 2.0666802061786651e+00 -5.4697033809860809e+00 1.6494342701624460e+00 8.9149982451239076e-02 8.0808944000000001e-03 9.0895022999999997e-01
2.3779243321288457e-01 -8.4327698786008924e+01 9.4058040825844369e-01 6.0561905445689730e+00 2.0912647891773628e+00 -5.8660926477631534e+00 1.6343958476788989e+00 9.0336689378535701e-02 7.7597663000000001e-03 9.1687114999999997e-01
2.4212553479196808e-01 -8.9544173258655476e+01 9.4601016746890199e-01 5.9076898599042016e+00 2.1091918340030600e+00 -6.2983130361495760e+00 1.6201829899512472e+00 9.1370793143017881e-02 7.4317293999999999e-03 9.2446746000000002e-01
2.4626961566622774e-01 -9.5331661415279143e+01 9.5120306703177215e-01 5.7673715777689019e+00 2.1213022048435142e+00 -6.7710178762544864e+00 1.6067805747866784e+00 9.2265651520732739e-02 7.0970672000000004e-03 9.3173240000000002e-01
2.5022097379753594e-01 -1.0177114037202163e+02 9.5615446796611803e-01 5.6353272211256460e+00 2.1283961296713891e+00 -7.2896559561749115e+00 1.5941739006868092e+00 9.3034290000876346e-02 6.7560703000000000e-03 9.3865947999999999e-01
2.5397608968277308e-01 -1.0895881321039629e+02 9.6085996002349949e-01 5.5115833751779721e+00 2.1312273870303420e+00 -7.8606572095620679e+00 1.5823485965772426e+00 9.3689263202700629e-02 6.4090362999999996e-03 9.4524253000000003e-01
2.5753159212851340e-01 -1.1700976273448511e+02 9.6531531880062937e-01 5.3961089039172982e+00 2.1305020625893976e+00 -8.4916644238260357e+00 1.5712907085485315e+00 9.4242646024390253e-02 6.0562691999999996e-03 9.5147563999999996e-01
2.6088431529321476e-01 -1.2606297718037922e+02 9.6951657721827866e-01 5.2888320556603778e+00 2.1268761316055227e+00 -9.1918560725910190e+00 1.5609866927424445e+00 9.4706002387479823e-02 5.6980790999999996e-03 9.5735325999999998e-01
2.6403124164502911e-01 -1.3628781479360063e+02 9.7345995404237140e-01 5.1896435748667074e+00 2.1209541098208238e+00 -9.9723575417096253e+00 1.5514235457052221e+00 9.5089857344215045e-02 5.3347821999999998e-03 9.6287009999999995e-01
2.6696955900399222e-01 -1.4789319227641806e+02 9.7714192536288991e-01 5.0984067299018818e+00 2.1132883730751755e+00 -1.0846831494471635e+01 1.5425887867629882e+00 9.5404579250425670e-02 4.9667000000000001e-03 9.6802122999999995e-01
2.6969662061249045e-01 -1.6114012850444155e+02 9.8055917455864083e-01 5.0149662939916917e+00 2.1043867741167905e+00 -1.1832281068069728e+01 1.5344705667579621e+00 9.5659399943329795e-02 4.5941591999999996e-03 9.7280200999999999e-01
2.7220999076901309e-01 -1.7636018132064342e+02 9.8370864948037950e-01 4.9391540837830012e+00 2.0946994080968597e+00 -1.2950237526884584e+01 1.5270576430427754e+00 9.5863058766685411e-02 4.2174915999999996e-03 9.7720817000000004e-01
2.7450739919440037e-01 -1.9398230778207079e+02 9.8658750526768590e-01 4.8707959346879566e+00 2.0846371159188841e+00 -1.4228489140514121e+01 1.5203395278749028e+00 9.6023460556960524e-02 3.8370333000000002e-03 9.8123572999999997e-01
2.7658678666559522e-01 -2.1457487719443540e+02 9.8919316153208847e-01 4.8097188910550726e+00 2.0745603274128492e+00 -1.5703798125803283e+01 1.5143064906922734e+00 9.6147737912322534e-02 3.4531249000000000e-03 9.8488107999999996e-01
2.7844628790298642e-01 -2.3891295023569646e+02 9.9152328091339281e-01 4.7557525260115652e+00 2.0647888064634250e+00 -1.7426257398409042e+01 1.5089496359195063e+00 9.6242275046252893e-02 3.0661112999999999e-03 9.8814095000000002e-01
2.8008422016197054e-01 -2.6809283479095211e+02 9.9357575478390081e-01 4.7087336103209196e+00 2.0556008619070365e+00 -1.9466726856757191e+01 1.5042608254400056e+00 9.6312719009823508e-02 2.6763420000000000e-03 9.9101238999999997e-01
2.8149911745826595e-01 -3.0374263288491198e+02 9.9534874613575308e-01 4.6685136253874431e+00 2.0472349012764091e+00 -2.1930535248732205e+01 1.5002329723759293e+00 9.6364025804399650e-02 2.2841723000000002e-03 9.9349282999999999e-01
2.8268971915947494e-01 -3.4844485105273725e+02 9.9684067528514864e-01 4.6349567868829089e+00 2.0398926976646297e+00 -2.4985033817025620e+01 1.4968596847108118e+00 9.6400411804622985e-02 1.8899688000000000e-03 9.9558005999999999e-01
2.8365496428086434e-01 -4.0670542273937650e+02 9.9805021272445393e-01 4.6079463387946724e+00 2.0337404407830753e+00 -2.8922886409517300e+01 1.4941356638361694e+00 9.6425365772070462e-02 1.4941295000000000e-03 9.9727222000000004e-01
2.8439407134443206e-01 -4.8768244537886460e+02 9.9897637919267002e-01 4.5873826608395305e+00 2.0289103359770779e+00 -3.4340571209092019e+01 1.4920563429149334e+00 9.6441788024867373e-02 1.0971916000000000e-03 9.9856794000000004e-01
2.8490675513922836e-01 -6.1634826888799944e+02 9.9961881729527191e-01 4.5731638781885060e+00 2.0254997320211086e+00 -4.2869419661427820e+01 1.4906173305364514e+00 9.6451805194273571e-02 7.0085733000000002e-04 9.9946672000000003e-01
