-1.7437575165867014e-01 -1.6439639450277334e+03 1.7437695315652507e-01 -1.5192851797265121e+03 -4.5437523628490356e+02 1.0825894734923567e+02 -1.0017250890908136e+02 -2.9472561889770947e+01 5.5301730000000003e-06 1.0230946000000001e-06
-1.7436915995216631e-01 -1.2146885561758077e+03 1.7439255813367316e-01 -1.0895162846164062e+03 -4.5425165956696196e+02 8.0411682842290375e+01 -7.2302407351324405e+01 -2.9466993021094918e+01 3.5894988000000002e-05 1.9923924999999999e-05
-1.7434847931537970e-01 -1.0154473217388944e+03 1.7444151675527986e-01 -8.8902492262627470e+02 -4.5386412576526061e+02 6.7480713156043961e+01 -5.9313135244091342e+01 -2.9449527746416866e+01 8.5619985000000003e-05 7.9222864999999994e-05
-1.7430753836669710e-01 -8.8466956746670348e+02 1.7453843893593854e-01 -7.5613423012717465e+02 -4.5309770509852632e+02 5.8985253469423078e+01 -5.0718881388087340e+01 -2.9414979599905383e+01 1.5173507999999999e-04 1.9661552000000001e-04
-1.7424093587590928e-01 -7.8750216506514971e+02 1.7469611136054464e-01 -6.5596952329602482e+02 -4.5185308153561721e+02 5.2664687519926495e+01 -4.4257157961114913e+01 -2.9358859265290398e+01 2.3255418000000001e-04 3.8758918999999998e-04
-1.7414375955469627e-01 -7.1046400003992392e+02 1.7492616320993815e-01 -5.7505347516372001e+02 -4.5004196043795548e+02 4.7644323911437802e+01 -3.9053280452654420e+01 -2.9277137649410008e+01 3.2689763000000001e-04 6.6622920000000002e-04
-1.7401145809943910e-01 -6.4689793397919743e+02 1.7523936908230955e-01 -5.0676919736977516e+02 -4.4758541660592124e+02 4.3492586601822566e+01 -3.4676772693716408e+01 -2.9166211567628491e+01 4.3385032000000002e-04 1.0455858000000000e-03
-1.7383976958018327e-01 -5.9302234379599633e+02 1.7564581852268163e-01 -4.4738967722936241e+02 -4.4441333346090772e+02 3.9964307552012059e+01 -3.0884555924505648e+01 -2.9022824177978045e+01 5.5265518999999999e-04 1.5378795000000000e-03
-1.7362467717351979e-01 -5.4647749668426707e+02 1.7615502081934989e-01 -3.9462598957553666e+02 -4.4046438449655159e+02 3.6906669753996034e+01 -2.7526577843253168e+01 -2.8844080119053526e+01 6.8265765000000004e-04 2.1546280000000000e-03
-1.7336237927103282e-01 -5.0568896715748826e+02 1.7677597576810641e-01 -3.4698729056095266e+02 -4.3568626759026631e+02 3.4217828368406103e+01 -2.4504330442511620e+01 -2.8627444533495048e+01 8.2327310000000005e-04 2.9067318999999999e-03
-1.7304926911217008e-01 -4.6955158534820129e+02 1.7751722188867505e-01 -3.0346187224126368e+02 -4.3003609684613161e+02 3.1826405228722606e+01 -2.1750215076164718e+01 -2.8370754108813568e+01 9.7396649000000004e-04 3.8045331000000002e-03
-1.7268191989252324e-01 -4.3725793382175920e+02 1.7838687167885162e-01 -2.6334365162010016e+02 -4.2348084691372577e+02 2.9680335352818606e+01 -1.9216331435354974e+01 -2.8072231343934970e+01 1.1342389000000000e-03 4.8578574999999999e-03
-1.7225707388275871e-01 -4.0819874398474900e+02 1.7939263737396935e-01 -2.2613074742768580e+02 -4.1599780167051466e+02 2.7740426273729071e+01 -1.6867933641330005e+01 -2.7730500055809578e+01 1.3036180000000001e-03 6.0760461999999999e-03
-1.7177163454681763e-01 -3.8190182231839714e+02 1.8054184960599881e-01 -1.9146273809581183e+02 -4.0757496635625250e+02 2.5976365188077388e+01 -1.4679391843258184e+01 -2.7344600513188166e+01 1.4816515000000000e-03 7.4679780999999997e-03
-1.7122266015975016e-01 -3.5799201320855440e+02 1.8184147251246507e-01 -1.5907985347422226e+02 -3.9821139596238129e+02 2.4364185373888034e+01 -1.2631589892421207e+01 -2.6914002469796500e+01 1.6679024999999999e-03 9.0420881999999994e-03
-1.7060735948318811e-01 -3.3616874491518286e+02 1.8329811397418405e-01 -1.2879538361126950e+02 -3.8791743118172445e+02 2.2884579431808064e+01 -1.0710163053323241e+01 -2.6438615633545329e+01 1.8619452999999999e-03 1.0806380000000001e-02
-1.6992308775469436e-01 -3.1618266571148052e+02 1.8491803510993718e-01 -1.0047621311844560e+02 -3.7671479556009308e+02 2.1521726133286638e+01 -8.9042822830045694e+00 -2.5918795815212555e+01 2.0633631000000000e-03 1.2768437000000001e-02
-1.6916734483937623e-01 -2.9782685935053524e+02 1.8670715465227811e-01 -7.4028748146641846e+01 -3.6463656363781337e+02 2.0262466507558912e+01 -7.2057783135386044e+00 -2.5355347603108722e+01 2.2717459999999998e-03 1.4935428000000001e-02
-1.6833777212599060e-01 -2.8092676613547388e+02 1.8867105629558531e-01 -4.9388269499744332e+01 -3.5172695115930605e+02 1.9095772098183819e+01 -5.6084871529917173e+00 -2.4749520601087319e+01 2.4866887000000002e-03 1.7314116000000001e-02
-1.6743215259669442e-01 -2.6533354799430180e+02 1.9081498853093720e-01 -2.6510849675509782e+01 -3.3804097191843482e+02 1.8012218697734593e+01 -4.1077808495405055e+00 -2.4103002336669618e+01 2.7077901999999999e-03 1.9910858000000000e-02
-1.6644840699077038e-01 -2.5091903665115021e+02 1.9314387372797517e-01 -5.3668393379570833e+00 -3.2364383059032178e+02 1.7003722846185912e+01 -2.7001566843622680e+00 -2.3417901623171836e+01 2.9346520999999999e-03 2.2731616000000000e-02
-1.6538459589714011e-01 -2.3757197720923804e+02 1.9566230318116004e-01 1.4064190525059248e+01 -3.0861031358373418e+02 1.6063280673199294e+01 -1.3829614061804250e+00 -2.2696731740109438e+01 3.1668782999999998e-03 2.5781951000000001e-02
-1.6423891766185095e-01 -2.2519505381982825e+02 1.9837454206351549e-01 3.1797670341484384e+01 -2.9302380367123715e+02 1.5184775209093168e+01 -1.5414375738968422e-01 -2.1942382763521319e+01 3.4040742000000001e-03 2.9067029000000001e-02
-1.6300970699306705e-01 -2.1370257625210351e+02 2.0128453272912353e-01 4.7847456272160827e+01 -2.7697529709636586e+02 1.4362826345678505e+01 9.8794068607128982e-01 -2.1158090436936607e+01 3.6458464000000000e-03 3.2591624999999999e-02
-1.6169543705358275e-01 -2.0301867421505290e+02 2.0439588975938136e-01 6.2228587657308189e+01 -2.6056220018543905e+02 1.3592674144342931e+01 2.0446859907659896e+00 -2.0347400590691702e+01 3.8918026000000000e-03 3.6360116999999997e-02
-1.6029471667080464e-01 -1.9307580328546678e+02 2.0771190656799232e-01 7.4959583747039346e+01 -2.4388700486632067e+02 1.2870082145290615e+01 3.0173688564447012e+00 -1.9514126493906968e+01 4.1415510999999999e-03 4.0376493999999999e-02
-1.5880629138300845e-01 -1.8381356742742079e+02 2.1123555292409421e-01 8.6064224507032037e+01 -2.2705588548592755e+02 1.2191261623621493e+01 3.9072537109669447e+00 -1.8662304112578820e+01 4.3947007000000003e-03 4.4644352999999998e-02
-1.5722904343933891e-01 -1.7517774269272695e+02 2.1496947495225946e-01 9.5572933141642125e+01 -2.1017719962100145e+02 1.1552808720448489e+01 4.7156792642457743e+00 -1.7796143172095430e+01 4.6508610999999997e-03 4.9166899000000000e-02
-1.5556199040480095e-01 -1.6711946542867591e+02 2.1891599843499049e-01 1.0352379398974971e+02 -1.9335993211589272e+02 1.0951652372418675e+01 5.4441303329093369e+00 -1.6919974937584495e+01 4.9096423000000002e-03 5.3946949000000001e-02
-1.5380428690402070e-01 -1.5959456701259853e+02 2.2307712468460034e-01 1.0996318763600227e+02 -1.7671214781350056e+02 1.0385012105632480e+01 6.0942780642308714e+00 -1.6038198895903555e+01 5.1706551000000002e-03 5.8986927000000001e-02
-1.5195522148247564e-01 -1.5256300100700162e+02 2.2745453797382781e-01 1.1494613307308086e+02 -1.6033940826345116e+02 9.8503610657289844e+00 6.6680384594901643e+00 -1.5155228223312260e+01 5.4335110000000002e-03 6.4288872999999996e-02
-1.5001421974526449e-01 -1.4598837628283331e+02 2.3204959810522224e-01 1.1853630743284863e+02 -1.4434329526716741e+02 9.3453975251141905e+00 7.1675842572897839e+00 -1.4275436245608642e+01 5.6978226000000002e-03 6.9854434000000007e-02
-1.4798084086958505e-01 -1.3983753800249229e+02 2.3686334866738251e-01 1.2080581002592965e+02 -1.2881994464646465e+02 8.8680147313096356e+00 7.5953635626519151e+00 -1.3403102748012495e+01 5.9632034000000004e-03 7.5684873999999999e-02
-1.4585477934849528e-01 -1.3408022560344071e+02 2.4189651290683761e-01 1.2183464234538660e+02 -1.1385873654211936e+02 8.4162863421635485e+00 7.9541030550575345e+00 -1.2542362578512323e+01 6.2292681999999997e-03 8.1781068999999998e-02
-1.4363586359590444e-01 -1.2868876771341624e+02 2.4714949703054223e-01 1.2171000212573094e+02 -9.9541082703407255e+01 7.9884403214784800e+00 8.2468032428758988e+00 -1.1697158269723607e+01 6.4956331999999999e-03 8.8143510999999994e-02
-1.4132405594657310e-01 -1.2363782122238173e+02 2.5262239020587657e-01 1.2052537033168545e+02 -8.5939393016781437e+01 7.5828464473419928e+00 8.4767227155549172e+00 -1.0871195500044257e+01 6.7619166000000000e-03 9.4772308000000000e-02
-1.3891945056359989e-01 -1.1890413923014785e+02 2.5831496951438992e-01 1.1837943430160740e+02 -7.3116194599284015e+01 7.1980005678885952e+00 8.6473580528024296e+00 -1.0067902923495765e+01 7.0277381999999996e-03 1.0166719000000000e-01
-1.3642227308966909e-01 -1.1446637196758221e+02 2.6422670077742455e-01 1.1537489207085433e+02 -6.1123468090705558e+01 6.8325126704299199e+00 8.7624154049966752e+00 -9.2903982135761041e+00 7.2927204000000001e-03 1.0882751000000000e-01
-1.3383288552958189e-01 -1.1030489890323639e+02 2.7035672699738095e-01 1.1161717240007856e+02 -5.0002187218031033e+01 6.4850965715693567e+00 8.8257773635567798e+00 -8.5414610378627902e+00 7.5564877000000004e-03 1.1625223000000000e-01
-1.3115177613644202e-01 -1.0640165588246910e+02 2.7670389230081099e-01 1.0721307918633669e+02 -3.9782031265865498e+01 6.1545589555990183e+00 8.8414665781558721e+00 -7.8235068622777639e+00 7.8186677999999999e-03 1.2393994999999999e-01
-1.2837955871415127e-01 -1.0273999926202734e+02 2.8326674358966564e-01 1.0226943116285270e+02 -3.0481310920351326e+01 5.8397906616921542e+00 8.8136053255961766e+00 -7.1385733647814158e+00 8.0788911000000008e-03 1.3188891000000000e-01
-1.2551698307997605e-01 -9.9304598079411733e+01 2.9004350577257798e-01 9.6891712233208665e+01 -2.2107206377808744e+01 5.5397619029543890e+00 8.7463739564593581e+00 -6.4883114718435175e+00 8.3367917000000003e-03 1.4009695999999999e-01
-1.2256492111445863e-01 -9.6081304666052205e+01 2.9703211478981928e-01 9.1182771288446645e+01 -1.4656043924284726e+01 5.2535116910513837e+00 8.6439684482891046e+00 -5.8739806087986208e+00 8.5920070000000005e-03 1.4856159999999999e-01
-1.1952437373646166e-01 -9.3057066411213285e+01 3.0423020110082083e-01 8.5241588176215416e+01 -8.1138406340077029e+00 4.9801441614472930e+00 8.5105584489843622e+00 -5.2964531756365227e+00 8.8441787999999997e-03 1.5727996000000000e-01
-1.1639646392812364e-01 -9.0219830216925288e+01 3.1163510619665180e-01 7.9162145401398504e+01 -2.4570215203726229e+00 4.7188221325148803e+00 8.3502461824380170e+00 -4.7562227915439923e+00 9.0929527999999999e-03 1.6624881999999999e-01
-1.1318243673485899e-01 -8.7558463959183442e+01 3.1924388260001946e-01 7.3032410861560408e+01 2.3467547158222546e+00 4.4687623282135949e+00 8.1670276101481480e+00 -4.2534190620943200e+00 9.3379794999999995e-03 1.7546460999999999e-01
-1.0988365577783593e-01 -8.5062682984351170e+01 3.2705330212150796e-01 6.6933487262709008e+01 6.3376265419431510e+00 4.2292307903004334e+00 7.9647565954937454e+00 -3.7878274825540776e+00 9.5789143999999993e-03 1.8492342000000001e-01
-1.0650161371654292e-01 -8.2722993204782313e+01 3.3505983109086146e-01 6.0938928428897675e+01 9.5624656680625293e+00 3.9995396356356112e+00 7.7471130948306257e+00 -3.3589149576022379e+00 9.8154178999999998e-03 1.9462097000000000e-01
-1.0303791481117783e-01 -8.0530619475790630e+01 3.4325967163817894e-01 5.5114155344838437e+01 1.2073774082542858e+01 3.7790421665904961e+00 7.5175739138025506e+00 -2.9658549115737318e+00 1.0047156000000000e-02 2.0455266000000000e-01
-9.9494271435125806e-02 -7.8477452459998091e+01 3.5164876995015287e-01 4.9516087238592476e+01 1.3928515466326393e+01 3.5671299176299058e+00 7.2793885447719537e+00 -2.6075583610572686e+00 1.0273801000000001e-02 2.1471357999999999e-01
-9.5872521512570044e-02 -7.6556011657157640e+01 3.6022277498887501e-01 4.4192972598323230e+01 1.5186929279001433e+01 3.3632291213443510e+00 7.0355608493948116e+00 -2.2827087480213728e+00 1.0495031000000000e-02 2.2509846000000000e-01
-9.2174607593358868e-02 -7.4759389287037450e+01 3.6897708802926943e-01 3.9184318419973522e+01 1.5911389861460437e+01 3.1667990691629972e+00 6.7888339396544524e+00 -1.9897937437818498e+00 1.0710529999999999e-02 2.3570173000000000e-01
-8.8402580340527809e-02 -7.3081214087528764e+01 3.7790685440285388e-01 3.4521013841377318e+01 1.6165265294916754e+01 2.9773282823158400e+00 6.5416799554823974e+00 -1.7271411767561033e+00 1.0919989999999999e-02 2.4651751000000000e-01
-8.4558602017821866e-02 -7.1515616926260421e+01 3.8700695524150092e-01 3.0225618679069559e+01 1.6011867717446517e+01 2.7943326856193509e+00 6.2962959639548819e+00 -1.4929536877380216e+00 1.1123108000000000e-02 2.5753959999999998e-01
-8.0644936027128897e-02 -7.0057193998603466e+01 3.9627203224615443e-01 2.6312708046177807e+01 1.5513463197580444e+01 2.6173507652593835e+00 6.0546035287458633e+00 -1.2853423279399743e+00 1.1319591000000000e-02 2.6876150999999998e-01
-7.6663943420957503e-02 -6.8700976965473870e+01 4.0569649594306878e-01 2.2789417129446580e+01 1.4730380776014375e+01 2.4459503778265170e+00 5.8182505871286425e+00 -1.1023598756193413e+00 1.1509152000000000e-02 2.8017647000000001e-01
-7.2618086389959244e-02 -6.7442407902773112e+01 4.1527451742756960e-01 1.9656021920341537e+01 1.3720228558390158e+01 2.2797136691688027e+00 5.5886205147642425e+00 -9.4202839377034919e-01 1.1691511000000000e-02 2.9177742000000001e-01
-6.8509931750450712e-02 -6.6277315888841400e+01 4.2500002010781535e-01 1.6906630507578516e+01 1.2537226969078441e+01 2.1182443683946897e+00 5.3668430050238021e+00 -8.0237546944308724e-01 1.1866398000000000e-02 3.0355700000000002e-01
-6.4342123044236255e-02 -6.5201888103204027e+01 4.3486674575470807e-01 1.4529889953189304e+01 1.1231653495796387e+01 1.9611652280465885e+00 5.1538061382876545e+00 -6.8145070444801403e-01 1.2033550000000000e-02 3.1550762999999998e-01
-6.0117404951263081e-02 -6.4212656609584840e+01 4.4486819670822153e-01 1.2509766706257810e+01 9.8494226594386696e+00 1.8081050993865606e+00 4.9501743526647628e+00 -5.7735462431040596e-01 1.2192715000000000e-02 3.2762143999999999e-01
-5.5838605852010517e-02 -6.3306477407781664e+01 4.5499767715859529e-01 1.0826322800415463e+01 8.4317773073769935e+00 1.6587255371350920e+00 4.7564053434953859e+00 -4.8825663632864102e-01 1.2343646000000000e-02 3.3989032000000002e-01
-5.1508641315012121e-02 -6.2480515567030970e+01 4.6524828489009606e-01 9.4564887723698430e+00 7.0151049844184881e+00 1.5126810733125202e+00 4.5727698507271013e+00 -4.1241203616944316e-01 1.2486109000000000e-02 3.5230591000000000e-01
-4.7130500146766952e-02 -6.1732228865325197e+01 4.7561294430597345e-01 8.3748234192351774e+00 5.6308431365004843e+00 1.3696488946133094e+00 4.3993713321432653e+00 -3.4817503576733183e-01 1.2619877000000000e-02 3.6485963999999999e-01
-4.2707254854306181e-02 -6.1059358140004171e+01 4.8608438165974310e-01 7.5542594512615597e+00 4.3055345903170190e+00 1.2293134208441305e+00 4.2361672051932784e+00 -2.9400950009723015e-01 1.2744734000000001e-02 3.7754270000000001e-01
-3.8242051182626524e-02 -6.0459915607277338e+01 4.9665514982390324e-01 6.9667206186183916e+00 3.0609091457588633e+00 1.0913676761545683e+00 4.0829890795860315e+00 -2.4849640667634262e-01 1.2860473000000001e-02 3.9034606999999999e-01
-3.3738101139645899e-02 -5.9932174207152087e+01 5.0731764480241293e-01 6.5837899297700586e+00 1.9141096250279057e+00 9.5551194213540347e-01 3.9395619792481460e+00 -2.1033780029631988e-01 1.2966896000000000e-02 4.0326054000000000e-01
-2.9198689971247777e-02 -5.9474662701672464e+01 5.1806408921821390e-01 6.3773408064212962e+00 8.7791997908181052e-01 8.2145277335711109e-01 3.8055275312690418e+00 -1.7835957612172698e-01 1.3063819000000001e-02 4.1627669000000000e-01
-2.4627155236148224e-02 -5.9086156901754684e+01 5.2888658185066406e-01 6.3198822695043742e+00 -3.8888850596472443e-02 6.8890154810339022e-01 3.6804564974663547e+00 -1.5151038957475754e-01 1.3151064000000001e-02 4.2938494999999999e-01
-2.0026907731028776e-02 -5.8765677686300371e+01 5.3977704809810434e-01 6.3851005781786982e+00 -8.3121078446132901e-01 5.5757368757682668e-01 3.5638703283878428e+00 -1.2885987369205795e-01 1.3228465999999999e-02 4.4257553999999999e-01
-1.5401403590359242e-02 -5.8512485868084475e+01 5.5072730602776965e-01 6.5481329913598536e+00 -1.4972202680144855e+00 4.2718680223375527e-01 3.4552549187702661e+00 -1.0959392049338212e-01 1.3295871000000001e-02 4.5583855000000001e-01
-1.0754158236486261e-02 -5.8326081803566758e+01 5.6172903335083313e-01 6.7858798696962239e+00 -2.0379604483551144e+00 2.9746024438122021e-01 3.3540753156004870e+00 -9.3009328478290604e-02 1.3353135000000000e-02 4.6916390000000002e-01
-6.0887289420225588e-03 -5.8206204516641016e+01 5.7277380870360128e-01 7.0772141401196098e+00 -2.4569361028760648e+00 1.6811333278472196e-01 3.2597875930966254e+00 -7.8507109712940518e-02 1.3400123999999999e-02 4.8254139000000001e-01
-1.4087218048911554e-03 -5.8152833622196695e+01 5.8385309513503558e-01 7.4030920739382928e+00 -2.7597020305557693e+00 3.8864621299286028e-02 3.1718503467694004e+00 -6.5584674603853574e-02 1.3436718000000000e-02 4.9596067999999999e-01
3.2822222017632185e-03 -5.8166192233927916e+01 5.9495827313170846e-01 7.7466641187519176e+00 -2.9534677418755084e+00 -9.0569957854557792e-02 3.0897329403612188e+00 -5.3827839374192277e-02 1.3462807000000000e-02 5.0941133000000005e-01
7.9804132794853710e-03 -5.8246751372587994e+01 6.0608060759284732e-01 8.0932831591599328e+00 -3.0467176425333320e+00 -2.2047729550071393e-01 3.0129238091840929e+00 -4.2901656907462137e-02 1.3478291000000000e-02 5.2288276000000000e-01
1.2682144192209366e-02 -5.8395252325685952e+01 6.1721132213648533e-01 8.4304859364830111e+00 -3.0488579398775744e+00 -3.5115000747970404e-01 2.9409356353093639e+00 -3.2542998362339322e-02 1.3483083000000000e-02 5.3636434000000000e-01
1.7383672828647528e-02 -5.8612636122807480e+01 6.2834155781826617e-01 8.7479263359547232e+00 -2.9698950317153030e+00 -4.8288638516023541e-01 2.8733105073559582e+00 -2.2549873048301219e-02 1.3477108000000000e-02 5.4984533999999996e-01
2.2081229177334905e-02 -5.8900210806705019e+01 6.3946238964392255e-01 9.0372797533693969e+00 -2.8201413569277558e+00 -6.1599248347480406e-01 2.8096224739932283e+00 -1.2775030029632021e-02 1.3460300999999999e-02 5.6331494999999998e-01
2.6771025789195546e-02 -5.9259506532987061e+01 6.5056485133799224e-01 9.2921042086657728e+00 -2.6099595744585380e+00 -7.5078362249231390e-01 2.7494806239359484e+00 -3.1173127688729992e-03 1.3432611000000001e-02 5.7676231000000000e-01
3.1449264752587136e-02 -5.9692369315873222e+01 6.6163995185629643e-01 9.5077057964764400e+00 -2.3495412714672863e+00 -8.8758631445184610e-01 2.6925287189847458e+00 6.4869654219611977e-03 1.3393997000000000e-02 5.9017653000000003e-01
3.6112127230734231e-02 -6.0200961152299811e+01 6.7267865061722287e-01 9.6809734710031545e+00 -2.0487220217015776e+00 -1.0267392053098487e+00 2.6384464801409813e+00 1.6069587679455252e-02 1.3344429999999999e-02 6.0354666000000001e-01
4.0755787411817151e-02 -6.0787780203782823e+01 6.8367189052668143e-01 9.8101969036407599e+00 -1.7168299455079508e+00 -1.1685957244518410e+00 2.5869485483393508e+00 2.5637452532677931e-02 1.3283893999999999e-02 6.1686173000000000e-01
4.5376426459060537e-02 -6.1455685451090496e+01 6.9461063100305975e-01 9.8948982852260716e+00 -1.3625657550850558e+00 -1.3135261728658780e+00 2.5377830771731915e+00 3.5178798790550463e-02 1.3212384000000001e-02 6.3011079000000003e-01
4.9970211585600222e-02 -6.2207919368171389e+01 7.0548579843978987e-01 9.9356530640672727e+00 -9.9392081865624560e-01 -1.4619192597850681e+00 2.4907297448746637e+00 4.4667178950111693e-02 1.3129907000000000e-02 6.4328284999999996e-01
5.4533320467138768e-02 -6.3048140461057933e+01 7.1628834399902064e-01 9.9339198117690835e+00 -6.1811023633460005e-01 -1.6141851608235331e+00 2.4455987745450609e+00 5.4066461987324593e-02 1.3036481000000001e-02 6.5636695000000000e-01
5.9061944729467214e-02 -6.3980457900301303e+01 7.2700925186785648e-01 9.8918758552106727e+00 -2.4154782753265147e-01 -1.7707582043053587e+00 2.4022273124095204e+00 6.3334750759933847e-02 1.2932137999999999e-02 6.6935217000000002e-01
6.3552279485898894e-02 -6.5009467511338173e+01 7.3763951448964060e-01 9.8122611517878813e+00 1.3018219072067144e-01 -1.9320993345210669e+00 2.3604776268135050e+00 7.2427115525503141e-02 1.2816919000000000e-02 6.8222760000000005e-01
6.8000544262402235e-02 -6.6140299445689237e+01 7.4817018210138886e-01 9.6982391244414607e+00 4.9228889502088696e-01 -2.0986976133719133e+00 2.3202343137208516e+00 8.1298566639279382e-02 1.2690879000000000e-02 6.9498240000000000e-01
7.2402976022556575e-02 -6.7378666912707089e+01 7.5859234622131166e-01 9.5532659024991702e+00 8.4078061682874294e-01 -2.2710829058038553e+00 2.2814018029629013e+00 8.9905669291482082e-02 1.2554085000000000e-02 7.0760577999999996e-01
7.6755832655074324e-02 -6.8730921716133125e+01 7.6889714790505281e-01 9.3809760278352439e+00 1.1724131207531197e+00 -2.4498156753845315e+00 2.2439018126983554e+00 9.8208359127917103e-02 1.2406611999999999e-02 7.2008700999999997e-01
8.1055410411411538e-02 -7.0204125117360320e+01 7.7907581902688416e-01 9.1850809501251032e+00 1.4846459159394101e+00 -2.6355015823317145e+00 2.2076708682037536e+00 1.0617118156538660e-01 1.2248551000000000e-02 7.3241546999999996e-01
8.5298033443201943e-02 -7.1806117756591973e+01 7.8911965751098900e-01 8.9692841247016517e+00 1.7755911184627222e+00 -2.8287958394712724e+00 2.1726581106415228e+00 1.1376355525401147e-01 1.2080001999999999e-02 7.4458062000000003e-01
8.9480060777300668e-02 -7.3545605457470316e+01 7.9902004384393965e-01 8.7372086992486722e+00 2.0439532796695037e+00 -3.0304001570966483e+00 2.1388232806893850e+00 1.2096108229375629e-01 1.1901076999999999e-02 7.5657202000000001e-01
9.3597893290829043e-02 -7.5432257925977481e+01 8.0876845758717553e-01 8.4923360230009699e+00 2.2889595595137657e+00 -3.2410827479238473e+00 2.1061343680354025e+00 1.2774471703832674e-01 1.1711898000000000e-02 7.6837935000000002e-01
9.7647984173740793e-02 -7.7476824350762115e+01 8.1835650214571964e-01 8.2379625597681514e+00 2.5103195230902196e+00 -3.4616772024802458e+00 2.0745664905647021e+00 1.3410167471810325e-01 1.1512599000000000e-02 7.7999244000000001e-01
1.0162682149121158e-01 -7.9691251595375277e+01 8.2777586348698429e-01 7.9771615329650771e+00 2.7081309289454554e+00 -3.6930915134038407e+00 2.0440999882938859e+00 1.4002463485051994e-01 1.1303326000000001e-02 7.9140122000000002e-01
1.0553096305886014e-01 -8.2088849170505952e+01 8.3701839270315992e-01 7.7127599202038164e+00 2.8828445853938840e+00 -3.9363213477408023e+00 2.0147194105087847e+00 1.4551135726943365e-01 1.1084235000000000e-02 8.0259581999999996e-01
1.0935700505504939e-01 -8.4684441167096637e+01 8.4607603170506529e-01 7.4473217170726844e+00 3.0352002395550577e+00 -4.1924558450573866e+00 1.9864120438790098e+00 1.5056476573009386e-01 1.0855490000000001e-02 8.1356647999999998e-01
1.1310161340858541e-01 -8.7494581341565421e+01 8.5494088752829733e-01 7.1831407349709266e+00 3.1661653214218064e+00 -4.4626951253215452e+00 1.9591671038721490e+00 1.5519190483770245e-01 1.0617270000000000e-02 8.2430364000000000e-01
1.1676151682367333e-01 -9.0537779928762291e+01 8.6360521582075334e-01 6.9222379735271762e+00 3.2768903217441778e+00 -4.7483627856884247e+00 1.9329750051843375e+00 1.5940369722728640e-01 1.0369760000000000e-02 8.3479791999999997e-01
1.2033351026743963e-01 -9.3834774640367058e+01 8.7206142909887019e-01 6.6663676026042538e+00 3.3686619963530311e+00 -5.0509238623707953e+00 1.9078265073708365e+00 1.6321472863231279e-01 1.0113159000000000e-02 8.4504013000000000e-01
1.2381445845745406e-01 -9.7408850020986321e+01 8.8030210500386297e-01 6.4170263195070278e+00 3.4428634142979222e+00 -5.3720049910587626e+00 1.8837129000766146e+00 1.6664169324842529e-01 9.8476710000000005e-03 8.5502127999999999e-01
1.2720129586172987e-01 -1.0128620910072715e+02 8.8831998630172504e-01 6.1754608915752653e+00 3.5009385759247080e+00 -5.7134178966674201e+00 1.8606248206697620e+00 1.6970367692795843e-01 9.5735140000000000e-03 8.6473257999999997e-01
1.3049104413633447e-01 -1.0549643729848732e+02 8.9610802216442276e-01 5.9426946198335004e+00 3.5443584900785194e+00 -6.0771895179890443e+00 1.8385523828890722e+00 1.7242133275113453e-01 9.2909130999999992e-03 8.7416548999999999e-01
1.3368079468777858e-01 -1.1007301151504012e+02 9.0365932688870076e-01 5.7195340384257225e+00 3.5745965509388999e+00 -6.4655921866987018e+00 1.8174851059058499e+00 1.7481700708100442e-01 9.0001030000000006e-03 8.8331166999999999e-01
1.3676772959814945e-01 -1.1505396384670897e+02 9.1096722943351527e-01 5.5065920402383437e+00 3.5931055455895402e+00 -6.8811882636256767e+00 1.7974115730024431e+00 1.7691275773534659e-01 8.7013270999999996e-03 8.9216304000000002e-01
1.3974911116254421e-01 -1.2048263692297691e+02 9.1802524865131796e-01 5.3043098768462809e+00 3.6012998183637874e+00 -7.3268759983875080e+00 1.7783196938910224e+00 1.7873187856112766e-01 8.3948374000000006e-03 9.0071175000000003e-01
1.4262229932668061e-01 -1.2640865413969519e+02 9.2482713456924970e-01 5.1129655351478362e+00 3.6005398085763218e+00 -7.8059516892679870e+00 1.7601964704357442e+00 1.8029730882104561e-01 8.0808944000000001e-03 9.0895022999999997e-01
1.4538473773680863e-01 -1.3288905015622731e+02 9.3136683536418563e-01 4.9327093292805992e+00 3.5921213715403750e+00 -8.3221806130975757e+00 1.7430280916661329e+00 1.8163193445132839e-01 7.7597663000000001e-03 9.1687114999999997e-01
1.4803396768979890e-01 -1.3998973090742072e+02 9.3763853038769052e-01 4.7635687631364263e+00 3.5772677930641774e+00 -8.8798893833327277e+00 1.7268005693563122e+00 1.8275796754649754e-01 7.4317293999999999e-03 9.2446746000000002e-01
1.5056763162066497e-01 -1.4778728514785200e+02 9.4363663842225753e-01 4.6054801382988941e+00 3.5571239054999730e+00 -9.4840812180685283e+00 1.7114989821609701e+00 1.8369688323694380e-01 7.0970672000000004e-03 9.3173240000000002e-01
1.5298346612751892e-01 -1.5637124414148684e+02 9.4935580116883056e-01 4.4582891328818333e+00 3.5327525935458683e+00 -1.0140578390422418e+01 1.6971083408602401e+00 1.8446936221764104e-01 6.7560703000000000e-03 9.3865947999999999e-01
1.5527931940918235e-01 -1.6584706728211179e+02 9.5479092452799885e-01 4.3217778186494442e+00 3.5051346954876523e+00 -1.0856212423321628e+01 1.6836130493398829e+00 1.8509473766343412e-01 6.4090362999999996e-03 9.4524253000000003e-01
1.5745313034005312e-01 -1.7633987012687436e+02 9.5993712906256345e-01 4.1956735803969849e+00 3.4751638747354270e+00 -1.1639059948297787e+01 1.6709978383617554e+00 1.8559203462846022e-01 6.0562691999999996e-03 9.5147563999999996e-01
1.5950296334532735e-01 -1.8799962023471178e+02 9.6478983255992634e-01 4.0796681951902727e+00 3.4436590894499899e+00 -1.2498774895806841e+01 1.6592474114626881e+00 1.8597833626124699e-01 5.6980790999999996e-03 9.5735325999999998e-01
1.6142697352577742e-01 -2.0100774509340349e+02 9.6934466746970127e-01 3.9734240229682865e+00 3.4113554590493926e+00 -1.3447008218271902e+01 1.6483467119273008e+00 1.8626972853254731e-01 5.3347821999999998e-03 9.6287009999999995e-01
1.6322344153297388e-01 -2.1558664419350603e+02 9.7359756346610304e-01 3.8765866546937247e+00 3.3789142236391352e+00 -1.4498017042433679e+01 1.6382811333857235e+00 1.8648116302330309e-01 4.9667000000000001e-03 9.6802122999999995e-01
1.6489074915663024e-01 -2.3201262085308849e+02 9.7754468965427488e-01 3.7887932307669292e+00 3.3469248265690830e+00 -1.5669490863605688e+01 1.6290364331884257e+00 1.8662611988849975e-01 4.5941591999999996e-03 9.7280200999999999e-01
1.6642740722478014e-01 -2.5063503373129717e+02 9.8118252062019995e-01 3.7096882497381398e+00 3.3159094655654564e+00 -1.6983781031978225e+01 1.6205992327308953e+00 1.8671709850779933e-01 4.2174915999999996e-03 9.7720817000000004e-01
1.6783202770360015e-01 -2.7190418286562118e+02 9.8450777038078985e-01 3.6389155166526539e+00 3.2863273247340592e+00 -1.8469689641370138e+01 1.6129565216231598e+00 1.8676527938593568e-01 3.8370333000000002e-03 9.8123572999999997e-01
1.6910335159758724e-01 -2.9641519548966670e+02 9.8751745843379635e-01 3.5761380620918697e+00 3.2585790279493825e+00 -2.0165294250509710e+01 1.6060964293809321e+00 1.8678071226823184e-01 3.4531249000000000e-03 9.8488107999999996e-01
1.7024023848699202e-01 -3.2497845325943166e+02 9.9020888498909398e-01 3.5210381165256432e+00 3.2330113156215354e+00 -2.2122502505062194e+01 1.6000078786355707e+00 1.8677228457869072e-01 3.0661112999999999e-03 9.8814095000000002e-01
1.7124165955277451e-01 -3.5874017319196435e+02 9.9257961445620269e-01 3.4733224853575835e+00 3.2099215976470004e+00 -2.4414750706968185e+01 1.5946808704060222e+00 1.8674778568874181e-01 2.6763420000000000e-03 9.9101238999999997e-01
1.7210671850173728e-01 -3.9940405255776005e+02 9.9462752498172136e-01 3.4327252611481560e+00 3.1895610066443614e+00 -2.7151432582100316e+01 1.5901063869724776e+00 1.8671397106899498e-01 2.2841723000000002e-03 9.9349282999999999e-01
1.7283464459148082e-01 -4.4967663589285326e+02 9.9635079193684961e-01 3.3990121460509739e+00 3.1721383584573930e+00 -3.0506735712587137e+01 1.5862766446177412e+00 1.8667656560375459e-01 1.8899688000000000e-03 9.9558005999999999e-01
1.7342478914288170e-01 -5.1429699854411126e+02 9.9774787966114920e-01 3.3719820472584332e+00 3.1578244185241178e+00 -3.4786123441125127e+01 1.5831848523634440e+00 1.8664033442496497e-01 1.4941295000000000e-03 9.9727222000000004e-01
1.7387667436540274e-01 -6.0293203516922051e+02 9.9881765704988867e-01 3.3514678078302902e+00 3.1467515186415729e+00 -4.0614076543531624e+01 1.5808253221727693e+00 1.8660899273146628e-01 1.0971916000000000e-03 9.9856794000000004e-01
1.7419012588293539e-01 -7.4204923691676584e+02 9.9955971129112231e-01 3.3373316132321071e+00 3.1390144602986392e+00 -4.9703926622108284e+01 1.5791926611715659e+00 1.8658547593414571e-01 7.0085733000000002e-04 9.9946672000000003e-01
