-1.5883015594972516e-01 -1.5747732713191122e+03 1.5883134154293255e-01 -1.4425211576096826e+03 -4.2655461583359988e+02 1.0273808657804376e+02 -9.4196096031957723e+01 -2.7552537216618823e+01 5.5301730000000003e-06 1.0230946000000001e-06
-1.5882415189375970e-01 -1.1717566224797013e+03 1.5884724034534980e-01 -1.0390940824330128e+03 -4.2644998968361318e+02 7.6703782760771730e+01 -6.8142905266712248e+01 -2.7547831763206155e+01 3.5894988000000002e-05 1.9923924999999999e-05
-1.5880531493544003e-01 -9.8465035950885715e+02 1.5889712080618998e-01 -8.5094277037625466e+02 -4.2612186948179635e+02 6.4612231993093417e+01 -5.6003007694263410e+01 -2.7533073670646871e+01 8.5619985000000003e-05 7.9222864999999994e-05
-1.5876802387173344e-01 -8.6177001606354247e+02 1.5899586792933668e-01 -7.2629628323539828e+02 -4.2547288349543771e+02 5.6665155259353995e+01 -4.7973825320575010e+01 -2.7503878274221332e+01 1.5173507999999999e-04 1.9661552000000001e-04
-1.5870735899202484e-01 -7.7039995981925040e+02 1.5915650915948237e-01 -6.3240978304943417e+02 -4.2441877768227562e+02 5.0749124903559803e+01 -4.1940247301928160e+01 -2.7456442484263007e+01 2.3255418000000001e-04 3.8758918999999998e-04
-1.5861884593842612e-01 -6.9788208874163513e+02 1.5939089264268302e-01 -5.5662863353614773e+02 -4.2288446916313501e+02 4.6046451032965244e+01 -3.7084389279596742e+01 -2.7387362474454079e+01 3.2689763000000001e-04 6.6622920000000002e-04
-1.5849833915596934e-01 -6.3796980154205164e+02 1.5970999585145462e-01 -4.9273189574949561e+02 -4.2080258367895641e+02 4.2153682852782900e+01 -3.3003614364834220e+01 -2.7293562640856887e+01 4.3385032000000002e-04 1.0455858000000000e-03
-1.5834195666569303e-01 -5.8711481403400251e+02 1.6012409830631646e-01 -4.3721345383756454e+02 -4.1811291949800284e+02 3.8841729929396195e+01 -2.9470393038382213e+01 -2.7172265973273159e+01 5.5265518999999999e-04 1.5378795000000000e-03
-1.5814603974393643e-01 -5.4310472590203210e+02 1.6064288834543816e-01 -3.8791599925669544e+02 -4.1476236099894777e+02 3.5967836900138018e+01 -2.6344114994234797e+01 -2.7020984645321526e+01 6.8265765000000004e-04 2.1546280000000000e-03
-1.5790712569561829e-01 -5.0446461567180478e+02 1.6127553522127910e-01 -3.4343009505903120e+02 -4.1070501998061121e+02 3.3436916205476507e+01 -2.3532308529920364e+01 -2.6837520937690741e+01 8.2327310000000005e-04 2.9067318999999999e-03
-1.5762192930283681e-01 -4.7016022522203895e+02 1.6203073822488837e-01 -3.0279543005793533e+02 -4.0590251135482634e+02 3.1182365482008109e+01 -2.0971370900033065e+01 -2.6619974568749726e+01 9.7396649000000004e-04 3.8045331000000002e-03
-1.5728732926074651e-01 -4.3943686748565301e+02 1.6291676260384322e-01 -2.6533810637783489e+02 -4.0032428284515004e+02 2.9155654223878642e+01 -1.8616088810055203e+01 -2.6366752963531894e+01 1.1342389000000000e-03 4.8578574999999999e-03
-1.5690035826653626e-01 -4.1172585481644222e+02 1.6394146580673807e-01 -2.3057564784816665e+02 -3.9394796025541126e+02 2.7320273573763110e+01 -1.6433525849494952e+01 -2.6076582921468692e+01 1.3036180000000001e-03 6.0760461999999999e-03
-1.5645819584029147e-01 -3.8658711988096536e+02 1.6511231649361569e-01 -1.9815830106367477e+02 -3.8675967581941092e+02 2.5648025586786524e+01 -1.4399259246906970e+01 -2.5748522465929746e+01 1.4816515000000000e-03 7.4679780999999997e-03
-1.5595816251179861e-01 -3.6367240360539523e+02 1.6643640992936926e-01 -1.6783095115706845e+02 -3.7875434248038329e+02 2.4116641604443132e+01 -1.2494947875329746e+01 -2.5381971240589905e+01 1.6679024999999999e-03 9.0420881999999994e-03
-1.5539771588154913e-01 -3.4270080447438596e+02 1.6792047841424451e-01 -1.3940745086864908e+02 -3.6993586799422269e+02 2.2708200101592521e+01 -1.0706701965327889e+01 -2.4976679541994223e+01 1.8619452999999999e-03 1.0806380000000001e-02
-1.5477444696763851e-01 -3.2344197897879769e+02 1.6957090095728922e-01 -1.1275258996763242e+02 -3.6031727035785514e+02 2.1408039161016031e+01 -9.0239489825064769e+00 -2.4532754116559207e+01 2.0633631000000000e-03 1.2768437000000001e-02
-1.5408607852216313e-01 -3.0570434433503220e+02 1.7139370773455151e-01 -8.7769112342659909e+01 -3.4992071058830368e+02 2.0203992773397520e+01 -7.4386240200208711e+00 -2.4050661844815135e+01 2.2717459999999998e-03 1.4935428000000001e-02
-1.5333046220403770e-01 -2.8932652664992474e+02 1.7339458757548881e-01 -6.4387963499690400e+01 -3.3877738581253033e+02 1.9085837046120854e+01 -5.9445713402717448e+00 -2.3531228544412222e+01 2.4866887000000002e-03 1.7314116000000001e-02
-1.5250557864252745e-01 -2.7417112058409037e+02 1.7557888779473368e-01 -4.2560910182915862e+01 -3.2692733719553434e+02 1.8044886255410056e+01 -4.5370961738347475e+00 -2.2975635582165332e+01 2.7077901999999999e-03 1.9910858000000000e-02
-1.5160953394297760e-01 -2.6011995055395619e+02 1.7795162344495877e-01 -2.2254649230602784e+01 -3.1441907359955735e+02 1.7073685538425142e+01 -3.2126145738751792e+00 -2.2385409838922826e+01 2.9346520999999999e-03 2.2731616000000000e-02
-1.5064056159277903e-01 -2.4707054242764690e+02 1.8051747226985948e-01 -3.4462350729545848e+00 -3.0130914241536635e+02 1.6165783099392943e+01 -1.9683849989622919e+00 -2.1762412454475317e+01 3.1668782999999998e-03 2.5781951000000001e-02
-1.4959702055540261e-01 -2.3493333507763649e+02 1.8328077975117127e-01 1.3880750572089312e+01 -2.8766151309253581e+02 1.5315548804644539e+01 -8.0228793577060875e-01 -2.1108820922340552e+01 3.4040742000000001e-03 2.9067029000000001e-02
-1.4847739399975529e-01 -2.2362951308384996e+02 1.8624556247334761e-01 2.9739224701412194e+01 -2.7354684947747086e+02 1.4518035206367401e+01 2.8735082486862207e-01 -2.0427107231175540e+01 3.6458464000000000e-03 3.2591624999999999e-02
-1.4728029120614589e-01 -2.1308931947557110e+02 1.8941550307654290e-01 4.4141180280227459e+01 -2.5904170385918832e+02 1.3768867761600802e+01 1.3019025782939098e+00 -1.9720014147287138e+01 3.8918026000000000e-03 3.6360116999999997e-02
-1.4600444502499743e-01 -2.0325065832660360e+02 1.9279395698596868e-01 5.7099817771112505e+01 -2.4422755630381172e+02 1.3064154657818140e+01 2.2425564717050928e+00 -1.8990523039244831e+01 4.1415510999999999e-03 4.0376493999999999e-02
-1.4464871282983000e-01 -1.9405799870507971e+02 1.9638394988838495e-01 6.8631155240289416e+01 -2.2918979808540078e+02 1.2400416758048857e+01 3.1104162255117553e+00 -1.8241824849790213e+01 4.3947007000000003e-03 4.4644352999999998e-02
-1.4321207651726067e-01 -1.8546146569320206e+02 2.0018817773210029e-01 7.8755420985516409e+01 -2.1401664182035466e+02 1.1774528660578028e+01 3.9065806162483785e+00 -1.7477281624819923e+01 4.6508610999999997e-03 4.9166899000000000e-02
-1.4169364123635983e-01 -1.7741608688581491e+02 2.0420901009164988e-01 8.7498110584160642e+01 -1.9879795215073904e+02 1.1183668737941577e+01 4.6322093778037399e+00 -1.6700389355745770e+01 4.9096423000000002e-03 5.3946949000000001e-02
-1.4009263697695584e-01 -1.6988117869835273e+02 2.0844848596194787e-01 9.4890737511809562e+01 -1.8362408328657327e+02 1.0625284116497532e+01 5.2885743211395670e+00 -1.5914738557601185e+01 5.1706551000000002e-03 5.8986927000000001e-02
-1.3840841571068643e-01 -1.6281981338454381e+02 2.1290832132881318e-01 1.0097135170525519e+02 -1.6858465533453358e+02 1.0097052031680425e+01 5.8771011418091152e+00 -1.5123971866965803e+01 5.4335110000000002e-03 6.4288872999999996e-02
-1.3664045424994736e-01 -1.5619839272497509e+02 2.1758990159844366e-01 1.0578478897633087e+02 -1.5376738847823711e+02 9.5968550472754046e+00 6.3993979391577591e+00 -1.4331743821604681e+01 5.6978226000000002e-03 6.9854434000000007e-02
-1.3478835107128281e-01 -1.4998626149354249e+02 2.2249429000911136e-01 1.0938272270709707e+02 -1.3925694284854936e+02 9.1227559269973675e+00 6.8572767587147538e+00 -1.3541677956001706e+01 5.9632034000000004e-03 7.5684873999999999e-02
-1.3285182790369016e-01 -1.4415539521918370e+02 2.2762222342531502e-01 1.1182349325454820e+02 -1.2513381543329494e+02 8.6729779454724021e+00 7.2527642812739632e+00 -1.2757326966795954e+01 6.2292681999999997e-03 8.1781068999999998e-02
-1.3083072845797614e-01 -1.3868012137895767e+02 2.3297411570245802e-01 1.1317175950881838e+02 -1.1147332170598339e+02 8.2458872155571399e+00 7.5881060921220040e+00 -1.1982133193563360e+01 6.4956331999999999e-03 8.8143510999999994e-02
-1.2872501842675688e-01 -1.3353688217708066e+02 2.3855005768684839e-01 1.1349798277141500e+02 -9.8344667834286341e+01 7.8399777849702277e+00 7.8657631040535989e+00 -1.1219391793587027e+01 6.7619166000000000e-03 9.4772308000000000e-02
-1.2653478357849207e-01 -1.2870402351767609e+02 2.4434982226271601e-01 1.1287776702496618e+02 -8.5810124815304349e+01 7.4538583252452613e+00 8.0884019533157954e+00 -1.0472215838897396e+01 7.0277381999999996e-03 1.0166719000000000e-01
-1.2426022943982409e-01 -1.2416161476702302e+02 2.5037286519338198e-01 1.1139107420419494e+02 -7.3924345931930205e+01 7.0862409036104896e+00 8.2588797041722479e+00 -9.7435064646452290e+00 7.2927204000000001e-03 1.0882751000000000e-01
-1.2190168574283136e-01 -1.1989129870856084e+02 2.5661831334488561e-01 1.0912135105041878e+02 -6.2733833460909530e+01 6.7359317515727657e+00 8.3802233511185342e+00 -9.0359258016123061e+00 7.5564877000000004e-03 1.1625223000000000e-01
-1.1945959721286054e-01 -1.1587613355114530e+02 2.6308498907990024e-01 1.0615457207190710e+02 -5.2276505238162443e+01 6.4018211355067614e+00 8.4556067072148320e+00 -8.3518728907044704e+00 7.8186677999999999e-03 1.2393994999999999e-01
-1.1693452293320457e-01 -1.1210047129358598e+02 2.6977141194007226e-01 1.0257823587825031e+02 -4.2581421988163136e+01 6.0828758260620868e+00 8.4883223224447342e+00 -7.6934646718642075e+00 8.0788911000000008e-03 1.3188891000000000e-01
-1.1432714587493151e-01 -1.0854986276495552e+02 2.7667577341093574e-01 9.8480350531626570e+01 -3.3668751146305347e+01 5.7781335515917576e+00 8.4817522833299321e+00 -7.0625254526302816e+00 8.3367917000000003e-03 1.4009695999999999e-01
-1.1163826019044609e-01 -1.0521093975004075e+02 2.8379597056869299e-01 9.3948403315949506e+01 -2.5549774192942891e+01 5.4866952906407152e+00 8.4393370356454227e+00 -6.4605744811298784e+00 8.5920070000000005e-03 1.4856159999999999e-01
-1.0886877756670897e-01 -1.0207132457678058e+02 2.9112958925682442e-01 8.9068364206769985e+01 -1.8227072960538340e+01 5.2077206893133958e+00 8.3645434775979304e+00 -5.8888237015892670e+00 8.8441787999999997e-03 1.5727996000000000e-01
-1.0601972087201743e-01 -9.9119594957227704e+01 2.9867392090947864e-01 8.3923728977304080e+01 -1.1694888479922611e+01 4.9404225360730862e+00 8.2608329243107335e+00 -5.3481766279793055e+00 9.0929527999999999e-03 1.6624881999999999e-01
-1.0309222415600543e-01 -9.6345137187101699e+01 3.0642596255147270e-01 7.8594624856809332e+01 -5.9395596676099025e+00 4.6840624782783289e+00 8.1316296207225207e+00 -4.8392341830228700e+00 9.3379794999999995e-03 1.7546460999999999e-01
-1.0008752947303398e-01 -9.3738144028936759e+01 3.1438242520998694e-01 7.3157000540052323e+01 -9.4009541636185789e-01 4.4379468536438136e+00 7.9802905487742954e+00 -4.3623026476388693e+00 9.5789143999999993e-03 1.8492342000000001e-01
-9.7006996412019986e-02 -9.1289503884110289e+01 3.2253970867947995e-01 6.7681929624381965e+01 3.3311397703903340e+00 4.2014238891345901e+00 7.8100778190548601e+00 -3.9174087511814419e+00 9.8154178999999998e-03 1.9462097000000000e-01
-9.3852086213388156e-02 -8.8990807991587047e+01 3.3089394358016405e-01 6.2234978294250872e+01 6.9077094980937295e+00 3.9738791577100021e+00 7.6241317095517926e+00 -3.5043132453092389e+00 1.0047156000000000e-02 2.0455266000000000e-01
-9.0624358592461401e-02 -8.6834255367533189e+01 3.3944099976970066e-01 5.6875699167771053e+01 9.8282958255886594e+00 3.7547325419702919e+00 7.4254473926132798e+00 -3.1225303342016750e+00 1.0273801000000001e-02 2.1471357999999999e-01
-8.7325487622508885e-02 -8.4812630163022533e+01 3.4817644428472438e-01 5.1657304809845897e+01 1.2135834212482862e+01 3.5434366773388835e+00 7.2168556248592068e+00 -2.7713513596130901e+00 1.0495031000000000e-02 2.2509846000000000e-01
-8.3957242675088362e-02 -8.2919254463933513e+01 3.5709559181101413e-01 4.6626366001965813e+01 1.3876661891830322e+01 3.3394731400810924e+00 7.0010046902186733e+00 -2.4498662653225134e+00 1.0710529999999999e-02 2.3570173000000000e-01
-8.0521491596655781e-02 -8.1147956055163959e+01 3.6619349627179787e-01 4.1822695903490157e+01 1.5099646429840231e+01 3.1423504673852736e+00 6.7803470722695369e+00 -2.1569891291904422e+00 1.0919989999999999e-02 2.4651751000000000e-01
-7.7020203885174859e-02 -7.9493034524407065e+01 3.7546494241605738e-01 3.7279338264872230e+01 1.5855307582476323e+01 2.9516022522497432e+00 6.5571295190209336e+00 -1.8914844488042659e+00 1.1123108000000000e-02 2.5753959999999998e-01
-7.3455441160288321e-02 -7.7949230540709834e+01 3.8490447105361414e-01 3.3022649140733570e+01 1.6195006624128268e+01 2.7667846683649198e+00 6.3333866360808884e+00 -1.6519923421750955e+00 1.1319591000000000e-02 2.6876150999999998e-01
-6.9829353986708143e-02 -7.6511698751907801e+01 3.9450638746682409e-01 2.9072490032497612e+01 1.6170148390137033e+01 2.5874745516310949e+00 6.1109353599358904e+00 -1.4370548961918708e+00 1.1509152000000000e-02 2.8017647000000001e-01
-6.6144185050825338e-02 -7.5175985512418336e+01 4.0426475299888265e-01 2.5442525431789669e+01 1.5831455295264226e+01 2.4132679172287457e+00 5.8913780700791598e+00 -1.2451417550577677e+00 1.1691511000000000e-02 2.9177742000000001e-01
-6.2402272337319431e-02 -7.3938008811743586e+01 4.1417337664212972e-01 2.2140580559334850e+01 1.5228295508521551e+01 2.2437785269591046e+00 5.6761032976389627e+00 -1.0746745086004510e+00 1.1866398000000000e-02 3.0355700000000002e-01
-5.8606023716281583e-02 -7.2794029237970619e+01 4.2422588233161074e-01 1.9169079494759448e+01 1.4408100637878119e+01 2.0786352549131459e+00 5.4662909543200566e+00 -9.2404892645687609e-01 1.2033550000000000e-02 3.1550762999999998e-01
-5.4757939179481879e-02 -7.1740642456488629e+01 4.3441565006321092e-01 1.6525508582177896e+01 1.3415854721969657e+01 1.9174817676363261e+00 5.2629214956391985e+00 -7.9165739453745476e-01 1.2192715000000000e-02 3.2762143999999999e-01
-5.0860594957321287e-02 -7.0774757606130109e+01 4.4473585795213066e-01 1.4202977322063333e+01 1.2293670454985717e+01 1.7599745167836298e+00 5.0667849751559872e+00 -6.7590779480441587e-01 1.2343646000000000e-02 3.3989032000000002e-01
-4.6916646695441253e-02 -6.9893584702821485e+01 4.5517947382119062e-01 1.2190748573744150e+01 1.1080447332526658e+01 1.6057816334446451e+00 4.8784932265603160e+00 -5.7524123033530261e-01 1.2486109000000000e-02 3.5230591000000000e-01
-4.2928816748285206e-02 -6.9094620546654468e+01 4.6573928884761256e-01 1.0474809773389358e+01 9.8116215910510149e+00 1.4545812723031175e+00 4.6984925761429590e+00 -4.8814695931819413e-01 1.2619877000000000e-02 3.6485963999999999e-01
-3.8899903708927402e-02 -6.8375639120587820e+01 4.7640789232793368e-01 9.0384454545924893e+00 8.5189946320488108e+00 1.3060608552217894e+00 4.5270782214102265e+00 -4.1317578469722377e-01 1.2744734000000001e-02 3.7754270000000001e-01
-3.4832772879244175e-02 -6.7734681686492934e+01 4.8717769691309204e-01 7.8627879849691498e+00 7.2306406464510937e+00 1.1599156225066776e+00 4.3644089260631880e+00 -3.4895059372699727e-01 1.2860473000000001e-02 3.9034606999999999e-01
-3.0730349916694516e-02 -6.7170048691754616e+01 4.9804095543181726e-01 6.9273671121003702e+00 5.9708870650164165e+00 1.0158473427299346e+00 4.2105221625418539e+00 -2.9417482032343917e-01 1.2966896000000000e-02 4.0326054000000000e-01
-2.6595627187539495e-02 -6.6680293106114249e+01 5.0898974406723974e-01 6.2106138363281884e+00 4.7603631153517307e+00 8.7356355922884577e-01 4.0653495622819733e+00 -2.4763915890481994e-01 1.3063819000000001e-02 4.1627669000000000e-01
-2.2431644707184423e-02 -6.6264214192287028e+01 5.2001601282706211e-01 5.6903357055276178e+00 3.6161033950326749e+00 7.3277586307163878e-01 3.9287313890651028e+00 -2.0822542815633599e-01 1.3151064000000001e-02 4.2938494999999999e-01
-1.8241509199836636e-02 -6.5920856501251890e+01 5.3111153507338826e-01 5.3441561790720566e+00 2.5517106305234227e+00 5.9319957789855504e-01 3.8004321482126233e+00 -1.7490950750821072e-01 1.3228465999999999e-02 4.4257553999999999e-01
-1.4028368685628484e-02 -6.5649503638650714e+01 5.4226797481628419e-01 5.1498972718749085e+00 1.5775491533251578e+00 4.5455189542360497e-01 3.6801533668806403e+00 -1.4676166103449531e-01 1.3295871000000001e-02 4.5583855000000001e-01
-9.7954251870558673e-03 -6.5449680485432467e+01 5.5347685306699801e-01 5.0859280048323479e+00 7.0098707359027013e-01 3.1655131926148572e-01 3.5675476395984513e+00 -1.2294617693777128e-01 1.3353135000000000e-02 4.6916390000000002e-01
-5.5459188459301145e-03 -6.5321151484883529e+01 5.6472958989643507e-01 5.1314515617175624e+00 -7.3354294161088740e-02 1.7891607622222239e-01 3.4622301920735690e+00 -1.0271839694382084e-01 1.3400123999999999e-02 4.8254139000000001e-01
-1.2831342765971809e-03 -6.5263923255127978e+01 5.7601748761176852e-01 5.2667485211152041e+00 -7.4331429274606531e-01 4.1363355487500808e-02 3.3637906245419260e+00 -8.5422884985620964e-02 1.3436718000000000e-02 4.9596067999999999e-01
2.9896121405007525e-03 -6.5278247672323900e+01 5.8733176440321966e-01 5.4733702268856641e+00 -1.3089099136289493e+00 -9.6392151052415276e-02 3.2718023381704420e+00 -7.0487668907287443e-02 1.3462807000000000e-02 5.0941133000000005e-01
7.2689595523867945e-03 -6.5364626584564235e+01 5.9866352069727657e-01 5.7342857463423051e+00 -1.7720412366971354e+00 -2.3463902748556542e-01 3.1858319695138220e+00 -5.7419923974519962e-02 1.3478291000000000e-02 5.2288276000000000e-01
1.1551531223036093e-02 -6.5523818474783511e+01 6.1000381486195199e-01 6.0339839000283071e+00 -2.1362059400833555e+00 -3.7367106465276123e-01 3.1054464935966326e+00 -4.5801086203249040e-02 1.3483083000000000e-02 5.3636434000000000e-01
1.5833918650327461e-02 -6.5756846566573003e+01 6.2134362114830621e-01 6.3585353647800087e+00 -2.4062189816624118e+00 -5.1378810452393564e-01 3.0302203382943222e+00 -3.5279247101059140e-02 1.3477108000000000e-02 5.4984533999999996e-01
2.0112687919262906e-02 -6.6065008574141814e+01 6.3267384651383851e-01 6.6956178145475373e+00 -2.5879420012766197e+00 -6.5529736366421298e-01 2.9597407196067991e+00 -2.5564739156989761e-02 1.3460300999999999e-02 5.6331494999999998e-01
2.4384389231796200e-02 -6.6449888746861788e+01 6.4398535585757188e-01 7.0345060286282841e+00 -2.6880361656249225e+00 -7.9851515763679837e-01 2.8936118125602714e+00 -1.6423091618572080e-02 1.3432611000000001e-02 5.7676231000000000e-01
2.8645563260052326e-02 -6.6913373484135903e+01 6.5526898884344387e-01 7.3660420214233504e+00 -2.7137274803028943e+00 -9.4376854297575630e-01 2.8314582699724480e+00 -7.6687596101806602e-03 1.3393997000000000e-02 5.9017653000000003e-01
3.2892731616498527e-02 -6.7457665352999356e+01 6.6651553466522073e-01 7.6825724146976571e+00 -2.6725977712149955e+00 -1.0913965401369028e+00 2.7729281655879081e+00 8.4063575898962631e-04 1.3344429999999999e-02 6.0354666000000001e-01
3.7122409560382874e-02 -6.8085303955282825e+01 6.7771576569327863e-01 7.9778600155362636e+00 -2.5723944785143118e+00 -1.2417522092923012e+00 2.7176944160641101e+00 9.2102425199992542e-03 1.3283893999999999e-02 6.1686173000000000e-01
4.1331118704172609e-02 -6.8799188317416167e+01 6.8886047112138371e-01 8.2470034408427040e+00 -2.4208684501102482e+00 -1.3952049402338353e+00 2.6654554801693626e+00 1.7513417896147555e-02 1.3212384000000001e-02 6.3011079000000003e-01
4.5515367953896491e-02 -6.9602599874219905e+01 6.9994040649652178e-01 8.4863276339132305e+00 -2.2256319846081998e+00 -1.5521417282055552e+00 2.6159362550082976e+00 2.5796896172149628e-02 1.3129907000000000e-02 6.4328284999999996e-01
4.9671675745412203e-02 -7.0499233641480217e+01 7.1094635260076400e-01 8.6932600182026700e+00 -1.9940394005601645e+00 -1.7129701612389683e+00 2.5688876259033639e+00 3.4085274980417704e-02 1.3036481000000001e-02 6.5636695000000000e-01
5.3796573221015859e-02 -7.1493230656765689e+01 7.2186912386296198e-01 8.8662299885046139e+00 -1.7330918850828463e+00 -1.8781208992795975e+00 2.5240859849031461e+00 4.2385727061794103e-02 1.2932137999999999e-02 6.6935217000000002e-01
5.7886594699613186e-02 -7.2589212396786863e+01 7.3269954312366337e-01 9.0045436406806729e+00 -1.4493607676130285e+00 -2.0480499768371421e+00 2.4813322610251007e+00 5.0691862127439362e-02 1.2816919000000000e-02 6.8222760000000005e-01
6.1938296736377241e-02 -7.3792326942204042e+01 7.4342849210528139e-01 9.1082394777164257e+00 -1.1489321398691101e+00 -2.2232424410889715e+00 2.4404505126567440e+00 5.8986256546469926e-02 1.2690879000000000e-02 6.9498240000000000e-01
6.5948251769529176e-02 -7.5108293851571645e+01 7.5404689458870533e-01 9.1780375204094415e+00 -8.3736682012777708e-01 -2.4042153864636373e+00 2.4012865394138223e+00 6.7244493263317606e-02 1.2554085000000000e-02 7.0760577999999996e-01
6.9913051296947942e-02 -7.6543459103974300e+01 7.6454572482499605e-01 9.2151667943452349e+00 -5.1967949247305900e-01 -2.5915216755052768e+00 2.3637065407949684e+00 7.5437237416809966e-02 1.2406611999999999e-02 7.2008700999999997e-01
7.3829321759218164e-02 -7.8104859653957348e+01 7.7491604959386096e-01 9.2212948355305873e+00 -2.0032691425270296e-01 -2.7857547365326227e+00 2.3275949525219346e+00 8.3532219194026203e-02 1.2248551000000000e-02 7.3241546999999996e-01
7.7693715009801517e-02 -7.9800290691311830e+01 7.8514900296856927e-01 9.1984250964310306e+00 1.1678832553287877e-01 -2.9875527416393211e+00 2.2928525946328158e+00 9.1496382975213189e-02 1.2080001999999999e-02 7.4458062000000003e-01
8.1502914668255766e-02 -8.1638386132591705e+01 7.9523580313934206e-01 9.1488145798884464e+00 4.2830504569170913e-01 -3.1976040363675220e+00 2.2593959845908889e+00 9.9297090350069783e-02 1.1901076999999999e-02 7.5657202000000001e-01
8.5253642473454239e-02 -8.3628711553691957e+01 8.0516776923674294e-01 9.0748926718667899e+00 7.3138371325274776e-01 -3.4166533279227047e+00 2.2271543801777205e+00 1.0690331929450886e-01 1.1711898000000000e-02 7.6837935000000002e-01
8.8942667813414422e-02 -8.5781873607516332e+01 8.1493634656676273e-01 8.9791968928674972e+00 1.0236793924474554e+00 -3.6455089400926175e+00 2.1960669497097660e+00 1.1428652409377918e-01 1.1512599000000000e-02 7.7999244000000001e-01
9.2566791842250085e-02 -8.8109626578045734e+01 8.2453306455234499e-01 8.8642986586589636e+00 1.3033074405070881e+00 -3.8850494536255353e+00 2.1660902113943736e+00 1.2142123013991017e-01 1.1303326000000001e-02 7.9140122000000002e-01
9.6122879246267279e-02 -9.0625032191961296e+01 8.3394962085033630e-01 8.7327823373078814e+00 1.5688109336334668e+00 -4.1362344224555461e+00 2.1371785413422004e+00 1.2828546290506174e-01 1.1084235000000000e-02 8.0259581999999996e-01
9.9607829654478008e-02 -9.3342599550731379e+01 8.4317780564623090e-01 8.5871711011168426e+00 1.8191202477504713e+00 -4.4001125480772458e+00 2.1093007277625175e+00 1.3486101036318121e-01 1.0855490000000001e-02 8.1356647999999998e-01
1.0301860622808651e-01 -9.6278470699198380e+01 8.5220957735942671e-01 8.4299080162805282e+00 2.0535158658782673e+00 -4.6778352000730923e+00 2.0824299695848709e+00 1.4113341694263229e-01 1.0617270000000000e-02 8.2430364000000000e-01
1.0635222930727023e-01 -9.9450683246165369e+01 8.6103704581983487e-01 8.2633235174446984e+00 2.2715886451180860e+00 -4.9706695504056988e+00 2.0565445206211956e+00 1.4709200798963770e-01 1.0369760000000000e-02 8.3479791999999997e-01
1.0960577958778933e-01 -1.0287934854131248e+02 8.6965248067957535e-01 8.0896188053115630e+00 2.4732011423436062e+00 -5.2800145449131133e+00 2.0316265907072748e+00 1.5272985585943111e-01 1.0113159000000000e-02 8.4504013000000000e-01
1.1277640129759642e-01 -1.0658700929528952e+02 8.7804831982467180e-01 7.9108435986201702e+00 2.6584504437994725e+00 -5.6074196152246083e+00 2.0076617151426364e+00 1.5804314003688621e-01 9.8476710000000005e-03 8.5502127999999999e-01
1.1586130219683649e-01 -1.1059892003704410e+02 8.8621716937505179e-01 7.7288916993951746e+00 2.8276308196488360e+00 -5.9546063711448802e+00 1.9846381020209853e+00 1.6303157515812383e-01 9.5735140000000000e-03 8.6473257999999997e-01
1.1885776946089488e-01 -1.1494355636711381e+02 8.9415184574302264e-01 7.5454933701190861e+00 2.9812059826445538e+00 -6.3234961567532144e+00 1.9625454567647143e+00 1.6769755202046158e-01 9.2909130999999992e-03 8.7416548999999999e-01
1.2176315379734942e-01 -1.1965303206595622e+02 9.0184533357479535e-01 7.3622133765120488e+00 3.1197714110819712e+00 -6.7162390790165629e+00 1.9413752442498993e+00 1.7204601795999483e-01 9.0001030000000006e-03 8.8331166999999999e-01
1.2457488850562809e-01 -1.2476372871251243e+02 9.0929083622065598e-01 7.1804530062503513e+00 3.2440299906004002e+00 -7.1352533277251471e+00 1.9211196061272866e+00 1.7608417084285571e-01 8.7013270999999996e-03 8.9216304000000002e-01
1.2729047994717990e-01 -1.3031699233638901e+02 9.1648175049988012e-01 7.0014526784742861e+00 3.3547650566699301e+00 -7.5832687118828339e+00 1.9017720386964752e+00 1.7982102795571808e-01 8.3948374000000006e-03 9.0071175000000003e-01
1.2990752342852335e-01 -1.3636003369313966e+02 9.2341170875920819e-01 6.8263019769794102e+00 3.4528240160158035e+00 -8.0633838432140230e+00 1.8833254620992075e+00 1.8326718466366632e-01 8.0808944000000001e-03 9.0895022999999997e-01
1.3242369049480784e-01 -1.4294697109208280e+02 9.3007454522606614e-01 6.6559445285559349e+00 3.5390670273121367e+00 -8.5791314021190903e+00 1.8657735404518023e+00 1.8643444007527574e-01 7.7597663000000001e-03 9.1687114999999997e-01
1.3483674163625198e-01 -1.5014018275037074e+02 9.3646432965534410e-01 6.4911888708144714e+00 3.6144124658158612e+00 -9.1345638747652167e+00 1.8491098811015578e+00 1.8933552695310174e-01 7.4317293999999999e-03 9.2446746000000002e-01
1.3714452946475331e-01 -1.5801198446046297e+02 9.4257537574109329e-01 6.3327175890304872e+00 3.6797573507094041e+00 -9.7343596763281131e+00 1.8333279827665088e+00 1.9198389966538409e-01 7.0970672000000004e-03 9.3173240000000002e-01
1.3934499236066916e-01 -1.6664671951250821e+02 9.4840222429313537e-01 6.1811000103677527e+00 3.7359961147255092e+00 -1.0383955033030654e+01 1.8184213582925417e+00 1.9439334403873568e-01 6.7560703000000000e-03 9.3865947999999999e-01
1.4143617035586464e-01 -1.7614352934816489e+02 9.5393968529553774e-01 6.0368012121780330e+00 3.7840062592582844e+00 -1.1089720262935856e+01 1.8043832491017926e+00 1.9657789741547232e-01 6.4090362999999996e-03 9.4524253000000003e-01
1.4341618607405499e-01 -1.8661980393367793e+02 9.5918278743644247e-01 5.9001947591087003e+00 3.8246265502407093e+00 -1.1859178214279746e+01 1.7912068623303465e+00 1.9855146980477079e-01 6.0562691999999996e-03 9.5147563999999996e-01
1.4528327649690170e-01 -1.9821601245143171e+02 9.6412686222501920e-01 5.7715713524709571e+00 3.8586934796108174e+00 -1.2701310600913855e+01 1.7788853095311969e+00 2.0032787623535975e-01 5.6980790999999996e-03 9.5735325999999998e-01
1.4703576119791634e-01 -2.1110183209646240e+02 9.6876745987451174e-01 5.6511525238899862e+00 3.8869561557589001e+00 -1.3626951234247509e+01 1.7674117344294062e+00 2.0192053864491721e-01 5.3347821999999998e-03 9.6287009999999995e-01
1.4867207410855676e-01 -2.2548500388271827e+02 9.7310043341919150e-01 5.5390973687021141e+00 3.9101485950575992e+00 -1.4649347438226743e+01 1.7567791932691499e+00 2.0334238552167286e-01 4.9667000000000001e-03 9.6802122999999995e-01
1.5019074128195981e-01 -2.4162335979386492e+02 9.7712187983249010e-01 5.4355151607632859e+00 3.9289492290424408e+00 -1.5784930124468527e+01 1.7469808558753073e+00 2.0460641488432466e-01 4.5941591999999996e-03 9.7280200999999999e-01
1.5159040630581816e-01 -2.5984268149524041e+02 9.8082820732056097e-01 5.3404712923893207e+00 3.9439855861557418e+00 -1.7054456827947838e+01 1.7380100318820939e+00 2.0572237404513088e-01 4.2174915999999996e-03 9.7720817000000004e-01
1.5286980488950341e-01 -2.8056270089574286e+02 9.8421606802871819e-01 5.2539982115892414e+00 3.9558330026108859e+00 -1.8484676875946693e+01 1.7298603259168994e+00 2.0670305320291027e-01 3.8370333000000002e-03 9.8123572999999997e-01
1.5402779027694330e-01 -3.0433809284270717e+02 9.8728242533499833e-01 5.1761008571067606e+00 3.9650142847614731e+00 -2.0110962473086730e+01 1.7225255932468000e+00 2.0755789891563337e-01 3.4531249000000000e-03 9.8488107999999996e-01
1.5506332371679232e-01 -3.3192430754138451e+02 9.9002452861507395e-01 5.1067645352980708e+00 3.9719990845947395e+00 -2.1981538221560506e+01 1.7160000438077430e+00 2.0829602489759025e-01 3.0661112999999999e-03 9.8814095000000002e-01
1.5597546810921287e-01 -3.6439012622632458e+02 9.9243989641886365e-01 5.0459604598241912e+00 3.9772039039499263e+00 -2.4164720545731260e+01 1.7102783653564990e+00 2.0892572381011912e-01 2.6763420000000000e-03 9.9101238999999997e-01
1.5676340706553293e-01 -4.0332549297974566e+02 9.9452636694070362e-01 4.9936519447563956e+00 3.9809926645491465e+00 -2.6762301735172162e+01 1.7053556991777039e+00 2.0945427116202478e-01 2.2841723000000002e-03 9.9349282999999999e-01
1.5742643855502669e-01 -4.5126003346144358e+02 9.9628208119595674e-01 4.9497977278343921e+00 3.9836775891942162e+00 -2.9936522366767228e+01 1.7012277178292741e+00 2.0988803471214398e-01 1.8899688000000000e-03 9.9558005999999999e-01
1.5796397172830506e-01 -5.1262572084083138e+02 9.9770547460931747e-01 4.9143568729672022e+00 3.9855196726071043e+00 -3.3972160166147688e+01 1.6978909946777430e+00 2.1023232394643129e-01 1.4941295000000000e-03 9.9727222000000004e-01
1.5837557138985020e-01 -5.9647520202345106e+02 9.9879539477854506e-01 4.8872892022397236e+00 3.9867293108768149e+00 -3.9451972032988259e+01 1.6953416124164309e+00 2.1049150324842872e-01 1.0971916000000000e-03 9.9856794000000004e-01
1.5866107870918117e-01 -7.2762457526296623e+02 9.9955142111887940e-01 4.8685500537934985e+00 3.9874656231304950e+00 -4.7976209701124667e+01 1.6935762037299575e+00 2.1066902249587866e-01 7.0085733000000002e-04 9.9946672000000003e-01
