-8.6203331642869252e-01 -1.8942309371744324e+02 8.6203522146672817e-01 -2.2805509350291979e+02 -4.8057990738889416e+01 1.1908448285316235e+01 -1.4365625953079793e+01 -3.0567021204719800e+00 5.5301730000000003e-06 1.0230946000000001e-06
-8.6200073007098876e-01 -1.4401123772245438e+02 8.6203782911827631e-01 -1.8263520891197919e+02 -4.8057814748316524e+01 9.0199144162587217e+00 -1.1476732961298191e+01 -3.0566942642861337e+00 3.5894988000000002e-05 1.9923924999999999e-05
-8.6189849453797762e-01 -1.2291487090564699e+02 8.6204601029177075e-01 -1.6151764553653592e+02 -4.8057262603615278e+01 7.6777293284956611e+00 -1.0133599399798644e+01 -3.0566696166221141e+00 8.5619985000000003e-05 7.9222864999999994e-05
-8.6169610136441488e-01 -1.0904326069830195e+02 8.6206220635998942e-01 -1.4760903943943339e+02 -4.8056169550758902e+01 6.7948031392077262e+00 -9.2490172215291580e+00 -3.0566208227618863e+00 1.5173507999999999e-04 1.9661552000000001e-04
-8.6136684935850172e-01 -9.8710036963943963e+01 8.6208855402703277e-01 -1.3722145158311906e+02 -4.8054391419918765e+01 6.1366411754742938e+00 -8.5884213183559854e+00 -3.0565414466630738e+00 2.3255418000000001e-04 3.8758918999999998e-04
-8.6088645443170275e-01 -9.0489048658722865e+01 8.6212699657363334e-01 -1.2892775993036634e+02 -4.8051797130401745e+01 5.6125189009926277e+00 -8.0610435145786852e+00 -3.0564256362649291e+00 3.2689763000000001e-04 6.6622920000000002e-04
-8.6023241703740427e-01 -8.3676771253646621e+01 8.6217933447648409e-01 -1.2202386385103205e+02 -4.8048265288693642e+01 5.1776807681083099e+00 -7.6221022139015311e+00 -3.0562679714962599e+00 4.3385032000000002e-04 1.0455858000000000e-03
-8.5938366815896750e-01 -7.7873874815632163e+01 8.6224725373726574e-01 -1.1611013513881304e+02 -4.8043682291160899e+01 4.8067238053970680e+00 -7.2461813138422926e+00 -3.0560633794778513e+00 5.5265518999999999e-04 1.5378795000000000e-03
-8.5832035047350352e-01 -7.2831662002356182e+01 8.6233234339453368e-01 -1.1093779015978652e+02 -4.8037941161269558e+01 4.4838294015230789e+00 -6.9174584894675553e+00 -3.0558070821808792e+00 6.8265765000000004e-04 2.1546280000000000e-03
-8.5702367058181927e-01 -6.8384609269497901e+01 8.6243610734869158e-01 -1.0634138074708657e+02 -4.8030940767614211e+01 4.1984716725551605e+00 -6.6254116609958196e+00 -3.0554945620563032e+00 8.2327310000000005e-04 2.9067318999999999e-03
-8.5547579832272047e-01 -6.4416896302797753e+01 8.6255997241914217e-01 -1.0220529045208021e+02 -4.8022585288851559e+01 3.9432880188406458e+00 -6.3626879647947154e+00 -3.0551215373982510e+00 9.7396649000000004e-04 3.8045331000000002e-03
-8.5365979315521578e-01 -6.0844234173884807e+01 8.6270529423538977e-01 -9.8445536667844152e+01 -4.8012783848322442e+01 3.7129228705389452e+00 -6.1239463533140519e+00 -3.0546839458734811e+00 1.1342389000000000e-03 4.8578574999999999e-03
-8.5155955036752773e-01 -5.7603309745216166e+01 8.6287336154154581e-01 -9.4999191442816382e+01 -4.8001450229371400e+01 3.5033557186873896e+00 -5.9051847287084485e+00 -3.0541779320120814e+00 1.3036180000000001e-03 6.0760461999999999e-03
-8.4915976211310706e-01 -5.4645302084867531e+01 8.6306539931433546e-01 -9.1817888718281139e+01 -4.7988502693079660e+01 3.3114888026050759e+00 -5.7033269303797649e+00 -3.0535998384389527e+00 1.4816515000000000e-03 7.4679780999999997e-03
-8.4644588586014902e-01 -5.1931728955942106e+01 8.6328257128785646e-01 -8.8863649284952615e+01 -4.7973863812232914e+01 3.1348824384715943e+00 -5.5159574731460683e+00 -3.0529461988041944e+00 1.6679024999999999e-03 9.0420881999999994e-03
-8.4340412301312284e-01 -4.9431683120053187e+01 8.6352598166434336e-01 -8.6106113532184779e+01 -4.7957460381969931e+01 2.9715791064130990e+00 -5.3411451601408686e+00 -3.0522137335017923e+00 1.8619452999999999e-03 1.0806380000000001e-02
-8.4002139908596540e-01 -4.7119933059039376e+01 8.6379667670076465e-01 -8.3520628843962314e+01 -4.7939223321170637e+01 2.8199824874024468e+00 -5.1773217242549272e+00 -3.0513993451060366e+00 2.0633631000000000e-03 1.2768437000000001e-02
-8.3628535456450925e-01 -4.4975589527024269e+01 8.6409564544003659e-01 -8.1086909707794618e+01 -4.7919087649938852e+01 2.6787725031908174e+00 -5.0231965096135811e+00 -3.0505001168159995e+00 2.2717459999999998e-03 1.4935428000000001e-02
-8.3218432956225785e-01 -4.2981138014524142e+01 8.6442382093891090e-01 -7.8788063159685109e+01 -4.7896992408661220e+01 2.5468436615792593e+00 -4.8776945464877839e+00 -3.0495133092595208e+00 2.4866887000000002e-03 1.7314116000000001e-02
-8.2770736416520030e-01 -4.1121733607434891e+01 8.6478208024038206e-01 -7.6609879006362874e+01 -4.7872880679721554e+01 2.4232601262599709e+00 -4.7399113702977402e+00 -3.0484363612757241e+00 2.7077901999999999e-03 1.9910858000000000e-02
-8.2284417946703869e-01 -3.9384661731316463e+01 8.6517124589130134e-01 -7.4540286670392064e+01 -4.7846699495614345e+01 2.3072214326826783e+00 -4.6090785231005809e+00 -3.0472668855227827e+00 2.9346520999999999e-03 2.2731616000000000e-02
-8.1758518791361001e-01 -3.7758952964422264e+01 8.6559208511458696e-01 -7.2568954856293914e+01 -4.7818399900344957e+01 2.1980372723201147e+00 -4.4845380663608472e+00 -3.0460026714312036e+00 3.1668782999999998e-03 2.5781951000000001e-02
-8.1192148295846422e-01 -3.6235042770743398e+01 8.6604531063701407e-01 -7.0686972084647877e+01 -4.7787936924767877e+01 2.0951071793268357e+00 -4.3657222829890543e+00 -3.0446416833912493e+00 3.4040742000000001e-03 2.9067029000000001e-02
-8.0584483216658442e-01 -3.4804552569064938e+01 8.6653158124107410e-01 -6.8886598884541343e+01 -4.7755269524247076e+01 1.9979050221447014e+00 -4.2521379215721380e+00 -3.0431820580061850e+00 3.6458464000000000e-03 3.2591624999999999e-02
-7.9934768755880725e-01 -3.3460085774371144e+01 8.6705150093718553e-01 -6.7161076267597963e+01 -4.7720360662545737e+01 1.9059670387096284e+00 -4.1433540254260564e+00 -3.0416221089856270e+00 3.8918026000000000e-03 3.6360116999999997e-02
-7.9242317181926214e-01 -3.2195076012081643e+01 8.6760562006741293e-01 -6.5504464727074080e+01 -4.7683177236608685e+01 1.8188815620334819e+00 -4.0389917385709291e+00 -3.0399603220535538e+00 4.1415510999999999e-03 4.0376493999999999e-02
-7.8506508346758108e-01 -3.1003662603503514e+01 8.6819443489157244e-01 -6.3911523770209833e+01 -4.7643690108551866e+01 1.7362813463853146e+00 -3.9387164287780654e+00 -3.0381953576220893e+00 4.3947007000000003e-03 4.4644352999999998e-02
-7.7726789685889941e-01 -2.9880589710523029e+01 8.6881838758723162e-01 -6.2377603189004013e+01 -4.7601874101335618e+01 1.6578370702574381e+00 -3.8422311348555684e+00 -3.0363260499729803e+00 4.6508610999999997e-03 4.9166899000000000e-02
-7.6902675528757458e-01 -2.8821122391770480e+01 8.6947786680156924e-01 -6.0898561297843912e+01 -4.7557707966245921e+01 1.5832519651674639e+00 -3.7492711246981116e+00 -3.0343514056356979e+00 4.9096423000000002e-03 5.3946949000000001e-02
-7.6033747960753728e-01 -2.7820979167453391e+01 8.7017320696155054e-01 -5.9470695757013019e+01 -4.7511174425113374e+01 1.5122575565075576e+00 -3.6595995601667957e+00 -3.0322706069886292e+00 5.1706551000000002e-03 5.8986927000000001e-02
-7.5119655271565966e-01 -2.6876272825368837e+01 8.7090468951561173e-01 -5.8090682776000548e+01 -4.7462260080434476e+01 1.4446097415345052e+00 -3.5730036388968283e+00 -3.0300830045994989e+00 5.4335110000000002e-03 6.4288872999999996e-02
-7.4160113506838732e-01 -2.5983464368928882e+01 8.7167254169197561e-01 -5.6755530890497205e+01 -4.7410955490559246e+01 1.3800860497434457e+00 -3.4892916551834667e+00 -3.0277881248927234e+00 5.6978226000000002e-03 6.9854434000000007e-02
-7.3154904744103721e-01 -2.5139320561881132e+01 8.7247693787830050e-01 -5.5462537281725965e+01 -4.7357255072296937e+01 1.3184828130687123e+00 -3.4082902285678505e+00 -3.0253856630509914e+00 5.9632034000000004e-03 7.5684873999999999e-02
-7.2103877954814855e-01 -2.4340880554549070e+01 8.7331799893185624e-01 -5.4209254150613958e+01 -4.7301157138709947e+01 1.2596130591054433e+00 -3.3298421707417933e+00 -3.0228754857786830e+00 6.2292681999999997e-03 8.1781068999999998e-02
-7.1006948314720231e-01 -2.3585425822834171e+01 8.7419579273138304e-01 -5.2993458256002853e+01 -4.7242663817501423e+01 1.2033045964306819e+00 -3.2538045442620049e+00 -3.0202576288407914e+00 6.4956331999999999e-03 8.8143510999999994e-02
-6.9864097203862119e-01 -2.2870455091052342e+01 8.7511033417709250e-01 -5.1813125420007857e+01 -4.7181781096130194e+01 1.1493984206141521e+00 -3.1800470519718305e+00 -3.0175322965402120e+00 6.7619166000000000e-03 9.4772308000000000e-02
-6.8675371172134847e-01 -2.2193661937074825e+01 8.7606158601845618e-01 -5.0666407561398266e+01 -4.7118518683011580e+01 1.0977472800692727e+00 -3.1084505438589822e+00 -3.0146998587308120e+00 7.0277381999999996e-03 1.0166719000000000e-01
-6.7440881766877814e-01 -2.1552915917672433e+01 8.7704945899217102e-01 -4.9551614092727092e+01 -4.7052890038161998e+01 1.0482144766385715e+00 -3.0389059963420184e+00 -3.0117608494249315e+00 7.2927204000000001e-03 1.0882751000000000e-01
-6.6160807946573708e-01 -2.0946247460807225e+01 8.7807380989065043e-01 -4.8467197521831118e+01 -4.6984912426374429e+01 1.0006729184354686e+00 -2.9713133387218167e+00 -3.0087160034493006e+00 7.5564877000000004e-03 1.1625223000000000e-01
-6.4835391081044991e-01 -2.0371831150447619e+01 8.7913444556300691e-01 -4.7411734811061500e+01 -4.6914606678887310e+01 9.5500395985863817e-01 -2.9055804497071316e+00 -3.0055661190994192e+00 7.8186677999999999e-03 1.2393994999999999e-01
-6.3464934606639956e-01 -1.9827972349297912e+01 8.8023112319098173e-01 -4.6383918362083939e+01 -4.6841997117824711e+01 9.1109697947662394e-01 -2.8416223591852314e+00 -3.0023122412600052e+00 8.0788911000000008e-03 1.3188891000000000e-01
-6.2049809198443118e-01 -1.9313099974252381e+01 8.8136354614999757e-01 -4.5382532276807318e+01 -4.6767111788600303e+01 8.6884777903684851e-01 -2.7793607802621314e+00 -2.9989555524485896e+00 8.3367917000000003e-03 1.4009695999999999e-01
-6.0590445873994647e-01 -1.8825752702585966e+01 8.8253136952775524e-01 -4.4406472500681396e+01 -4.6689982114674251e+01 8.2815937163404651e-01 -2.7187232174914318e+00 -2.9954973822998636e+00 8.5920070000000005e-03 1.4856159999999999e-01
-5.9087339441430653e-01 -1.8364571971351822e+01 8.8373419736493519e-01 -4.3454705551937721e+01 -4.6610643003179966e+01 7.8894015903380788e-01 -2.6596425658290692e+00 -2.9919392171464634e+00 8.8441787999999997e-03 1.5727996000000000e-01
-5.7541045051342843e-01 -1.7928293145724009e+01 8.8497158541449616e-01 -4.2526276883349929e+01 -4.6529132658589894e+01 7.5110395969266897e-01 -2.6020565189361293e+00 -2.9882826892626722e+00 9.0929527999999999e-03 1.6624881999999999e-01
-5.5952178196778568e-01 -1.7515738851981745e+01 8.8624304114167474e-01 -4.1620300764325954e+01 -4.6445492555042925e+01 7.1456946281328149e-01 -2.5459071962386912e+00 -2.9845295780161978e+00 9.3379794999999995e-03 1.7546460999999999e-01
-5.4321412989170637e-01 -1.7125812362154551e+01 8.8754802510363506e-01 -4.0735953860792989e+01 -4.6359767275485069e+01 6.7925979956574567e-01 -2.4911406226448269e+00 -2.9806818016334042e+00 9.5789143999999993e-03 1.8492342000000001e-01
-5.2649487330547795e-01 -1.6757493333166252e+01 8.8888594681052091e-01 -3.9872473007631584e+01 -4.6272004781025039e+01 6.4510230415199166e-01 -2.4377067303401025e+00 -2.9767414291264340e+00 9.8154178999999998e-03 1.9462097000000000e-01
-5.0937194293183941e-01 -1.6409830658940272e+01 8.9025617162370163e-01 -3.9029145629963544e+01 -4.6182255912180032e+01 6.1202799515970918e-01 -2.3855586751975730e+00 -2.9727106598433037e+00 1.0047156000000000e-02 2.0455266000000000e-01
-4.9185380395527939e-01 -1.6081938594731181e+01 8.9165802213542156e-01 -3.8205306039378037e+01 -4.6090574254514109e+01 5.7997127754759359e-01 -2.3346525876286606e+00 -2.9685918171929933e+00 1.0273801000000001e-02 2.1471357999999999e-01
-4.7394954222554436e-01 -1.5772993560075497e+01 8.9309077127055414e-01 -3.7400333905022670e+01 -4.5997016566162429e+01 5.4886984015476936e-01 -2.2849476051219653e+00 -2.9643873672767649e+00 1.0495031000000000e-02 2.2509846000000000e-01
-4.5566876081342916e-01 -1.5482228819074418e+01 8.9455365056449654e-01 -3.6613649838209462e+01 -4.5901642172536668e+01 5.1866421732913681e-01 -2.2364053565391435e+00 -2.9600998909598411e+00 1.0710529999999999e-02 2.3570173000000000e-01
-4.3702159725147821e-01 -1.5208932265897563e+01 8.9604584878352100e-01 -3.5844709161682395e+01 -4.5804513048395158e+01 4.8929761557911194e-01 -2.1889898549650688e+00 -2.9557320976718264e+00 1.0919989999999999e-02 2.4651751000000000e-01
-4.1801874077468754e-01 -1.4952442823630777e+01 8.9756651054512571e-01 -3.5093004010001209e+01 -4.5705693851236184e+01 4.6071572494839208e-01 -2.1426673774122280e+00 -2.9512868095543903e+00 1.1123108000000000e-02 2.5753959999999998e-01
-3.9867138059839946e-01 -1.4712147933866687e+01 8.9911474045698170e-01 -3.4358056980741232e+01 -4.5605251606438209e+01 4.3286649802421262e-01 -2.0974061988896260e+00 -2.9467669630395732e+00 1.1319591000000000e-02 2.6876150999999998e-01
-3.7899118867760151e-01 -1.4487480548578132e+01 9.0068960449658264e-01 -3.3639418511315917e+01 -4.5503255592003448e+01 4.0569982668054699e-01 -2.0531764223235802e+00 -2.9421755957415572e+00 1.1509152000000000e-02 2.8017647000000001e-01
-3.5899033694762783e-01 -1.4277917379897840e+01 9.0229012863159586e-01 -3.2936666541961173e+01 -4.5399777390328559e+01 3.7916756621646236e-01 -2.0099499134062966e+00 -2.9375158536743786e+00 1.1691511000000000e-02 2.9177742000000001e-01
-3.3868151456486062e-01 -1.4082977091549614e+01 9.0391529744021226e-01 -3.2249405039855745e+01 -4.5294890920773923e+01 3.5322337290297878e-01 -1.9677002038144200e+00 -2.9327909902657541e+00 1.1866398000000000e-02 3.0355700000000002e-01
-3.1807778998111746e-01 -1.3902217318632495e+01 9.0556406514834065e-01 -3.1577257568566157e+01 -4.5188671699723315e+01 3.2782228104646421e-01 -1.9264022569203600e+00 -2.9280043349315408e+00 1.2033550000000000e-02 3.1550762999999998e-01
-2.9719273162856252e-01 -1.3735234104409397e+01 9.0723534597206312e-01 -3.0919871756283335e+01 -4.5081197449002438e+01 3.0292082828592221e-01 -1.8860324128755717e+00 -2.9231593190324574e+00 1.2192715000000000e-02 3.2762143999999999e-01
-2.7604032171619841e-01 -1.3581660096991603e+01 9.0892802101588122e-01 -3.0276912992777820e+01 -4.4972547535817853e+01 2.7847678425534994e-01 -1.8465683023728920e+00 -2.9182594549411465e+00 1.2343646000000000e-02 3.3989032000000002e-01
-2.5463497347056818e-01 -1.3441163537859060e+01 9.1064093689306602e-01 -2.9648065619189261e+01 -4.4862803130181739e+01 2.5444905984333849e-01 -1.8079887817145415e+00 -2.9133083379366016e+00 1.2486109000000000e-02 3.5230591000000000e-01
-2.3299146217294842e-01 -1.3313446414099236e+01 9.1237291124425612e-01 -2.9033030206256715e+01 -4.4752046749484514e+01 2.3079751723242675e-01 -1.7702737361262617e+00 -2.9083096300394797e+00 1.2619877000000000e-02 3.6485963999999999e-01
-2.1112497688145415e-01 -1.3198244247606198e+01 9.1412272859850907e-01 -2.8431522679411650e+01 -4.4640362502037910e+01 2.0748290962653904e-01 -1.7334041621445664e+00 -2.9032670698481597e+00 1.2744734000000001e-02 3.7754270000000001e-01
-1.8905106870893440e-01 -1.3095324997838304e+01 9.1588914451224912e-01 -2.7843274046458671e+01 -4.4527835815188347e+01 1.8446673290517313e-01 -1.6973620046330433e+00 -2.8981844597744333e+00 1.2860473000000001e-02 3.9034606999999999e-01
-1.6678561634156852e-01 -1.3004488287522193e+01 9.1767088832856625e-01 -2.7268028024543504e+01 -4.4414553174444897e+01 1.6171106880753661e-01 -1.6621300505031193e+00 -2.8930656574820190e+00 1.2966896000000000e-02 4.0326054000000000e-01
-1.4434486052026974e-01 -1.2925565118604402e+01 9.1946666041791680e-01 -2.6705541414604806e+01 -4.4300602345710033e+01 1.3917853216112319e-01 -1.6276920453644230e+00 -2.8879145818063847e+00 1.3063819000000001e-02 4.1627669000000000e-01
-1.2174530059647515e-01 -1.2858417211279132e+01 9.2127514045601944e-01 -2.6155581382630331e+01 -4.4186071746578378e+01 1.1683205882297742e-01 -1.5940323044299045e+00 -2.8827351891568127e+00 1.3151064000000001e-02 4.2938494999999999e-01
-9.9003797976355834e-02 -1.2802937155867726e+01 9.2309497914595984e-01 -2.5617927448881677e+01 -4.4071050998622461e+01 9.4634911331145766e-02 -1.5611360898315261e+00 -2.8775314977917357e+00 1.3228465999999999e-02 4.4257553999999999e-01
-7.6137438195203466e-02 -1.2759047939763176e+01 9.2492480925538367e-01 -2.5092367942930586e+01 -4.3955630182267349e+01 7.2550440442129327e-02 -1.5289892375365293e+00 -2.8723075453700897e+00 1.3295871000000001e-02 4.5583855000000001e-01
-5.3163599880237444e-02 -1.2726703247433743e+01 9.2676324009790068e-01 -2.4578701352802966e+01 -4.3839900156798549e+01 5.0542053176392598e-02 -1.4975782872531069e+00 -2.8670674203348177e+00 1.3353135000000000e-02 4.6916390000000002e-01
-3.0099868547096231e-02 -1.2705887505704437e+01 9.2860886443133006e-01 -2.4076734189082895e+01 -4.3723952165010679e+01 2.8573023802943243e-02 -1.4668902669733490e+00 -2.8618152298941824e+00 1.3400123999999999e-02 4.8254139000000001e-01
-6.9640710812405304e-03 -1.2696616367577496e+01 9.3046025569840218e-01 -2.3586281989257806e+01 -4.3607877905872101e+01 6.6064228006458281e-03 -1.4369129486201324e+00 -2.8565551107168874e+00 1.3436718000000000e-02 4.9596067999999999e-01
1.6225793224852625e-02 -1.2698937126604740e+01 9.3231597354535567e-01 -2.3107165600365562e+01 -4.3491769214820792e+01 -1.5395057874157292e-02 -1.4076344418847648e+00 -2.8512912125980967e+00 1.3462807000000000e-02 5.0941133000000005e-01
3.9451483708883517e-02 -1.2712929436740348e+01 9.3417455830334017e-01 -2.2639216906521025e+01 -4.3375718406755716e+01 -3.7469154793218662e-02 -1.3790435087081510e+00 -2.8460277137259258e+00 1.3478291000000000e-02 5.2288276000000000e-01
6.2694673505044984e-02 -1.2738706175075455e+01 9.3603454340525949e-01 -2.2182271141279553e+01 -4.3259817474283331e+01 -5.9654296786861627e-02 -1.3511293159652209e+00 -2.8407687844613965e+00 1.3483083000000000e-02 5.3636434000000000e-01
8.5936863340513092e-02 -1.2776414464462587e+01 9.3789444848752535e-01 -2.1736170894816830e+01 -4.3144158521144242e+01 -8.1989650604985975e-02 -1.3238813527143420e+00 -2.8355186074229959e+00 1.3477108000000000e-02 5.4984533999999996e-01
1.0915941601685175e-01 -1.2826236891093842e+01 9.3975278214935598e-01 -2.1300764995178078e+01 -4.3028833583259804e+01 -1.0451528484035577e-01 -1.2972897802359875e+00 -2.8302813687227752e+00 1.3460300999999999e-02 5.6331494999999998e-01
1.3234360813211643e-01 -1.2888392982912702e+01 9.4160804609172377e-01 -2.0875907570190190e+01 -4.2913934368051834e+01 -1.2727235998525921e-01 -1.2713449798849434e+00 -2.8250612469414129e+00 1.3432611000000001e-02 5.7676231000000000e-01
1.5547066456225767e-01 -1.2963141003922699e+01 9.4345873787665302e-01 -2.0461457062085554e+01 -4.2799552072125586e+01 -1.5030331508964201e-01 -1.2460377099909885e+00 -2.8198624079478609e+00 1.3393997000000000e-02 5.9017653000000003e-01
1.7852170673901679e-01 -1.3050779670869659e+01 9.4530334678827355e-01 -2.0057278023688443e+01 -4.2685777682032153e+01 -1.7365197900403928e-01 -1.2213591341693482e+00 -2.8146890063872334e+00 1.3344429999999999e-02 6.0354666000000001e-01
2.0147782161273153e-01 -1.3151650510831315e+01 9.4714035935141616e-01 -1.9663239394728436e+01 -4.2572701569313210e+01 -1.9736381265284308e-01 -1.1973007393607271e+00 -2.8095451849227859e+00 1.3283893999999999e-02 6.1686173000000000e-01
2.2432013061514300e-01 -1.3266140628715654e+01 9.4896826485021046e-01 -1.9279213571385668e+01 -4.2460413232287948e+01 -2.2148617243447971e-01 -1.1738542746950726e+00 -2.8044350491663743e+00 1.3212384000000001e-02 6.3011079000000003e-01
2.4702968621518573e-01 -1.3394685015814199e+01 9.5078554705018903e-01 -1.8905078342749590e+01 -4.2349001780863091e+01 -2.4606841259148876e-01 -1.1510118534800351e+00 -2.7993626947122978e+00 1.3129907000000000e-02 6.4328284999999996e-01
2.6958759260389953e-01 -1.3537770284670859e+01 9.5259069385583217e-01 -1.8540714819016642e+01 -4.2238555352552083e+01 -2.7116224092783614e-01 -1.1287658724560705e+00 -2.7943321796816383e+00 1.3036481000000001e-02 6.5636695000000000e-01
2.9197502293513011e-01 -1.3695938456246456e+01 9.5438219869021690e-01 -1.8186007740192601e+01 -4.2129161053487358e+01 -2.9682198604166637e-01 -1.1071089492022776e+00 -2.7893475215169476e+00 1.2932137999999999e-02 6.6935217000000002e-01
3.1417316760342495e-01 -1.3869790390185498e+01 9.5615855635606950e-01 -1.7840845361285883e+01 -4.2020905227748308e+01 -3.2310482160351356e-01 -1.0860340129522759e+00 -2.7844127092059834e+00 1.2816919000000000e-02 6.8222760000000005e-01
3.3616333768824269e-01 -1.4059991350180834e+01 9.5791827131366047e-01 -1.7505120035285202e+01 -4.1913872989502423e+01 -3.5007119260485969e-01 -1.0655342403459946e+00 -2.7795316819562252e+00 1.2690879000000000e-02 6.9498240000000000e-01
3.5792693047255053e-01 -1.4267276011324165e+01 9.5965985492150663e-01 -1.7178726744886575e+01 -4.1808148410916587e+01 -3.7778511142089871e-01 -1.0456029301198362e+00 -2.7747083361137741e+00 1.2554085000000000e-02 7.0760577999999996e-01
3.7944544668352465e-01 -1.4492453947783623e+01 9.6138182681601958e-01 -1.6861564191957960e+01 -4.1703814345798854e+01 -4.0631459319153651e-01 -1.0262338234215576e+00 -2.7699465229088793e+00 1.2406611999999999e-02 7.2008700999999997e-01
4.0070057669605896e-01 -1.4736417452641854e+01 9.6308272180975241e-01 -1.6553533360165147e+01 -4.1600952266879453e+01 -4.3573209903291615e-01 -1.0074207133744177e+00 -2.7652500297284721e+00 1.2248551000000000e-02 7.3241546999999996e-01
4.2167414881066079e-01 -1.5000148459761352e+01 9.6476108575245156e-01 -1.6254538601873790e+01 -4.1499642372222041e+01 -4.6611506039071798e-01 -9.8915765554517276e-01 -2.7606225949475278e+00 1.2080001999999999e-02 7.4458062000000003e-01
4.4234816373485297e-01 -1.5284727271336601e+01 9.6641547829035546e-01 -1.5964487354011338e+01 -4.1399963498218639e+01 -4.9754648150595787e-01 -9.7143891863318821e-01 -2.7560678982992926e+00 1.1901076999999999e-02 7.5657202000000001e-01
4.6270482906457766e-01 -1.5591343228574978e+01 9.6804447562549312e-01 -1.5683289584016698e+01 -4.1301992991964198e+01 -5.3011548028589794e-01 -9.5425896863456960e-01 -2.7515895558869512e+00 1.1711898000000000e-02 7.6837935000000002e-01
4.8272661100630132e-01 -1.5921305950425600e+01 9.6964667465463128e-01 -1.5410857574278751e+01 -4.1205806483836675e+01 -5.6391817183331350e-01 -9.3761242918143684e-01 -2.7471911109680907e+00 1.1512599000000000e-02 7.7999244000000001e-01
5.0239614817350664e-01 -1.6276056991183687e+01 9.7122068607102863e-01 -1.5147107080671399e+01 -4.1111478345072378e+01 -5.9905830227436430e-01 -9.2149416276744001e-01 -2.7428760522385782e+00 1.1303326000000001e-02 7.9140122000000002e-01
5.2169642399370764e-01 -1.6657188072649266e+01 9.7276514816092807e-01 -1.4891955321185767e+01 -4.1019080893058238e+01 -6.3564846583563028e-01 -9.0589914572531216e-01 -2.7386477780331160e+00 1.1084235000000000e-02 8.0259581999999996e-01
5.4061061154213719e-01 -1.7066453752073198e+01 9.7427871438671332e-01 -1.4645323191666483e+01 -4.0928685186868613e+01 -6.7381088517913645e-01 -8.9082260053360307e-01 -2.7345096325787339e+00 1.0855490000000001e-02 8.1356647999999998e-01
5.5912222870805950e-01 -1.7505795415557365e+01 9.7576006580375219e-01 -1.4407133458564209e+01 -4.0840360259819924e+01 -7.1367892211962625e-01 -8.7625987309647668e-01 -2.7304648724323668e+00 1.0617270000000000e-02 8.2430364000000000e-01
5.7721510371336748e-01 -1.7977362874962687e+01 9.7720790830109816e-01 -1.4177311314602772e+01 -4.0754173498833545e+01 -7.5539844031942138e-01 -8.6220649379467651e-01 -2.7265166762052111e+00 1.0369760000000000e-02 8.3479791999999997e-01
5.9487339235328518e-01 -1.8483541513888305e+01 9.7862097398113934e-01 -1.3955784445227916e+01 -4.0670190371110046e+01 -7.9912951401338805e-01 -8.4865814692682362e-01 -2.7226681411855385e+00 1.0113159000000000e-02 8.4504013000000000e-01
6.1208159523706862e-01 -1.9026984101765120e+01 9.7999802253924762e-01 -1.3742482990528597e+01 -4.0588474516655317e+01 -8.4504841435653488e-01 -8.3561068527728066e-01 -2.7189222823427217e+00 9.8476710000000005e-03 8.5502127999999999e-01
6.2882455778800561e-01 -1.9610647647179782e+01 9.8133784126377910e-01 -1.3537339676874845e+01 -4.0509087780244251e+01 -8.9334990271101655e-01 -8.2306013072332762e-01 -2.7152820332942649e+00 9.5735140000000000e-03 8.6473257999999997e-01
6.4508755644692450e-01 -2.0237840340553205e+01 9.8263925193431967e-01 -1.3340288997319741e+01 -4.0432089832454686e+01 -9.4425022121358482e-01 -8.1100261182301170e-01 -2.7117502288418094e+00 9.2909130999999992e-03 8.7416548999999999e-01
6.6085621246868587e-01 -2.0912270641247940e+01 9.8390110392343899e-01 -1.3151268391583985e+01 -4.0357534760385896e+01 -9.9799014056478286e-01 -7.9943448509860138e-01 -2.7083296258097125e+00 9.0001030000000006e-03 8.8331166999999999e-01
6.7611659536639146e-01 -2.1638115592163587e+01 9.8512228247458622e-01 -1.2970217226606543e+01 -4.0285489905365971e+01 -1.0548391836153004e+00 -7.8835219310644233e-01 -2.7050228809551529e+00 8.7013270999999996e-03 8.9216304000000002e-01
6.9085517118928030e-01 -2.2420093543879389e+01 9.8630170456314181e-01 -1.2797077566763177e+01 -4.0215997598251718e+01 -1.1151002678279152e+00 -7.7775236341786846e-01 -2.7018325655403070e+00 8.3948374000000006e-03 9.0071175000000003e-01
7.0505888872623657e-01 -2.3263563023094193e+01 9.8743832579466362e-01 -1.2631793301767145e+01 -4.0149113325389010e+01 -1.1791158884069510e+00 -7.6763174051915695e-01 -2.6987611468120090e+00 8.0808944000000001e-03 9.0895022999999997e-01
7.1871511054298298e-01 -2.4174634195208217e+01 9.8853113488629041e-01 -1.2474311163996573e+01 -4.0084886852353442e+01 -1.2472750614045669e+00 -7.5798724334389678e-01 -2.6958110039374819e+00 7.7597663000000001e-03 9.1687114999999997e-01
7.3181168194488677e-01 -2.5160315824503364e+01 9.8957915918533856e-01 -1.2324580081560809e+01 -4.0023365773806908e+01 -1.3200226009083824e+00 -7.4881592657300100e-01 -2.6929844186845937e+00 7.4317293999999999e-03 9.2446746000000002e-01
7.4433694821766228e-01 -2.6228697615670612e+01 9.9058146604895081e-01 -1.2182550925794455e+01 -3.9964595479916007e+01 -1.3978705827532807e+00 -7.4011497620271371e-01 -2.6902835661271141e+00 7.0970672000000004e-03 9.3173240000000002e-01
7.5627972014596700e-01 -2.7389176640758446e+01 9.9153716008479842e-01 -1.2048177654763938e+01 -3.9908619356985177e+01 -1.4814125480459366e+00 -7.3188174021788033e-01 -2.6877105294915280e+00 6.7560703000000000e-03 9.3865947999999999e-01
7.6762936021690975e-01 -2.8652760849003450e+01 9.9244539004932708e-01 -1.1921415702604168e+01 -3.9855478423238544e+01 -1.5713426569369517e+00 -7.2411367871127474e-01 -2.6852672805654323e+00 6.4090362999999996e-03 9.4524253000000003e-01
7.7837567917584116e-01 -3.0032444253344966e+01 9.9330534056986131e-01 -1.1802223750719021e+01 -3.9805211842180043e+01 -1.6684793746859727e+00 -7.1680843820862472e-01 -2.6829557034581830e+00 6.0562691999999996e-03 9.5147563999999996e-01
7.8850910843336997e-01 -3.1543739831069338e+01 9.9411624594109693e-01 -1.1690561838507065e+01 -3.9757856174972105e+01 -1.7737990286041896e+00 -7.0996374609553192e-01 -2.6807775597990937e+00 5.6980790999999996e-03 9.5735325999999998e-01
7.9802052765834608e-01 -3.3205349947431998e+01 9.9487737632860884e-01 -1.1586393374263629e+01 -3.9713446190956773e+01 -1.8884781391667975e+00 -7.0357752940031815e-01 -2.6787345240487559e+00 5.3347821999999998e-03 9.6287009999999995e-01
8.0690143718487795e-01 -3.5040146357847732e+01 9.9558805156534291e-01 -1.1489683376749159e+01 -3.9672014108336640e+01 -2.0139555291088662e+00 -6.9764780649853597e-01 -2.6768281523669377e+00 4.9667000000000001e-03 9.6802122999999995e-01
8.1514383732742002e-01 -3.7076496836852179e+01 9.9624763149407192e-01 -1.1400399882928147e+01 -3.9633590205905122e+01 -2.1520160026466622e+00 -6.9217277457322590e-01 -2.6750599072965282e+00 4.5941591999999996e-03 9.7280200999999999e-01
8.2274036630638658e-01 -3.9350248423159947e+01 9.9685552700458868e-01 -1.1318512539425996e+01 -3.9598202186336849e+01 -2.3049163246746245e+00 -6.8715072173874936e-01 -2.6734311275582283e+00 4.2174915999999996e-03 9.7720817000000004e-01
8.2968416232253794e-01 -4.1907622822588344e+01 9.9741118899651293e-01 -1.1243994239209671e+01 -3.9565875851518349e+01 -2.4755678296265389e+00 -6.8258012442408722e-01 -2.6719430615006923e+00 3.8370333000000002e-03 9.8123572999999997e-01
8.3596900148259468e-01 -4.4809765039306804e+01 9.9791411941648456e-01 -1.1176819715483273e+01 -3.9536634499012287e+01 -2.6678263539503750e+00 -6.7845956073209557e-01 -2.6705968368538580e+00 3.4531249000000000e-03 9.8488107999999996e-01
8.4158924607713126e-01 -4.8140117045586450e+01 9.9836386711921632e-01 -1.1116965268738332e+01 -3.9510499173643041e+01 -2.8869586479468374e+00 -6.7478774770503647e-01 -2.6693934730213154e+00 3.0661112999999999e-03 9.8814095000000002e-01
8.4653981009917389e-01 -5.2016996367830373e+01 9.9876002510819495e-01 -1.1064412505452324e+01 -3.9487488857132263e+01 -3.1404415313704637e+00 -6.7156356993877964e-01 -2.6683338897193458e+00 2.6763420000000000e-03 9.9101238999999997e-01
8.5081626268840971e-01 -5.6616895399371018e+01 9.9910223881357707e-01 -1.1019142625098670e+01 -3.9467620003345765e+01 -3.4394416592355612e+00 -6.6878601331672105e-01 -2.6674188854003567e+00 2.2841723000000002e-03 9.9349282999999999e-01
8.5441479364978390e-01 -6.2221456991973824e+01 9.9939020333288997e-01 -1.0981139779637731e+01 -3.9450906718325854e+01 -3.8018002049958737e+00 -6.6645419227581759e-01 -2.6666491443095759e+00 1.8899688000000000e-03 9.9558005999999999e-01
8.5733219621279755e-01 -6.9325659416030703e+01 9.9962366205138320e-01 -1.0950390689981289e+01 -3.9437360855189787e+01 -4.2589093417169259e+00 -6.6456736245050507e-01 -2.6660252423617639e+00 1.4941295000000000e-03 9.9727222000000004e-01
8.5956610840133063e-01 -7.8943661800260429e+01 9.9980242595711677e-01 -1.0926882067213649e+01 -3.9426990906581480e+01 -4.8751577421684225e+00 -6.6312476748667049e-01 -2.6655475946042850e+00 1.0971916000000000e-03 9.9856794000000004e-01
8.6111566818030250e-01 -9.3863519531689960e+01 9.9992642606763071e-01 -1.0910593830986903e+01 -3.9419798975339958e+01 -5.8277246887953442e+00 -6.6212521878626074e-01 -2.6652163170971730e+00 7.0085733000000002e-04 9.9946672000000003e-01
