-2.5138446089935512e-01 -7.9066869959392295e+02 2.5138574118456586e-01 -7.6444836355078519e+02 -2.0686207348394629e+02 5.0652315903681384e+01 -4.8971859932005593e+01 -1.3258857607835470e+01 5.5301730000000003e-06 1.0230946000000001e-06
-2.5137495812978933e-01 -5.9520655802120643e+02 2.5139989063018298e-01 -5.6888357914270910e+02 -2.0684242270106603e+02 3.8123368400275830e+01 -3.6438251283771436e+01 -1.3257977202520564e+01 3.5894988000000002e-05 1.9923924999999999e-05
-2.5134514440465722e-01 -5.0442599630292614e+02 2.5144428270761687e-01 -4.7783622488265303e+02 -2.0678078032370286e+02 3.2302732385562237e+01 -3.0605466272896731e+01 -1.3255215379720674e+01 8.5619985000000003e-05 7.9222864999999994e-05
-2.5128612290530661e-01 -4.4476331507966648e+02 2.5153216461294159e-01 -4.1771418553522989e+02 -2.0665879065220798e+02 2.8475121643993084e+01 -2.6756886597332972e+01 -1.3249749371277339e+01 1.5173507999999999e-04 1.9661552000000001e-04
-2.5119010708268225e-01 -4.0035173734200498e+02 2.5167513037162942e-01 -3.7263617762610988e+02 -2.0646045842879883e+02 2.5623442505000877e+01 -2.3874716400663321e+01 -1.3240861570884380e+01 2.3255418000000001e-04 3.8758918999999998e-04
-2.5105001525863019e-01 -3.6505269812257552e+02 2.5188372446960339e-01 -3.3645698777825686e+02 -2.0617134805516577e+02 2.3354189126532248e+01 -2.1565103773513904e+01 -1.3227903313556149e+01 3.2689763000000001e-04 6.6622920000000002e-04
-2.5085928615960312e-01 -3.3583765893021592e+02 2.5216771652008985e-01 -3.0614668316620339e+02 -2.0577824369860343e+02 2.1473229840614600e+01 -1.9633808765527547e+01 -1.3210279267258437e+01 4.3385032000000002e-04 1.0455858000000000e-03
-2.5061177568039256e-01 -3.1098712333894713e+02 2.5253625498048454e-01 -2.7998821473306242e+02 -2.0526898031571113e+02 1.9870361500461016e+01 -1.7970693873468868e+01 -1.3187439454680984e+01 5.5265518999999999e-04 1.5378795000000000e-03
-2.5030169306753891e-01 -2.8942976132799367e+02 2.5299796217405773e-01 -2.5691565744714609e+02 -2.0463235797972197e+02 1.8476943072009327e+01 -1.6507317644087902e+01 -1.3158875005145291e+01 6.8265765000000004e-04 2.1546280000000000e-03
-2.4992355782691905e-01 -2.7045209486322636e+02 2.5356099845374780e-01 -2.3622330336216942e+02 -2.0385810048064261e+02 1.7247283298054239e+01 -1.5198295240162000e+01 -1.3124115863670978e+01 8.2327310000000005e-04 2.9067318999999999e-03
-2.4947217036198130e-01 -2.5355448092928222e+02 2.5423310592127896e-01 -2.1742121080712877e+02 -2.0293684216318755e+02 1.6149406042119907e+01 -1.4012044514491794e+01 -1.3082729784267132e+01 9.7396649000000004e-04 3.8045331000000002e-03
-2.4894259050546844e-01 -2.3837292896102727e+02 2.5502164039302250e-01 -2.0015669273547439e+02 -2.0186013096763082e+02 1.5160036681943764e+01 -1.2925757347564613e+01 -1.3034322038041486e+01 1.1342389000000000e-03 4.8578574999999999e-03
-2.4833012183299530e-01 -2.2463368016907472e+02 2.5593359475678595e-01 -1.8416863062264960e+02 -2.0062044222675695e+02 1.4261688582479049e+01 -1.1922474549341761e+01 -1.2978535647412437e+01 1.3036180000000001e-03 6.0760461999999999e-03
-2.4763030030044780e-01 -2.1212534596804812e+02 2.5697561589051221e-01 -1.6925939469791879e+02 -1.9921119749465501e+02 1.3440875719018786e+01 -1.0989288688586994e+01 -1.2915051914226320e+01 1.4816515000000000e-03 7.4679780999999997e-03
-2.4683888504329299e-01 -2.0068102923149618e+02 2.5815401836193480e-01 -1.5527677624146358e+02 -1.9762678882574579e+02 1.2686965465475373e+01 -1.0116188628283567e+01 -1.2843591079476260e+01 1.6679024999999999e-03 9.0420881999999994e-03
-2.4595185214223153e-01 -1.9016644833157292e+02 2.5947479371140403e-01 -1.4210194201047310e+02 -1.9586260196175164e+02 1.1991416211337521e+01 -9.2952899542084708e+00 -1.2763913147132129e+01 1.8619452999999999e-03 1.0806380000000001e-02
-2.4496538884134336e-01 -1.8047177372212423e+02 2.6094361906095997e-01 -1.2964111785805909e+02 -1.9391503789036864e+02 1.1347253268444302e+01 -8.5203042259499107e+00 -1.2675818591102024e+01 2.0633631000000000e-03 1.2768437000000001e-02
-2.4387589088340692e-01 -1.7150589493593998e+02 2.6256586108199176e-01 -1.1781971723332380e+02 -1.9178153588255464e+02 1.0748700732241831e+01 -7.7861652290453289e+00 -1.2579149217606865e+01 2.2717459999999998e-03 1.4935428000000001e-02
-2.4267995803524650e-01 -1.6319226404254201e+02 2.6434658265791156e-01 -1.0657805314320521e+02 -1.8946058629923112e+02 1.0190914423234638e+01 -7.0887559740194082e+00 -1.2473788661623558e+01 2.4866887000000002e-03 1.7314116000000001e-02
-2.4137439418828643e-01 -1.5546586918817007e+02 2.6629054273443148e-01 -9.5868178832109791e+01 -1.8695174972223873e+02 9.6697873226677071e+00 -6.4247100296567758e+00 -1.2359663091409088e+01 2.7077901999999999e-03 1.9910858000000000e-02
-2.3995620182808144e-01 -1.4827092146940990e+02 2.6840220455432900e-01 -8.5651460622124674e+01 -1.8425565340301523e+02 9.1818012571733156e+00 -5.7912562900582127e+00 -1.2236741224711762e+01 2.9346520999999999e-03 2.2731616000000000e-02
-2.3842258505093650e-01 -1.4155915219699946e+02 2.7068573116575656e-01 -7.5896757621354311e+01 -1.8137400228626001e+02 8.7239170963609780e+00 -5.1861066121006356e+00 -1.2105034836765025e+01 3.1668782999999998e-03 2.5781951000000001e-02
-2.3677094654728698e-01 -1.3528860479360154e+02 2.7314498991393177e-01 -6.6578951133392707e+01 -1.7830956805763319e+02 8.2934876328433162e+00 -4.6073631950143357e+00 -1.1964598527079163e+01 3.4040742000000001e-03 2.9067029000000001e-02
-2.3499888559061893e-01 -1.2942184428388407e+02 2.7578355543559774e-01 -5.7677784042258537e+01 -1.7506617488110075e+02 7.8881901158879817e+00 -4.0534468473085425e+00 -1.1815529315623776e+01 3.6458464000000000e-03 3.2591624999999999e-02
-2.3310420105408883e-01 -1.2392660709726738e+02 2.7860470516733271e-01 -4.9176947603147354e+01 -1.7164868568390798e+02 7.5059737698065483e+00 -3.5230406527833464e+00 -1.1657966309129669e+01 3.8918026000000000e-03 3.6360116999999997e-02
-2.3108488738836389e-01 -1.1877368428525028e+02 2.8161142533447020e-01 -4.1063297499720321e+01 -1.6806297826942244e+02 7.1450163933727193e+00 -3.0150424554400752e+00 -1.1492089781582655e+01 4.1415510999999999e-03 4.0376493999999999e-02
-2.2893913612993191e-01 -1.1393708859878178e+02 2.8480640870525425e-01 -3.3326236265962827e+01 -1.6431586034598922e+02 6.8036903875049006e+00 -2.5285274748721909e+00 -1.1318120129215821e+01 4.3947007000000003e-03 4.4644352999999998e-02
-2.2666533590110136e-01 -1.0939349367097751e+02 2.8819205459083896e-01 -2.5957184246341882e+01 -1.6041513526163268e+02 6.4805347459194191e+00 -2.0627155455633339e+00 -1.1136316594619215e+01 4.6508610999999997e-03 4.9166899000000000e-02
-2.2426207039892151e-01 -1.0512186647708572e+02 2.9177047183974902e-01 -1.8949131613000020e+01 -1.5636944097293915e+02 6.1742317979919150e+00 -1.6169468363025052e+00 -1.0946975640967944e+01 4.9096423000000002e-03 5.3946949000000001e-02
-2.2172812090903221e-01 -1.0110317505045511e+02 2.9554347509480439e-01 -1.2296270040857490e+01 -1.5218825336673220e+02 5.8835884626054300e+00 -1.1906576754446652e+00 -1.0750429308561655e+01 5.1706551000000002e-03 5.8986927000000001e-02
-2.1906246178073432e-01 -9.7320133018856353e+01 2.9951259153065546e-01 -5.9936614232340455e+00 -1.4788180467630744e+02 5.6075198999524867e+00 -7.8336237182888757e-01 -1.0547042852069232e+01 5.4335110000000002e-03 6.4288872999999996e-02
-2.1626426495191925e-01 -9.3756998334188353e+01 3.0367905411624790e-01 -3.6977223646332553e-02 -1.4346102307618301e+02 5.3450366634568542e+00 -3.9463762223747656e-01 -1.0337212827786894e+01 5.6978226000000002e-03 6.9854434000000007e-02
-2.1333289492136948e-01 -9.0399389786851614e+01 3.0804380910097301e-01 5.5777467702169199e+00 -1.3893744972982836e+02 5.0952329655917650e+00 -2.4108270480750260e-02 -1.0121364334888471e+01 5.9632034000000004e-03 7.5684873999999999e-02
-2.1026791126260833e-01 -8.7234140160830052e+01 3.1260751227159245e-01 1.0854305837309917e+01 -1.3432316553847750e+02 4.8572773106030276e+00 3.2856409770422623e-01 -9.8999485154468339e+00 6.2292681999999997e-03 8.1781068999999998e-02
-2.0706906661282012e-01 -8.4249165438937240e+01 3.1737053194669834e-01 1.5796494148578409e+01 -1.2963070503309126e+02 4.6304041831671201e+00 6.6369126551800872e-01 -9.6734396093618340e+00 6.4956331999999999e-03 8.8143510999999994e-02
-2.0373630667285020e-01 -8.1433354185709874e+01 3.2233294897671338e-01 2.0408252513182987e+01 -1.2487297113997175e+02 4.4139070045202313e+00 9.8156701933424617e-01 -9.4423321167543861e+00 6.7619166000000000e-03 9.4772308000000000e-02
-2.0026976719058520e-01 -7.8776469238557425e+01 3.2749456123558091e-01 2.4693787879310463e+01 -1.2006314332845101e+02 4.2071318792656101e+00 1.2824746219826795e+00 -9.2071374918811362e+00 7.0277381999999996e-03 1.0166719000000000e-01
-1.9666977345818318e-01 -7.6269064448549827e+01 3.3285488436937988e-01 2.8657672026603795e+01 -1.1521458797024110e+02 4.0094723315726073e+00 1.5666929842611137e+00 -8.9683810603590128e+00 7.2927204000000001e-03 1.0882751000000000e-01
-1.9293684735085276e-01 -7.3902416492889671e+01 3.3841314131571465e-01 3.2304910543862547e+01 -1.1034077763262310e+02 3.8203650664977951e+00 1.8345012838600101e+00 -8.7265992733457853e+00 7.5564877000000004e-03 1.1625223000000000e-01
-1.8907169274652480e-01 -7.1668450680411766e+01 3.4416828401355065e-01 3.5641020085635247e+01 -1.0545518236526293e+02 3.6392851485975202e+00 2.0861844417507998e+00 -8.4823355231741697e+00 7.8186677999999999e-03 1.2393994999999999e-01
-1.8507519452031218e-01 -6.9559686210783198e+01 3.5011899490044440e-01 3.8672068710163018e+01 -1.0057118206337876e+02 3.4657425201637673e+00 2.3220364338936639e+00 -8.2361370914790974e+00 8.0788911000000008e-03 1.3188891000000000e-01
-1.8094843362760871e-01 -6.7569194080307668e+01 3.5626366445409263e-01 4.1404692848764668e+01 -9.5701998835302277e+01 3.2992795601735265e+00 2.5423621254192215e+00 -7.9885527394882061e+00 8.3367917000000003e-03 1.4009695999999999e-01
-1.7669266699329078e-01 -6.5690542485467077e+01 3.6260042113693369e-01 4.3846127478649450e+01 -9.0860589288898694e+01 3.1394674004077379e+00 2.7474806869735011e+00 -7.7401285226038965e+00 8.5920070000000005e-03 1.4856159999999999e-01
-1.7230933756711642e-01 -6.3917762230420841e+01 3.6912711642384649e-01 4.6004200782270416e+01 -8.6059577657943763e+01 2.9859038975965433e+00 2.9377264548919575e+00 -7.4914053333082595e+00 8.8441787999999997e-03 1.5727996000000000e-01
-1.6780006426832653e-01 -6.2245308379196430e+01 3.7584133977445155e-01 4.7887331523905445e+01 -8.1311170659362929e+01 2.8382110546376698e+00 3.1134504905940696e+00 -7.2429154688564985e+00 9.0929527999999999e-03 1.6624881999999999e-01
-1.6316664198564457e-01 -6.0668027451596281e+01 3.8274041863311059e-01 4.9504507376232034e+01 -7.6627087498331093e+01 2.6960330697051376e+00 3.2750209626837683e+00 -6.9951798806465906e+00 9.3379794999999995e-03 1.7546460999999999e-01
-1.5841103654957722e-01 -5.9181129649351526e+01 3.8982142591507690e-01 5.0865257717427042e+01 -7.2018491936651188e+01 2.5590344339724989e+00 3.4228234003454530e+00 -6.7487053601317859e+00 9.5789143999999993e-03 1.8492342000000001e-01
-1.5353539981551290e-01 -5.7780167196480839e+01 3.9708115754804474e-01 5.1979613495838159e+01 -6.7495949688858914e+01 2.4268987386666110e+00 3.5572599044024038e+00 -6.5039829090316648e+00 9.8154178999999998e-03 1.9462097000000000e-01
-1.4854204452522421e-01 -5.6461003621996468e+01 4.0451616990290040e-01 5.2858070550296347e+01 -6.3069353597463596e+01 2.2993264914322951e+00 3.6787493882898019e+00 -6.2614841411230238e+00 1.0047156000000000e-02 2.0455266000000000e-01
-1.4343343927916838e-01 -5.5219792900042854e+01 4.1212278727987245e-01 5.3511538555889736e+01 -5.8747876119787335e+01 2.1760337431977961e+00 3.7877265006741498e+00 -6.0216592698016154e+00 1.0273801000000001e-02 2.1471357999999999e-01
-1.3821223367498486e-01 -5.4052967323642065e+01 4.1989706447778075e-01 5.3951283503218782e+01 -5.4539956134293455e+01 2.0567514971168128e+00 3.8846399238573190e+00 -5.7849363844170609e+00 1.0495031000000000e-02 2.2509846000000000e-01
-1.3288122814129832e-01 -5.2957212932988000e+01 4.2783483171093745e-01 5.4188872868275141e+01 -5.0453242825412232e+01 1.9412238693197319e+00 3.9699516115370028e+00 -5.5517186055766308e+00 1.0710529999999999e-02 2.3570173000000000e-01
-1.2744337896541802e-01 -5.1929456103603961e+01 4.3593168712299729e-01 5.4236114674589750e+01 -4.6494581109115927e+01 1.8292072257071494e+00 4.0441349356644203e+00 -5.3223829783283616e+00 1.0919989999999999e-02 2.4651751000000000e-01
-1.2190180332103742e-01 -5.0966850472923213e+01 4.4418298930080702e-01 5.4104992444842388e+01 -4.2670000031107413e+01 1.7204693526163637e+00 4.1076730011153124e+00 -5.0972797272505526e+00 1.1123108000000000e-02 2.5753959999999998e-01
-1.1625976418513573e-01 -5.0066761824724487e+01 4.5258387973285613e-01 5.3807604033210261e+01 -3.8984696088737856e+01 1.6147882779423159e+00 4.1610568840181390e+00 -4.8767306357711417e+00 1.1319591000000000e-02 2.6876150999999998e-01
-1.1052066531027815e-01 -4.9226756195125567e+01 4.6112929029542737e-01 5.3356095451621208e+01 -3.5443030617941545e+01 1.5119514068341231e+00 4.2047836244514283e+00 -4.6610286157882008e+00 1.1509152000000000e-02 2.8017647000000001e-01
-1.0468805625231575e-01 -4.8444590714687507e+01 4.6981393576644614e-01 5.2762599008094114e+01 -3.2048541727890985e+01 1.4117548797021429e+00 4.2393544051096743e+00 -4.4504373409356663e+00 1.1691511000000000e-02 2.9177742000000001e-01
-9.8765637398084610e-02 -4.7718204719153924e+01 4.7863230633933063e-01 5.2039171898760820e+01 -2.8803960120064097e+01 1.3140029353171434e+00 4.2652722777844811e+00 -4.2451914225733471e+00 1.1866398000000000e-02 3.0355700000000002e-01
-9.2757219743809988e-02 -4.7045706575767788e+01 4.8757872751219322e-01 5.1197733131760678e+01 -2.5711206319802894e+01 1.2185066048803215e+00 4.2830405232427902e+00 -4.0454951022759422e+00 1.2033550000000000e-02 3.1550762999999998e-01
-8.6666760089002787e-02 -4.6425370760918128e+01 4.9664730768478965e-01 5.0250010450685863e+01 -2.2771437568642828e+01 1.1250836782696401e+00 4.2931603305452457e+00 -3.8515239767288350e+00 1.2192715000000000e-02 3.2762143999999999e-01
-8.0498335897962042e-02 -4.5855628464080930e+01 5.0583197558926929e-01 4.9207484934593296e+01 -1.9985063704944093e+01 1.0335577215216343e+00 4.2961291581662424e+00 -3.6634244245623111e+00 1.2343646000000000e-02 3.3989032000000002e-01
-7.4256150327474513e-02 -4.5335062176268870e+01 5.1512647280402546e-01 4.8081341803096684e+01 -1.7351785759806170e+01 9.4375759740171961e-01 4.2924387137379174e+00 -3.4813147994974973e+00 1.2486109000000000e-02 3.5230591000000000e-01
-6.7944512116016459e-02 -4.4862399082015692e+01 5.2452438369829646e-01 4.6882422174541162e+01 -1.4870628024429534e+01 8.5551664870278477e-01 4.2825732657384323e+00 -3.3052856185745143e+00 1.2619877000000000e-02 3.6485963999999999e-01
-6.1567850666852303e-02 -4.4436507927239774e+01 5.3401911297371440e-01 4.5621185500593079e+01 -1.2539984435505142e+01 7.6867240687207561e-01 4.2670079694316989e+00 -3.1354010638297720e+00 1.2744734000000001e-02 3.7754270000000001e-01
-5.5130700964936163e-02 -4.4056394091843764e+01 5.4360390812275639e-01 4.4307670456417952e+01 -1.0357661643719839e+01 6.8306588238749222e-01 4.2462073126932420e+00 -2.9716997539057073e+00 1.2860473000000001e-02 3.9034606999999999e-01
-4.8637693521512648e-02 -4.3721196034356574e+01 5.5327187440104464e-01 4.2951462603357079e+01 -8.3209206875179209e+00 5.9854095942930585e-01 4.2206237198080787e+00 -2.8141958609613451e+00 1.2966896000000000e-02 4.0326054000000000e-01
-4.2093564429516089e-02 -4.3430183389382613e+01 5.6301595985504638e-01 4.1561670181342734e+01 -6.4265310630052941e+00 5.1494406385909497e-01 4.1906962738641917e+00 -2.6628807645408146e+00 1.3063819000000001e-02 4.1627669000000000e-01
-3.5503125197373364e-02 -4.3182753774293879e+01 5.7282900023897487e-01 4.0146897417831546e+01 -4.6708121860166383e+00 4.3212327783145632e-01 4.1568494901265769e+00 -2.5177238113157880e+00 1.3151064000000001e-02 4.2938494999999999e-01
-2.8871292915200908e-02 -4.2978432801241560e+01 5.8270367409788881e-01 3.8715234310822318e+01 -3.0496926227753156e+00 3.4992830177974721e-01 4.1194924899638021e+00 -2.3786746335389251e+00 1.3228465999999999e-02 4.4257553999999999e-01
-2.2203050033208827e-02 -4.2816872031262150e+01 5.9263256265689268e-01 3.7274237717883622e+01 -1.5587504235021630e+00 2.6820949858762178e-01 4.0790179407283880e+00 -2.2456639488881880e+00 1.3295871000000001e-02 4.5583855000000001e-01
-1.5503464472498757e-02 -4.2697849660514827e+01 6.0260811987653762e-01 3.5830928000615359e+01 -1.9326813857122743e-01 1.8681762137581459e-01 4.0358015349850191e+00 -2.1186048000400319e+00 1.3353135000000000e-02 4.6916390000000002e-01
-8.7776644865664444e-03 -4.2621270452208520e+01 6.1262270988357148e-01 3.4391781392236027e+01 1.0517231451995039e+00 1.0560307999357743e-01 3.9902013352305978e+00 -1.9973956683758955e+00 1.3400123999999999e-02 4.8254139000000001e-01
-2.0308487167006728e-03 -4.2587167503999574e+01 6.2266859199863855e-01 3.2962737343891149e+01 2.1813919016645644e+00 2.4415570617317695e-02 3.9425572750833506e+00 -1.8819202445982570e+00 1.3436718000000000e-02 4.9596067999999999e-01
4.7317339188147067e-03 -4.2595703912466753e+01 6.3273795068088101e-01 3.1549196434763790e+01 3.2010668999482204e+00 -5.6896665629410315e-02 3.8931910024882690e+00 -1.7720497995215623e+00 1.3462807000000000e-02 5.0941133000000005e-01
1.1504764113902721e-02 -4.2647175432353869e+01 6.4282286558333690e-01 3.0156035831497125e+01 4.1161866375738203e+00 -1.3848711390796375e-01 3.8424059346803121e+00 -1.6676449144030838e+00 1.3478291000000000e-02 5.2288276000000000e-01
1.8282897423988975e-02 -4.2742014011080791e+01 6.5291537892829377e-01 2.8787612988832297e+01 4.9322657276297512e+00 -2.2051206820440483e-01 3.7904865514105412e+00 -1.5685563805379963e+00 1.3483083000000000e-02 5.3636434000000000e-01
2.5060739127503839e-02 -4.2880792226231989e+01 6.6300745807653638e-01 2.7447786288444416e+01 5.6548517406362873e+00 -3.0313089423914108e-01 3.7376991859543045e+00 -1.4746269898805371e+00 1.3477108000000000e-02 5.4984533999999996e-01
3.1832854281281853e-02 -4.3064228008270319e+01 6.7309101049964726e-01 2.6139932105394021e+01 6.2894895205113563e+00 -3.8650675375864085e-01 3.6842919200545565e+00 -1.3856930551356277e+00 1.3460300999999999e-02 5.6331494999999998e-01
3.8593782803659937e-02 -4.3293191136252261e+01 6.8315790623845829e-01 2.4866961313461356e+01 6.8416891229008518e+00 -4.7080739090927781e-01 3.6304948558032599e+00 -1.3015854655076808e+00 1.3432611000000001e-02 5.7676231000000000e-01
4.5338049529876356e-02 -4.3568710646788546e+01 6.9319999287535006e-01 2.3631339577155089e+01 7.3168957967666195e+00 -5.5620597744334610e-01 3.5765204635388050e+00 -1.2221309559569096e+00 1.3393997000000000e-02 5.9017653000000003e-01
5.2060149128972555e-02 -4.3891982420433820e+01 7.0320907307580205e-01 2.2435115693410875e+01 7.7204612736595841e+00 -6.4288165958409116e-01 3.5225642085123763e+00 -1.1471541470210398e+00 1.3344429999999999e-02 6.0354666000000001e-01
5.8754566214590853e-02 -4.4264379028004839e+01 7.1317693453299280e-01 2.1279943737842135e+01 8.0576198259234708e+00 -7.3102054545818840e-01 3.4688049540095358e+00 -1.0764755143605849e+00 1.3283893999999999e-02 6.1686173000000000e-01
6.5415795455772585e-02 -4.4687461673684211e+01 7.2309537991240203e-01 2.0167102582806674e+01 8.3334697698065323e+00 -8.2081687224942690e-01 3.4154054451621740e+00 -1.0099182095404033e+00 1.3212384000000001e-02 6.3011079000000003e-01
7.2038311410761113e-02 -4.5162990497079079e+01 7.3295618193490775e-01 1.9097529817674950e+01 8.5529476139959755e+00 -9.1247352427665152e-01 3.3625132253387129e+00 -9.4730345387897619e-01 1.3129907000000000e-02 6.4328284999999996e-01
7.8616603720898293e-02 -4.5692940320474321e+01 7.4275113577983909e-01 1.8071842355947659e+01 8.7208199144109759e+00 -1.0062035305120824e+00 3.3102610710663529e+00 -8.8845406965389118e-01 1.3036481000000001e-02 6.5636695000000000e-01
8.5145182138324005e-02 -4.6279516916140388e+01 7.5247206657112631e-01 1.7090362764755636e+01 8.8416662614928718e+00 -1.1022312630915059e+00 3.2587677256723300e+00 -8.3319470768826565e-01 1.2932137999999999e-02 6.6935217000000002e-01
9.1618561442877611e-02 -4.6925173308384799e+01 7.6211080691884947e-01 1.6153147857111808e+01 8.9198694747410574e+00 -1.2007934631312984e+00 3.2081387901297380e+00 -7.8135272608078810e-01 1.2816919000000000e-02 6.8222760000000005e-01
9.8031291608294990e-02 -4.7632632392266800e+01 7.7165924183614076e-01 1.5260011421051805e+01 8.9596077424727074e+00 -1.3021410592595946e+00 3.1584672652324328e+00 -7.3275863359725690e-01 1.2690879000000000e-02 6.9498240000000000e-01
1.0437794774680964e-01 -4.8404908834883685e+01 7.8110929376688343e-01 1.4410547728729739e+01 8.9648486055639385e+00 -1.4065405568670568e+00 3.1098344472927519e+00 -6.8724674302696842e-01 1.2554085000000000e-02 7.0760577999999996e-01
1.1065313513685199e-01 -4.9245334834178514e+01 7.9045293007186224e-01 1.3604166185082208e+01 8.9393454065447866e+00 -1.5142757970346208e+00 3.0623107400134799e+00 -6.4465564484778681e-01 1.2406611999999999e-02 7.2008700999999997e-01
1.1685151436154717e-01 -5.0157592622877772e+01 7.9968220045951466e-01 1.2840094815874844e+01 8.8866357128092179e+00 -1.6256503136758744e+00 3.0159561748492747e+00 -6.0482850075983707e-01 1.2248551000000000e-02 7.3241546999999996e-01
1.2296778622561622e-01 -5.1145745709230745e+01 8.0878921452748020e-01 1.2117420424694554e+01 8.8100411031835133e+00 -1.7409892223374464e+00 2.9708213873927147e+00 -5.6761350508703745e-01 1.2080001999999999e-02 7.4458062000000003e-01
1.2899670181077522e-01 -5.2214277701817331e+01 8.1776615673490072e-01 1.1435101999064745e+01 8.7126693243475568e+00 -1.8606418244821439e+00 2.9269482786703551e+00 -5.3286412928710758e-01 1.1901076999999999e-02 7.5657202000000001e-01
1.3493307253113440e-01 -5.3368136880724663e+01 8.2660530137472110e-01 1.0791991646205604e+01 8.5974170915300920e+00 -1.9849845274664653e+00 2.8843707533634557e+00 -5.0043931676459497e-01 1.1711898000000000e-02 7.6837935000000002e-01
1.4077178521629663e-01 -5.4612788457292226e+01 8.3529903503213998e-01 1.0186851869068819e+01 8.4669583456106317e+00 -2.1144243134766598e+00 2.8431152862395042e+00 -4.7020358569967374e-01 1.1512599000000000e-02 7.7999244000000001e-01
1.4650777697285972e-01 -5.5954265754155855e+01 8.4383981915385842e-01 9.6183762784835185e+00 8.3238303836783452e+00 -2.2494017680231595e+00 2.8032018368181197e+00 -4.4202728756497783e-01 1.1303326000000001e-02 7.9140122000000002e-01
1.5213608546141155e-01 -5.7399246006148168e+01 8.5222026490958247e-01 9.0852012538510927e+00 8.1702795111249813e+00 -2.3903962721448515e+00 2.7646441940157729e+00 -4.1578645913828277e-01 1.1084235000000000e-02 8.0259581999999996e-01
1.5765180364723480e-01 -5.8955114711994668e+01 8.6043306581667089e-01 8.5859262565026686e+00 8.0084291155212739e+00 -2.5379296785839021e+00 2.7274509066124910e+00 -3.9136309417380494e-01 1.0855490000000001e-02 8.1356647999999998e-01
1.6305012504960203e-01 -6.0630063209536907e+01 8.6847106511548733e-01 8.1191225172338903e+00 7.8402068549633528e+00 -2.6925728249681224e+00 2.6916256349458436e+00 -3.6864491195596771e-01 1.0617270000000000e-02 8.2430364000000000e-01
1.6832633368637689e-01 -6.2433187638441915e+01 8.7632724079709978e-01 7.6833471272054252e+00 7.6673691279846015e+00 -2.8549516539929147e+00 2.6571677703328200e+00 -3.4752540644053087e-01 1.0369760000000000e-02 8.3479791999999997e-01
1.7347580910171384e-01 -6.4374608349059940e+01 8.8399471308943134e-01 7.2771545924936287e+00 7.4915100367003129e+00 -3.0257547216785925e+00 2.6240730303917257e+00 -3.2790375549226936e-01 1.0113159000000000e-02 8.4504013000000000e-01
1.7849403139375730e-01 -6.6465609761636046e+01 8.9146675194340963e-01 6.8991066344270555e+00 7.3140699495040353e+00 -3.2057420133680350e+00 2.5923338147366666e+00 -3.0968470864462311e-01 9.8476710000000005e-03 8.5502127999999999e-01
1.8337658121464184e-01 -6.8718803037912039e+01 8.9873677703296739e-01 6.5477809689750481e+00 7.1363456754003431e+00 -3.3957550957493745e+00 2.5619398121338985e+00 -2.9277848751489322e-01 9.5735140000000000e-03 8.6473257999999997e-01
1.8811916490898961e-01 -7.1148331187684775e+01 9.0579839518579341e-01 6.2217779530571713e+00 6.9594982059372992e+00 -3.5967302263868088e+00 2.5328783082037871e+00 -2.7710059567237877e-01 9.2909130999999992e-03 8.7416548999999999e-01
1.9271758937541306e-01 -7.3770088998578146e+01 9.1264536295258181e-01 5.9197294146077866e+00 6.7845624312675019e+00 -3.8097118369997820e+00 2.5051346042543905e+00 -2.6257171530763351e-01 9.0001030000000006e-03 8.8331166999999999e-01
1.9716779223271153e-01 -7.6602015754184620e+01 9.1927163152393254e-01 5.6403018593922374e+00 6.6124575287598253e+00 -4.0358712193484427e+00 2.4786923790376489e+00 -2.4911748618311119e-01 8.7013270999999996e-03 8.9216304000000002e-01
2.0146582673677316e-01 -7.9664423674104199e+01 9.2567132427190169e-01 5.3822040972424920e+00 6.4439937138249004e+00 -4.2765269185275123e+00 2.4535342039059787e+00 -2.3666841538854641e-01 8.3948374000000006e-03 9.0071175000000003e-01
2.0560788691907217e-01 -8.2980425341666120e+01 9.3183877418075212e-01 5.1441892577566479e+00 6.2798823301796238e+00 -4.5331718635033855e+00 2.4296414595528733e+00 -2.2515956414414612e-01 8.0808944000000001e-03 9.0895022999999997e-01
2.0959028747587105e-01 -8.6576425139804613e+01 9.3776849390235273e-01 4.9250598634378031e+00 6.1207468879127029e+00 -4.8075040225930934e+00 2.4069950083086185e+00 -2.1453043798349930e-01 7.7597663000000001e-03 9.1687114999999997e-01
2.1340948387901826e-01 -9.0482761748292532e+01 9.4345520570077912e-01 4.7236690603992733e+00 5.9671167086489829e+00 -5.1014670603778836e+00 2.3855752355537470e+00 -2.0472486507115234e-01 7.4317293999999999e-03 9.2446746000000002e-01
2.1706207740364802e-01 -9.4734504780485068e+01 9.4889384893846429e-01 4.5389238438668533e+00 5.8194632128347292e+00 -5.4173005701869688e+00 2.3653623253634732e+00 -1.9569066484323200e-01 7.0970672000000004e-03 9.3173240000000002e-01
2.2054480507278112e-01 -9.9372445080831781e+01 9.5407956510389769e-01 4.3697861781182388e+00 5.6781792101335258e+00 -5.7576024956732841e+00 2.3463364796050272e+00 -1.8737956891402677e-01 6.7560703000000000e-03 9.3865947999999999e-01
2.2385456479582277e-01 -1.0444441633643865e+02 9.5900773524237692e-01 4.2152741210359173e+00 5.5435993906510337e+00 -6.1254128903775449e+00 2.3284780491559642e+00 -1.7974696595063774e-01 6.4090362999999996e-03 9.4524253000000003e-01
2.2698838520236497e-01 -1.1000693363522909e+02 9.6367393503910581e-01 4.0744636922357813e+00 5.4160053804583397e+00 -6.5243172428507394e+00 2.3117678792938330e+00 -1.7275181275115667e-01 6.0562691999999996e-03 9.5147563999999996e-01
2.2994347591918224e-01 -1.1612750600334978e+02 9.6807400968069712e-01 3.9464866235018170e+00 5.2956301629514577e+00 -6.9585937171252112e+00 2.2961871424254952e+00 -1.6635634872801350e-01 5.6980790999999996e-03 9.5735325999999998e-01
2.3271717729323599e-01 -1.2288755662243372e+02 9.7220399899367027e-01 3.8305335166335666e+00 5.1826655620970925e+00 -7.4333976488994198e+00 2.2817178649498726e+00 -1.6052604427521316e-01 5.3347821999999998e-03 9.6287009999999995e-01
2.3530701066867005e-01 -1.3038667567626666e+02 9.7606021230595319e-01 3.7258514550032085e+00 5.0772682894795453e+00 -7.9550322116413650e+00 2.2683426694114304e+00 -1.5522934762039600e-01 4.9667000000000001e-03 9.6802122999999995e-01
2.3771064319291385e-01 -1.3874836001710341e+02 9.7963917604383133e-01 3.6317447858575065e+00 4.9795613090091857e+00 -8.5313141438381823e+00 2.2560451198114935e+00 -1.5043757654683695e-01 4.5941591999999996e-03 9.7280200999999999e-01
2.3992592803827839e-01 -1.4812861990150103e+02 9.8293769362114913e-01 3.5475741074202065e+00 4.8896420723957901e+00 -9.1721212025587295e+00 2.2448096690360404e+00 -1.4612484263423178e-01 4.2174915999999996e-03 9.7720817000000004e-01
2.4195086418036044e-01 -1.5872848046830521e+02 9.8595278555010801e-01 3.4727562593942949e+00 4.8075857055204301e+00 -9.8901879040482648e+00 2.2346219371120148e+00 -1.4226779642659357e-01 3.8370333000000002e-03 9.8123572999999997e-01
2.4378363661963853e-01 -1.7081370445618586e+02 9.8868174933046904e-01 3.4067627329772163e+00 4.7334483615481133e+00 -1.0702366800588701e+01 2.2254684005427250e+00 -1.3884556203259743e-01 3.4531249000000000e-03 9.8488107999999996e-01
2.4542260129837434e-01 -1.8474655908598996e+02 9.9112213699110119e-01 3.3491197433716415e+00 4.6672705994458363e+00 -1.1631655621949761e+01 2.2173369387627728e+00 -1.3583963139796382e-01 3.0661112999999999e-03 9.8814095000000002e-01
2.4686627504521363e-01 -2.0104015693738791e+02 9.9327174011768149e-01 3.2994066814391405e+00 4.6090814280674710e+00 -1.2710670714959473e+01 2.2102165380889933e+00 -1.3323378846291326e-01 2.6763420000000000e-03 9.9101238999999997e-01
2.4811336574138354e-01 -2.2045892579637726e+02 9.9512863476959645e-01 3.2572559131489620e+00 4.5588997314645576e+00 -1.3988073829372794e+01 2.2040974061368361e+00 -1.3101396342798408e-01 2.2841723000000002e-03 9.9349282999999999e-01
2.4916276226529332e-01 -2.4422110149749795e+02 9.9669116650764167e-01 3.2223524466918589e+00 4.5167370587070597e+00 -1.5541531333335584e+01 2.1989710049350553e+00 -1.2916816780770357e-01 1.8899688000000000e-03 9.9558005999999999e-01
2.5001352946483490e-01 -2.7446485478463313e+02 9.9795794290787088e-01 3.1944320290376886e+00 4.4825999234360845e+00 -1.7507561183391200e+01 2.1948301144902986e+00 -1.2768644429086409e-01 1.4941295000000000e-03 9.9727222000000004e-01
2.5066497854517600e-01 -3.1556544786704842e+02 9.9892793836770033e-01 3.1732794942011444e+00 4.4564887363742534e+00 -2.0165910245126192e+01 2.1916685370717288e+00 -1.2656068998903050e-01 1.0971916000000000e-03 9.9856794000000004e-01
2.5111685812134132e-01 -3.7953720124384648e+02 9.9960077857961760e-01 3.1587220181220914e+00 4.4383914145456247e+00 -2.4285720909950271e+01 2.1894801644150323e+00 -1.2578427593330804e-01 7.0085733000000002e-04 9.9946672000000003e-01
