-1.8618059354954461e-01 -1.7062370674144395e+03 1.8618180712489427e-01 -1.5870436913692083e+03 -4.7874801563896591e+02 1.1308744781054557e+02 -1.0533370769890973e+02 -3.1146730560409072e+01 5.5301730000000003e-06 1.0230946000000001e-06
-1.8617355559949872e-01 -1.2539599717013848e+03 1.8619718898027132e-01 -1.1341956781900869e+03 -4.7860698004766380e+02 8.3659462781980082e+01 -7.5879224949764847e+01 -3.1140366469114863e+01 3.5894988000000002e-05 1.9923924999999999e-05
-1.8615147493062539e-01 -1.0440941520623594e+03 1.8624544758583464e-01 -9.2288506850083354e+02 -4.7816471272404300e+02 6.9996922552602086e+01 -6.2149162245898374e+01 -3.1120407537313749e+01 8.5619985000000003e-05 7.9222864999999994e-05
-1.8610776237280871e-01 -9.0640379815941787e+02 1.8634098396192630e-01 -7.8276626135285642e+02 -4.7729012279406470e+02 6.1023853954895813e+01 -5.3061896542748983e+01 -3.1080929289458975e+01 1.5173507999999999e-04 1.9661552000000001e-04
-1.8603665104483560e-01 -8.0417209658060381e+02 1.8649640196793976e-01 -6.7709273472426730e+02 -4.7587005540192655e+02 5.4351304049661977e+01 -4.6226479251711069e+01 -3.1016802504145073e+01 2.3255418000000001e-04 3.8758918999999998e-04
-1.8593289610763647e-01 -7.2319033297664748e+02 1.8672316450934018e-01 -5.9167155916970466e+02 -4.7380411713582470e+02 4.9054885878434156e+01 -4.0718671172119038e+01 -3.0923451892467014e+01 3.2689763000000001e-04 6.6622920000000002e-04
-1.8579163814468608e-01 -6.5644358963142361e+02 1.8703189212786500e-01 -5.1953436187788850e+02 -4.7100286117393659e+02 4.4678412947468260e+01 -3.6083800741001660e+01 -3.0796765261311425e+01 4.3385032000000002e-04 1.0455858000000000e-03
-1.8560832670306279e-01 -5.9994406401359913e+02 1.8743253010705335e-01 -4.5676264846827979e+02 -4.6738722660732714e+02 4.0962715645588865e+01 -3.2065258779454950e+01 -3.0633059245953010e+01 5.5265518999999999e-04 1.5378795000000000e-03
-1.8537867302954633e-01 -5.5120240723262589e+02 1.8793445177029511e-01 -4.0095403044074902e+02 -4.6288858158603546e+02 3.7746183560947038e+01 -2.8504811000878174e+01 -3.0429072185443072e+01 6.8265765000000004e-04 2.1546280000000000e-03
-1.8509861815547524e-01 -5.0855651343366526e+02 1.8854652823325957e-01 -3.5054737855491783e+02 -4.5744906461106632e+02 3.4921045913015512e+01 -2.5298732737831479e+01 -3.0181970847446976e+01 8.2327310000000005e-04 2.9067318999999999e-03
-1.8476431115080885e-01 -4.7083859952756922e+02 1.8927717593092638e-01 -3.0448698455036197e+02 -4.5102209063015033e+02 3.2411730267332850e+01 -2.2375989291361353e+01 -2.9889365402630851e+01 9.7396649000000004e-04 3.8045331000000002e-03
-1.8437209322427234e-01 -4.3719460001375813e+02 1.9013439136765811e-01 -2.6203963394175616e+02 -4.4357290695645719e+02 3.0163089917484342e+01 -1.9686389582505914e+01 -2.9549327227363051e+01 1.1342389000000000e-03 4.8578574999999999e-03
-1.8391848610566364e-01 -4.0697926279665222e+02 1.9112577650835377e-01 -2.2268744815123605e+02 -4.3507914014913410e+02 2.8133552270348432e+01 -1.7193657566360756e+01 -2.9160408710477984e+01 1.3036180000000001e-03 6.0760461999999999e-03
-1.8340018363047364e-01 -3.7969194780589783e+02 1.9225855717075876e-01 -1.8606161544725683e+02 -4.2553128301258238e+02 2.6290946936672633e+01 -1.4871162169421947e+01 -2.8721661157153619e+01 1.4816515000000000e-03 7.4679780999999997e-03
-1.8281404492566228e-01 -3.5493518298277939e+02 1.9353959791835310e-01 -1.5189914207122175e+02 -4.1493306734567659e+02 2.4609811350802804e+01 -1.2699150042256939e+01 -2.8232650037766170e+01 1.6679024999999999e-03 9.0420881999999994e-03
-1.8215708979237058e-01 -3.3238747030613609e+02 1.9497541215170724e-01 -1.2001351557644222e+02 -4.0330170588901029e+02 2.3069607245706312e+01 -1.0662885675825670e+01 -2.7693466657283341e+01 1.8619452999999999e-03 1.0806380000000001e-02
-1.8142649442375816e-01 -3.1178443534774135e+02 1.9657217146740102e-01 -9.0273980594367018e+01 -3.9066795352206861e+02 2.1653491932621463e+01 -8.7513504335742187e+00 -2.7104734067586882e+01 2.0633631000000000e-03 1.2768437000000001e-02
-1.8061958943148484e-01 -2.9290551502256614e+02 1.9833570997126437e-01 -6.2590443187208976e+01 -3.7707600065331417e+02 2.0347456902159429e+01 -6.9563116984229536e+00 -2.6467608255076147e+01 2.2717459999999998e-03 1.4935428000000001e-02
-1.7973385653168938e-01 -2.7556445585367476e+02 2.0027153152136665e-01 -3.6902035649272619e+01 -3.6258312567559005e+02 1.9139702829833393e+01 -5.2716246597191123e+00 -2.5783771121749293e+01 2.4866887000000002e-03 1.7314116000000001e-02
-1.7876692861946186e-01 -2.5960229689182148e+02 2.0238480956525290e-01 -1.3168346324932759e+01 -3.4725917835250897e+02 1.8020183828334520e+01 -3.6927113173781314e+00 -2.5055418693128519e+01 2.7077901999999999e-03 1.9910858000000000e-02
-1.7771658567286222e-01 -2.4488204712428097e+02 2.0468039609195307e-01 8.6376012748053164e+00 -3.3118577078224740e+02 1.6980260412689834e+01 -2.2161475455471584e+00 -2.4285238536209881e+01 2.9346520999999999e-03 2.2731616000000000e-02
-1.7658075698709194e-01 -2.3128472108799428e+02 2.0716281674906792e-01 2.8534885199967771e+01 -3.1445534268362320e+02 1.6012441821325297e+01 -8.3934304410460059e-01 -2.3476384411542210e+01 3.1668782999999998e-03 2.5781951000000001e-02
-1.7535751894032237e-01 -2.1870619974777310e+02 2.0983627572568314e-01 4.6539257124179358e+01 -2.9716994627924657e+02 1.5110181919781715e+01 4.3971886288921902e-01 -2.2632440183308887e+01 3.4040742000000001e-03 2.9067029000000001e-02
-1.7404509350424691e-01 -2.0705478534881189e+02 2.1270465900764540e-01 6.2666852814815343e+01 -2.7943984877561718e+02 1.4267720415682289e+01 1.6226937566327249e+00 -2.1757377177979109e+01 3.6458464000000000e-03 3.2591624999999999e-02
-1.7264185047825276e-01 -1.9624932576013305e+02 2.1577152949464834e-01 7.6937151640214125e+01 -2.6138200973733137e+02 1.3479958881096861e+01 2.7110449985276639e+00 -2.0855507853628549e+01 3.8918026000000000e-03 3.6360116999999997e-02
-1.7114630451052526e-01 -1.8621744998973537e+02 2.1904013351078458e-01 8.9375399112106862e+01 -2.4311833983676601e+02 1.2742360177452188e+01 3.7061859275882147e+00 -1.9931429765826973e+01 4.1415510999999999e-03 4.0376493999999999e-02
-1.6955711621513381e-01 -1.7689468519447115e+02 2.2251339836308887e-01 1.0001443374556962e+02 -2.2477393111555506e+02 1.2050865777909074e+01 4.6095924143450668e+00 -1.8989969381170024e+01 4.3947007000000003e-03 4.4644352999999998e-02
-1.6787309217203175e-01 -1.6822303600209059e+02 2.2619393234153784e-01 1.0889605465728796e+02 -2.0647512306352075e+02 1.1401829812758564e+01 5.4228927271570893e+00 -1.8036116373297190e+01 4.6508610999999997e-03 4.9166899000000000e-02
-1.6609318343760873e-01 -1.6015032856802640e+02 2.3008402797432631e-01 1.1607193088305316e+02 -1.8834758754745869e+02 1.0791964097478155e+01 6.1479383856961025e+00 -1.7074960985705776e+01 4.9096423000000002e-03 5.3946949000000001e-02
-1.6421648740650030e-01 -1.5262944748937645e+02 2.3418565795877211e-01 1.2160407984854267e+02 -1.7051442400233623e+02 1.0218292933591124e+01 6.7868547339933754e+00 -1.6111626658763477e+01 5.1706551000000002e-03 5.8986927000000001e-02
-1.6224224446033042e-01 -1.4561772156588054e+02 2.3850048248568717e-01 1.2556498017616750e+02 -1.5309421718663182e+02 9.6781137390253047e+00 7.3420776238712255e+00 -1.5151201926313256e+01 5.4335110000000002e-03 6.4288872999999996e-02
-1.6016984131896911e-01 -1.3907642665584549e+02 2.4302984191500651e-01 1.2803730398229476e+02 -1.3619931906287516e+02 9.1689657870096664e+00 7.8163723895391302e+00 -1.4198676447926646e+01 5.6978226000000002e-03 6.9854434000000007e-02
-1.5799880731691276e-01 -1.3297033383522009e+02 2.4777476491397832e-01 1.2911333061648156e+02 -1.1993411413320914e+02 8.6886064350817609e+00 8.2128410801195741e+00 -1.3258875095541793e+01 5.9632034000000004e-03 7.5684873999999999e-02
-1.5572881626509405e-01 -1.2726734118184265e+02 2.5273596438806900e-01 1.2889414417021001e+02 -1.0439354049466901e+02 8.2349644143318272e+00 8.5349188228173904e+00 -1.2336400263247191e+01 6.2292681999999997e-03 8.1781068999999998e-02
-1.5335968496143407e-01 -1.2193814275097765e+02 2.5791384073623896e-01 1.2748837809267991e+02 -8.9661765903030016e+01 7.8061667134810433e+00 8.7863526083535959e+00 -1.1435574728213819e+01 6.4956331999999999e-03 8.8143510999999994e-02
-1.5089137319084228e-01 -1.1695594721865282e+02 2.6330848185094313e-01 1.2501103457599841e+02 -7.5811100462197558e+01 7.4004735865893245e+00 8.9711812202132784e+00 -1.0560392906675206e+01 6.7619166000000000e-03 9.4772308000000000e-02
-1.4832398149104498e-01 -1.1229622582563108e+02 2.6891966800104444e-01 1.2158189958097110e+02 -6.2901139095661755e+01 7.0162867025689426e+00 9.0936947407782753e+00 -9.7144768326912345e+00 7.0277381999999996e-03 1.0166719000000000e-01
-1.4565775078022314e-01 -1.0793649606238090e+02 2.7474687264563352e-01 1.1732399281577354e+02 -5.0978182149218526e+01 6.6521311286037523e+00 9.1584021690927671e+00 -8.9010414380661249e+00 7.2927204000000001e-03 1.0882751000000000e-01
-1.4289306757007988e-01 -1.0385614341333277e+02 2.8078925104056190e-01 1.1236186696465415e+02 -4.0074938081103191e+01 6.3066442233965567e+00 9.1699775197115372e+00 -8.1228651455861129e+00 7.5564877000000004e-03 1.1625223000000000e-01
-1.4003045316734380e-01 -1.0003621215528500e+02 2.8704566383919383e-01 1.0681990198266286e+02 -3.0210430524073026e+01 5.9785637966692047e+00 9.1332136762946607e+00 -7.3822747233609975e+00 7.8186677999999999e-03 1.2393994999999999e-01
-1.3707056292904518e-01 -9.6459285697424676e+01 2.9351467872004455e-01 1.0082061478577191e+02 -2.1390231366695012e+01 5.6667191642775352e+00 9.0529723347296898e+00 -6.6811222086911677e+00 8.0788911000000008e-03 1.3188891000000000e-01
-1.3401419743337442e-01 -9.3109366246778151e+01 3.0019454597220918e-01 9.4483064050274436e+01 -1.3606958619888056e+01 5.3700241662863135e+00 8.9341267926876036e+00 -6.0207964951814965e+00 8.3367917000000003e-03 1.4009695999999999e-01
-1.3086228758520410e-01 -8.9971704334201988e+01 3.0708323104812396e-01 8.7921310680779214e+01 -6.8409373385712255e+00 5.0874682849136326e+00 8.7815126875871616e+00 -5.4022183212480401e+00 8.5920070000000005e-03 1.4856159999999999e-01
-1.2761590206332790e-01 -8.7032732425116322e+01 3.1417839828718591e-01 8.1243026144036932e+01 -1.0611400708133609e+00 4.8181109129456532e+00 8.5998773639817383e+00 -4.8258562402307899e+00 8.8441787999999997e-03 1.5727996000000000e-01
-1.2427623987322164e-01 -8.4279944729844956e+01 3.2147742719213279e-01 7.4548291474482113e+01 3.7737484732823363e+00 4.5610748429863435e+00 8.3938287636041355e+00 -4.2917449801578167e+00 9.0929527999999999e-03 1.6624881999999999e-01
-1.2084463034704339e-01 -8.1701818560434944e+01 3.2897741242904366e-01 6.7928550413723755e+01 7.7140634700352599e+00 4.3155409955961925e+00 8.1677969663857635e+00 -3.7995122460191282e+00 9.3379794999999995e-03 1.7546460999999999e-01
-1.1732252942001377e-01 -7.9287731099087210e+01 3.3667517196552887e-01 6.1465784130568871e+01 1.0817829348313371e+01 4.0807435096518141e+00 7.9259902185578195e+00 -3.3484047271000521e+00 9.5789143999999993e-03 1.8492342000000001e-01
-1.1371153080127462e-01 -7.7027895833132561e+01 3.4456722265615924e-01 5.5231922498786147e+01 1.3149308256986876e+01 3.8559660786659480e+00 7.6723634192786694e+00 -2.9373348646058459e+00 9.8154178999999998e-03 1.9462097000000000e-01
-1.1001334735579145e-01 -7.4913289393613638e+01 3.5264982093341768e-01 4.9288427669570545e+01 1.4777542212068706e+01 3.6405367482367170e+00 7.4105885768746393e+00 -2.5649091742115444e+00 1.0047156000000000e-02 2.0455266000000000e-01
-1.0622980738073394e-01 -7.2935587959772093e+01 3.6091897094588887e-01 4.3686120382617872e+01 1.5774881073244021e+01 3.4338243645718922e+00 7.1440325748928704e+00 -2.2294732190208073e+00 1.0273801000000001e-02 2.1471357999999999e-01
-1.0236287322357343e-01 -7.1087129098749614e+01 3.6937038386730869e-01 3.8465254494354454e+01 1.6215525987350659e+01 3.2352361815278710e+00 6.8757424593416765e+00 -1.9291568963863512e+00 1.0495031000000000e-02 2.2509846000000000e-01
-9.8414618940366003e-02 -6.9360851253563212e+01 3.7799952672570492e-01 3.3655726046022053e+01 1.6174153172318821e+01 3.0442136918612652e+00 6.6084343590649013e+00 -1.6619154961737908e+00 1.0710529999999999e-02 2.3570173000000000e-01
-9.4387234019371880e-02 -6.7750253658791223e+01 3.8680161426520787e-01 2.9277504206856612e+01 1.5724616736963897e+01 2.8602301953227833e+00 6.3444905014074671e+00 -1.4255741741920873e+00 1.0919989999999999e-02 2.4651751000000000e-01
-9.0283027104675020e-02 -6.6249358927789714e+01 3.9577160080785945e-01 2.5341215964687233e+01 1.4938767224391254e+01 2.6827883407846853e+00 6.0859591877731249e+00 -1.2178696803549049e+00 1.1123108000000000e-02 2.5753959999999998e-01
-8.6104414825324563e-02 -6.4852673269547324e+01 4.0490420466818422e-01 2.1848855063756986e+01 1.3885401237666812e+01 2.5114173120679428e+00 5.8345653779593771e+00 -1.0364895868149597e+00 1.1319591000000000e-02 2.6876150999999998e-01
-8.1853918071715381e-02 -6.3555154080724769e+01 4.1419391629137969e-01 1.8794606351056419e+01 1.2629359737610972e+01 2.3456705428131901e+00 5.5917196930981339e+00 -8.7910987925428363e-01 1.1509152000000000e-02 2.8017647000000001e-01
-7.7534165719207598e-02 -6.2352182593147752e+01 4.2363499011512573e-01 1.6165761146663229e+01 1.1230777073813490e+01 2.1851238728123801e+00 5.3585340518578741e+00 -7.4342874236401868e-01 1.1691511000000000e-02 2.9177742000000001e-01
-7.3147898351745982e-02 -6.1239538404921987e+01 4.3322143643139499e-01 1.3943684834674199e+01 9.7445031776328452e+00 2.0293738091457159e+00 5.1358427626260141e+00 -6.2719709171482108e-01 1.1866398000000000e-02 3.0355700000000002e-01
-6.8697938472904160e-02 -6.0213368440257405e+01 4.4294708649197401e-01 1.2104787574677340e+01 8.2196653182641271e+00 1.8780346685984823e+00 4.9242225076442221e+00 -5.2824497529660497e-01 1.2033550000000000e-02 3.1550762999999998e-01
-6.4187216571220909e-02 -5.9270172954631192e+01 4.5280553554113245e-01 1.0621543524569502e+01 6.6994107501043532e+00 1.7307379134144081e+00 4.7240169022868113e+00 -4.4450157319472788e-01 1.2192715000000000e-02 3.2762143999999999e-01
-5.9618752502102773e-02 -5.8406782201454050e+01 4.6279018350657342e-01 9.4634561657277025e+00 5.2207803771191257e+00 1.5871300186648822e+00 4.5353630185343405e+00 -3.7401658197554938e-01 1.2343646000000000e-02 3.3989032000000002e-01
-5.4995659211443643e-02 -5.7620340559240113e+01 4.7289422686124383e-01 8.5979957477594589e+00 3.8147288791798624e+00 1.4468709058215881e+00 4.3582160659218774e+00 -3.1497224633540177e-01 1.2486109000000000e-02 3.5230591000000000e-01
-5.0321127841146590e-02 -5.6908289257215159e+01 4.8311069117609529e-01 7.9914761089421003e+00 2.5062626374438493e+00 1.3096324630082203e+00 4.1923751761966956e+00 -2.6569334719239374e-01 1.2619877000000000e-02 3.6485963999999999e-01
-4.5598438899982496e-02 -5.6268355568726726e+01 4.9343240670551325e-01 7.6098654291293011e+00 1.3146930285702549e+00 1.1750973199123145e+00 4.0375103749720385e+00 -2.2465368997954041e-01 1.2744734000000001e-02 3.7754270000000001e-01
-4.0830951092731577e-02 -5.5698539650796420e+01 5.0385203280188773e-01 7.4194989122970041e+00 2.5397613678239073e-01 1.0429572660511037e+00 3.8931869324966897e+00 -1.9047868538794793e-01 1.2860473000000001e-02 3.9034606999999999e-01
-3.6022093872944305e-02 -5.5197104376174366e+01 5.1436207419199409e-01 7.3877202073977539e+00 -6.6687417002138627e-01 9.1291204802081527e-01 3.7588870924652920e+00 -1.6194487879641606e-01 1.2966896000000000e-02 4.0326054000000000e-01
-3.1175374890180463e-02 -5.4762568333202637e+01 5.2495486470061214e-01 7.4834072983237654e+00 -1.4433132405652807e+00 7.8466805615191060e-01 3.6340337895236141e+00 -1.3797731031470029e-01 1.3063819000000001e-02 4.1627669000000000e-01
-2.6294357648292188e-02 -5.4393697235073887e+01 5.3562261607966799e-01 7.6774161337605218e+00 -2.0747593329072780e+00 6.5793678992787141e-01 3.5180101321356996e+00 -1.1764289103286882e-01 1.3151064000000001e-02 4.2938494999999999e-01
-2.1382683847140926e-02 -5.4089501377817449e+01 5.4635736917909239e-01 7.9429091971006702e+00 -2.5640584118571823e+00 5.3243424974975895e-01 3.4101764518237720e+00 -1.0014493756690024e-01 1.3228465999999999e-02 4.4257553999999999e-01
-1.6444043593641489e-02 -5.3849229621108776e+01 5.5715105905234275e-01 8.2556158359031695e+00 -2.9169488247916204e+00 4.0787903118684676e-01 3.3098862562522058e+00 -8.4812217910563314e-02 1.3295871000000001e-02 4.5583855000000001e-01
-1.1482190296239980e-02 -5.3672368940933524e+01 5.6799548240364195e-01 8.5939790480446678e+00 -3.1415278236170479e+00 2.8399157453094448e-01 3.2164996521449867e+00 -7.1090587704201555e-02 1.3353135000000000e-02 4.6916390000000002e-01
-6.5009220468165152e-03 -5.3558643146854358e+01 5.7888233827893021e-01 8.9392400469642403e+00 -3.2477368791807484e+00 1.6049255644423432e-01 3.1293945171587469e+00 -5.8531325756667939e-02 1.3400123999999999e-02 4.8254139000000001e-01
-1.5040890679239027e-03 -5.3508014574419960e+01 5.8980321178948392e-01 9.2754514583878276e+00 -3.2468778994868024e+00 3.7101926848714495e-02 3.0479754347008834e+00 -4.6780334815813292e-02 1.3436718000000000e-02 4.9596067999999999e-01
3.5044211816900595e-03 -5.3520686590140770e+01 6.0074960666467703e-01 9.5893883851312385e+00 -3.1511613634668763e+00 -8.6462661474914881e-02 2.9716801025510620e+00 -3.5566703337455166e-02 1.3462807000000000e-02 5.0941133000000005e-01
8.5206691126046841e-03 -5.3597108110241606e+01 6.1171291269921968e-01 9.8704708494358915e+00 -2.9733003856671032e+00 -2.1048670463468877e-01 2.8999861463797689e+00 -2.4691736943345165e-02 1.3478291000000000e-02 5.2288276000000000e-01
1.3540696517301859e-02 -5.3737980052198637e+01 6.2268447899687107e-01 1.0110596952060551e+01 -2.7261508936749994e+00 -3.3526093610413943e-01 2.8324120243412279e+00 -1.4018160963373140e-02 1.3483083000000000e-02 5.3636434000000000e-01
1.8560507952068622e-02 -5.3944263455690844e+01 6.3365557327948763e-01 1.0303949500826125e+01 -2.4223866941048211e+00 -4.6108221760583978e-01 2.7685215902230977e+00 -3.4599921656669817e-03 1.3477108000000000e-02 5.4984533999999996e-01
2.3576078184236043e-02 -5.4217193796664958e+01 6.4461739816340391e-01 1.0446783317787709e+01 -2.0742546723793724e+00 -5.8825512056608753e-01 2.7079231005230220e+00 7.0272731961083341e-03 1.3460300999999999e-02 5.6331494999999998e-01
2.8583363363037712e-02 -5.4558271785721097e+01 6.5556111557400309e-01 1.0537210235239463e+01 -1.6933475703336496e+00 -7.1709370740015821e-01 2.6502691319296847e+00 1.7454661730109521e-02 1.3432611000000001e-02 5.7676231000000000e-01
3.3578308466848783e-02 -5.4969322308969673e+01 6.6647786302209766e-01 1.0574937083583960e+01 -1.2904368861437536e+00 -8.4792331422300204e-01 2.5952550723206289e+00 2.7808042515072021e-02 1.3393997000000000e-02 5.9017653000000003e-01
3.8556836132327466e-02 -5.5452466967568945e+01 6.7735872918935824e-01 1.0561043295765874e+01 -8.7535127907528409e-01 -9.8108199570805832e-01 2.5426171441563361e+00 3.8054941418222660e-02 1.3344429999999999e-02 6.0354666000000001e-01
4.3514861548892975e-02 -5.6010166654911693e+01 6.8819478648107546e-01 1.0497739990402032e+01 -4.5689096980479671e-01 -1.1169227572740561e+00 2.4921296594659994e+00 4.8150461769882233e-02 1.3283893999999999e-02 6.1686173000000000e-01
4.8448307353203574e-02 -5.6645241936812667e+01 6.9897712357892017e-01 1.0388150836596751e+01 -4.2781708972080890e-02 -1.2558160538310918e+00 2.4436013744830207e+00 5.8042465241393608e-02 1.3212384000000001e-02 6.3011079000000003e-01
5.3353081287439430e-02 -5.7360896964703400e+01 7.0969679661180218e-01 1.0236094066843661e+01 3.6033945220288832e-01 -1.3981511649693492e+00 2.3968733295162226e+00 6.7675495560154772e-02 1.3129907000000000e-02 6.4328284999999996e-01
5.8225102264639367e-02 -5.8160752530997655e+01 7.2034488612320224e-01 1.0045892191418391e+01 7.4691386765284229e-01 -1.5443396792524169e+00 2.3518142213512379e+00 7.6994675947707217e-02 1.3036481000000001e-02 6.5636695000000000e-01
6.3060304092319969e-02 -5.9048881810153468e+01 7.3091250520936202e-01 9.8221947167842352e+00 1.1124218145812026e+00 -1.6948180021795158e+00 2.3083175030189467e+00 8.5947993650298496e-02 1.2932137999999999e-02 6.6935217000000002e-01
6.7854624301617400e-02 -6.0029847789966745e+01 7.4139077510471330e-01 9.5698234145429666e+00 1.4533321576695237e+00 -1.8500503057585687e+00 2.2662978493392383e+00 9.4488929987316839e-02 1.2816919000000000e-02 6.8222760000000005e-01
7.2604026489004353e-02 -6.1108752354328509e+01 7.5177087401101983e-01 9.2936336772196970e+00 1.7670331725621349e+00 -2.0105321048003657e+00 2.2256879983941027e+00 1.0257675742804072e-01 1.2690879000000000e-02 6.9498240000000000e-01
7.7304492869050750e-02 -6.2291286500588413e+01 7.6204402082099654e-01 8.9984097184542708e+00 2.0517514324101671e+00 -2.1767940424811636e+00 2.1864351986721138e+00 1.1017860489187846e-01 1.2554085000000000e-02 7.0760577999999996e-01
8.1952027998043714e-02 -6.3583789279911556e+01 7.7220148325650007e-01 8.6887601598394006e+00 2.3064682437957655e+00 -2.3494059501329203e+00 2.1484995671381641e+00 1.1726934721790101e-01 1.2406611999999999e-02 7.2008700999999997e-01
8.6542677392084572e-02 -6.4993319939225714e+01 7.8223461855947962e-01 8.3690406155252663e+00 2.5308305783338385e+00 -2.5289821816197744e+00 2.1118502674943285e+00 1.2383178033598773e-01 1.2248551000000000e-02 7.3241546999999996e-01
9.1072516356230621e-02 -6.6527731854542864e+01 7.9213484907740661e-01 8.0433175252867279e+00 2.7250610608946610e+00 -2.7161864793931390e+00 2.0764640064050992e+00 1.2985665143555725e-01 1.2080001999999999e-02 7.4458062000000003e-01
9.5537657431734119e-02 -6.8195761936342251e+01 8.0189367853965487e-01 7.7152944697783354e+00 2.8898691790414994e+00 -2.9117381007091199e+00 2.0423228473427177e+00 1.3534168888985976e-01 1.1901076999999999e-02 7.5657202000000001e-01
9.9934257843281055e-02 -7.0007133937523946e+01 8.1150270833388138e-01 7.3883127108854003e+00 3.0263659029580472e+00 -3.1164188200401046e+00 2.0094125576045379e+00 1.4029163958433033e-01 1.1711898000000000e-02 7.6837935000000002e-01
1.0425853066985000e-01 -7.1972679185580361e+01 8.2095366192059693e-01 7.0653234342257294e+00 3.1359867646326149e+00 -3.3310811419623327e+00 1.9777212575529801e+00 1.4471760486074459e-01 1.1512599000000000e-02 7.7999244000000001e-01
1.0850672622661420e-01 -7.4104461827412578e+01 8.3023834414221487e-01 6.7488892238162208e+00 3.2204078599336698e+00 -3.5566561211699286e+00 1.9472382430931496e+00 1.4863554711682314e-01 1.1303326000000001e-02 7.9140122000000002e-01
1.1267516930113683e-01 -7.6415950790703874e+01 8.3934872260495352e-01 6.4412015223154340e+00 3.2814908547118922e+00 -3.7941653163576952e+00 1.9179527759398356e+00 1.5206609868428400e-01 1.1084235000000000e-02 8.0259581999999996e-01
1.1676022564079550e-01 -7.8922182440892570e+01 8.4827685443512413e-01 6.1440255674039284e+00 3.3212150993803928e+00 -4.0447304633526873e+00 1.8898542251306081e+00 1.5503350381370870e-01 1.0855490000000001e-02 8.1356647999999998e-01
1.2075833546535750e-01 -8.1639982761962841e+01 8.5701495952284323e-01 5.8588641091228997e+00 3.3416206265505610e+00 -4.3095888510130145e+00 1.8629304985742476e+00 1.5756491123087440e-01 1.0617270000000000e-02 8.2430364000000000e-01
1.2466600601974101e-01 -8.4588212528706038e+01 8.6555540424565136e-01 5.5868224001308979e+00 3.3447766161216759e+00 -4.5901084588840586e+00 1.8371684638991841e+00 1.5968965105729868e-01 1.0369760000000000e-02 8.3479791999999997e-01
1.2847981529763455e-01 -8.7788051047725489e+01 8.7389070960670467e-01 5.3287310091854314e+00 3.3327257091284306e+00 -4.8878063805664027e+00 1.8125532974456116e+00 1.6143835071453222e-01 1.0113159000000000e-02 8.4504013000000000e-01
1.3219641576511634e-01 -9.1263334258260301e+01 8.8201355937296377e-01 5.0851439556503344e+00 3.3074607520741313e+00 -5.2043705001353606e+00 1.7890686650088954e+00 1.6284227494621553e-01 9.8476710000000005e-03 8.5502127999999999e-01
1.3581253436065457e-01 -9.5040951799303215e+01 8.8991680007519469e-01 4.8563722815833330e+00 3.2708982116543908e+00 -5.5416844680266069e+00 1.7666966489354898e+00 1.6393358812337855e-01 9.5735140000000000e-03 8.6473257999999997e-01
1.3932499111320448e-01 -9.9151340486574441e+01 8.9759348169891973e-01 4.6425131503945796e+00 3.2248571878857262e+00 -5.9018594023730113e+00 1.7454177392720891e+00 1.6474781488090581e-01 9.2909130999999992e-03 8.7416548999999999e-01
1.4273068052411134e-01 -1.0362900750508877e+02 9.0503681699346628e-01 4.4434799485380321e+00 3.1710451169102529e+00 -6.2872677860305926e+00 1.7252111204760441e+00 1.6530284819667856e-01 9.0001030000000006e-03 8.8331166999999999e-01
1.4602659390882697e-01 -1.0851326015151851e+02 9.1224023030110846e-01 4.2590299417372286e+00 3.1110478712238785e+00 -6.7005886041731779e+00 1.7060546630687297e+00 1.6564135376975048e-01 8.7013270999999996e-03 8.9216304000000002e-01
1.4920980822605159e-01 -1.1384901330004963e+02 9.1919733314249619e-01 4.0887907537274577e+00 3.0463239469252845e+00 -7.1448579217507948e+00 1.6879255104209543e+00 1.6578753584671235e-01 8.3948374000000006e-03 9.0071175000000003e-01
1.5227750469583110e-01 -1.1968779111638227e+02 9.2590196490760635e-01 3.9322842647409946e+00 2.9782009806998442e+00 -7.6235346950006857e+00 1.6707997746781991e+00 1.6576834789272643e-01 8.0808944000000001e-03 9.0895022999999997e-01
1.5522695390507910e-01 -1.2608895607294015e+02 9.3234816030298240e-01 3.7889537339272250e+00 2.9078764773530099e+00 -8.1405765669015242e+00 1.6546532306954049e+00 1.6560940267490687e-01 7.7597663000000001e-03 9.1687114999999997e-01
1.5805553070205511e-01 -1.3312125641597905e+02 9.3853018190449444e-01 3.6581779065440947e+00 2.8364229557061740e+00 -8.7005435759528300e+00 1.6394613329553074e+00 1.6533390538448323e-01 7.4317293999999999e-03 9.2446746000000002e-01
1.6076071791998361e-01 -1.4086475607606050e+02 9.4444252829553010e-01 3.5392927720639804e+00 2.7647888859488643e+00 -9.3086958760564560e+00 1.6251994301423009e+00 1.6496378416824362e-01 7.0970672000000004e-03 9.3173240000000002e-01
1.6334009892981552e-01 -1.4941324137390959e+02 9.5007991779061418e-01 3.4316097653203554e+00 2.6938079828839387e+00 -9.9711951796129696e+00 1.6118431783835561e+00 1.6451911413855941e-01 6.7560703000000000e-03 9.3865947999999999e-01
1.6579137625832543e-01 -1.5887739767097017e+02 9.5543732912635926e-01 3.3344270103213951e+00 2.6242045169198147e+00 -1.0695258101785187e+01 1.5993684291785177e+00 1.6401809373715301e-01 6.4090362999999996e-03 9.4524253000000003e-01
1.6811234924639443e-01 -1.6938878290430813e+02 9.6050995263232464e-01 3.2470418128776175e+00 2.5566033595888151e+00 -1.1489432183800599e+01 1.5877517709526576e+00 1.6347681109625800e-01 6.0562691999999996e-03 9.5147563999999996e-01
1.7030095128520564e-01 -1.8110534054128462e+02 9.6529327161291911e-01 3.1687637551082446e+00 2.4915365761560362e+00 -1.2363944025781713e+01 1.5769704210522186e+00 1.6291135945920129e-01 5.6980790999999996e-03 9.5735325999999998e-01
1.7235521258004868e-01 -1.9421843498932833e+02 9.6978298096549753e-01 3.0989211526211480e+00 2.4294541451795544e+00 -1.3331146655873933e+01 1.5670025388661575e+00 1.6233362198202478e-01 5.3347821999999998e-03 9.6287009999999995e-01
1.7427329738651479e-01 -2.0896296141302540e+02 9.7397506856226446e-01 3.0368685500917847e+00 2.3707286495157200e+00 -1.4406166093132905e+01 1.5578272873471080e+00 1.6175581497637703e-01 4.9667000000000001e-03 9.6802122999999995e-01
1.7605347794516066e-01 -2.2563104948737467e+02 9.7786575828294164e-01 2.9819150841630320e+00 2.3156718331194375e+00 -1.5607778697680619e+01 1.5494249147210490e+00 1.6118814162894385e-01 4.5941591999999996e-03 9.7280200999999999e-01
1.7769416427046383e-01 -2.4459238100088822e+02 9.8145157512029013e-01 2.9337191304952679e+00 2.2645338785132783e+00 -1.6959718213334760e+01 1.5417768807891661e+00 1.6063966689977410e-01 4.2174915999999996e-03 9.7720817000000004e-01
1.7919387436186721e-01 -2.6632374301077800e+02 9.8472928007458838e-01 2.8915123927233197e+00 2.2175174201731247e+00 -1.8492572285728514e+01 1.5348662075996538e+00 1.6011821745539104e-01 3.8370333000000002e-03 9.8123572999999997e-01
1.8055126399273488e-01 -2.9145547188722975e+02 9.8769593525915444e-01 2.8548779804682813e+00 2.1747809936671647e+00 -2.0246777658071071e+01 1.5286767219204673e+00 1.5963053357297283e-01 3.4531249000000000e-03 9.8488107999999996e-01
1.8176511553949351e-01 -3.2084594606245452e+02 9.9034887948577521e-01 2.8233726372286627e+00 2.1364490677537824e+00 -2.2277427660147158e+01 1.5231943503943746e+00 1.5918236809855985e-01 3.0661112999999999e-03 9.8814095000000002e-01
1.8283433053439349e-01 -3.5570877345779860e+02 9.9268571198832523e-01 2.7965956484613592e+00 2.1026161759276314e+00 -2.4662493058834773e+01 1.5184060876681256e+00 1.5877859924442794e-01 2.6763420000000000e-03 9.9101238999999997e-01
1.8375795200722586e-01 -3.9784705436568890e+02 9.9470434125190899e-01 2.7741951300698720e+00 2.0733525574527767e+00 -2.7518000063008330e+01 1.5143005457843448e+00 1.5842330694436185e-01 2.2841723000000002e-03 9.9349282999999999e-01
1.8453515703808324e-01 -4.5012502435695569e+02 9.9640296873648038e-01 2.7558671005195068e+00 2.0487095800436674e+00 -3.1028593304124048e+01 1.5108677473219996e+00 1.5811984461259951e-01 1.8899688000000000e-03 9.9558005999999999e-01
1.8516525303374046e-01 -5.1755052529971726e+02 9.9778008073865176e-01 2.7413561967037574e+00 2.0287233769828221e+00 -3.5517840431780357e+01 1.5080993762025448e+00 1.5787088976639815e-01 1.4941295000000000e-03 9.9727222000000004e-01
1.8564772985832736e-01 -6.1033047125381938e+02 9.9883456232635837e-01 2.7304547636921797e+00 2.0134172881064623e+00 -4.1646704396512717e+01 1.5059884391218599e+00 1.5767853908509180e-01 1.0971916000000000e-03 9.9856794000000004e-01
1.8598240133086943e-01 -7.5638289627250390e+02 9.9956600659008732e-01 2.7229994579638181e+00 2.0027999531904919e+00 -5.1227245736453121e+01 1.5045286821285082e+00 1.5754425564743116e-01 7.0085733000000002e-04 9.9946672000000003e-01
