---------------------------------------------------------------------------------
===
===                      WITHOUT SUBPROCESS TABLES
===
---------------------------------------------------------------------------------
 Ein   W     xB    Q2     -t   -t0  -tprim   xi       phi   sigT      sigL     sigTT    sigLT   sig    
5.75 2.590 0.275 2.210 0.120 0.092 -0.028  0.159    0.000   56.852    0.550  -27.225    0.756   57.092
5.75 2.590 0.275 2.210 0.170 0.092 -0.078  0.159    0.000   85.995    0.621  -60.516    1.015   86.266
5.75 2.590 0.275 2.210 0.250 0.092 -0.158  0.159    0.000  106.377    0.671  -86.292    1.019  106.671
5.75 2.590 0.275 2.210 0.350 0.092 -0.258  0.159    0.000  106.691    0.667  -91.680    0.832  106.982
5.75 2.590 0.275 2.210 0.490 0.092 -0.398  0.159    0.000   88.688    0.600  -78.587    0.535   88.950
5.75 2.590 0.275 2.210 0.780 0.092 -0.688  0.159    0.000   46.718    0.422  -42.072    0.140   46.902
5.75 2.590 0.275 2.210 1.220 0.092 -1.128  0.159    0.000   14.433    0.232  -12.826   -0.032   14.534
