---------------------------------------------------------------------------------
===
===                      WITH SUBPROCESS TABLES
===
---------------------------------------------------------------------------------
 Ein   W     xB    Q2     -t   -t0  -tprim   xi       phi   sigT      sigL     sigTT    sigLT   sig    
5.75 2.590 0.275 2.210 0.120 0.092 -0.028  0.159    0.000  202.360    7.354  -32.178    2.961  205.571
5.75 2.590 0.275 2.210 0.170 0.092 -0.078  0.159    0.000  217.637    6.965  -71.575    4.012  220.678
5.75 2.590 0.275 2.210 0.250 0.092 -0.158  0.159    0.000  216.925    6.319 -102.175    4.092  219.685
5.75 2.590 0.275 2.210 0.350 0.092 -0.258  0.159    0.000  194.072    5.524 -108.719    3.427  196.485
5.75 2.590 0.275 2.210 0.490 0.092 -0.398  0.159    0.000  150.403    4.515  -93.408    2.318  152.374
5.75 2.590 0.275 2.210 0.780 0.092 -0.688  0.159    0.000   75.963    2.922  -50.279    0.770   77.239
5.75 2.590 0.275 2.210 1.220 0.092 -1.128  0.159    0.000   23.981    1.539  -15.474    0.011   24.653
