---------------------------------------------------------------------------------
===
===                      WITHOUT SUBPROCESS TABLES
===
---------------------------------------------------------------------------------
 Ein   W     xB    Q2     -t   -t0  -tprim   xi       phi   sigT      sigL     sigTT    sigLT   sig    
5.75 2.590 0.275 2.210 0.120 0.092 -0.028  0.159    0.000   49.132    5.086   -0.718    0.300   51.353
5.75 2.590 0.275 2.210 0.170 0.092 -0.078  0.159    0.000   42.857    4.530   -1.601    0.410   44.835
5.75 2.590 0.275 2.210 0.250 0.092 -0.158  0.159    0.000   34.329    3.780   -2.294    0.425   35.980
5.75 2.590 0.275 2.210 0.350 0.092 -0.258  0.159    0.000   25.928    3.036   -2.455    0.364   27.254
5.75 2.590 0.275 2.210 0.490 0.092 -0.398  0.159    0.000   17.467    2.261   -2.130    0.257   18.454
5.75 2.590 0.275 2.210 0.780 0.092 -0.688  0.159    0.000    7.771    1.277   -1.178    0.100    8.328
5.75 2.590 0.275 2.210 1.220 0.092 -1.128  0.159    0.000    2.414    0.586   -0.385    0.014    2.670
