---------------------------------------------------------------------------------
===
===                      WITH SUBPROCESS TABLES
===
---------------------------------------------------------------------------------
 Ein   W     xB    Q2     -t   -t0  -tprim   xi       phi   sigT      sigL     sigTT    sigLT   sig    
5.75 2.590 0.275 2.210 0.120 0.092 -0.028  0.159    0.000   56.787    0.554  -26.283    0.724   57.029
5.75 2.590 0.275 2.210 0.170 0.092 -0.078  0.159    0.000   84.779    0.625  -58.472    0.971   85.052
5.75 2.590 0.275 2.210 0.250 0.092 -0.158  0.159    0.000  104.331    0.675  -83.501    0.972  104.626
5.75 2.590 0.275 2.210 0.350 0.092 -0.258  0.159    0.000  104.547    0.671  -88.898    0.790  104.840
5.75 2.590 0.275 2.210 0.490 0.092 -0.398  0.159    0.000   87.052    0.604  -76.451    0.503   87.316
5.75 2.590 0.275 2.210 0.780 0.092 -0.688  0.159    0.000   46.191    0.424  -41.260    0.125   46.376
5.75 2.590 0.275 2.210 1.220 0.092 -1.128  0.159    0.000   14.489    0.233  -12.772   -0.035   14.591
