---------------------------------------------------------------------------------
===
===                      WITHOUT SUBPROCESS TABLES
===
---------------------------------------------------------------------------------
 Ein   W     xB    Q2     -t   -t0  -tprim   xi       phi   sigT      sigL     sigTT    sigLT   sig    
5.75 2.590 0.275 2.210 0.120 0.092 -0.028  0.159    0.000  150.713    9.895   -5.053    1.939  155.034
5.75 2.590 0.275 2.210 0.170 0.092 -0.078  0.159    0.000  135.625    9.013  -11.223    2.641  139.561
5.75 2.590 0.275 2.210 0.250 0.092 -0.158  0.159    0.000  112.938    7.770  -15.981    2.716  116.331
5.75 2.590 0.275 2.210 0.350 0.092 -0.258  0.159    0.000   88.337    6.468  -16.944    2.305   91.161
5.75 2.590 0.275 2.210 0.490 0.092 -0.398  0.159    0.000   61.468    5.027  -14.473    1.596   63.663
5.75 2.590 0.275 2.210 0.780 0.092 -0.688  0.159    0.000   28.236    3.044   -7.671    0.582   29.565
5.75 2.590 0.275 2.210 1.220 0.092 -1.128  0.159    0.000    8.832    1.509   -2.288    0.053    9.491
