-9.0858483015242886e-01 -5.9145081899094930e+02 9.0858678281716421e-01 -7.5630696085613044e+02 -1.7324312789939248e+02 3.9844751694740737e+01 -5.0656546008055322e+01 -1.1361679473279828e+01 5.5301730000000003e-06 1.0230946000000001e-06
-9.0855048406659278e-01 -4.2782285311161985e+02 9.0858851060464618e-01 -5.9256952746534887e+02 -1.7324128539660805e+02 2.9111721998785800e+01 -3.9918406336861260e+01 -1.1361596085955837e+01 3.5894988000000002e-05 1.9923924999999999e-05
-9.0844272761144640e-01 -3.5196404958828930e+02 9.0859393131707311e-01 -5.1643184270855977e+02 -1.7323550485532749e+02 2.4131902789044549e+01 -3.4925478615338250e+01 -1.1361334472483740e+01 8.5619985000000003e-05 7.9222864999999994e-05
-9.0822940480393899e-01 -3.0227705178737381e+02 9.0860466256831929e-01 -4.6627288432897706e+02 -1.7322406172729561e+02 2.0865308248913770e+01 -3.1636563525609425e+01 -1.1360816578824743e+01 1.5173507999999999e-04 1.9661552000000001e-04
-9.0788237253480419e-01 -2.6547548603342932e+02 9.0862212010375198e-01 -4.2879712357437973e+02 -1.7320544741041164e+02 1.8440551774060935e+01 -2.9179739799842757e+01 -1.1359974118237858e+01 2.3255418000000001e-04 3.8758918999999998e-04
-9.0737603532642341e-01 -2.3641555853755943e+02 9.0864759150956154e-01 -3.9885932265897992e+02 -1.7317829108578621e+02 1.6520385682966182e+01 -2.7217590643975562e+01 -1.1358745028255390e+01 3.2689763000000001e-04 6.6622920000000002e-04
-9.0668667861191277e-01 -2.1255536720303024e+02 9.0868226975230626e-01 -3.7392087109316856e+02 -1.7314132437489414e+02 1.4938275449752014e+01 -2.5583640956938833e+01 -1.1357071856138109e+01 4.3385032000000002e-04 1.0455858000000000e-03
-9.0579209560582752e-01 -1.9244767686700786e+02 9.0872727194926362e-01 -3.5254090755347409e+02 -1.7309336184012449e+02 1.3599521761886809e+01 -2.4183403464024227e+01 -1.1354900917846942e+01 5.5265518999999999e-04 1.5378795000000000e-03
-9.0467135665034504e-01 -1.7518710657575468e+02 9.0878365097152236e-01 -3.3382247321584117e+02 -1.7303328910396823e+02 1.2444986622394515e+01 -2.2958057246645641e+01 -1.1352181683719460e+01 6.8265765000000004e-04 2.1546280000000000e-03
-9.0330465346533473e-01 -1.6016745073346002e+02 9.0885240327901717e-01 -3.1716912735247598e+02 -1.7296005505679551e+02 1.1435164982383013e+01 -2.1868486924743397e+01 -1.1348866468688906e+01 8.2327310000000005e-04 2.9067318999999999e-03
-9.0167319302543270e-01 -1.4696137842538286e+02 9.0893447425906626e-01 -3.0216415395306831e+02 -1.7287266666086941e+02 1.0542286168645340e+01 -2.0887361070297949e+01 -1.1344910180516306e+01 9.7396649000000004e-04 3.8045331000000002e-03
-8.9975911996673830e-01 -1.3525518461836856e+02 9.0903076212971901e-01 -2.8850494642328891e+02 -1.7277018534010926e+02 9.7460283313315905e+00 -1.9994829552668264e+01 -1.1340270151320816e+01 1.1342389000000000e-03 4.8578574999999999e-03
-8.9754545989100476e-01 -1.2481091563190917e+02 9.0914212079185219e-01 -2.7596486177872220e+02 -1.7265172455774919e+02 9.0310298794246044e+00 -1.9176022194968695e+01 -1.1334906018914173e+01 1.3036180000000001e-03 6.0760461999999999e-03
-8.9501607829752095e-01 -1.1544315329352716e+02 9.0926936189511032e-01 -2.6436980289884872e+02 -1.7251644805757877e+02 8.3853637763379041e+00 -1.8419512997315710e+01 -1.1328779646980239e+01 1.4816515000000000e-03 7.4679780999999997e-03
-8.9215564732883856e-01 -1.0700412951262108e+02 9.0941325651076910e-01 -2.5358317654609502e+02 -1.7236356867864401e+02 7.7995589635110543e+00 -1.7716334097592682e+01 -1.1321855062736168e+01 1.6679024999999999e-03 9.0420881999999994e-03
-8.8894962323782201e-01 -9.9373834823434805e+01 9.0957453626526086e-01 -2.4349589069648189e+02 -1.7219234762964834e+02 7.2659503401415524e+00 -1.7059319825730928e+01 -1.1314098420575824e+01 1.8619452999999999e-03 1.0806380000000001e-02
-8.8538422549015483e-01 -9.2453222088498265e+01 9.0975389439142729e-01 -2.3401946881512907e+02 -1.7200209389351329e+02 6.7782320308474056e+00 -1.6442655324491302e+01 -1.1305477968801952e+01 2.0633631000000000e-03 1.2768437000000001e-02
-8.8144642713332078e-01 -8.6159424979655839e+01 9.0995198621301021e-01 -2.2508121292243393e+02 -1.7179216411947141e+02 6.3311435241600620e+00 -1.5861559385974450e+01 -1.1295964042832292e+01 2.2717459999999998e-03 1.4935428000000001e-02
-8.7712393862376015e-01 -8.0422288489662165e+01 9.1016942995822991e-01 -2.1662068605800957e+02 -1.7156196224977887e+02 5.9202419600058551e+00 -1.5312053941402606e+01 -1.1285529042248896e+01 2.4866887000000002e-03 1.7314116000000001e-02
-8.7240520819030554e-01 -7.5181827804713549e+01 9.1040680674150265e-01 -2.0858715009779334e+02 -1.7131093990425651e+02 5.5417358344237186e+00 -1.4790796108974632e+01 -1.1274147442899963e+01 2.7077901999999999e-03 1.9910858000000000e-02
-8.6727940184527375e-01 -7.0386291844371144e+01 9.1066466156898673e-01 -2.0093760553809949e+02 -1.7103859571558149e+02 5.1923583449500077e+00 -1.4294949752453416e+01 -1.1261795766915119e+01 2.9346520999999999e-03 2.2731616000000000e-02
-8.6173641428750647e-01 -6.5990712753388252e+01 9.1094350279010305e-01 -1.9363534475419607e+02 -1.7074447602023994e+02 4.8692728953470485e+00 -1.3822090656598304e+01 -1.1248452613212322e+01 3.1668782999999998e-03 2.5781951000000001e-02
-8.5576685799932994e-01 -6.1955754832881688e+01 9.1124380264601479e-01 -1.8664879748991723e+02 -1.7042817489303943e+02 4.5699983707611853e+00 -1.3370130922155944e+01 -1.1234098646169475e+01 3.4040742000000001e-03 2.9067029000000001e-02
-8.4936205597786130e-01 -5.8246812944359569e+01 9.1156599763528057e-01 -1.7995063537819780e+02 -1.7008933368495070e+02 4.2923507016204443e+00 -1.2937260344605990e+01 -1.1218716583907499e+01 3.6458464000000000e-03 3.2591624999999999e-02
-8.4251405263804924e-01 -5.4833301883865118e+01 9.1191048796537444e-01 -1.7351707912141165e+02 -1.6972764187460115e+02 4.0343971905970966e+00 -1.2521901002770106e+01 -1.1202291230530161e+01 3.8918026000000000e-03 3.6360116999999997e-02
-8.3521559927528655e-01 -5.1688066919841987e+01 9.1227763828399311e-01 -1.6732731903359948e+02 -1.6934283640399522e+02 3.7944186346899653e+00 -1.2122669344547363e+01 -1.1184809445629494e+01 4.1415510999999999e-03 4.0376493999999999e-02
-8.2746015951693053e-01 -4.8786912899486879e+01 9.1266777740481508e-01 -1.6136306410025662e+02 -1.6893470191474725e+02 3.5708793188040602e+00 -1.1738346726698886e+01 -1.1166260158140966e+01 4.3947007000000003e-03 4.4644352999999998e-02
-8.1924190932230256e-01 -4.6108211210390380e+01 9.1308119830750112e-01 -1.5560816995091960e+02 -1.6850307084547600e+02 3.3624021685189782e+00 -1.1367855032272132e+01 -1.1146634366549806e+01 4.6508610999999997e-03 4.9166899000000000e-02
-8.1055572971399548e-01 -4.3632570068938918e+01 9.1351815850334761e-01 -1.5004832670648764e+02 -1.6804782293527319e+02 3.1677478450710490e+00 -1.1010236311982450e+01 -1.1125925117686283e+01 4.9096423000000002e-03 5.3946949000000001e-02
-8.0139721586373935e-01 -4.1342562269036719e+01 9.1397887957821955e-01 -1.4467081202134185e+02 -1.6756888546514207e+02 2.9857977740317772e+00 -1.0664636608043557e+01 -1.1104127527120538e+01 5.1706551000000002e-03 5.8986927000000001e-02
-7.9176266073784207e-01 -3.9222487416224688e+01 9.1446354801527086e-01 -1.3946426911846251e+02 -1.6706623235842099e+02 2.8155392516723268e+00 -1.0330291507262750e+01 -1.1081238726579510e+01 5.4335110000000002e-03 6.4288872999999996e-02
-7.8164907145174889e-01 -3.7258176661367450e+01 9.1497231437222426e-01 -1.3441853876300081e+02 -1.6653988444840024e+02 2.6560534143194903e+00 -1.0006515237698629e+01 -1.1057257904380300e+01 5.6978226000000002e-03 6.9854434000000007e-02
-7.7105415109830944e-01 -3.5436817330993037e+01 9.1550529419550453e-01 -1.2952449960999041e+02 -1.6598990855424779e+02 2.5065043692370876e+00 -9.6926898688840346e+00 -1.1032186238263787e+01 5.9632034000000004e-03 7.5684873999999999e-02
-7.5997630783364400e-01 -3.3746806968210464e+01 9.1606256756317184e-01 -1.2477394534570199e+02 -1.6541641729111205e+02 2.3661302701591205e+00 -9.3882580939968072e+00 -1.1006026906864557e+01 6.2292681999999997e-03 8.1781068999999998e-02
-7.4841464760845033e-01 -3.2177623132264905e+01 9.1664417945057508e-01 -1.2015947261565871e+02 -1.6481956828836647e+02 2.2342353521008325e+00 -9.0927151803452819e+00 -1.0978785059865247e+01 6.4956331999999999e-03 8.8143510999999994e-02
-7.3636897416800362e-01 -3.0719711085679076e+01 9.1725013973035163e-01 -1.1567438755895492e+02 -1.6419956361587791e+02 2.1101831071296875e+00 -8.8056032759761003e+00 -1.0950467794082844e+01 6.7619166000000000e-03 9.4772308000000000e-02
-7.2383977814911593e-01 -2.9364383879821670e+01 9.1788042372090783e-01 -1.1131262228815996e+02 -1.6355664864962736e+02 1.9933901761465915e+00 -8.5265058541278123e+00 -1.0921084111482468e+01 7.0277381999999996e-03 1.0166719000000000e-01
-7.1082823526296335e-01 -2.8103735786485231e+01 9.1853497227783154e-01 -1.0706866451602521e+02 -1.6289111125406043e+02 1.8833211720332421e+00 -8.2550432406167999e+00 -1.0890644884636977e+01 7.2927204000000001e-03 1.0882751000000000e-01
-6.9733623173551273e-01 -2.6930567133821498e+01 9.1921369051410629e-01 -1.0293750584227151e+02 -1.6220328242838258e+02 1.7794841368007575e+00 -7.9908691771103308e+00 -1.0859162900500197e+01 7.5564877000000004e-03 1.1625223000000000e-01
-6.8336631160949424e-01 -2.5838312268861078e+01 9.1991645045109693e-01 -9.8914569008424181e+01 -1.6149353271520431e+02 1.6814261093665941e+00 -7.7336663143457143e+00 -1.0826652700562009e+01 7.8186677999999999e-03 1.2393994999999999e-01
-6.6892167311005402e-01 -2.4820978917794893e+01 9.2064309120137688e-01 -9.4995671123590768e+01 -1.6076227128385045e+02 1.5887294789759536e+00 -7.4831433385122725e+00 -1.0793130547439096e+01 8.0788911000000008e-03 1.3188891000000000e-01
-6.5400622315995616e-01 -2.3873099014786344e+01 9.2139341622632798e-01 -9.1176986696913104e+01 -1.6000994775049148e+02 1.5010091077407948e+00 -7.2390333053144120e+00 -1.0758614522830156e+01 8.3367917000000003e-03 1.4009695999999999e-01
-6.3862450469264709e-01 -2.2989674547160792e+01 9.2216719699267335e-01 -8.7455001434124242e+01 -1.5923704753985643e+02 1.4179089512573004e+00 -7.0010900635001061e+00 -1.0723124319731172e+01 8.5920070000000005e-03 1.4856159999999999e-01
-6.2278173299572326e-01 -2.2166137661809799e+01 9.2296417114421148e-01 -8.3826486955202697e+01 -1.5844409278266119e+02 1.3390996892079561e+00 -6.7690869093992427e+00 -1.0686681296070269e+01 8.8441787999999997e-03 1.5727996000000000e-01
-6.0648375936746379e-01 -2.1398309872996862e+01 9.2378404433008177e-01 -8.0288465104761585e+01 -1.5763163938529672e+02 1.2642761937716696e+00 -6.5428142211552185e+00 -1.0649308353626687e+01 9.0929527999999999e-03 1.6624881999999999e-01
-5.8973707111683027e-01 -2.0682367883371953e+01 9.2462649020476495e-01 -7.6838184638976898e+01 -1.5680027606053406e+02 1.1931554387374552e+00 -6.3220779625306358e+00 -1.0611029900877982e+01 9.3379794999999995e-03 1.7546460999999999e-01
-5.7254877339173293e-01 -2.0014811861675035e+01 9.2549115134221627e-01 -7.3473096206837084e+01 -1.5595062230419214e+02 1.1254745409763403e+00 -6.1066980609604400e+00 -1.0571871773214928e+01 9.5789143999999993e-03 1.8492342000000001e-01
-5.5492664369423206e-01 -1.9392439554630368e+01 9.2637763649346583e-01 -7.0190843029340542e+01 -1.5508332994326636e+02 1.0609892387625532e+00 -5.8965078595353067e+00 -1.0531861317387657e+01 9.8154178999999998e-03 1.9462097000000000e-01
-5.3687904102186923e-01 -1.8812317548003119e+01 9.2728552515728446e-01 -6.6989226880714043e+01 -1.5419907753917292e+02 9.9947196505044156e-01 -5.6913518828451357e+00 -1.0491027144015241e+01 1.0047156000000000e-02 2.0455266000000000e-01
-5.1841488769593336e-01 -1.8271758676639138e+01 9.2821436849431649e-01 -6.3866191032938261e+01 -1.5329856840551173e+02 9.4071041556054813e-01 -5.4910847828425045e+00 -1.0449399046723599e+01 1.0273801000000001e-02 2.1471357999999999e-01
-4.9954376022012931e-01 -1.7768304397789734e+01 9.2916368475641453e-01 -6.0819822214717263e+01 -1.5238253357008517e+02 8.8450654813607787e-01 -5.2955712696872919e+00 -1.0407008163694414e+01 1.0495031000000000e-02 2.2509846000000000e-01
-4.8027578025017609e-01 -1.7299703087557081e+01 9.3013296477143792e-01 -5.7848320260537349e+01 -1.5145172580084417e+02 8.3067506369679889e-01 -5.1046846264852839e+00 -1.0363886690805382e+01 1.0710529999999999e-02 2.3570173000000000e-01
-4.6062163276553975e-01 -1.6863894266968682e+01 9.3112167102911969e-01 -5.4949992491468848e+01 -1.5050691899927182e+02 7.7904237529472908e-01 -4.9183057638769681e+00 -1.0320067886780093e+01 1.0919989999999999e-02 2.4651751000000000e-01
-4.4059258424116743e-01 -1.6458994056630356e+01 9.3212923676693349e-01 -5.2123242915086756e+01 -1.4954890786191032e+02 7.2944568455505354e-01 -4.7363231053977888e+00 -1.0275586058507571e+01 1.1123108000000000e-02 2.5753959999999998e-01
-4.2020042813228614e-01 -1.6083280487965485e+01 9.3315506871249287e-01 -4.9366562246019981e+01 -1.4857850430635142e+02 6.8173192766335566e-01 -4.5586312355625855e+00 -1.0230476410393557e+01 1.1319591000000000e-02 2.6876150999999998e-01
-3.9945746670266891e-01 -1.5735181234505163e+01 9.3419854799768431e-01 -4.6678513228455493e+01 -1.4759653525951222e+02 6.3575691136721990e-01 -4.3851306567818078e+00 -1.0184774947458594e+01 1.1509152000000000e-02 2.8017647000000001e-01
-3.7837652919636855e-01 -1.5413263160085382e+01 9.3525902924453419e-01 -4.4057729600164876e+01 -1.4660384258254669e+02 5.9138457878226403e-01 -4.2157273131647770e+00 -1.0138518507315570e+01 1.1691511000000000e-02 2.9177742000000001e-01
-3.5697099000945154e-01 -1.5116222597155764e+01 9.3633583965107570e-01 -4.1502910613916050e+01 -1.4560128267036922e+02 5.4848633089428267e-01 -4.0503323651012684e+00 -1.0091744718324222e+01 1.1866398000000000e-02 3.0355700000000002e-01
-3.3525462331612765e-01 -1.4842874600338012e+01 9.3742828630441366e-01 -3.9012800309485790e+01 -1.4458971860251739e+02 5.0694010081841778e-01 -3.8888607598405081e+00 -1.0044491671373672e+01 1.2033550000000000e-02 3.1550762999999998e-01
-3.1324173027088598e-01 -1.4592146911667298e+01 9.3853564978179282e-01 -3.6586197865797089e+01 -1.4357002513286625e+02 4.6662994296505644e-01 -3.7312319335394424e+00 -9.9967981541419562e+00 1.2192715000000000e-02 3.2762143999999999e-01
-2.9094704814982708e-01 -1.4363071883661380e+01 9.3965718872126347e-01 -3.4221943115205697e+01 -1.4254308328171231e+02 4.2744531635930805e-01 -3.5773688678280422e+00 -9.9487033843451336e+00 1.2343646000000000e-02 3.3989032000000002e-01
-2.6838576852239604e-01 -1.4154780061859244e+01 9.4079213890754787e-01 -3.1918915699398845e+01 -1.4150978041833508e+02 3.8928058014998135e-01 -3.4271980053667765e+00 -9.9002470762786405e+00 1.2486109000000000e-02 3.5230591000000000e-01
-2.4557346456444717e-01 -1.3966494677783874e+01 9.4193971692857348e-01 -2.9676024642063172e+01 -1.4047100585802701e+02 3.5203434841678383e-01 -3.2806485650621129e+00 -9.8514692024353927e+00 1.2619877000000000e-02 3.6485963999999999e-01
-2.2252614557344585e-01 -1.3797527044058439e+01 9.4309911743307273e-01 -2.7492212349808586e+01 -1.3942765261208677e+02 3.1560911825899385e-01 -3.1376527689852152e+00 -9.8024100939027559e+00 1.2744734000000001e-02 3.7754270000000001e-01
-1.9926020245326692e-01 -1.3647271705752306e+01 9.4426951587298324e-01 -2.5366446627324375e+01 -1.3838061401860324e+02 2.7991069899212251e-01 -2.9981452981598831e+00 -9.7531102891415120e+00 1.2860473000000001e-02 3.9034606999999999e-01
-1.7579237137072712e-01 -1.3515203280141288e+01 9.4545007033171335e-01 -2.3297716435030011e+01 -1.3733078118257214e+02 2.4484775007705617e-01 -2.8620630763368404e+00 -9.7036104385156996e+00 1.2966896000000000e-02 4.0326054000000000e-01
-1.5213977009905277e-01 -1.3400873032798938e+01 9.4663991969587624e-01 -2.1285033806458600e+01 -1.3627904466171557e+02 2.1033139408845969e-01 -2.7293452095538644e+00 -9.6539513402847295e+00 1.3063819000000001e-02 4.1627669000000000e-01
-1.2831978898747698e-01 -1.3303906269765701e+01 9.4783818914008833e-01 -1.9327422869083076e+01 -1.3522628783540671e+02 1.7627465325430913e-01 -2.5999324486931270e+00 -9.6041736971245086e+00 1.3151064000000001e-02 4.2938494999999999e-01
-1.0435019999164219e-01 -1.3224000866138514e+01 9.4904398464217088e-01 -1.7423932439492170e+01 -1.3417339206981157e+02 1.4259220660726157e-01 -2.4737676862279523e+00 -9.5543183227879407e+00 1.3228465999999999e-02 4.4257553999999999e-01
-8.0249011299730166e-02 -1.3160925268654379e+01 9.5025640029621494e-01 -1.5573616082782285e+01 -1.3312122942187364e+02 1.0919979243289024e-01 -2.3507950789249636e+00 -9.5044258140002569e+00 1.3295871000000001e-02 4.5583855000000001e-01
-5.6034540019397228e-02 -1.3114517888153705e+01 9.5147451465604849e-01 -1.3775545352928111e+01 -1.3207066541878632e+02 7.6013903308180031e-02 -2.2309604536661429e+00 -9.4545366904017598e+00 1.3353135000000000e-02 4.6916390000000002e-01
-3.1725321319104771e-02 -1.3084686522496105e+01 9.5269739530590225e-01 -1.2028799383197420e+01 -1.3102255489575239e+02 4.2951291526297508e-02 -2.1142107940999795e+00 -9.4046911866455130e+00 1.3400123999999999e-02 4.8254139000000001e-01
-7.3401447715876200e-03 -1.3071408614464556e+01 9.5392409703214365e-01 -1.0332468451018112e+01 -1.2997774330630040e+02 9.9286055075725743e-03 -2.0004944378913647e+00 -9.3549293208283650e+00 1.3436718000000000e-02 4.9596067999999999e-01
1.7102018333082225e-02 -1.3074731848724625e+01 9.5515366547980873e-01 -8.6856496647654691e+00 -1.2893706283752670e+02 -2.3138106457041063e-02 -1.8897607255930509e+00 -9.3052907301332617e+00 1.3462807000000000e-02 5.0941133000000005e-01
4.1581942300558783e-02 -1.3094775398049441e+01 9.5638513349607046e-01 -7.0874521779684638e+00 -1.2790133624191816e+02 -5.6333717757346524e-02 -1.7819603321316597e+00 -9.2558148151416333e+00 1.3478291000000000e-02 5.2288276000000000e-01
6.6080310577828150e-02 -1.3131731780333260e+01 9.5761752935743572e-01 -5.5369871736481331e+00 -1.2687136916995760e+02 -8.9744680124627219e-02 -1.6770445642714442e+00 -9.2065404083200590e+00 1.3483083000000000e-02 5.3636434000000000e-01
9.0577624894537911e-02 -1.3185869282438095e+01 9.5884987219908091e-01 -4.0333747882348732e+00 -1.2584795420069588e+02 -1.2345934524406665e-01 -1.5749657908735695e+00 -9.1575059372208010e+00 1.3477108000000000e-02 5.4984533999999996e-01
1.1505424160646549e-01 -1.3257535034946764e+01 9.6008117384311698e-01 -2.5757427963599029e+00 -1.2483186941983750e+02 -1.5756851150847229e-01 -1.4756773137185411e+00 -9.1087493787046316e+00 1.3460300999999999e-02 5.6331494999999998e-01
1.3949042621071972e-01 -1.3347158875740178e+01 9.6131044154098999e-01 -1.1632240292760774e+00 -1.2382387623114748e+02 -1.9216597849703421e-01 -1.3791331797776096e+00 -9.0603081359425168e+00 1.3432611000000001e-02 5.7676231000000000e-01
1.6386638968920764e-01 -1.3455258107023543e+01 9.6253667980174606e-01 2.0504411679890505e-01 -1.2282471808206923e+02 -2.2734916540002426e-01 -1.2852880830250835e+00 -9.0122189848815033e+00 1.3393997000000000e-02 5.9017653000000003e-01
1.8816223399343368e-01 -1.3582442662602492e+01 9.6375888764963302e-01 1.5299154864582505e+00 -1.2183512296027467e+02 -2.6321961327623045e-01 -1.1940976490330841e+00 -8.9645181716974633e+00 1.3344429999999999e-02 6.0354666000000001e-01
2.1235802473143472e-01 -1.3729421661447338e+01 9.6497606228063249e-01 2.8122403004526397e+00 -1.2085580078020374e+02 -2.9988372453196355e-01 -1.1055181572018746e+00 -8.9172412938407497e+00 1.3283893999999999e-02 6.1686173000000000e-01
2.3643386385471543e-01 -1.3897011358148946e+01 9.6618720271899217e-01 4.0528570733309355e+00 -1.1988744093699422e+02 -3.3745357028568301e-01 -1.0195063915354328e+00 -8.8704231725989473e+00 1.3212384000000001e-02 6.3011079000000003e-01
2.6036978062784488e-01 -1.4086142708933137e+01 9.6739130433242737e-01 5.2526060792730220e+00 -1.1893071676004523e+02 -3.7604748099447038e-01 -9.3602005622001283e-01 -8.8240980578622015e+00 1.3129907000000000e-02 6.4328284999999996e-01
2.8414585883059429e-01 -1.4297872328117956e+01 9.6858736523105271e-01 6.4123140853526603e+00 -1.1798628150684014e+02 -4.1579109986225449e-01 -8.5501739243814878e-01 -8.7782994485191956e+00 1.3036481000000001e-02 6.5636695000000000e-01
3.0774225492966889e-01 -1.4533393819452204e+01 9.6977438718151543e-01 7.5328039975217642e+00 -1.1705476787385194e+02 -4.5681832235924769e-01 -7.7645720104710003e-01 -8.7330600237930636e+00 1.2932137999999999e-02 6.6935217000000002e-01
3.3113914356350871e-01 -1.4794050692665650e+01 9.7095137286459554e-01 8.6148886210174513e+00 -1.1613679087174908e+02 -4.9927224832789141e-01 -7.0029907781499789e-01 -8.6884118056745692e+00 1.2816919000000000e-02 6.8222760000000005e-01
3.5431682657268970e-01 -1.5081351730842051e+01 9.7211733136000500e-01 9.6593744931874639e+00 -1.1523294419888182e+02 -5.4330653226264103e-01 -6.2650313168336336e-01 -8.6443859462305230e+00 1.2690879000000000e-02 6.9498240000000000e-01
3.7725569665645708e-01 -1.5396988239577878e+01 9.7327127631812127e-01 1.0667058626815207e+01 -1.1434380231554512e+02 -5.8908661851295063e-01 -5.5503015950884116e-01 -8.6010128447865846e+00 1.2554085000000000e-02 7.0760577999999996e-01
3.9993625554445855e-01 -1.5742853681421296e+01 9.7441222687412055e-01 1.1638727930066583e+01 -1.1346992073586794e+02 -6.3679118303556859e-01 -4.8584167927430505e-01 -8.5583221518897510e+00 1.2406611999999999e-02 7.2008700999999997e-01
4.2233920485541354e-01 -1.6121067722983547e+01 9.7553921221864304e-01 1.2575161261383467e+01 -1.1261183333832761e+02 -6.8661402280373030e-01 -4.1889968450526066e-01 -8.5163425820126015e+00 1.2248551000000000e-02 7.3241546999999996e-01
4.4444539158191176e-01 -1.6534001535938703e+01 9.7665126885539399e-01 1.3477126850906716e+01 -1.1177005455084984e+02 -7.3876578161291828e-01 -3.5416693231881941e-01 -8.4751020458210924e+00 1.2080001999999999e-02 7.4458062000000003e-01
4.6623584443388078e-01 -1.6984308216825895e+01 9.7774744242940947e-01 1.4345381046393729e+01 -1.1094508020424725e+02 -7.9347612807492296e-01 -2.9160686646060430e-01 -8.4346278085674662e+00 1.1901076999999999e-02 7.5657202000000001e-01
4.8769181018205354e-01 -1.7474958161982180e+01 9.7882678955532310e-01 1.5180668889927107e+01 -1.1013738605958847e+02 -8.5099625955114877e-01 -2.3118359420611667e-01 -8.3949460422580753e+00 1.1711898000000000e-02 7.6837935000000002e-01
5.0879480817316969e-01 -1.8009280498174860e+01 9.7988838055976502e-01 1.5983725031402274e+01 -1.0934742700228151e+02 -9.1160182669228162e-01 -1.7286181254183408e-01 -8.3560821668030894e+00 1.1512599000000000e-02 7.7999244000000001e-01
5.2952653947130734e-01 -1.8591007325410693e+01 9.8093129491069619e-01 1.6755268641652975e+01 -1.0857564144428881e+02 -9.7559582303291159e-01 -1.1660711985513122e-01 -8.3180608572234807e+00 1.1303326000000001e-02 7.9140122000000002e-01
5.4986906857521922e-01 -1.9224332592710102e+01 9.8195463035874020e-01 1.7496009003215907e+01 -1.0782244550199181e+02 -1.0433128028017891e+00 -6.2385593142808726e-02 -8.2809057803290536e+00 1.1084235000000000e-02 8.0259581999999996e-01
5.6980465987273110e-01 -1.9913970537350448e+01 9.8295749470998428e-01 1.8206638098415883e+01 -1.0708824016528153e+02 -1.1151225888111518e+00 -1.0164300013321637e-02 -8.2446399377722042e+00 1.0855490000000001e-02 8.1356647999999998e-01
5.8931594118634312e-01 -2.0665234310371833e+01 9.8393901405317830e-01 1.8887835299551700e+01 -1.0637340621841240e+02 -1.1914357098836497e+00 4.0089077270351769e-02 -8.2092853983072196e+00 1.0617270000000000e-02 8.2430364000000000e-01
6.0838586742976419e-01 -2.1484121752374737e+01 9.8489833093146772e-01 1.9540265108687265e+01 -1.0567830648943161e+02 -1.2727090329978374e+00 8.8406056826325852e-02 -8.1748634075284752e+00 1.0369760000000000e-02 8.3479791999999997e-01
6.2699773877964549e-01 -2.2377418225189228e+01 9.8583460525652711e-01 2.0164575961887447e+01 -1.0500328644296644e+02 -1.3594525500194097e+00 1.3481741344087400e-01 -8.1413943933155029e+00 1.0113159000000000e-02 8.4504013000000000e-01
6.4513521884731317e-01 -2.3352818171987732e+01 9.8674701522269337e-01 2.0761400109778037e+01 -1.0434867453376323e+02 -1.4522373584620740e+00 1.7935301794778341e-01 -8.1088979691118297e+00 9.8476710000000005e-03 8.5502127999999999e-01
6.6278233467876935e-01 -2.4419068540753202e+01 9.8763475730696515e-01 2.1331352504472466e+01 -1.0371478310239132e+02 -1.5517049817885551e+00 2.2204191714166580e-01 -8.0773929783800469e+00 9.5735140000000000e-03 8.6473257999999997e-01
6.7992356761336148e-01 -2.5586145801500233e+01 9.8849705083966910e-01 2.1875032661746101e+01 -1.0310190402605151e+02 -1.6585790024676790e+00 2.6291245218847470e-01 -8.0468973627459022e+00 9.2909130999999992e-03 8.7416548999999999e-01
6.9654376242511162e-01 -2.6865455985609263e+01 9.8933313343379403e-01 2.2393020413113540e+01 -1.0251032233051741e+02 -1.7736778513411358e+00 3.0199191881786197e-01 -8.0174283755187510e+00 9.0001030000000006e-03 8.8331166999999999e-01
7.1262823635312111e-01 -2.8270091614026168e+01 9.9014226646978931e-01 2.2885878732091921e+01 -1.0194029881855965e+02 -1.8979314935610603e+00 3.3930685832162311e-01 -7.9890024157925756e+00 8.7013270999999996e-03 8.9216304000000002e-01
7.2816272458636799e-01 -2.9815129163749887e+01 9.9092373235316589e-01 2.3354150659279888e+01 -1.0139208302975494e+02 -2.0324004584420750e+00 3.7488279454716955e-01 -7.9616351690591305e+00 8.3948374000000006e-03 9.0071175000000003e-01
7.4313347112237604e-01 -3.1518008691668726e+01 9.9167683908516180e-01 2.3798361915282268e+01 -1.0086590846645920e+02 -2.1783002932347015e+00 4.0874455992379699e-01 -7.9353414848142352e+00 8.0808944000000001e-03 9.0895022999999997e-01
7.5752715608028076e-01 -3.3398982104389894e+01 9.9240091660620944e-01 2.4219015984641370e+01 -1.0036199599771597e+02 -2.3370301232291930e+00 4.4091577059450615e-01 -7.9101355373943791e+00 7.7597663000000001e-03 9.1687114999999997e-01
7.7133096838776294e-01 -3.5481688913488171e+01 9.9309532045246840e-01 2.4616600920992362e+01 -9.9880552386552495e+01 -2.5102095183977191e+00 4.7141924265549484e-01 -7.8860307386444086e+00 7.4317293999999999e-03 9.2446746000000002e-01
7.8453262395278323e-01 -3.7793873194580343e+01 9.9375943266995836e-01 2.4991578711081775e+01 -9.9421770605846831e+01 -2.6997243063669130e+00 5.0027684235114156e-01 -7.8630397420559648e+00 7.0970672000000004e-03 9.3173240000000002e-01
7.9712032932011434e-01 -4.0368282328557612e+01 9.9439265998629267e-01 2.5344393825610492e+01 -9.8985832052159921e+01 -2.9077837539817546e+00 5.2750938345109688e-01 -7.8411745376652515e+00 6.7560703000000000e-03 9.3865947999999999e-01
8.0908287253001099e-01 -4.3243846735221865e+01 9.9499443838134427e-01 2.5675469466121818e+01 -9.8572903932217400e+01 -3.1369960834222876e+00 5.5313679094004664e-01 -7.8204463331130389e+00 6.4090362999999996e-03 9.4524253000000003e-01
8.2040951408780538e-01 -4.6467166819934448e+01 9.9556422760244712e-01 2.5985207825986237e+01 -9.8183144350727972e+01 -3.3904629262901942e+00 5.7717781825384817e-01 -7.8008657701559612e+00 6.0562691999999996e-03 9.5147563999999996e-01
8.3109016868124663e-01 -5.0094557370457359e+01 9.9610152030572652e-01 2.6273988232543424e+01 -9.7816696542217585e+01 -3.6719105718558245e+00 5.9965040541193038e-01 -7.7824426442405654e+00 5.6980790999999996e-03 9.5735325999999998e-01
8.4111522346316159e-01 -5.4194678905060464e+01 9.9660583291476901e-01 2.6542167948693475e+01 -9.7473696078889290e+01 -3.9858574527531916e+00 6.2057125247286404e-01 -7.7651862450772358e+00 5.3347821999999998e-03 9.6287009999999995e-01
8.5047571976879421e-01 -5.8852275092961385e+01 9.9707671476195270e-01 2.6790083299991242e+01 -9.7154265133827835e+01 -4.3378542641848821e+00 6.3995616931196064e-01 -7.7491050793253846e+00 4.9667000000000001e-03 9.6802122999999995e-01
8.5916322591366789e-01 -6.4173277020303829e+01 9.9751374168951590e-01 2.7018046430776195e+01 -9.6858517828338051e+01 -4.7348109097413893e+00 6.5781977957570548e-01 -7.7342071090294011e+00 4.5941591999999996e-03 9.7280200999999999e-01
8.6716998256745570e-01 -7.0292301767600520e+01 9.9791652336262204e-01 2.7226348741482326e+01 -9.6586555774543470e+01 -5.1854795419051207e+00 6.7417579664713667e-01 -7.7204995213998888e+00 4.2174915999999996e-03 9.7720817000000004e-01
8.7448875738011100e-01 -7.7383577467548790e+01 9.9828469595629432e-01 2.7415256560060264e+01 -9.6338473445236801e+01 -5.7011578711689150e+00 6.8903668819578612e-01 -7.7079890223652390e+00 3.8370333000000002e-03 9.8123572999999997e-01
8.8111299035573731e-01 -8.5678025124858721e+01 9.9861792946848116e-01 2.7585014596961837e+01 -9.6114354308859760e+01 -6.2967940435798573e+00 7.0241396097849473e-01 -7.6966815964434208e+00 3.4531249000000000e-03 9.8488107999999996e-01
8.8703673933738658e-01 -9.5490608823752154e+01 9.9891592497765658e-01 2.7735844146795515e+01 -9.5914272699797706e+01 -6.9927580564625309e+00 7.1431801714490706e-01 -7.6865826221176716e+00 3.0661112999999999e-03 9.8814095000000002e-01
8.9225464366359164e-01 -1.0726689507353377e+02 9.9917841281455400e-01 2.7867941854379179e+01 -9.5738295762826908e+01 -7.8178648915855407e+00 7.2475806044555446e-01 -7.6776969332658949e+00 2.6763420000000000e-03 9.9101238999999997e-01
8.9676203319877024e-01 -1.2166860095309517e+02 9.9940515804696473e-01 2.7981482182596348e+01 -9.5586480153459604e+01 -8.8149437410399987e+00 7.3374230873465429e-01 -7.6700286909739104e+00 2.2841723000000002e-03 9.9349282999999999e-01
9.0055489198975502e-01 -1.3974527297250935e+02 9.9959595865147233e-01 2.8076616260722346e+01 -9.5458873623868641e+01 -1.0052035597434532e+01 7.4127789048409976e-01 -7.6635814284703985e+00 1.8899688000000000e-03 9.9558005999999999e-01
9.0362984009406211e-01 -1.6332786030533450e+02 9.9975064459931884e-01 2.8153471202531811e+01 -9.5355515992330538e+01 -1.1648110654272481e+01 7.4737080541266643e-01 -7.6583581066558484e+00 1.4941295000000000e-03 9.9727222000000004e-01
9.0598438798416270e-01 -1.9613680199247293e+02 9.9986909065426854e-01 2.8212156270079255e+01 -9.5276430863646269e+01 -1.3845591938826958e+01 7.5202641152451810e-01 -7.6543606880338224e+00 1.0971916000000000e-03 9.9856794000000004e-01
9.0761762707336779e-01 -2.4831412053273175e+02 9.9995125110966598e-01 2.8252779850430489e+01 -9.5221602675696289e+01 -1.7307342649943983e+01 7.5525077565644738e-01 -7.6515889776227253e+00 7.0085733000000002e-04 9.9946672000000003e-01
