-1.9740038555772979e-01 -1.3154316626306872e+03 1.9740161061201156e-01 -1.2372628446846218e+03 -3.4606587531974378e+02 8.4532174361635683e+01 -7.9515762185442938e+01 -2.2209800292134510e+01 5.5301730000000003e-06 1.0230946000000001e-06
-1.9739292348004434e-01 -9.8844019323569694e+02 1.9741678040356883e-01 -9.1005612182827701e+02 -3.4601823201175728e+02 6.3545184704110945e+01 -5.8518972280302911e+01 -2.2207664391877369e+01 3.5894988000000002e-05 1.9923924999999999e-05
-1.9736951216490203e-01 -8.3658008247281907e+02 1.9746437368599767e-01 -7.5764025151763826e+02 -3.4586879045003769e+02 5.3795529256936966e+01 -4.8743929550230327e+01 -2.2200964458296312e+01 8.5619985000000003e-05 7.9222864999999994e-05
-1.9732316535935041e-01 -7.3678494095727785e+02 1.9755859293822187e-01 -6.5689390485309912e+02 -3.4557309324924626e+02 4.7384702291489894e+01 -4.2289522332592227e+01 -2.2187706057012406e+01 1.5173507999999999e-04 1.9661552000000001e-04
-1.9724776865289573e-01 -6.6251099366982010e+02 1.9771186825499451e-01 -5.8124781271892198e+02 -3.4509247643774762e+02 4.2608995549726288e+01 -3.7450772328920948e+01 -2.2166152388133845e+01 2.3255418000000001e-04 3.8758918999999998e-04
-1.9713776113698792e-01 -6.0348885576327541e+02 1.9793550450704062e-01 -5.2042384244770597e+02 -3.4439216876686288e+02 3.8809256421273702e+01 -3.3568012996060467e+01 -2.2134737862700817e+01 3.2689763000000001e-04 6.6622920000000002e-04
-1.9698799055232122e-01 -5.5465182768147986e+02 1.9823997581470726e-01 -4.6935773192673855e+02 -3.4344051253902336e+02 3.5660294271843213e+01 -3.0316048404282572e+01 -2.2092031861573297e+01 4.3385032000000002e-04 1.0455858000000000e-03
-1.9679363222225202e-01 -5.1312308556393236e+02 1.9863509034967267e-01 -4.2518337245316445e+02 -3.4220860146692746e+02 3.2977501305848051e+01 -2.7510638786311858e+01 -2.2036721047128918e+01 5.5265518999999999e-04 1.5378795000000000e-03
-1.9655013894063439e-01 -4.7710999586068158e+02 1.9913009220886385e-01 -3.8612533836981567e+02 -3.4067012189614161e+02 3.0645886230200738e+01 -2.5037450758214355e+01 -2.1967600831255556e+01 6.8265765000000004e-04 2.1546280000000000e-03
-1.9625320713337679e-01 -4.4541858232487448e+02 1.9973373020523505e-01 -3.5101199186306980e+02 -3.3880130104435744e+02 2.8588897955307235e+01 -2.2820823858933402e+01 -2.1883571566848037e+01 8.2327310000000005e-04 2.9067318999999999e-03
-1.9589875380202984e-01 -4.1721255218860995e+02 2.0045430473956158e-01 -3.1903365467882810e+02 -3.3658092317963411e+02 2.6752957661369244e+01 -2.0808261372870223e+01 -2.1783637867253663e+01 9.7396649000000004e-04 3.8045331000000002e-03
-1.9548289966575885e-01 -3.9188252939024784e+02 2.0129970207142608e-01 -2.8961109518395648e+02 -3.3399038208103894e+02 2.5099060910886880e+01 -1.8962000161945426e+01 -2.1666909561300901e+01 1.1342389000000000e-03 4.8578574999999999e-03
-1.9500195684353472e-01 -3.6897007558426907e+02 2.0227741936031401e-01 -2.6231896576102724e+02 -3.3101375537962537e+02 2.3597897858744737e+01 -1.7254105053965851e+01 -2.1532603778776497e+01 1.3036180000000001e-03 6.0760461999999999e-03
-1.9445241993161802e-01 -3.4812109678721498e+02 2.0339458280435566e-01 -2.3683869072152612e+02 -3.2763788945206454e+02 2.2226859694148128e+01 -1.5663453183225602e+01 -2.1380047674229079e+01 1.4816515000000000e-03 7.4679780999999997e-03
-1.9383095877869028e-01 -3.2905592712459315e+02 2.0465796232789180e-01 -2.1292810352501002e+02 -3.2385248576513783e+02 2.0968116850797017e+01 -1.4173792906693908e+01 -2.1208681238884132e+01 1.6679024999999999e-03 9.0420881999999994e-03
-1.9313441359031436e-01 -3.1154947315815366e+02 2.0607398153370382e-01 -1.9040116362860965e+02 -3.1965018230143426e+02 1.9807342669812414e+01 -1.2772449738281091e+01 -2.1018060256096955e+01 1.8619452999999999e-03 1.0806380000000001e-02
-1.9235979038871626e-01 -2.9541755945323524e+02 2.0764872693290479e-01 -1.6911389773535348e+02 -3.1502662138628153e+02 1.8732835335533633e+01 -1.1449432033386193e+01 -2.0807858794916687e+01 2.0633631000000000e-03 1.2768437000000001e-02
-1.9150425892033673e-01 -2.8050734151265078e+02 2.0938795219871503e-01 -1.4895444573399345e+02 -3.0998051054531322e+02 1.7734901533646450e+01 -1.0196799535251333e+01 -2.0577871663273363e+01 2.2717459999999998e-03 1.4935428000000001e-02
-1.9056514914209735e-01 -2.6669035412950916e+02 2.1129708530959534e-01 -1.2983572458167865e+02 -3.0451365252141318e+02 1.6805409194044898e+01 -9.0082011836327851e+00 -2.0328015780468128e+01 2.4866887000000002e-03 1.7314116000000001e-02
-1.8953995130036069e-01 -2.5385744547491635e+02 2.1338122838872700e-01 -1.1169000734693171e+02 -2.9863097147585972e+02 1.5937461607586402e+01 -7.8785355783731923e+00 -2.0058331616315996e+01 2.7077901999999999e-03 1.9910858000000000e-02
-1.8842631158811304e-01 -2.4191491887212183e+02 2.1564516653260318e-01 -9.4464750045072520e+01 -2.9234048618351238e+02 1.5125149131760541e+01 -6.8036878896536486e+00 -1.9768982653290497e+01 2.9346520999999999e-03 2.2731616000000000e-02
-1.8722203451377384e-01 -2.3078167537119225e+02 2.1809336299543358e-01 -7.8119304847304676e+01 -2.8565329543234810e+02 1.4363365238936819e+01 -5.7803345936151347e+00 -1.9460255639000810e+01 3.1668782999999998e-03 2.5781951000000001e-02
-1.8592508053238618e-01 -2.2038694774966817e+02 2.2072996400473974e-01 -6.2622415311869887e+01 -2.7858350032964290e+02 1.3647660773736465e+01 -4.8057830063980100e+00 -1.9132558636770288e+01 3.4040742000000001e-03 2.9067029000000001e-02
-1.8453356446641056e-01 -2.1066854354513322e+02 2.2355880197175193e-01 -4.7950085834578232e+01 -2.7114813852922771e+02 1.2974130788566097e+01 -3.8778467388922966e+00 -1.8786418368193530e+01 3.6458464000000000e-03 3.2591624999999999e-02
-1.8304575787453434e-01 -2.0157147933369441e+02 2.2658339067581382e-01 -3.4083929894421416e+01 -2.6336702145795130e+02 1.2339326777172001e+01 -2.9947455869958759e+00 -1.8422477413075313e+01 3.8918026000000000e-03 3.6360116999999997e-02
-1.8146008589325907e-01 -1.9304685055000039e+02 2.2980693168517619e-01 -2.1009738646042269e+01 -2.5526263192357914e+02 1.1740183895501771e+01 -2.1550220550787254e+00 -1.8041489204984760e+01 4.1415510999999999e-03 4.0376493999999999e-02
-1.7977512842130522e-01 -1.8505094639613995e+02 2.3323231194919927e-01 -8.7163297754967974e+00 -2.4685992865440659e+02 1.1173964133504541e+01 -1.3574733945077075e+00 -1.7644312992194205e+01 4.3947007000000003e-03 4.4644352999999998e-02
-1.7798962011961228e-01 -1.7754451885042994e+02 2.3686210379835279e-01 2.8054350622916484e+00 -2.3818615317337179e+02 1.0638209332711357e+01 -6.0109485216554193e-01 -1.7231907696406374e+01 4.6508610999999997e-03 4.9166899000000000e-02
-1.7610244883213233e-01 -1.7049217558385300e+02 2.4069856815461282e-01 1.3563485360898948e+01 -2.2927059956311174e+02 1.0130702210576855e+01 1.1496854635040887e-01 -1.6805324367933935e+01 4.9096423000000002e-03 5.3946949000000001e-02
-1.7411265755983796e-01 -1.6386189004958794e+02 2.4474365051846564e-01 2.3565228564548768e+01 -2.2014437854818513e+02 9.6494350261968176e+00 7.9146135116150296e-01 -1.6365698920387455e+01 5.1706551000000002e-03 5.8986927000000001e-02
-1.7201944090750812e-01 -1.5762457364382263e+02 2.4899898819230071e-01 3.2818155312891896e+01 -2.1084015089792919e+02 9.1925820663313687e+00 1.4290532259099111e+00 -1.5914242447658266e+01 5.4335110000000002e-03 6.4288872999999996e-02
-1.6982214863694228e-01 -1.5175373783625426e+02 2.5346590305701777e-01 4.1330311117360203e+01 -2.0139180698974801e+02 8.7584781962973643e+00 2.0283657222799740e+00 -1.5452232911998756e+01 5.6978226000000002e-03 6.9854434000000007e-02
-1.6752028171894465e-01 -1.4622518617729827e+02 2.5814540959801896e-01 4.9110719804242784e+01 -1.9183424034036145e+02 8.3455990504406277e+00 2.5899982689986976e+00 -1.4981004338333825e+01 5.9632034000000004e-03 7.5684873999999999e-02
-1.6511349430733202e-01 -1.4101676844869479e+02 2.6303821089221269e-01 5.6169700963513755e+01 -1.8220299822371848e+02 7.9525454693079816e+00 3.1145473778335102e+00 -1.4501937000428276e+01 6.2292681999999997e-03 8.1781068999999998e-02
-1.6260159215972758e-01 -1.3610816019420969e+02 2.6814470181841044e-01 6.2519132902645268e+01 -1.7253396529328876e+02 7.5780294383471585e+00 3.6026239364132664e+00 -1.4016446423474205e+01 6.4956331999999999e-03 8.8143510999999994e-02
-1.5998453263756079e-01 -1.3148067694827941e+02 2.7346496905732709e-01 6.8172644950384722e+01 -1.6286311148640661e+02 7.2208623055597521e+00 4.0548668185062224e+00 -1.3525972583732264e+01 6.7619166000000000e-03 9.4772308000000000e-02
-1.5726242233725801e-01 -1.2711710908787508e+02 2.7899879590717569e-01 7.3145756602050781e+01 -1.5322608988878292e+02 6.8799442050372139e+00 4.4719541247481676e+00 -1.3031968551237487e+01 7.0277381999999996e-03 1.0166719000000000e-01
-1.5443551669544076e-01 -1.2300157956189410e+02 2.8474566308626703e-01 7.7455954717441628e+01 -1.4365799268704896e+02 6.5542554504717430e+00 4.8546115079492598e+00 -1.2535889510962857e+01 7.2927204000000001e-03 1.0882751000000000e-01
-1.5150422551614803e-01 -1.1911943800035495e+02 2.9070473749662068e-01 8.1122715758042261e+01 -1.3419306103355444e+02 6.2428489948572228e+00 5.2036176669088716e+00 -1.2039183017524325e+01 7.5564877000000004e-03 1.1625223000000000e-01
-1.4846910152159037e-01 -1.1545711832496680e+02 2.9687489549934182e-01 8.4167506048952433e+01 -1.2486436975344708e+02 5.9448426745962228e+00 5.5198099390791562e+00 -1.1543276554840649e+01 7.8186677999999999e-03 1.2393994999999999e-01
-1.4533083956254669e-01 -1.1200206362552868e+02 3.0325472451982000e-01 8.6613718562964465e+01 -1.1570356847548661e+02 5.6594132182354091e+00 5.8040860238605401e+00 -1.1049567365183027e+01 8.0788911000000008e-03 1.3188891000000000e-01
-1.4209028846241178e-01 -1.0874264635262409e+02 3.0984249896975252e-01 8.8486565023762509e+01 -1.0674067198339139e+02 5.3857921221012077e+00 6.0574037365440203e+00 -1.0559414981458799e+01 8.3367917000000003e-03 1.4009695999999999e-01
-1.3874843522513303e-01 -1.0566807763444574e+02 3.1663621235111317e-01 8.9812964284077822e+01 -9.8003797212226445e+01 5.1232593986476385e+00 6.2807812121479651e+00 -1.0074129733029102e+01 8.5920070000000005e-03 1.4856159999999999e-01
-1.3530641293124199e-01 -1.0276834956766430e+02 3.2363356120416764e-01 9.0621375620401025e+01 -8.9518992137601487e+01 4.8711404043226487e+00 6.4752941021569503e+00 -9.5949655885472414e+00 8.8441787999999997e-03 1.5727996000000000e-01
-1.3176549284182293e-01 -1.0003416851365894e+02 3.3083196115945812e-01 9.0941621013644564e+01 -8.1310048648690795e+01 4.6288011383373764e+00 6.6420722691011882e+00 -9.1231115512879430e+00 9.0929527999999999e-03 1.6624881999999999e-01
-1.2812708439851273e-01 -9.7456902737989921e+01 3.3822854693780302e-01 9.0804680481941787e+01 -7.3398366175239772e+01 4.3956451747542831e+00 6.7822954626983325e+00 -8.6596852606960635e+00 9.3379794999999995e-03 1.7546460999999999e-01
-1.2439273127548509e-01 -9.5028532507241238e+01 3.4582018037628920e-01 9.0242475072164197e+01 -6.5802837501613396e+01 4.1711104079384169e+00 6.8971878720686917e+00 -8.2057267286422828e+00 9.5789143999999993e-03 1.8492342000000001e-01
-1.2056412322349792e-01 -9.2741614111313012e+01 3.5360342635029562e-01 8.9287638830151622e+01 -5.8539791531002642e+01 3.9546670140156528e+00 6.9880117188063462e+00 -7.7621948680427213e+00 9.8154178999999998e-03 1.9462097000000000e-01
-1.1664307632981441e-01 -9.0589228415340955e+01 3.6157459290345384e-01 8.7973283014115751e+01 -5.1622910077219089e+01 3.7458138375004220e+00 7.0560613097254485e+00 -7.3299612690117417e+00 1.0047156000000000e-02 2.0455266000000000e-01
-1.1263152907018724e-01 -8.8564945235315790e+01 3.6972973927364028e-01 8.6332747495079715e+01 -4.5063188729908980e+01 3.5440758571107680e+00 7.1026557686641327e+00 -6.9098071461013868e+00 1.0273801000000001e-02 2.1471357999999999e-01
-1.0853156204893749e-01 -8.6662802178389299e+01 3.7806463576301541e-01 8.4399386755881821e+01 -3.8869018901637560e+01 3.3490034977793108e+00 7.1291314114469593e+00 -6.5024232640907309e+00 1.0495031000000000e-02 2.2509846000000000e-01
-1.0434537431085993e-01 -8.4877263766739404e+01 3.8657481189397663e-01 8.2206306690483444e+01 -3.3046149372829142e+01 3.1601693094954988e+00 7.1368346391617292e+00 -6.1084070355489235e+00 1.0710529999999999e-02 2.3570173000000000e-01
-1.0007528728923881e-01 -8.3203198048740205e+01 3.9525554838316607e-01 7.9786146667921585e+01 -2.7597779032003707e+01 2.9771665724340002e+00 7.1271143589090293e+00 -5.7282623661938148e+00 1.0919989999999999e-02 2.4651751000000000e-01
-9.5723748753863677e-02 -8.1635854666242693e+01 4.0410186911547846e-01 7.7170879869957716e+01 -2.2524623259541681e+01 2.7996078769114665e+00 7.1013144719910546e+00 -5.3624013158226136e+00 1.1123108000000000e-02 2.5753959999999998e-01
-9.1293320966981895e-02 -8.0170838994802466e+01 4.1310856522203759e-01 7.4391594666293017e+01 -1.7825134075959280e+01 2.6271232243362972e+00 7.0607665823706931e+00 -5.0111444002551497e+00 1.1319591000000000e-02 2.6876150999999998e-01
-8.6786676735283008e-02 -7.8804092213182642e+01 4.2227020310618818e-01 7.1478311968639389e+01 -1.3495379945157504e+01 2.4593581770541366e+00 7.0067841064933152e+00 -4.6747230073604431e+00 1.1509152000000000e-02 2.8017647000000001e-01
-8.2206603357914437e-02 -7.7531875275886421e+01 4.3158111641750385e-01 6.8459819156216184e+01 -9.5294520570597250e+00 2.2959735443502036e+00 6.9406533027765978e+00 -4.3532829996024640e+00 1.1691511000000000e-02 2.9177742000000001e-01
-7.7556006574497266e-02 -7.6350754103177664e+01 4.4103539802579528e-01 6.5363527706110034e+01 -5.9194995193909810e+00 2.1366435223740838e+00 6.8636299184779253e+00 -4.0468885550008844e+00 1.1866398000000000e-02 3.0355700000000002e-01
-7.2837878981000012e-02 -7.5257577107009936e+01 4.5062696422904669e-01 6.2215326547648353e+01 -2.6559061839018558e+00 1.9810538978092533e+00 6.7769317711366446e+00 -3.7555245110224957e+00 1.2033550000000000e-02 3.1550762999999998e-01
-6.8055327665848986e-02 -7.4249470091556915e+01 4.6034949857147112e-01 5.9039493428711644e+01 2.7250326887156678e-01 1.8289018979924538e+00 6.6817344260518556e+00 -3.4791031310899054e+00 1.2192715000000000e-02 3.2762143999999999e-01
-6.3211554469849551e-02 -7.3323820717255828e+01 4.7019649197347146e-01 5.5858597909069879e+01 2.8782899133853457e+00 1.6798947065953707e+00 6.5791665049472643e+00 -3.2174680339560355e+00 1.2343646000000000e-02 3.3989032000000002e-01
-5.8309859934201735e-02 -7.2478268245524134e+01 4.8016123470564753e-01 5.2693444439302972e+01 5.1752045280076286e+00 1.5337477549631111e+00 6.4703058701887963e+00 -2.9704000792817684e+00 1.2486109000000000e-02 3.5230591000000000e-01
-5.3353627508437196e-02 -7.1710693262318074e+01 4.9023684849276528e-01 4.9563015246436883e+01 7.1780037470216191e+00 1.3901850953687012e+00 6.3561762187167146e+00 -2.7376223213138831e+00 1.2619877000000000e-02 3.6485963999999999e-01
-4.8346335394466505e-02 -7.1019211835943921e+01 5.0041626243577997e-01 4.6484480246768548e+01 8.9022506479578425e+00 1.2489374988290693e+00 6.2377448422888664e+00 -2.5188065510011053e+00 1.2744734000000001e-02 3.7754270000000001e-01
-4.3291544702531853e-02 -7.0402167205945005e+01 5.1069223708981260e-01 4.3473143569093402e+01 1.0364137245812502e+01 1.1097412949420935e+00 6.1159202484942856e+00 -2.3135788014793870e+00 1.2860473000000001e-02 3.9034606999999999e-01
-3.8192891555175384e-02 -6.9858123607029100e+01 5.2105738051613437e-01 4.0542500257058222e+01 1.1580303439043245e+01 9.7233807000320382e-01 5.9915508971488149e+00 -2.1215249922235828e+00 1.2966896000000000e-02 4.0326054000000000e-01
-3.3054094983270832e-02 -6.9385863016337396e+01 5.3150413223018211e-01 3.7704258008477673e+01 1.2567662701254536e+01 8.3647363202291913e-01 5.8654247003375151e+00 -1.9421973026577051e+00 1.3063819000000001e-02 4.1627669000000000e-01
-2.7878933237928838e-02 -6.8984379639403826e+01 5.4202481135751102e-01 3.4968368589866969e+01 1.3343245399178860e+01 7.0189668333240851e-01 5.7382681535524593e+00 -1.7751191137545623e+00 1.3151064000000001e-02 4.2938494999999999e-01
-2.2671267478591522e-02 -6.8652879915584151e+01 5.5261156847784243e-01 3.2343115463209507e+01 1.3924041895543228e+01 5.6835867318286137e-01 5.6107473113976551e+00 -1.6197914902887158e+00 1.3228465999999999e-02 4.4257553999999999e-01
-1.7435010188906364e-02 -6.8390778588025768e+01 5.6325644983299983e-01 2.9835165804623148e+01 1.4326868804055122e+01 4.3561219230985682e-01 5.4834681630788431e+00 -1.4756974305552715e+00 1.3295871000000001e-02 4.5583855000000001e-01
-1.2174140968789188e-02 -6.8197700269598812e+01 5.7395136522294132e-01 2.7449665017480196e+01 1.4568238872394643e+01 3.0341059824575201e-01 5.3569779763621197e+00 -1.3423077693118115e+00 1.3353135000000000e-02 4.6916390000000002e-01
-6.8926867943453485e-03 -6.8073479186993424e+01 5.8468812813571935e-01 2.5190322679717958e+01 1.4664252247476357e+01 1.7150671812622020e-01 5.2317665944747791e+00 -1.2190853468075042e+00 1.3400123999999999e-02 4.8254139000000001e-01
-1.5947299139012217e-03 -6.8018161331739094e+01 5.9545843969549728e-01 2.3059517501349120e+01 1.4630491688401809e+01 3.9652237839535864e-02 5.1082690399560935e+00 -1.1054896452225207e+00 1.3436718000000000e-02 4.9596067999999999e-01
3.7156079440589240e-03 -6.8032008013126728e+01 6.0625392076651730e-01 2.1058395183841970e+01 1.4481940727320158e+01 -9.2403532375459729e-02 4.9868670047578885e+00 -1.0009807321448614e+00 1.3462807000000000e-02 5.0941133000000005e-01
9.0341497788297143e-03 -6.8115499845401928e+01 6.1706607984913187e-01 1.9186982058107425e+01 1.4232909818556641e+01 -2.2491413260500970e-01 4.8678920877298166e+00 -9.0502327300995711e-01 1.3478291000000000e-02 5.2288276000000000e-01
1.4356698849626898e-02 -6.8269342545829886e+01 6.2788638531373320e-01 1.7444284567743860e+01 1.3896977365040652e+01 -3.5813773658020853e-01 4.7516277439162025e+00 -8.1708918347255100e-01 1.3483083000000000e-02 5.3636434000000000e-01
1.9679018935508247e-02 -6.8494474459869267e+01 6.3870622527079246e-01 1.5828406169489298e+01 1.3486944840476129e+01 -4.9233762043283891e-01 4.6383124786131189e+00 -7.3666137582544367e-01 1.3477108000000000e-02 5.4984533999999996e-01
2.4996842231405358e-02 -6.8792074185057444e+01 6.4951692362284397e-01 1.4336652702049417e+01 1.3014802683846462e+01 -6.2778335422482945e-01 4.5281432130887946e+00 -6.6323573774981825e-01 1.3460300999999999e-02 5.6331494999999998e-01
3.0305881192170758e-02 -6.9163571432680740e+01 6.6030976414246134e-01 1.2965636371922162e+01 1.2491706573864525e+01 -7.6475217377760485e-01 4.4212775987148731e+00 -5.9632356874281944e-01 1.3432611000000001e-02 5.7676231000000000e-01
3.5601836428609590e-02 -6.9610659677200346e+01 6.7107600652424193e-01 1.1711376130616292e+01 1.1927962813198256e+01 -9.0353033014149720e-01 4.3178373904023761e+00 -5.3545336860199733e-01 1.3393997000000000e-02 5.9017653000000003e-01
4.0880384863432317e-02 -7.0135308233830699e+01 6.8180686230683052e-01 1.0569402350081425e+01 1.1333042896366342e+01 -1.0444140068305372e+00 4.2179117046460330e+00 -4.8017250708185161e-01 1.3344429999999999e-02 6.0354666000000001e-01
4.6137195523317825e-02 -7.0739779184137006e+01 6.9249352697688771e-01 9.5348444804984531e+00 1.0715559792250923e+01 -1.1877110599617380e+00 4.1215597916893820e+00 -4.3004829550311846e-01 1.3283893999999999e-02 6.1686173000000000e-01
5.1367945330976605e-02 -7.1426647016495522e+01 7.0312721207305839e-01 8.6025165791564877e+00 1.0083310931779868e+01 -1.3337428856956595e+00 4.0288138469219028e+00 -3.8466875289244079e-01 1.3212384000000001e-02 6.3011079000000003e-01
5.6568295417055853e-02 -7.2198816041666689e+01 7.1369909703001866e-01 7.7670040835789402e+00 9.4432875961372176e+00 -1.4828453409933546e+00 3.9396823812771387e+00 -3.4364361409214100e-01 1.3129907000000000e-02 6.4328284999999996e-01
6.1733918756250367e-02 -7.3059546624203122e+01 7.2420038536042142e-01 7.0227353741535934e+00 8.8017035743253995e+00 -1.6353714229913798e+00 3.8541525635972085e+00 -3.0660431508746505e-01 1.3036481000000001e-02 6.5636695000000000e-01
6.6860504115317826e-02 -7.4012482386787852e+01 7.3462231268088773e-01 6.3640476327056561e+00 8.1640270580315502e+00 -1.7916925485261692e+00 3.7721929011470503e+00 -2.7320424908092683e-01 1.2932137999999999e-02 6.6935217000000002e-01
7.1943744209031962e-02 -7.5061677734270219e+01 7.4495612263403066e-01 5.7852595007613248e+00 7.5350200068827808e+00 -1.9522011624470808e+00 3.6937559920749861e+00 -2.4311878711600093e-01 1.2816919000000000e-02 6.8222760000000005e-01
7.6979359388276797e-02 -7.6211635053206720e+01 7.5519311504440823e-01 5.2807064339656824e+00 6.9187743219574882e+00 -2.1173138816163743e+00 3.6187805207635266e+00 -2.1604489869822444e-01 1.2690879000000000e-02 6.9498240000000000e-01
8.1963089744015477e-02 -7.7467342359524665e+01 7.6532462986653882e-01 4.8448070533581431e+00 6.3187560803904788e+00 -2.2874728051343163e+00 3.5471937493943670e+00 -1.9170071811198400e-01 1.2554085000000000e-02 7.0760577999999996e-01
8.6890699055305859e-02 -7.8834315910677489e+01 7.7534205521089372e-01 4.4720972791154230e+00 5.7378488540594361e+00 -2.4631492756765474e+00 3.4789135103253903e+00 -1.6982511982474466e-01 1.2406611999999999e-02 7.2008700999999997e-01
9.1757994529379355e-02 -8.0318654599976810e+01 7.8523686747385690e-01 4.1572648830077705e+00 5.1783965091894162e+00 -2.6448476051937555e+00 3.4138497688028111e+00 -1.5017693006064584e-01 1.2248551000000000e-02 7.3241546999999996e-01
9.6560814957593916e-02 -8.1927092787346410e+01 7.9500060725974975e-01 3.8951834142503774e+00 4.6422498048277170e+00 -2.8331082931802727e+00 3.3519066982897767e+00 -1.3253422328058023e-01 1.2080001999999999e-02 7.4458062000000003e-01
1.0129503861146513e-01 -8.3667065070266773e+01 8.0462489543281412e-01 3.6809324292507766e+00 4.1308100201325644e+00 -3.0285123712848554e+00 3.2929841080094664e+00 -1.1669346248134772e-01 1.1901076999999999e-02 7.5657202000000001e-01
1.0595659113869829e-01 -8.5546781202762503e+01 8.1410144916919747e-01 3.5098202244120285e+00 3.6450713980324045e+00 -3.2316863430548337e+00 3.2369787684606868e+00 -1.0246859347302334e-01 1.1711898000000000e-02 7.6837935000000002e-01
1.1054145740723534e-01 -8.7575313879892775e+01 8.2342210603492894e-01 3.3773926458294916e+00 3.1856658615097597e+00 -3.4433079741933161e+00 3.1837855439896554e+00 -8.9690088484457364e-02 1.1512599000000000e-02 7.7999244000000001e-01
1.1504566176517630e-01 -8.9762684565998725e+01 8.3257878385595852e-01 3.2794511953699050e+00 2.7529025762323087e+00 -3.6641114093926759e+00 3.1332988855019877e+00 -7.8204073993841522e-02 1.1303326000000001e-02 7.9140122000000002e-01
1.1946530752093684e-01 -9.2119990805878700e+01 8.4156356097807816e-01 3.2120518377982141e+00 2.3468054713149842e+00 -3.8948958500633672e+00 3.0854132387718272e+00 -6.7871226478093877e-02 1.1084235000000000e-02 8.0259581999999996e-01
1.2379654141110638e-01 -9.4659514544020453e+01 8.5036860403299341e-01 3.1715107184532498e+00 1.9671535397189683e+00 -4.1365319503157476e+00 3.0400243692319009e+00 -5.8565941713616482e-02 1.0855490000000001e-02 8.1356647999999998e-01
1.2803558913259014e-01 -9.7394885586347527e+01 8.5898624017225156e-01 3.1544053190595029e+00 1.6135132099131961e+00 -4.3899724310606860e+00 2.9970297440113081e+00 -5.0175278087419568e-02 1.0617270000000000e-02 8.2430364000000000e-01
1.3217874744657745e-01 -1.0034124826141182e+02 8.6740894101525789e-01 3.1575675310600988e+00 1.2852697947728777e+00 -4.6562625813129443e+00 2.9563292391833782e+00 -4.2597987109652034e-02 1.0369760000000000e-02 8.3479791999999997e-01
1.3622238812655782e-01 -1.0351546150494826e+02 8.7562933067526771e-01 3.1780807728415690e+00 9.8166024762577864e-01 -4.9365528471699349e+00 2.9178255094117471e+00 -3.5743728172512916e-02 1.0113159000000000e-02 8.4504013000000000e-01
1.4016296190633640e-01 -1.0693633447880443e+02 8.8364019378537850e-01 3.2132723937994805e+00 7.0179947178769397e-01 -5.2321137021588298e+00 2.8814247145327760e+00 -2.9532043737433126e-02 9.8476710000000005e-03 8.5502127999999999e-01
1.4399699848003419e-01 -1.1062489954709257e+02 8.9143447549852950e-01 3.2607032149441038e+00 4.4470657228717186e-01 -5.5443524947818847e+00 2.8470364262514805e+00 -2.3891594419295108e-02 9.5735140000000000e-03 8.6473257999999997e-01
1.4772112624216691e-01 -1.1460475666650986e+02 8.9900532161746316e-01 3.3181597621147243e+00 2.0932299525851700e-01 -5.8748357744541293e+00 2.8145740976307998e+00 -1.8759294414620008e-02 9.2909130999999992e-03 8.7416548999999999e-01
1.5133205254756613e-01 -1.1890244318412013e+02 9.0634603846476358e-01 3.3836412949683403e+00 -5.4616433452296369e-03 -6.2253118158675420e+00 2.7839552143238935e+00 -1.4079577955039387e-02 9.0001030000000006e-03 8.8331166999999999e-01
1.5482658739947383e-01 -1.2354792336771155e+02 9.1345014103880973e-01 3.4553485698022044e+00 -2.0078861999934075e-01 -6.5977419757516440e+00 2.7551013130135842e+00 -9.8037392139792186e-03 8.7013270999999996e-03 8.9216304000000002e-01
1.5820163160549530e-01 -1.2857514939480973e+02 9.2031132893579903e-01 3.5316711084628505e+00 -3.7782467322785673e-01 -6.9943350748115360e+00 2.7279381954485720e+00 -5.8890978921797218e-03 8.3948374000000006e-03 9.0071175000000003e-01
1.6145419651767776e-01 -1.3402276054245456e+02 9.2692352647970777e-01 3.6111750098649016e+00 -5.3773825213256876e-01 -7.4175927868533371e+00 2.7023957428753431e+00 -2.2985279975629249e-03 8.0808944000000001e-03 9.0895022999999997e-01
1.6458138824044757e-01 -1.3993492727967620e+02 9.3328085061832289e-01 3.6925897288266003e+00 -6.8169100962008855e-01 -7.8703613453752119e+00 2.6784081181516499e+00 1.0002070352253015e-03 7.7597663000000001e-03 9.1687114999999997e-01
1.6758042342267307e-01 -1.4636242015053458e+02 9.3937764302721016e-01 3.7747952769248143e+00 -8.1082606139283042e-01 -8.3558997251535345e+00 2.6559135591676606e+00 4.0349638932620424e-03 7.4317293999999999e-03 9.2446746000000002e-01
1.7044863320568046e-01 -1.5336394788208432e+02 9.4520847813570641e-01 3.8568109270266753e+00 -9.2626028415606221e-01 -8.8779639549445335e+00 2.6348543443408001e+00 6.8297066027837678e-03 7.0970672000000004e-03 9.3173240000000002e-01
1.7318345532722243e-01 -1.6100782077491817e+02 9.5076814707493540e-01 3.9377813284847121e+00 -1.0290750023492505e+00 -9.4409119385669573e+00 2.6151768146490406e+00 9.4049271050230809e-03 6.7560703000000000e-03 9.3865947999999999e-01
1.7578245386155680e-01 -1.6937416617275318e+02 9.5605169780776822e-01 4.0169661197154003e+00 -1.1203111633953053e+00 -1.0049844060200222e+01 2.5968307533658139e+00 1.1778329387397281e-02 6.4090362999999996e-03 9.4524253000000003e-01
1.7824329553135190e-01 -1.7855767807487305e+02 9.6105438697287060e-01 4.0937267657065313e+00 -1.2009629774664556e+00 -1.0710776569092598e+01 2.5797703060447148e+00 1.3964649391371313e-02 6.0562691999999996e-03 9.5147563999999996e-01
1.8056378918784463e-01 -1.8867149289835086e+02 9.6577176014462429e-01 4.1675204970601385e+00 -1.2719748835418685e+00 -1.1430888497215189e+01 2.5639526952280249e+00 1.5976540395230818e-02 5.6980790999999996e-03 9.5735325999999998e-01
1.8274184633068222e-01 -1.9985208702906311e+02 9.7019957157320547e-01 4.2378836555907275e+00 -1.3342375604950090e+00 -1.2218831405692384e+01 2.5493388236200980e+00 1.7824540637269862e-02 5.3347821999999998e-03 9.6287009999999995e-01
1.8477552058808053e-01 -2.1226639360521688e+02 9.7433386444450631e-01 4.3044262890692169e+00 -1.3885861062449265e+00 -1.3085183068910061e+01 2.5358928421513403e+00 1.9517467438111502e-02 4.9667000000000001e-03 9.6802122999999995e-01
1.8666298008071311e-01 -2.2612145432617524e+02 9.7817091469819006e-01 4.3668229774702461e+00 -1.4357971600554056e+00 -1.4043060984115581e+01 2.5235821148560973e+00 2.1062724256042047e-02 4.5941591999999996e-03 9.7280200999999999e-01
1.8840253900583789e-01 -2.4167879907532136e+02 9.8170729523562772e-01 4.4248040539672004e+00 -1.4765912953816644e+00 -1.5109040047275091e+01 2.5123769937613862e+00 2.2466385987383347e-02 4.2174915999999996e-03 9.7720817000000004e-01
1.8999262605317060e-01 -2.5927537349621542e+02 9.8493981171196132e-01 4.4781476064718699e+00 -1.5116255854860792e+00 -1.6304486666032570e+01 2.5022508493770097e+00 2.3733420626530180e-02 3.8370333000000002e-03 9.8123572999999997e-01
1.9143181598901124e-01 -2.7935661775746331e+02 9.8786556674404102e-01 4.5266737724814483e+00 -1.5414999603852206e+00 -1.7657672822383272e+01 2.4931797522176105e+00 2.4867929760030601e-02 3.4531249000000000e-03 9.8488107999999996e-01
1.9271881781219666e-01 -3.0252960930045725e+02 9.9048193583244837e-01 4.5702377530662952e+00 -1.5667536899633741e+00 -1.9207173411290672e+01 2.4851423823314627e+00 2.5873116969625149e-02 3.0661112999999999e-03 9.8814095000000002e-01
1.9385246685806887e-01 -3.2965403737997264e+02 9.9278655130951221e-01 4.6087367098642629e+00 -1.5878661908647422e+00 -2.1007686896772231e+01 2.4781203746416223e+00 2.6751695262263345e-02 2.6763420000000000e-03 9.9101238999999997e-01
1.9483174848657001e-01 -3.6201035329903715e+02 9.9477735049526161e-01 4.6420432277059795e+00 -1.6052575839398580e+00 -2.3140804013016666e+01 2.4720975353462911e+00 2.7505740416204620e-02 2.2841723000000002e-03 9.9349282999999999e-01
1.9565579018621052e-01 -4.0163863351906394e+02 9.9645255964544133e-01 4.6701251977115712e+00 -1.6192886380315308e+00 -2.5736720122069297e+01 2.4670598750176165e+00 2.8136894606886155e-02 1.8899688000000000e-03 9.9558005999999999e-01
1.9632385762605367e-01 -4.5211853714756626e+02 9.9781068592551991e-01 4.6929177379948257e+00 -1.6302618202218739e+00 -2.9024239034521585e+01 2.4629960150657650e+00 2.8646422400977967e-02 1.4941295000000000e-03 9.9727222000000004e-01
1.9683540992793616e-01 -5.2077307329054327e+02 9.9885062977457861e-01 4.7103840649284514e+00 -1.6384222692307917e+00 -3.3472123618939776e+01 2.4598964278760160e+00 2.9035307045784657e-02 1.0971916000000000e-03 9.9856794000000004e-01
1.9719024969106860e-01 -6.2770618220297467e+02 9.9957198989301232e-01 4.7225058306951402e+00 -1.6439598421702946e+00 -4.0368975115762950e+01 2.4577525676745693e+00 2.9304431212418568e-02 7.0085733000000002e-04 9.9946672000000003e-01
