-4.2804243482342563e-01 -7.1733544677100849e+02 4.2804389584682534e-01 -7.4217666553549532e+02 -1.9355146136801540e+02 4.6710232658607431e+01 -4.8313592647660705e+01 -1.2491718036235531e+01 5.5301730000000003e-06 1.0230946000000001e-06
-4.2802625407538758e-01 -5.3446430295983760e+02 4.2805470630320630e-01 -5.5921549184272158e+02 -1.9353997030895556e+02 3.4906838479699410e+01 -3.6506068569601219e+01 -1.2491201455335791e+01 3.5894988000000002e-05 1.9923924999999999e-05
-4.2797548904619259e-01 -4.4955962499214769e+02 4.2808862272860887e-01 -4.7407658010705296e+02 -1.9350392205830960e+02 2.9424595909870568e+01 -3.1013036911378119e+01 -1.2489580872565657e+01 8.5619985000000003e-05 7.9222864999999994e-05
-4.2787499076480096e-01 -3.9379407917203844e+02 4.2815576624291302e-01 -4.1790733198267645e+02 -1.9343257376369027e+02 2.5821190424244399e+01 -2.7390970433199129e+01 -1.2486373198369247e+01 1.5173507999999999e-04 1.9661552000000001e-04
-4.2771150076088155e-01 -3.5232281023952231e+02 4.2826499491095332e-01 -3.7584971201184248e+02 -1.9331654897182983e+02 2.3138439074234800e+01 -2.4681026791814286e+01 -1.2481156544478738e+01 2.3255418000000001e-04 3.8758918999999998e-04
-4.2747296077614433e-01 -3.1940222572853150e+02 4.2842436492858471e-01 -3.4215369055965039e+02 -1.9314736116026481e+02 2.1005620666827078e+01 -2.2512135205067569e+01 -1.2473548680316709e+01 3.2689763000000001e-04 6.6622920000000002e-04
-4.2714819866615894e-01 -2.9219803912422589e+02 4.2864134047359204e-01 -3.1398297924303620e+02 -1.9291720610490509e+02 1.9239823631487528e+01 -2.0701239327363684e+01 -1.2463197551784321e+01 4.3385032000000002e-04 1.0455858000000000e-03
-4.2672675261580811e-01 -2.6910038698504815e+02 4.2892291114841657e-01 -2.8972887337242383e+02 -1.9261885350050233e+02 1.7737189840264364e+01 -1.9144482710752960e+01 -1.2449776255478556e+01 5.5265518999999999e-04 1.5378795000000000e-03
-4.2619876247621302e-01 -2.4910559767978549e+02 4.2927566457861904e-01 -2.6839124088613710e+02 -1.9224558708261389e+02 1.6433005124526005e+01 -1.7777263822507180e+01 -1.2432980186772221e+01 6.8265765000000004e-04 2.1546280000000000e-03
-4.2555489638954880e-01 -2.3154465371230506e+02 4.2970583543528695e-01 -2.4930643965624813e+02 -1.9179117025217118e+02 1.5284168051429592e+01 -1.6556680176052541e+01 -1.2412525333478227e+01 8.2327310000000005e-04 2.9067318999999999e-03
-4.2478630079358598e-01 -2.1594850371848750e+02 4.3021933883730551e-01 -2.3201224871575567e+02 -1.9124982857529557e+02 1.4260492371570500e+01 -1.5452813333355326e+01 -1.2388147320367832e+01 9.7396649000000004e-04 3.8045331000000002e-03
-4.2388456386679180e-01 -2.0197495769487415e+02 4.3082179477390842e-01 -2.1617447416632544e+02 -1.9061624182435619e+02 1.3339985701175362e+01 -1.4443994394974130e+01 -1.2359600888628469e+01 1.1342389000000000e-03 4.8578574999999999e-03
-4.2284168881842737e-01 -1.8936622413864598e+02 4.3151854594972622e-01 -2.0154424854624415e+02 -1.8988554258685571e+02 1.2506106262601920e+01 -1.3514050406164147e+01 -1.2326659679032586e+01 1.3036180000000001e-03 6.0760461999999999e-03
-4.2165007454099029e-01 -1.7792287008600070e+02 4.3231467071100771e-01 -1.8793183119848823e+02 -1.8905331975584477e+02 1.1746080256261576e+01 -1.2650613511048947e+01 -1.2289116243877377e+01 1.4816515000000000e-03 7.4679780999999997e-03
-4.2030249994382940e-01 -1.6748711474253506e+02 4.3321499351242726e-01 -1.7518972775369323e+02 -1.8811562368590208e+02 1.1049822001167271e+01 -1.1844034242438161e+01 -1.2246782087719900e+01 1.6679024999999999e-03 9.0420881999999994e-03
-4.1879211333767064e-01 -1.5793173286589098e+02 4.3422409200934786e-01 -1.6320147945923264e+02 -1.8706897405122390e+02 1.0409216493358629e+01 -1.1086658405187485e+01 -1.2199487972934897e+01 1.8619452999999999e-03 1.0806380000000001e-02
-4.1711242258962089e-01 -1.4915242994044297e+02 4.3534630363532301e-01 -1.5187392402904834e+02 -1.8591036695211673e+02 9.8176262928821263e+00 -1.0372328928473006e+01 -1.2147084067389184e+01 2.0633631000000000e-03 1.2768437000000001e-02
-4.1525729058590893e-01 -1.4106248799617387e+02 4.3658572863346701e-01 -1.4113175169448573e+02 -1.8463728426885436e+02 9.2695451803874853e+00 -9.6960354803445004e+00 -1.2089440283260544e+01 2.2717459999999998e-03 1.4935428000000001e-02
-4.1322092761271445e-01 -1.3358888349801811e+02 4.3794623514686976e-01 -1.3091353372959716e+02 -1.8324769959177306e+02 8.7603469660963480e+00 -9.0536593427582819e+00 -1.2026446451625286e+01 2.4866887000000002e-03 1.7314116000000001e-02
-4.1099789152738553e-01 -1.2666945565962253e+02 4.3943145910420528e-01 -1.2116882324080191e+02 -1.8174008640422957e+02 8.2861025104875132e+00 -8.4417872245737886e+00 -1.1958012683778747e+01 2.7077901999999999e-03 1.9910858000000000e-02
-4.0858307834148555e-01 -1.2025076540499553e+02 4.4104481051125533e-01 -1.1185592469720036e+02 -1.8011342061728007e+02 7.8434401432914251e+00 -7.8575684814740461e+00 -1.1884069353983101e+01 2.9346520999999999e-03 2.2731616000000000e-02
-4.0597172735731313e-01 -1.1428646893190761e+02 4.4278947001916913e-01 -1.0294024173303929e+02 -1.7836718715315314e+02 7.4294424145098805e+00 -7.2986090678343736e+00 -1.1804567479813368e+01 3.1668782999999998e-03 2.5781951000000001e-02
-4.0315941603138233e-01 -1.0873608039999922e+02 4.4466839235620370e-01 -9.4392950305638053e+01 -1.7650137992629209e+02 7.0415641657578725e+00 -6.7628878010106002e+00 -1.1719478684851421e+01 3.4040742000000001e-03 2.9067029000000001e-02
-4.0014205655007618e-01 -1.0356397456818239e+02 4.4668430861555064e-01 -8.6189958167684594e+01 -1.7451649961983668e+02 6.6775689965473397e+00 -6.2486894033673304e+00 -1.1628795168179266e+01 3.6458464000000000e-03 3.2591624999999999e-02
-3.9691590096616625e-01 -9.8738623952406144e+01 4.4883972282359563e-01 -7.8311099181295489e+01 -1.7241355507905030e+02 6.3354798012929026e+00 -5.7545538376623675e+00 -1.1532529802398251e+01 3.8918026000000000e-03 3.6360116999999997e-02
-3.9347753435012001e-01 -9.4231965894533957e+01 4.5113691651557253e-01 -7.0739445605344471e+01 -1.7019405349921925e+02 6.0135379544150531e+00 -5.2792329679087526e+00 -1.1430715795573734e+01 4.1415510999999999e-03 4.0376493999999999e-02
-3.8982387735836038e-01 -9.0018904938257066e+01 4.5357794701969273e-01 -6.3460770875735278e+01 -1.6785999511017084e+02 5.7101712052818048e+00 -4.8216568156899804e+00 -1.1323406613984183e+01 4.3947007000000003e-03 4.4644352999999998e-02
-3.8595218623326594e-01 -8.6076901593719199e+01 4.5616464745714552e-01 -5.6463099214630965e+01 -1.6541386318334798e+02 5.4239672748678078e+00 -4.3809056471791283e+00 -1.1210675636393571e+01 4.6508610999999997e-03 4.9166899000000000e-02
-3.8186004937882423e-01 -8.2385630448713698e+01 4.5889862902992468e-01 -4.9736323035112420e+01 -1.6285860829681030e+02 5.1536518326111569e+00 -3.9561852367304255e+00 -1.1092615674201229e+01 4.9096423000000002e-03 5.3946949000000001e-02
-3.7754539164106521e-01 -7.8926702968036963e+01 4.6178127816104514e-01 -4.3271894643303433e+01 -1.6019763734961705e+02 4.8980707996509905e+00 -3.5468098475755494e+00 -1.0969338604153975e+01 5.1706551000000002e-03 5.8986927000000001e-02
-3.7300646660328118e-01 -7.5683425568983139e+01 4.6481376164215310e-01 -3.7062547640630243e+01 -1.5743479012360785e+02 4.6561748039126840e+00 -3.1521830605375154e+00 -1.0840974595956897e+01 5.4335110000000002e-03 6.4288872999999996e-02
-3.6824186429080674e-01 -7.2640607186882718e+01 4.6799702148591593e-01 -3.1102078144157627e+01 -1.5457432418529510e+02 4.4270069821976827e+00 -2.7717856116628221e+00 -1.0707671688981703e+01 5.6978226000000002e-03 6.9854434000000007e-02
-3.6325050261015263e-01 -6.9784384458653804e+01 4.7133178064558884e-01 -2.5385141530331314e+01 -1.5162088738428824e+02 4.2096917965741252e+00 -2.4051625668561121e+00 -1.0569594778239379e+01 5.9632034000000004e-03 7.5684873999999999e-02
-3.5803163162943841e-01 -6.7102080549721848e+01 4.7481854015523173e-01 -1.9907086892898199e+01 -1.4857949616171746e+02 4.0034261268443254e+00 -2.0519135377913935e+00 -1.0426924950355037e+01 6.2292681999999997e-03 8.1781068999999998e-02
-3.5258483015404640e-01 -6.4582079338436600e+01 4.7845758141753575e-01 -1.4663809712479017e+01 -1.4545550663901491e+02 3.8074712983486432e+00 -1.7116837082151135e+00 -1.0279858499772718e+01 6.4956331999999999e-03 8.8143510999999994e-02
-3.4691000572662145e-01 -6.2213718150979894e+01 4.8224896620382329e-01 -9.6516257136526846e+00 -1.4225458725064402e+02 3.6211462719063414e+00 -1.3841562087988244e+00 -1.0128605966442652e+01 6.7619166000000000e-03 9.4772308000000000e-02
-3.4100738949055148e-01 -5.9987192756659432e+01 4.8619254008578827e-01 -4.8671585757678892e+00 -1.3898268525292639e+02 3.4438218761774344e+00 -1.0690453455570577e+00 -9.9733910008872666e+00 7.0277381999999996e-03 1.0166719000000000e-01
-3.3487753533388032e-01 -5.7893475991826797e+01 4.9028793300745271e-01 -3.0724584442425512e-01 -1.3564599579705438e+02 3.2749152772391499e+00 -7.6609091323037892e-01 -9.8144492615692460e+00 7.2927204000000001e-03 1.0882751000000000e-01
-3.2852133187452109e-01 -5.5924250293537433e+01 4.9453455127777313e-01 4.0311334490394835e+00 -1.3225093604717398e+02 3.1138862717318165e+00 -4.7505381529886770e-01 -9.6520276126977524e+00 7.5564877000000004e-03 1.1625223000000000e-01
-3.2193997763374366e-01 -5.4071836234172594e+01 4.9893159415738436e-01 8.1509473309981946e+00 -1.2880409841521944e+02 2.9602324705684766e+00 -1.9571056153626842e-01 -9.4863823408371051e+00 7.8186677999999999e-03 1.2393994999999999e-01
-3.1513497932400159e-01 -5.2329137940397040e+01 5.0347805500251330e-01 1.2055167422978972e+01 -1.2531221683273360e+02 2.8134860103194796e+00 7.2150303712493757e-02 -9.3177779539758170e+00 8.0788911000000008e-03 1.3188891000000000e-01
-3.0810817753153080e-01 -5.0689600449924903e+01 5.0817270410627791e-01 1.5746804814800923e+01 -1.2178214577814443e+02 2.6732108208226437e+00 3.2873041299999378e-01 -9.1464865675753426e+00 8.3367917000000003e-03 1.4009695999999999e-01
-3.0086171247288473e-01 -4.9147156494524410e+01 5.1301411157695487e-01 1.9228971526606831e+01 -1.1822080868830085e+02 2.5389995915866139e+00 5.7422569924531841e-01 -8.9727858889071648e+00 8.5920070000000005e-03 1.4856159999999999e-01
-2.9339804111666667e-01 -4.7696191632616120e+01 5.1800063589884582e-01 2.2504905204261931e+01 -1.1463517272953538e+02 2.4104712736618148e+00 8.0882803918450341e-01 -8.7969583778027403e+00 8.8441787999999997e-03 1.5727996000000000e-01
-2.8571992006179747e-01 -4.6331505494240858e+01 5.2313043537141124e-01 2.5578005074362803e+01 -1.1103220686710223e+02 2.2872687983715121e+00 1.0327278625025222e+00 -8.6192896489898221e+00 9.0929527999999999e-03 1.6624881999999999e-01
-2.7783040553751526e-01 -4.5048280340101890e+01 5.2840146810927013e-01 2.8451851003067741e+01 -1.0741884952642596e+02 2.1690571101068112e+00 1.2461157490126469e+00 -8.4400672598348905e+00 9.3379794999999995e-03 1.7546460999999999e-01
-2.6973284484250970e-01 -4.3842051555744703e+01 5.3381149776176740e-01 3.1130222891480948e+01 -1.0380197302721791e+02 2.0555212949796129e+00 1.4491839902942423e+00 -8.2595793403020394e+00 9.5789143999999993e-03 1.8492342000000001e-01
-2.6143090202752017e-01 -4.2708685577155904e+01 5.3935807635427258e-01 3.3617101841585217e+01 -1.0018836413931416e+02 1.9463653148527766e+00 1.6421271072959862e+00 -8.0781139938896640e+00 9.8154178999999998e-03 1.9462097000000000e-01
-2.5292851509100489e-01 -4.1644350020038182e+01 5.4503857288601498e-01 3.5916690557477637e+01 -9.6584676276125222e+01 1.8413099548165117e+00 1.8251437841304419e+00 -7.8959572392565445e+00 1.0047156000000000e-02 2.0455266000000000e-01
-2.4422988741827484e-01 -4.0645492926164934e+01 5.5085017904964995e-01 3.8033414583017759e+01 -9.2997397741476576e+01 1.7400914606393110e+00 1.9984375792790861e+00 -7.7133917656341762e+00 1.0273801000000001e-02 2.1471357999999999e-01
-2.3533953058582449e-01 -3.9708828409176412e+01 5.5678988063342483e-01 3.9971907382809178e+01 -8.9432844834374961e+01 1.6424608450225739e+00 2.1622165053867470e+00 -7.5306968263469614e+00 1.0495031000000000e-02 2.2509846000000000e-01
-2.2626221299613491e-01 -3.8831313266158922e+01 5.6285449183858005e-01 4.1737019318596154e+01 -8.5897116542513274e+01 1.5481821589270426e+00 2.3166943655279000e+00 -7.3481461697935320e+00 1.0710529999999999e-02 2.3570173000000000e-01
-2.1700296843853967e-01 -3.8010133178465445e+01 5.6904064955978240e-01 4.3333803494796058e+01 -8.2396075811463021e+01 1.4570316147993974e+00 2.4620905606253927e+00 -7.1660073543567586e+00 1.0919989999999999e-02 2.4651751000000000e-01
-2.0756710465009123e-01 -3.7242688763364249e+01 5.7534480766555818e-01 4.4767503572050629e+01 -7.8935333743074494e+01 1.3687967188509662e+00 2.5986302784338489e+00 -6.9845410451121790e+00 1.1123108000000000e-02 2.5753959999999998e-01
-1.9796017763296223e-01 -3.6526580688460761e+01 5.8176325415699370e-01 4.6043542860814092e+01 -7.5520222002304720e+01 1.2832751524939050e+00 2.7265443746470970e+00 -6.8039997593022354e+00 1.1319591000000000e-02 2.6876150999999998e-01
-1.8818798309357926e-01 -3.5859597546035253e+01 5.8829211688730221e-01 4.7167508533005090e+01 -7.2155775755899725e+01 1.2002739163602096e+00 2.8460690466104230e+00 -6.6246270592375227e+00 1.1509152000000000e-02 2.8017647000000001e-01
-1.7825656500348919e-01 -3.5239706094173251e+01 5.9492735784225714e-01 4.8145132651680029e+01 -6.8846723476149435e+01 1.1196086611785239e+00 2.9574459366492860e+00 -6.4466570231272806e+00 1.1691511000000000e-02 2.9177742000000001e-01
-1.6817222416022520e-01 -3.4665042006520686e+01 6.0166476742062514e-01 4.8982271924974981e+01 -6.5597479562286495e+01 1.0411030401242944e+00 3.0609211964078540e+00 -6.2703139266961614e+00 1.1866398000000000e-02 3.0355700000000002e-01
-1.5794144970037727e-01 -3.4133897290010736e+01 6.0850001019070121e-01 4.9684893418839721e+01 -6.2412114085715544e+01 9.6458751904074114e-01 3.1567458180204224e+00 -6.0958105567891003e+00 1.2033550000000000e-02 3.1550762999999998e-01
-1.4757097902565547e-01 -3.3644716286358005e+01 6.1542858485334029e-01 5.0259047573790191e+01 -5.9294367654544317e+01 8.8989923659196291e-01 3.2451743812507909e+00 -5.9233488846477931e+00 1.2192715000000000e-02 3.2762143999999999e-01
-1.3706775499855900e-01 -3.3196086530978015e+01 6.2244585283979204e-01 5.0710850018035977e+01 -5.6247633778371615e+01 8.1688109814956156e-01 3.3264648860258013e+00 -5.7531190535696437e+00 1.2343646000000000e-02 3.3989032000000002e-01
-1.2643893450324256e-01 -3.2786732624473345e+01 6.2954703259213385e-01 5.1046464463736982e+01 -5.3274961398144534e+01 7.4538125767647179e-01 3.4008780113049522e+00 -5.5852993270043978e+00 1.2486109000000000e-02 3.5230591000000000e-01
-1.1569185420205114e-01 -3.2415510088414493e+01 6.3672722244153812e-01 5.1272053426989224e+01 -5.0379046718016596e+01 6.7525240967037337e-01 3.4686766642631035e+00 -5.4200553885932941e+00 1.2619877000000000e-02 3.6485963999999999e-01
-1.0483405621811898e-01 -3.2081401487765859e+01 6.4398138344957201e-01 5.1393811691664638e+01 -4.7562244015546050e+01 6.0635141071536092e-01 3.5301250719591248e+00 -5.2575407210334424e+00 1.2744734000000001e-02 3.7754270000000001e-01
-9.3873262452770778e-02 -3.1783511436144998e+01 6.5130435656689789e-01 5.1417892256143055e+01 -4.4826564111279048e+01 5.3853863912897948e-01 3.5854882630456077e+00 -5.0978962154693477e+00 1.2860473000000001e-02 3.9034606999999999e-01
-8.2817357463789210e-02 -3.1521062853965191e+01 6.5869087407240712e-01 5.1350409078555572e+01 -4.2173677876477313e+01 4.7167741928149387e-01 3.6350314450234049e+00 -4.9412500356809428e+00 1.2966896000000000e-02 4.0326054000000000e-01
-7.1674405587147549e-02 -3.1293394726567364e+01 6.6613554813408626e-01 5.1197414750133234e+01 -3.9604929562153998e+01 4.0563365181850686e-01 3.6790191918330315e+00 -4.7877180089710150e+00 1.3063819000000001e-02 4.1627669000000000e-01
-6.0452599571812260e-02 -3.1099958736036307e+01 6.7363290512641871e-01 5.0964880414015326e+01 -3.7121335705656897e+01 3.4027506380221673e-01 3.7177148642236304e+00 -4.6374031898684098e+00 1.3151064000000001e-02 4.2938494999999999e-01
-4.9160311944940194e-02 -3.0940318845420308e+01 6.8117735131298263e-01 5.0658678595128919e+01 -3.4723609669944175e+01 2.7547105069754418e-01 3.7513799753786969e+00 -4.4903967890692131e+00 1.3228465999999999e-02 4.4257553999999999e-01
-3.7806026524949077e-02 -3.0814149077056651e+01 6.8876321860298706e-01 5.0284565774212027e+01 -3.2412158944618220e+01 2.1109183026104250e-01 3.7802735319430858e+00 -4.3467776352615450e+00 1.3295871000000001e-02 4.5583855000000001e-01
-2.6398372664982295e-02 -3.0721233782455730e+01 6.9638474167300379e-01 4.9848168655806973e+01 -3.0187108336821719e+01 1.4700819058487191e-01 3.8046514360396664e+00 -4.2066130182225425e+00 1.3353135000000000e-02 4.6916390000000002e-01
-1.4946082448577702e-02 -3.0661467406373639e+01 7.0403608656480143e-01 4.9354964642131264e+01 -2.8048306475090602e+01 8.3090791768771988e-02 3.8247659393729139e+00 -4.0699585888511818e+00 1.3400123999999999e-02 4.8254139000000001e-01
-3.4580078114001545e-03 -3.0634855614929947e+01 7.1171133924621266e-01 4.8810276473891093e+01 -2.5995346140068960e+01 1.9209763026348359e-02 3.8408650838244358e+00 -3.9368590636460157e+00 1.3436718000000000e-02 4.9596067999999999e-01
8.0569137022233339e-03 -3.0641516664670423e+01 7.1940452848940084e-01 4.8219255443983457e+01 -2.4027574554936841e+01 -4.4765891534730429e-02 3.8531922365500662e+00 -3.8073483432404860e+00 1.3462807000000000e-02 5.0941133000000005e-01
1.9589624695838692e-02 -3.0681683635015862e+01 7.2710960299259320e-01 4.7586874318246963e+01 -2.2144117693136423e+01 -1.0896868634584966e-01 3.8619855603258189e+00 -3.6814504352449107e+00 1.3478291000000000e-02 5.2288276000000000e-01
3.1131024968660825e-02 -3.0755707466523422e+01 7.3482048285618218e-01 4.6917916795910159e+01 -2.0343884600566973e+01 -1.7353352025763713e-01 3.8674776922736145e+00 -3.5591791800813901e+00 1.3483083000000000e-02 5.3636434000000000e-01
4.2671928711242646e-02 -3.0864060686242343e+01 7.4253103098489115e-01 4.6216970444038346e+01 -1.8625593405962320e+01 -2.3859806715229670e-01 3.8698952834524603e+00 -3.4405393523825047e+00 1.3477108000000000e-02 5.4984533999999996e-01
5.4203081627207106e-02 -3.1007341849030038e+01 7.5023506452690891e-01 4.5488423202259185e+01 -1.6987786342747690e+01 -3.0430336775843747e-01 3.8694586921077820e+00 -3.3255270330893079e+00 1.3460300999999999e-02 5.6331494999999998e-01
6.5715186615846299e-02 -3.1186281197576342e+01 7.5792637203258939e-01 4.4736456460526547e+01 -1.5428844083886970e+01 -3.7079461586445706e-01 3.8663816501170301e+00 -3.2141300309895255e+00 1.3432611000000001e-02 5.7676231000000000e-01
7.7198920893853606e-02 -3.1401747367901152e+01 7.6559872489358582e-01 4.3965042596631797e+01 -1.3947001849257557e+01 -4.3822190744048584e-01 3.8608711499989199e+00 -3.1063283304523757e+00 1.3393997000000000e-02 5.9017653000000003e-01
8.8644910312724923e-02 -3.1654754350952945e+01 7.7324586018415009e-01 4.3177945267621951e+01 -1.2540370345055756e+01 -5.0674078489369601e-01 3.8531270580619275e+00 -3.0020949654457794e+00 1.3344429999999999e-02 6.0354666000000001e-01
1.0004376360222411e-01 -3.1946470458538116e+01 7.8086150353940043e-01 4.2378716352103773e+01 -1.1206948449420606e+01 -5.7651319781574850e-01 3.8433420574489352e+00 -2.9013963629187534e+00 1.3283893999999999e-02 6.1686173000000000e-01
1.1138610661384729e-01 -3.2278229168610842e+01 7.8843939203358893e-01 4.1570696027373110e+01 -9.9446362969624840e+00 -6.4770852396720269e-01 3.8317014683666035e+00 -2.8041926518679947e+00 1.3212384000000001e-02 6.3011079000000003e-01
1.2266253095562540e-01 -3.2651538976420284e+01 7.9597323986269974e-01 4.0757018138168597e+01 -8.7512573992429683e+00 -7.2050415971865123e-01 3.8183832090716150e+00 -2.7104387563307064e+00 1.3129907000000000e-02 6.4328284999999996e-01
1.3386365391818866e-01 -3.3068097625526100e+01 8.0345677838141816e-01 3.9940609466736298e+01 -7.6245673823993982e+00 -7.9508686161413955e-01 3.8035577172390811e+00 -2.6200844838937307e+00 1.3036481000000001e-02 6.5636695000000000e-01
1.4498012703563157e-01 -3.3529807304348360e+01 8.1088376182269672e-01 3.9124193266753359e+01 -6.5622684605130557e+00 -8.7165389553907424e-01 3.7873877860193512e+00 -2.5330750747669977e+00 1.2932137999999999e-02 6.6935217000000002e-01
1.5600261040291519e-01 -3.4038790064627996e+01 8.1824795013905494e-01 3.8310296145383717e+01 -5.5620259285525782e+00 -9.5041405173550619e-01 3.7700292244796865e+00 -2.4493520016447969e+00 1.2816919000000000e-02 6.8222760000000005e-01
1.6692182404106382e-01 -3.4597408641682250e+01 8.2554314331998069e-01 3.7501250441680220e+01 -4.6214768105849151e+00 -1.0315893188422354e+00 3.7516296970610172e+00 -2.3688531330410445e+00 1.2690879000000000e-02 6.9498240000000000e-01
1.7772853077543305e-01 -3.5208287164563906e+01 8.3276316995279598e-01 3.6699201503642286e+01 -3.7382441172034038e+00 -1.1154162395111142e+00 3.7323299755798627e+00 -2.2915134223518132e+00 1.2554085000000000e-02 7.0760577999999996e-01
1.8841354479657568e-01 -3.5874335450394184e+01 8.3990189294222461e-01 3.5906114532193278e+01 -2.9099475862452384e+00 -1.2021476022880471e+00 3.7122634898943665e+00 -2.2172653646865252e+00 1.2406611999999999e-02 7.2008700999999997e-01
1.9896777446457292e-01 -3.6598779247888771e+01 8.4695323810822609e-01 3.5123778281279876e+01 -2.1342115585027002e+00 -1.2920546269624811e+00 3.6915564773718428e+00 -2.1460392080238608e+00 1.2248551000000000e-02 7.3241546999999996e-01
2.0938219662643553e-01 -3.7385190118470923e+01 8.5391117702729480e-01 3.4353815723779810e+01 -1.4086766988672548e+00 -1.3854288366427949e+00 3.6703282426540769e+00 -2.0777636329191105e+00 1.2080001999999999e-02 7.4458062000000003e-01
2.1964787373783634e-01 -3.8237522103728459e+01 8.6076973847159444e-01 3.3597690022232143e+01 -7.3100855026372991e-01 -1.4825749226130602e+00 3.6486912706021641e+00 -2.0123660688743934e+00 1.1901076999999999e-02 7.5657202000000001e-01
2.2975597098484313e-01 -3.9160153785781034e+01 8.6752301984809099e-01 3.2856712969191655e+01 -9.8904081863434842e-02 -1.5838615759116224e+00 3.6267514049738652e+00 -1.9497730402937135e+00 1.1711898000000000e-02 7.6837935000000002e-01
2.3969778196651659e-01 -4.0157937686243521e+01 8.7416520435725431e-01 3.2132050508337223e+01 4.8990168657950667e-01 -1.6896287059804938e+00 3.6046080692424023e+00 -1.8899104179005328e+00 1.1512599000000000e-02 7.7999244000000001e-01
2.4946468589057946e-01 -4.1236250039066626e+01 8.8069053239522277e-01 3.1424736100757134e+01 1.0376267054736863e+00 -1.8002864974524746e+00 3.5823543948767669e+00 -1.8327040591698753e+00 1.1303326000000001e-02 7.9140122000000002e-01
2.5904823318207904e-01 -4.2401061245572528e+01 8.8709335874947293e-01 3.0735671386503043e+01 1.5464403472711821e+00 -1.9162722561780661e+00 3.5600775878043840e+00 -1.7780796729994648e+00 1.1084235000000000e-02 8.0259581999999996e-01
2.6844006843559087e-01 -4.3658998956167636e+01 8.9336810112271703e-01 3.0065642467103682e+01 2.0184541492225314e+00 -2.0380636752119234e+00 3.5378590719962189e+00 -1.7259635910285935e+00 1.0855490000000001e-02 8.1356647999999998e-01
2.7763200746301464e-01 -4.5017440115489400e+01 8.9950929160900528e-01 2.9415321786019597e+01 2.4557211008291162e+00 -2.1661849837143627e+00 3.5157746948544477e+00 -1.6762826530675763e+00 1.0617270000000000e-02 8.2430364000000000e-01
2.8661602017184196e-01 -4.6484605897066139e+01 9.0551156525459153e-01 2.8785278652496888e+01 2.8602308008908417e+00 -2.3012128711193927e+00 3.4938950032570379e+00 -1.6289645897966123e+00 1.0369760000000000e-02 8.3479791999999997e-01
2.9538423912602252e-01 -4.8069675832380824e+01 9.1136966577750123e-01 2.8175986700524270e+01 3.2339063535103230e+00 -2.4437837042597734e+00 3.4722854874416944e+00 -1.5839382548768619e+00 1.0113159000000000e-02 8.4504013000000000e-01
3.0392896810683034e-01 -4.9782921855884986e+01 9.1707845128709731e-01 2.7587833556798909e+01 3.5786021233913217e+00 -2.5946020091732476e+00 3.4510068190169676e+00 -1.5411338051811037e+00 9.8476710000000005e-03 8.5502127999999999e-01
3.1224268211286366e-01 -5.1635864112912202e+01 9.2263289428408068e-01 2.7021124491387678e+01 3.8961015178296154e+00 -2.7544502610741008e+00 3.4301151221807107e+00 -1.5004829426879087e+00 9.5735140000000000e-03 8.6473257999999997e-01
3.2031807016437597e-01 -5.3641466411094093e+01 9.2802811025832455e-01 2.6476092565282013e+01 4.1881168304283865e+00 -2.9242013678249115e+00 3.4096621148328303e+00 -1.4619189015290974e+00 9.2909130999999992e-03 8.7416548999999999e-01
3.2814799249894511e-01 -5.5814348245216181e+01 9.3325932909103992e-01 2.5952906016511832e+01 4.4562865089122718e+00 -3.1048317748685879e+00 3.3896954798748480e+00 -1.4253768373161895e+00 9.0001030000000006e-03 8.8331166999999999e-01
3.3572553193667054e-01 -5.8171063658882787e+01 9.3832192937217729e-01 2.5451672143224798e+01 4.7021760301053313e+00 -3.2974392535522741e+00 3.3702589937724143e+00 -1.3907937453029804e+00 8.7013270999999996e-03 8.9216304000000002e-01
3.4304396819757454e-01 -6.0730416750789651e+01 9.4321142124172530e-01 2.4972448119054306e+01 4.9272764841508128e+00 -3.5032625594613407e+00 3.3513928383905851e+00 -1.3581086493320849e+00 8.3948374000000006e-03 9.0071175000000003e-01
3.5009682070593329e-01 -6.3513868858748353e+01 9.4792347498754581e-01 2.4515242724431804e+01 5.1330058549986948e+00 -3.7237075106235196e+00 3.3331337255565856e+00 -1.3272629897666606e+00 8.0808944000000001e-03 9.0895022999999997e-01
3.5687781434681243e-01 -6.6546010330817907e+01 9.5245389816710635e-01 2.4080025883722733e+01 5.3207083554543315e+00 -3.9603760582300800e+00 3.3155152166371700e+00 -1.2981999958509696e+00 7.7597663000000001e-03 9.1687114999999997e-01
3.6338091370953118e-01 -6.9855172621835791e+01 9.5679865848574697e-01 2.3666732420854768e+01 5.4916555326494736e+00 -4.2151055379660107e+00 3.2985678902404700e+00 -1.2708655020055248e+00 7.4317293999999999e-03 9.2446746000000002e-01
3.6960033164852923e-01 -7.3474187553183313e+01 9.6095388951624794e-01 2.3275267330905894e+01 5.6470472968423291e+00 -4.4900164433920704e+00 3.2823194976662160e+00 -1.2452076315272580e+00 7.0970672000000004e-03 9.3173240000000002e-01
3.7553051216163380e-01 -7.7441333070805470e+01 9.6491587925969557e-01 2.2905512117995258e+01 5.7880123372992589e+00 -4.7875721590519591e+00 3.2667952394835558e+00 -1.2211769395573173e+00 6.7560703000000000e-03 9.3865947999999999e-01
3.8116617319439128e-01 -8.1801587651878208e+01 9.6868109874331687e-01 2.2557327301010460e+01 5.9156100450749438e+00 -5.1106587412133306e+00 3.2520178617049287e+00 -1.1987264228508363e+00 6.4090362999999996e-03 9.4524253000000003e-01
3.8650225527486926e-01 -8.6608192165026495e+01 9.7224616770307792e-01 2.2230560201359431e+01 6.0308303931987055e+00 -5.4626835655688666e+00 3.2380079540478763e+00 -1.1778116493470068e+00 6.0562691999999996e-03 9.5147563999999996e-01
3.9153400712231923e-01 -9.1924837773050768e+01 9.7560791177935291e-01 2.1925044248432467e+01 6.1345973197737038e+00 -5.8477150718767437e+00 3.2247839317927878e+00 -1.1583905990337151e+00 5.6980790999999996e-03 9.5735325999999998e-01
3.9625690003851421e-01 -9.7828441275118720e+01 9.7876330532125533e-01 2.1640608098896486e+01 6.2277678917566766e+00 -6.2706586654930270e+00 3.2123624195652121e+00 -1.1404239671370910e+00 5.3347821999999998e-03 9.6287009999999995e-01
4.0066671351641092e-01 -1.0441315724863570e+02 9.8170952858230698e-01 2.1377074941542919e+01 6.3111355166557956e+00 -6.7375132736832688e+00 3.2007581858417762e+00 -1.1238748611067209e+00 4.9667000000000001e-03 9.6802122999999995e-01
4.0475947531408629e-01 -1.1179582669355342e+02 9.8444392768346944e-01 2.1134268554734778e+01 6.3854300805545270e+00 -7.2557186759649088e+00 3.1899844639193953e+00 -1.1087090977899383e+00 4.5941591999999996e-03 9.7280200999999999e-01
4.0853152994166686e-01 -1.2012407136905956e+02 9.8696406036967910e-01 2.0912013200042761e+01 6.4513204673650177e+00 -7.8346738924285440e+00 3.1800528898143168e+00 -1.0948949574912057e+00 4.2174915999999996e-03 9.7720817000000004e-01
4.1197947017439973e-01 -1.2958807429208628e+02 9.8926765025331265e-01 2.0710140093936072e+01 6.5094148575292099e+00 -8.4864910584795137e+00 3.1709738198540185e+00 -1.0824034417608723e+00 3.8370333000000002e-03 9.8123572999999997e-01
4.1510020553958193e-01 -1.4043918059756317e+02 9.9135263257072159e-01 2.0528486623505195e+01 6.5602628241134715e+00 -9.2271881814529131e+00 3.1627562657029937e+00 -1.0712080114900957e+00 3.4531249000000000e-03 9.8488107999999996e-01
4.1789093663396149e-01 -1.5301971407460388e+02 9.9321713702353187e-01 2.0366899740436054e+01 6.6043564555531598e+00 -1.0078605290985385e+01 3.1554081020726246e+00 -1.0612849073822390e+00 3.0661112999999999e-03 9.8814095000000002e-01
4.2034913800200524e-01 -1.6781405367272063e+02 9.9485947633950989e-01 2.0225239232970203e+01 6.6421310048664628e+00 -1.1071685580685701e+01 3.1489361491934091e+00 -1.0526127693945362e+00 2.6763420000000000e-03 9.9101238999999997e-01
4.2247260950109655e-01 -1.8554287989828396e+02 9.9627818058996420e-01 2.0103376675020854e+01 6.6739666834263858e+00 -1.2252541482410358e+01 3.1433461648942638e+00 -1.0451729127526783e+00 2.2841723000000002e-03 9.9349282999999999e-01
4.2425945917980212e-01 -2.0735302406938547e+02 9.9747198575061147e-01 2.0001198011142243e+01 6.7001895760763093e+00 -1.3694680860218135e+01 3.1386429517340084e+00 -1.0389491710247620e+00 1.8899688000000000e-03 9.9558005999999999e-01
4.2570809471700610e-01 -2.3525418897621125e+02 9.9843982798200948e-01 1.9918605375659613e+01 6.7210720435575180e+00 -1.5527152658206445e+01 3.1348304511365734e+00 -1.0339279727279058e+00 1.4941295000000000e-03 9.9727222000000004e-01
4.2681734327403742e-01 -2.7335225322740507e+02 9.9918092370349387e-01 1.9855511194761174e+01 6.7368353113752706e+00 -1.8014081781296518e+01 3.1319114471031875e+00 -1.0300979263754930e+00 1.0971916000000000e-03 9.9856794000000004e-01
4.2758677680758517e-01 -3.3290509536993392e+02 9.9969498693671999e-01 1.9811822131636806e+01 6.7476545133226224e+00 -2.1880869891329610e+01 3.1298869005244998e+00 -1.0274487135761445e+00 7.0085733000000002e-04 9.9946672000000003e-01
