-1.4426567002677110e-01 -1.8855089856288319e+03 1.4426684071910109e-01 -1.7126035631223235e+03 -4.9955784834335947e+02 1.2163350948171070e+02 -1.1051948175615850e+02 -3.2112387449719918e+01 5.5301730000000003e-06 1.0230946000000001e-06
-1.4426021653368878e-01 -1.4134911958808889e+03 1.4428301480295994e-01 -1.2401667469459012e+03 -4.9944958720137276e+02 9.1289400260341054e+01 -8.0156230463100570e+01 -3.2107530091017225e+01 3.5894988000000002e-05 1.9923924999999999e-05
-1.4424310689605727e-01 -1.1942942050419697e+03 1.4433375892414416e-01 -1.0198987673934045e+03 -4.9911005078040506e+02 7.7193561157866441e+01 -6.6011265229083818e+01 -3.2092295009551158e+01 8.5619985000000003e-05 7.9222864999999994e-05
-1.4420923536669011e-01 -1.0502682759651664e+03 1.4443421581446059e-01 -8.7405660381346763e+02 -4.9843841126674789e+02 6.7925862874465992e+01 -5.6659942965506694e+01 -3.2062153417543158e+01 1.5173507999999999e-04 1.9661552000000001e-04
-1.4415413336502095e-01 -9.4309697493317833e+02 1.4459763848362600e-01 -7.6428883965216414e+02 -4.9734730222115826e+02 6.1023001505871505e+01 -4.9637090980986684e+01 -3.2013173037986036e+01 2.3255418000000001e-04 3.8758918999999998e-04
-1.4407373682503660e-01 -8.5795606042312261e+02 1.4483608022363384e-01 -6.7576950887171506e+02 -4.9575867094526387e+02 5.5531938219128392e+01 -4.3989309132638752e+01 -3.1941827624584874e+01 3.2689763000000001e-04 6.6622920000000002e-04
-1.4396428033291175e-01 -7.8753126238814718e+02 1.4516070857757141e-01 -6.0120526394143872e+02 -4.9360219495931392e+02 5.0982485575392310e+01 -3.9247067269635068e+01 -3.1844921150358399e+01 4.3385032000000002e-04 1.0455858000000000e-03
-1.4382223788130510e-01 -7.2766918890493332e+02 1.4558198105176809e-01 -5.3648051498430470e+02 -4.9081465489819072e+02 4.7107708812835668e+01 -3.5144845954809973e+01 -3.1719554793420102e+01 5.5265518999999999e-04 1.5378795000000000e-03
-1.4364428624600137e-01 -6.7578147046461027e+02 1.4610975373411622e-01 -4.7905795162197933e+02 -4.8733977310689113e+02 4.3741322281627852e+01 -3.1518367759819572e+01 -3.1563114521927140e+01 6.8265765000000004e-04 2.1546280000000000e-03
-1.4342728025583956e-01 -6.3014375803343160e+02 1.4675335463903530e-01 -4.2727502076840636e+02 -4.8312828959990446e+02 4.0772614681157968e+01 -2.8259408792003377e+01 -3.1373269619504939e+01 8.2327310000000005e-04 2.9067318999999999e-03
-1.4316823594244821e-01 -5.8954798627588502e+02 1.4752163368233964e-01 -3.7999427902682498e+02 -4.7813818409935038e+02 3.8124085790653780e+01 -2.5293351128987648e+01 -3.1147977925034187e+01 9.7396649000000004e-04 3.8045331000000002e-03
-1.4286431821993195e-01 -5.5311361222631172e+02 1.4842299922108151e-01 -3.3641305591080931e+02 -4.7233495974912489e+02 3.5739305652819475e+01 -2.2566973850958988e+01 -3.0885494343693001e+01 1.1342389000000000e-03 4.8578574999999999e-03
-1.4251283188267533e-01 -5.2017796170898771e+02 1.4946544475245319e-01 -2.9595242883822408e+02 -4.6569195956892349e+02 3.3575859923306801e+01 -2.0041340245474107e+01 -3.0584381155760596e+01 1.3036180000000001e-03 6.0760461999999999e-03
-1.4211121508452110e-01 -4.9022897169766577e+02 1.5065656825337609e-01 -2.5818872326999502e+02 -4.5819069344865238e+02 3.1601021970740508e+01 -1.7687418936156256e+01 -3.0243518886108703e+01 1.4816515000000000e-03 7.4679780999999997e-03
-1.4165703405863597e-01 -4.6286203974600375e+02 1.5200358784043352e-01 -2.2280915362635906e+02 -4.4982105705907543e+02 2.9788975519064330e+01 -1.5483258023856221e+01 -2.9862116327542829e+01 1.6679024999999999e-03 9.0420881999999994e-03
-1.4114797953971464e-01 -4.3775135507711877e+02 1.5351335238097286e-01 -1.8958200854235065e+02 -4.4058161754788790e+02 2.8118968912673864e+01 -1.3412094412825619e+01 -2.9439719520112604e+01 1.8619452999999999e-03 1.0806380000000001e-02
-1.4058186344586257e-01 -4.1463019849163805e+02 1.5519235133404682e-01 -1.5833583221667922e+02 -4.3047973135535199e+02 2.6574046357681457e+01 -1.1461040764604835e+01 -2.8976218248255460e+01 2.0633631000000000e-03 1.2768437000000001e-02
-1.3995661734937678e-01 -3.9327710964129255e+02 1.5704671928580394e-01 -1.2894444260501240e+02 -4.1953162308880337e+02 2.5140156919934540e+01 -9.6201521102417047e+00 -2.8471850877581641e+01 2.2717459999999998e-03 1.4935428000000001e-02
-1.3927028990881171e-01 -3.7350585601010374e+02 1.5908224356552139e-01 -1.0131580440117700e+02 -4.0776235862223388e+02 2.3805508124290853e+01 -7.8817366463013050e+00 -2.7927204980371709e+01 2.4866887000000002e-03 1.7314116000000001e-02
-1.3852104692668549e-01 -3.5515812266788095e+02 1.6130436407445828e-01 -7.5383637283867060e+01 -3.9520573084196695e+02 2.2560094954801553e+01 -6.2398441404692715e+00 -2.7343216355019777e+01 2.7077901999999999e-03 1.9910858000000000e-02
-1.3770716817562884e-01 -3.3809794675373377e+02 1.6371818269892996e-01 -5.1100757753149303e+01 -3.8190398752872386e+02 2.1395340970544808e+01 -4.6898657459635320e+00 -2.6721161932022156e+01 2.9346520999999999e-03 2.2731616000000000e-02
-1.3682704912957652e-01 -3.2220759065473425e+02 1.6632845817590380e-01 -2.8433951161893180e+01 -3.6790751782829449e+02 2.0303832340366590e+01 -3.2282302776928375e+00 -2.6062652200953671e+01 3.1668782999999998e-03 2.5781951000000001e-02
-1.3587919923257591e-01 -3.0738427445380086e+02 1.6913961122740348e-01 -7.3597074384631798e+00 -3.5327439293188468e+02 1.9279107484694222e+01 -1.8521553880437032e+00 -2.5369617312834663e+01 3.4040742000000001e-03 2.9067029000000001e-02
-1.3486224074465908e-01 -2.9353763873038588e+02 1.7215572798344506e-01 1.2139244408153131e+01 -3.3806973392513970e+02 1.8315493153819993e+01 -5.5944797099705923e-01 -2.4644289887528533e+01 3.6458464000000000e-03 3.2591624999999999e-02
-1.3377491047303455e-01 -2.8058777193809897e+02 1.7538055484763282e-01 3.0076731053922746e+01 -3.2236511193607060e+02 1.7407977721503507e+01 6.5165503728179797e-01 -2.3889185437518130e+01 3.8918026000000000e-03 3.6360116999999997e-02
-1.3261605746383182e-01 -2.6846357476775700e+02 1.7881750534303142e-01 4.6465545689391391e+01 -3.0623771028164305e+02 1.6552106001141020e+01 1.7826231635473881e+00 -2.3107077235726607e+01 4.1415510999999999e-03 4.0376493999999999e-02
-1.3138464386769705e-01 -2.5710150134847436e+02 1.8246965754496405e-01 6.1319372536415557e+01 -2.8976947555217737e+02 1.5743896949582011e+01 2.8347416731113597e+00 -2.2300969395391608e+01 4.3947007000000003e-03 4.4644352999999998e-02
-1.3007974493979316e-01 -2.4644447076185236e+02 1.8633975408101211e-01 7.4654385539198600e+01 -2.7304620120379576e+02 1.4979775817503707e+01 3.8092032128969460e+00 -2.1474066743933061e+01 4.6508610999999997e-03 4.9166899000000000e-02
-1.2870054788567212e-01 -2.3644101067562767e+02 1.9043020555395160e-01 8.6490549759518885e+01 -2.5615646426871717e+02 1.4256517721949727e+01 4.7071845807732782e+00 -2.0629741179120401e+01 4.9096423000000002e-03 5.3946949000000001e-02
-1.2724635330393450e-01 -2.2704454424501833e+02 1.9474308626308279e-01 9.6852621513396031e+01 -2.3919062209902293e+02 1.3571202299241511e+01 5.5299074058272097e+00 -1.9771497538220292e+01 5.1706551000000002e-03 5.8986927000000001e-02
-1.2571657258944222e-01 -2.1821276926209160e+02 1.9928014190583662e-01 1.0577091548431808e+02 -2.2223969300575214e+02 1.2921173883543025e+01 6.2786898697835625e+00 -1.8902935491100937e+01 5.4335110000000002e-03 6.4288872999999996e-02
-1.2411073053010580e-01 -2.0990716927139184e+02 2.0404278187616842e-01 1.1328181337339805e+02 -2.0539429071850358e+02 1.2304010417127385e+01 6.9549844091708630e+00 -1.8027713522282596e+01 5.6978226000000002e-03 6.9854434000000007e-02
-1.2242846242156519e-01 -2.0209256726607722e+02 2.0903208782189814e-01 1.1942808268621680e+02 -1.8874350957734598e+02 1.1717494815791349e+01 7.5604087055969114e+00 -1.7149509027985875e+01 5.9632034000000004e-03 7.5684873999999999e-02
-1.2066951550984931e-01 -1.9473676851617918e+02 2.1424880936604018e-01 1.2425896415299333e+02 -1.7237388377739509e+02 1.1159592348292867e+01 8.0967659899205575e+00 -1.6271981182411892e+01 6.2292681999999997e-03 8.1781068999999998e-02
-1.1883374783724839e-01 -1.8781024063515770e+02 2.1969336752973972e-01 1.2783011002608261e+02 -1.5636835401994088e+02 1.0628430257030127e+01 8.5660582852294063e+00 -1.5398732962193661e+01 6.4956331999999999e-03 8.8143510999999994e-02
-1.1692112824231392e-01 -1.8128584389799022e+02 2.2536585473227250e-01 1.3020330986750656e+02 -1.4080531877914544e+02 1.0122280666125238e+01 8.9704922685016566e+00 -1.4533274895368612e+01 6.7619166000000000e-03 9.4772308000000000e-02
-1.1493173462866715e-01 -1.7513859025265180e+02 2.3126603992544909e-01 1.3144610815235023e+02 -1.2575774593317198e+02 9.6395453064079675e+00 9.3124788827376612e+00 -1.3678990112977079e+01 7.0277381999999996e-03 1.0166719000000000e-01
-1.1286575367646706e-01 -1.6934543952164989e+02 2.3739336944934905e-01 1.3163125203395043e+02 -1.1129238154373522e+02 9.1787426878648315e+00 9.5946269251646861e+00 -1.2839102230076373e+01 7.2927204000000001e-03 1.0882751000000000e-01
-1.1072348488185746e-01 -1.6388513134000718e+02 2.4374695505204425e-01 1.3083608371345372e+02 -9.7469116232591816e+01 8.7384976477615712e+00 9.8197295057385556e+00 -1.2016647665735904e+01 7.5564877000000004e-03 1.1625223000000000e-01
-1.0850533218954095e-01 -1.5873800391866359e+02 2.5032559870588600e-01 1.2914164763905990e+02 -8.4340346914225933e+01 8.3175296893947976e+00 9.9907519179720055e+00 -1.1214446254985861e+01 7.8186677999999999e-03 1.2393994999999999e-01
-1.0621180341571514e-01 -1.5388585851611415e+02 2.5712779431897309e-01 1.2663214222449024e+02 -7.1950553967186991e+01 7.9146443242012978e+00 1.0110808437808414e+01 -1.0435078744065256e+01 8.0788911000000008e-03 1.3188891000000000e-01
-1.0384351890403047e-01 -1.4931185499826358e+02 2.6415170206313077e-01 1.2339377659285095e+02 -6.0336036842653144e+01 7.5287271989846740e+00 1.0183139938957721e+01 -9.6808711003615837e+00 8.3367917000000003e-03 1.4009695999999999e-01
-1.0140119998431306e-01 -1.4500037731179827e+02 2.7139518260327206e-01 1.1951400097292674e+02 -4.9524672289437767e+01 7.1587349420648820e+00 1.0211089543725535e+01 -8.9538757830750040e+00 8.5920070000000005e-03 1.4856159999999999e-01
-9.8885674743203283e-02 -1.4093694881308141e+02 2.7885577998271716e-01 1.1508056142866060e+02 -3.9535897096311871e+01 6.8036902216948096e+00 1.0198073932820668e+01 -8.2558629579949461e+00 8.8441787999999997e-03 1.5727996000000000e-01
-9.6297872253517158e-02 -1.3710813455161519e+02 2.8653073873787410e-01 1.1018057333106185e+02 -3.0380764113001494e+01 6.4626754332992444e+00 1.0147556178297181e+01 -7.5883121938974050e+00 9.0929527999999999e-03 1.6624881999999999e-01
-9.3638822574246383e-02 -1.3350146443960779e+02 2.9441700389823872e-01 1.0489964684920049e+02 -2.2062147891974515e+01 6.1348278124315634e+00 1.0063016677502512e+01 -6.9524103439681362e+00 9.3379794999999995e-03 1.7546460999999999e-01
-9.0909653865238998e-02 -1.3010536022085006e+02 3.0251122954373499e-01 9.9321025267983273e+01 -1.4575056709767431e+01 5.8193349000895651e+00 9.9479256784696020e+00 -6.3490523755476369e+00 9.5789143999999993e-03 1.8492342000000001e-01
-8.8111601043157309e-02 -1.2690908171791844e+02 3.1080975313269421e-01 9.3524819717486466e+01 -7.9070781483710766e+00 5.5154313724882069e+00 9.8057072983304714e+00 -5.7788485546577437e+00 9.8154178999999998e-03 1.9462097000000000e-01
-8.5245991354881354e-02 -1.2390265253471678e+02 3.1930863828855616e-01 8.7587266857251123e+01 -2.0388507548574433e+00 5.2223938102940508e+00 9.6397300712479375e+00 -5.2421297654774204e+00 1.0047156000000000e-02 2.0455266000000000e-01
-8.2314241492189605e-02 -1.2107680733001281e+02 3.2800368335721031e-01 8.1580083035368517e+01 3.0553325045243933e+00 4.9395373533072231e+00 9.4532627562017684e+00 -4.7389597560165706e+00 1.0273801000000001e-02 2.1471357999999999e-01
-7.9317872018355523e-02 -1.1842296051636204e+02 3.3689037862029325e-01 7.5569952470191737e+01 7.4068418349518357e+00 4.6662140528635270e+00 9.2494629611388479e+00 -4.2691527244717875e+00 1.0495031000000000e-02 2.2509846000000000e-01
-7.6258490056231670e-02 -1.1593314514443472e+02 3.4596395763923138e-01 6.9618043415188353e+01 1.1052024511384243e+01 4.4018084561551332e+00 9.0313513790966677e+00 -3.8322873878581500e+00 1.0710529999999999e-02 2.3570173000000000e-01
-7.3137792173569069e-02 -1.1359998061508445e+02 3.5521938869790004e-01 6.3779667684813390e+01 1.4031451986937325e+01 4.1457354660614616e+00 8.8017955120315428e+00 -3.4277269196267621e+00 1.0919989999999999e-02 2.4651751000000000e-01
-6.9957567268336476e-02 -1.1141663896969439e+02 3.6465136624528371e-01 5.8104044347987731e+01 1.6389148729314496e+01 3.8974381938806455e+00 8.5634936559583004e+00 -3.0546411306083394e+00 1.1123108000000000e-02 2.5753959999999998e-01
-6.6719687912762463e-02 -1.0937680673001005e+02 3.7425433656749674e-01 5.2634130025352341e+01 1.8171826798615051e+01 3.6563852326657256e+00 8.3189618242942611e+00 -2.7120267009361192e+00 1.1319591000000000e-02 2.6876150999999998e-01
-6.3426107468016135e-02 -1.0747465607346878e+02 3.8402250634512358e-01 4.7406585657361290e+01 1.9428118927504023e+01 3.4220683525550601e+00 8.0705246975755216e+00 -2.3987312311234308e+00 1.1509152000000000e-02 2.8017647000000001e-01
-6.0078862969526442e-02 -1.0570482111992943e+02 3.9394983409587875e-01 4.2451816786421752e+01 2.0207834189473740e+01 3.1940008980896328e+00 7.8203084594526322e+00 -2.1134756151083711e+00 1.1691511000000000e-02 2.9177742000000001e-01
-5.6680078012301474e-02 -1.0406237547082489e+02 4.0403002161726626e-01 3.7794119818585322e+01 2.0561246966823418e+01 2.9717096877282643e+00 7.5702378363313230e+00 -1.8548792155955873e+00 1.1866398000000000e-02 3.0355700000000002e-01
-5.3231939668373973e-02 -1.0254280011203355e+02 4.1425658244530250e-01 3.3451859603248664e+01 2.0538435223633265e+01 2.7547650195467095e+00 7.3220331752415841e+00 -1.6214795202492749e+00 1.2033550000000000e-02 3.1550762999999998e-01
-4.9736718684036549e-02 -1.0114197509847200e+02 4.2462278195313380e-01 2.9437789365599627e+01 2.0188663300522379e+01 2.5427140086216804e+00 7.0772137039946861e+00 -1.4117568135703380e+00 1.2192715000000000e-02 3.2762143999999999e-01
-4.6196755053245081e-02 -9.9856156079293214e+01 4.3512168013773805e-01 2.5759374894933348e+01 1.9559826229278467e+01 2.3351446523218864e+00 6.8371002928453395e+00 -1.2241540703986542e+00 1.2343646000000000e-02 3.3989032000000002e-01
-4.2614460902938134e-02 -9.8681960858534836e+01 4.4574612306258460e-01 2.2419196034161182e+01 1.8697960531935045e+01 2.1316517167054569e+00 6.6028217882673026e+00 -1.0570970125818560e+00 1.2486109000000000e-02 3.5230591000000000e-01
-3.8992308951759577e-02 -9.7616352727247047e+01 4.5648877708699526e-01 1.9415364741705996e+01 1.7646820750071853e+01 1.9318407448150081e+00 6.3753224652582521e+00 -9.0901203417942322e-01 1.2619877000000000e-02 3.6485963999999999e-01
-3.5332841166016635e-02 -9.6656632168799746e+01 4.6734210319412384e-01 1.6742004158547122e+01 1.6447529994390255e+01 1.7353279583212875e+00 6.1553717101190086e+00 -7.7834322713272297e-01 1.2744734000000001e-02 3.7754270000000001e-01
-3.1638660103721919e-02 -9.5800424585258924e+01 4.7829838266297647e-01 1.4389721471867071e+01 1.5138297845462731e+01 1.5417382143027303e+00 5.9435748151112477e+00 -6.6356703188376698e-01 1.2860473000000001e-02 3.9034606999999999e-01
-2.7912423143954826e-02 -9.5045671095831977e+01 4.8934973418309291e-01 1.2346094563959744e+01 1.3754209144634158e+01 1.3507035931950244e+00 5.7403843104937069e+00 -5.6320494260212695e-01 1.2966896000000000e-02 4.0326054000000000e-01
-2.4156848257500141e-02 -9.4390623586725383e+01 5.0048809673986561e-01 1.0596166204218044e+01 1.2327070762592886e+01 1.1618625259738629e+00 5.5461131526643506e+00 -4.7583519541226565e-01 1.3063819000000001e-02 4.1627669000000000e-01
-2.0374696694932221e-02 -9.3833836443878283e+01 5.1170528095858159e-01 9.1229161208594274e+00 1.0885349441478420e+01 9.7485779544999929e-01 5.3609468358859926e+00 -4.0010128187712884e-01 1.3151064000000001e-02 4.2938494999999999e-01
-1.6568790298530811e-02 -9.3374166591232211e+01 5.2299291776038093e-01 7.9077319283592598e+00 9.4541336050911120e+00 7.8933622814309601e-01 5.1849578440143631e+00 -3.3471996696379031e-01 1.3228465999999999e-02 4.4257553999999999e-01
-1.2741988419726596e-02 -9.3010766964469596e+01 5.3434252682097882e-01 6.9308415021390699e+00 8.0551693421860513e+00 6.0494645044046802e-01 5.0181179428141824e+00 -2.7848648381989599e-01 1.3295871000000001e-02 4.5583855000000001e-01
-8.8971994603784799e-03 -9.2743089329690463e+01 5.4574548234130482e-01 6.1717327776855750e+00 6.7069434189408277e+00 4.2133829158627734e-01 4.8603121357511974e+00 -2.3027864145468935e-01 1.3353135000000000e-02 4.6916390000000002e-01
-5.0373664461769996e-03 -9.2570883201985779e+01 5.5719305583420398e-01 5.6095066640276299e+00 5.4247999796396629e+00 2.3816094492019424e-01 4.7113500598245830e+00 -1.8905914828402950e-01 1.3400123999999999e-02 4.8254139000000001e-01
-1.1654727972829348e-03 -9.2494199281685511e+01 5.6867639900975697e-01 5.2232694376441922e+00 4.2211032971109752e+00 5.5062037805584829e-02 4.5709799623028706e+00 -1.5387663067722290e-01 1.3436718000000000e-02 4.9596067999999999e-01
2.7154692129499058e-03 -9.2513393989252080e+01 5.8018657800464069e-01 4.9923795330511131e+00 3.1054090772982055e+00 -1.2831458085601621e-01 4.4388993572228639e+00 -1.2386532101619158e-01 1.3462807000000000e-02 5.0941133000000005e-01
6.6024069166973343e-03 -9.2629134981171319e+01 5.9171453915276684e-01 4.8967588345276800e+00 2.0847013941134107e+00 -3.1232719397812758e-01 4.3147658502243438e+00 -9.8243519962634682e-02 1.3478291000000000e-02 5.2288276000000000e-01
1.0492273219538772e-02 -9.2842409663287683e+01 6.0325118600134608e-01 4.9170893364107382e+00 1.1635806560922692e+00 -4.9734353572923595e-01 4.1982068617725741e+00 -7.6311206862859637e-02 1.3483083000000000e-02 5.3636434000000000e-01
1.4381972173860558e-02 -9.3154535545938444e+01 6.1478733652418516e-01 5.0350111095511787e+00 3.4452164051543460e-01 -6.8373670263998232e-01 4.0888290925355282e+00 -5.7446929003989358e-02 1.3477108000000000e-02 5.4984533999999996e-01
1.8268384749494604e-02 -9.3567171759062646e+01 6.2631374023636821e-01 5.2332688987866778e+00 -3.7189286514673831e-01 -8.7188927403599514e-01 3.9862270273203997e+00 -4.1103896803276967e-02 1.3460300999999999e-02 5.6331494999999998e-01
2.2148377489676241e-02 -9.4082333941493147e+01 6.3782110386627733e-01 5.4958291312150589e+00 -9.8673287347936189e-01 -1.0621948158336778e+00 3.8899890389268572e+00 -2.6805448761888524e-02 1.3432611000000001e-02 5.7676231000000000e-01
2.6018808281682959e-02 -9.4702412953203677e+01 6.4930010847027408e-01 5.8079532618933989e+00 -1.5024869434365995e+00 -1.2550598092155449e+00 3.7997045045012903e+00 -1.4140317024788993e-02 1.3393997000000000e-02 5.9017653000000003e-01
2.9876517700876376e-02 -9.5430191632011798e+01 6.6074138376067726e-01 6.1562499697476296e+00 -1.9228291278816754e+00 -1.4509050376857640e+00 3.7149690742909556e+00 -2.7577145008973944e-03 1.3344429999999999e-02 6.0354666000000001e-01
3.3718340551979503e-02 -9.6268869474531229e+01 6.7213554233512585e-01 6.5286936150566257e+00 -2.2524032989204734e+00 -1.6501679175066828e+00 3.6353890954406212e+00 7.6380991111210652e-03 1.3283893999999999e-02 6.1686173000000000e-01
3.7541117410354041e-02 -9.7222090757649653e+01 6.8347321390593851e-01 6.9146238444109107e+00 -2.4966205335510825e+00 -1.8533058201006587e+00 3.5605848876290498e+00 1.7292684131765889e-02 1.3212384000000001e-02 6.3011079000000003e-01
4.1341677310084285e-02 -9.8293969843700182e+01 6.9474499395607325e-01 7.3047157515916110e+00 -2.6614658229548436e+00 -2.0607962623757623e+00 3.4901944533126170e+00 2.6406874354514241e-02 1.3129907000000000e-02 6.4328284999999996e-01
4.5116857941212701e-02 -9.9489128756368117e+01 7.0594150364050923e-01 7.6909398905875310e+00 -2.7533275400029247e+00 -2.2731415744931538e+00 3.4238747626201684e+00 3.5141686172356690e-02 1.3036481000000001e-02 6.5636695000000000e-01
4.8863508535058719e-02 -1.0081273642406487e+02 7.1705339834358606e-01 8.0665046694796878e+00 -2.7788402610380003e+00 -2.4908715694871146e+00 3.3613039342348063e+00 4.3623096843442635e-02 1.2932137999999999e-02 6.6935217000000002e-01
5.2578481208261280e-02 -1.0227054848267537e+02 7.2807134200698487e-01 8.4257820119547411e+00 -2.7447443628154824e+00 -2.7145455467522730e+00 3.3021823555152752e+00 5.1946747152789685e-02 1.2816919000000000e-02 6.8222760000000005e-01
5.6258648274694290e-02 -1.0386896148285508e+02 7.3898605847376841e-01 8.7642311453771562e+00 -2.6577709949658734e+00 -2.9447573171669719e+00 3.2462325732251456e+00 6.0182134115470604e-02 1.2690879000000000e-02 6.9498240000000000e-01
5.9900896474828297e-02 -1.0561506626326319e+02 7.4978831437370141e-01 9.0783126230105964e+00 -2.5245327707581460e+00 -3.1821382935876126e+00 3.1931997212200840e+00 6.8376705295657314e-02 1.2554085000000000e-02 7.0760577999999996e-01
6.3502129861049639e-02 -1.0751671044291962e+02 7.6046892768059071e-01 9.3653981359101302e+00 -2.3514402056262980e+00 -3.4273618539879753e+00 3.1428514331213719e+00 7.6559480360920223e-02 1.2406611999999999e-02 7.2008700999999997e-01
6.7059284224256971e-02 -1.0958257674377934e+02 7.7101881049898702e-01 9.6236777065372880e+00 -2.1446305674156201e+00 -3.6811489883755093e+00 3.0949766535898795e+00 8.4744505744793877e-02 1.2248551000000000e-02 7.3241546999999996e-01
7.0569318437903428e-02 -1.1182225955352524e+02 7.8142894339216373e-01 9.8520704706524942e+00 -1.9099116180977844e+00 -3.9442731051501023e+00 3.0493853796406438e+00 9.2933188478937570e-02 1.2080001999999999e-02 7.4458062000000003e-01
7.4029220228635145e-02 -1.1424635873573288e+02 7.9169039249679796e-01 1.0050136084363221e+01 -1.6527201253940633e+00 -4.2175662011354618e+00 3.0059073343879321e+00 1.0111822657387866e-01 1.1901076999999999e-02 7.5657202000000001e-01
7.7436011946929950e-02 -1.1686658840239151e+02 8.0179432663765060e-01 1.0217984616698311e+01 -1.3780869681121446e+00 -4.5019260024780134e+00 2.9643909755742284e+00 1.0928488879594947e-01 1.1711898000000000e-02 7.6837935000000002e-01
8.0786759223055227e-02 -1.1969590313769955e+02 8.1173204299958779e-01 1.0356194227583257e+01 -1.0906411478052711e+00 -4.7983245172858213e+00 2.9247023838023383e+00 1.1741309964857462e-01 1.1512599000000000e-02 7.7999244000000001e-01
8.4078556540471416e-02 -1.2274862377311841e+02 8.2149492434087978e-01 1.0465736051268291e+01 -7.9455523358660762e-01 -5.1078154052067735e+00 2.8867222119986686e+00 1.2547955572869809e-01 1.1303326000000001e-02 7.9140122000000002e-01
8.7308556089024963e-02 -1.2604062163326304e+02 8.3107452456660291e-01 1.0547899422564388e+01 -4.9359041584684304e-01 -5.4315466167235886e+00 2.8503481527448118e+00 1.3345904272680165e-01 1.1084235000000000e-02 8.0259581999999996e-01
9.0473941797074825e-02 -1.2958947473152247e+02 8.4046249171257803e-01 1.0604226817726010e+01 -1.9108030834217038e-01 -5.7707694063923816e+00 2.8154898046279757e+00 1.4132554368771119e-01 1.0855490000000001e-02 8.1356647999999998e-01
9.3571955299365878e-02 -1.3341470592213793e+02 8.4965064496143250e-01 1.0636453100877095e+01 1.1005189761227477e-01 -6.1268542360325959e+00 2.7820689327823871e+00 1.4905328155323783e-01 1.0617270000000000e-02 8.2430364000000000e-01
9.6599890166390590e-02 -1.3753802435025847e+02 8.5863095752792007e-01 1.0646452018909988e+01 4.0727655591781070e-01 -6.5013056871225050e+00 2.7500184415362234e+00 1.5661741690074285e-01 1.0369760000000000e-02 8.3479791999999997e-01
9.9555094789708171e-02 -1.4198361574840064e+02 8.6739556521626149e-01 1.0636188078422029e+01 6.9843652465512429e-01 -6.8957808430287955e+00 2.7192806127319757e+00 1.6399476244396263e-01 1.0113159000000000e-02 8.4504013000000000e-01
1.0243497526726392e-01 -1.4677848396648264e+02 8.7593677497748357e-01 1.0607674977707857e+01 9.8172296657714120e-01 -7.3121107791973863e+00 2.6898062297153142e+00 1.7116405637444790e-01 9.8476710000000005e-03 8.5502127999999999e-01
1.0523699540338921e-01 -1.5195284854852397e+02 8.8424706490942095e-01 1.0562940877942811e+01 1.2556496341415799e+00 -7.7523254346946571e+00 2.6615535262650565e+00 1.7810638458696926e-01 9.5735140000000000e-03 8.6473257999999997e-01
1.0795869113539808e-01 -1.5754064260379826e+02 8.9231912704341654e-01 1.0503998456646396e+01 1.5190269312315403e+00 -8.2186854691869193e+00 2.6344870892505590e+00 1.8480528112320718e-01 9.2909130999999992e-03 8.7416548999999999e-01
1.1059765610699063e-01 -1.6358005116808337e+02 9.0014582455762016e-01 1.0432820025860398e+01 1.7709325590503080e+00 -8.7137152429824862e+00 2.6085770549152527e+00 1.9124681302448041e-01 9.0001030000000006e-03 8.8331166999999999e-01
1.1315155898016882e-01 -1.7011422324995704e+02 9.0772024312103117e-01 1.0351307060178017e+01 2.0106860351830904e+00 -9.2402484240052818e+00 2.5837983068334585e+00 1.9741964806041523e-01 8.7013270999999996e-03 8.9216304000000002e-01
1.1561813477927868e-01 -1.7719207310880179e+02 9.1503566522147617e-01 1.0261291823711362e+01 2.2378198991599665e+00 -9.8014779931667384e+00 2.5601298091487865e+00 2.0331482550676641e-01 8.3948374000000006e-03 9.0071175000000003e-01
1.1799519931760677e-01 -1.8486931998625525e+02 9.2208561295231206e-01 1.0164512888032039e+01 2.4520553599430328e+00 -1.0401021602296463e+01 2.5375538086007365e+00 2.0892583660146147e-01 8.0808944000000001e-03 9.0895022999999997e-01
1.2028063765610292e-01 -1.9320968740610107e+02 9.2886381378306404e-01 1.0062609761486256e+01 2.6532754152723057e+00 -1.1042997213958031e+01 2.5160554668445654e+00 2.1424848096369370e-01 7.7597663000000001e-03 9.1687114999999997e-01
1.2247241564465750e-01 -2.0228646534574989e+02 9.3536423478878672e-01 9.9571158759375731e+00 2.8415013161396856e+00 -1.1732121647552997e+01 2.4956223566845201e+00 2.1927990228231561e-01 7.4317293999999999e-03 9.2446746000000002e-01
1.2456858280742072e-01 -2.1218444770839906e+02 9.4158109120740519e-01 9.8494580276683124e+00 3.0168730242370287e+00 -1.2473833016799166e+01 2.4762438074830353e+00 2.2402008445666147e-01 7.0970672000000004e-03 9.3173240000000002e-01
1.2656726657216394e-01 -2.2300234340870830e+02 9.4750882932503355e-01 9.7409518226978307e+00 3.1796205371506208e+00 -1.3274442693741559e+01 2.4579109360340068e+00 2.2846993287472839e-01 6.7560703000000000e-03 9.3865947999999999e-01
1.2846668669687633e-01 -2.3485598550862247e+02 9.5314216926267736e-01 9.6328039830862409e+00 3.3300587942128792e+00 -1.4141339137201680e+01 2.4406160012865179e+00 2.3263184834575498e-01 6.4090362999999996e-03 9.4524253000000003e-01
1.3026513795784900e-01 -2.4788231596078347e+02 9.5847605363219102e-01 9.5261158122326215e+00 3.4685563872660139e+00 -1.5083239270741748e+01 2.4243524371802891e+00 2.3650941535038808e-01 6.0562691999999996e-03 9.5147563999999996e-01
1.3196101900286800e-01 -2.6224499336411782e+02 9.6350573310968146e-01 9.4218840093126364e+00 3.5955275797865753e+00 -1.6110546126494963e+01 2.4091143881630788e+00 2.4010716334243309e-01 5.6980790999999996e-03 9.5735325999999998e-01
1.3355280349802123e-01 -2.7814149412692541e+02 9.6822668086210473e-01 9.3210076546292431e+00 3.7114160487267136e+00 -1.7235797726441508e+01 2.3948968055750282e+00 2.4343032130372474e-01 5.3347821999999998e-03 9.6287009999999995e-01
1.3503906898089157e-01 -2.9581338326671113e+02 9.7263467812066962e-01 9.2242911967179246e+00 3.8166811849195135e+00 -1.8474324052256463e+01 2.3816951427216164e+00 2.4648466444765621e-01 4.9667000000000001e-03 9.6802122999999995e-01
1.3641847666332191e-01 -3.1556031243518913e+02 9.7672575427945452e-01 9.1324515289593329e+00 3.9117897988419932e+00 -1.9845135466896242e+01 2.3695053634567445e+00 2.4927631459946564e-01 4.5941591999999996e-03 9.7280200999999999e-01
1.3768979451396907e-01 -3.3776079398953277e+02 9.8049625535413099e-01 9.0461224408383192e+00 3.9972054074244148e+00 -2.1372251169980689e+01 2.3583237428458315e+00 2.5181155209689482e-01 4.2174915999999996e-03 9.7720817000000004e-01
1.3885187417574996e-01 -3.6290246093506386e+02 9.8394277552324039e-01 8.9658613575646573e+00 4.0733760565652002e+00 -2.3086630145141275e+01 2.3481470268654934e+00 2.5409669094328408e-01 3.8370333000000002e-03 9.8123572999999997e-01
1.3990367404839565e-01 -3.9162987803754783e+02 9.8706222558691770e-01 8.8921539644897987e+00 4.1407338521843888e+00 -2.5029230673477418e+01 2.3389722123843453e+00 2.5613791978377060e-01 3.4531249000000000e-03 9.8488107999999996e-01
1.4084425063249367e-01 -4.2482133546697247e+02 9.8985180729486877e-01 8.8254210176422632e+00 4.1996787701345957e+00 -2.7255925505917624e+01 2.3307963588666394e+00 2.5794119674906596e-01 3.0661112999999999e-03 9.8814095000000002e-01
1.4167275275884911e-01 -4.6372028074348520e+02 9.9230899623169089e-01 8.7660252449593354e+00 4.2505875844585814e+00 -2.9845922723306732e+01 2.3236172669571036e+00 2.5951213067678591e-01 2.6763420000000000e-03 9.9101238999999997e-01
1.4238843890040076e-01 -5.1017819122338409e+02 9.9443159316091512e-01 8.7142647518875460e+00 4.2937951355052206e+00 -3.2917341884897937e+01 2.3174327400995338e+00 2.6085577000904947e-01 2.2841723000000002e-03 9.9349282999999999e-01
1.4299067140158234e-01 -5.6714394383688057e+02 9.9621770691032419e-01 8.6703991652403314e+00 4.3295981853142003e+00 -3.6658616516931602e+01 2.3122406240200792e+00 2.6197673318613429e-01 1.8899688000000000e-03 9.9558005999999999e-01
1.4347891359300330e-01 -6.3979005041592279e+02 9.9766574581461387e-01 8.6346326718153232e+00 4.3582508409795873e+00 -4.1400806943651467e+01 2.3080393854821826e+00 2.6287897404964078e-01 1.4941295000000000e-03 9.9727222000000004e-01
1.4385277018591880e-01 -7.3869437422484134e+02 9.9877453751815604e-01 8.6071250990809229e+00 4.3799646863576953e+00 -4.7821996888981964e+01 2.3048273173961431e+00 2.6356585552737466e-01 1.0971916000000000e-03 9.9856794000000004e-01
1.4411209691436366e-01 -8.9288697647877689e+02 9.9954365415393376e-01 8.5879838816631136e+00 4.3949102478362834e+00 -5.7785758089903553e+01 2.3026017480948360e+00 2.6404027327020563e-01 7.0085733000000002e-04 9.9946672000000003e-01
