-2.6610513642417272e-01 -1.6052420950010055e+03 2.6610643177005788e-01 -1.5586992149312739e+03 -4.5471625049617296e+02 1.0680544369488892e+02 -1.0377250266149595e+02 -2.9637723747588716e+01 5.5301730000000003e-06 1.0230946000000001e-06
-2.6609507718748537e-01 -1.1756867928990434e+03 2.6612030298211420e-01 -1.1286836974272915e+03 -4.5462280770876833e+02 7.8804068753410235e+01 -7.5749742390507706e+01 -2.9633504008723492e+01 3.5894988000000002e-05 1.9923924999999999e-05
-2.6606351761787150e-01 -9.7639857450866657e+02 2.6616382213730727e-01 -9.2822258851459696e+02 -4.5432974190227162e+02 6.5805467498927229e+01 -6.2696290838231704e+01 -2.9620268629685611e+01 8.5619985000000003e-05 7.9222864999999994e-05
-2.6600103991308233e-01 -8.4569013291925751e+02 2.6624997593991273e-01 -7.9553005537234196e+02 -4.5375002786616540e+02 5.7270456265988358e+01 -5.4067946551353820e+01 -2.9594082580579194e+01 1.5173507999999999e-04 1.9661552000000001e-04
-2.6589940155609348e-01 -7.4868820744560276e+02 2.6639013043141829e-01 -6.9569760617969359e+02 -4.5280817896147357e+02 5.0925873094667843e+01 -4.7589456530390024e+01 -2.9551527850223753e+01 2.3255418000000001e-04 3.8758918999999998e-04
-2.6575110617690451e-01 -6.7189654548874194e+02 2.6659462275182383e-01 -6.1522930429773123e+02 -4.5143676227852444e+02 4.5892085115569884e+01 -4.2380743018646854e+01 -2.9489537309518820e+01 3.2689763000000001e-04 6.6622920000000002e-04
-2.6554920828419043e-01 -6.0865088232619894e+02 2.6687303040546673e-01 -5.4748483420724278e+02 -4.4957494267433458e+02 4.1734961325532261e+01 -3.8008322444896308e+01 -2.9405328157016854e+01 4.3385032000000002e-04 1.0455858000000000e-03
-2.6528720398368150e-01 -5.5516169781143856e+02 2.6723432195521230e-01 -4.8871573729808159e+02 -4.4716794326676285e+02 3.8207820312284802e+01 -3.4226958656733636e+01 -2.9296372420805334e+01 5.5265518999999999e-04 1.5378795000000000e-03
-2.6495896342457542e-01 -5.0906249589786387e+02 2.6768695017565924e-01 -4.3660962017203616e+02 -4.4416688877623318e+02 3.5156793566121991e+01 -3.0884832597027813e+01 -2.9160385420239432e+01 6.8265765000000004e-04 2.1546280000000000e-03
-2.6455868518370113e-01 -4.6877234652231999e+02 2.6823891495522212e-01 -3.8964987196516097e+02 -4.4052883889383077e+02 3.2479253167031473e+01 -2.7881844056903507e+01 -2.8995323721251403e+01 8.2327310000000005e-04 2.9067318999999999e-03
-2.6408086518437540e-01 -4.3317979827824900e+02 2.6889780615555925e-01 -3.4679747051490483e+02 -4.3621702972660978e+02 3.0103189127930730e+01 -2.5148887771392666e+01 -2.8799388908004278e+01 9.7396649000000004e-04 3.8045331000000002e-03
-2.6352027397097794e-01 -4.0147138463116329e+02 2.6967083494886052e-01 -3.0731780301575122e+02 -4.3120100733483645e+02 2.7976021416016231e+01 -2.2636621006881494e+01 -2.8571034326811624e+01 1.1342389000000000e-03 4.8578574999999999e-03
-2.6287194010395637e-01 -3.7303204590187801e+02 2.7056485671534974e-01 -2.7067966732389664e+02 -4.2545695309038263e+02 2.6058091808924754e+01 -2.0308853333375886e+01 -2.8308973442072986e+01 1.3036180000000001e-03 6.0760461999999999e-03
-2.6213113813185007e-01 -3.4738408772989555e+02 2.7158638762929660e-01 -2.3649298027097598e+02 -4.1896792523741146e+02 2.4318710126586243e+01 -1.8138541227966765e+01 -2.8012188793192621e+01 1.4816515000000000e-03 7.4679780999999997e-03
-2.6129337885182174e-01 -3.2414803229680865e+02 2.7274161808928243e-01 -2.0446847505732444e+02 -4.1172408653125404e+02 2.2733548505537087e+01 -1.6105174795715651e+01 -2.7679940337129615e+01 1.6679024999999999e-03 9.0420881999999994e-03
-2.6035440271023680e-01 -3.0301661984228735e+02 2.7403642181848997e-01 -1.7439063709611190e+02 -4.0372289814139037e+02 2.1282976210507616e+01 -1.4193035822957610e+01 -2.7311773400577160e+01 1.8619452999999999e-03 1.0806380000000001e-02
-2.5931017368223264e-01 -2.8373694476523298e+02 2.7547636430448785e-01 -1.4609879893684257e+02 -3.9496924624710698e+02 1.9950883950850947e+01 -1.2389989144661989e+01 -2.6907522880512794e+01 2.0633631000000000e-03 1.2768437000000001e-02
-2.5815687645099838e-01 -2.6609790681652430e+02 2.7706670668887073e-01 -1.1947362291030852e+02 -3.8547551955519123e+02 1.8723864240529103e+01 -1.0686624499566218e+01 -2.6467319675336107e+01 2.2717459999999998e-03 1.4935428000000001e-02
-2.5689091167109385e-01 -2.4992114398677202e+02 2.7881241229891846e-01 -9.4427007292392048e+01 -3.7526158474033571e+02 1.7590616929861834e+01 -9.0756237113450915e+00 -2.5991589934458510e+01 2.4866887000000002e-03 1.7314116000000001e-02
-2.5550889607489169e-01 -2.3505422135106610e+02 2.8071814650081739e-01 -7.0894546375649625e+01 -3.6435471070671178e+02 1.6541515624864758e+01 -7.5512915426834706e+00 -2.5481056104230223e+01 2.7077901999999999e-03 1.9910858000000000e-02
-2.5400765661825259e-01 -2.2136590545468681e+02 2.8278828477249784e-01 -4.8829529538300186e+01 -3.5278935165680491e+02 1.5568277498338716e+01 -6.1091896662832212e+00 -2.4936729905326381e+01 2.9346520999999999e-03 2.2731616000000000e-02
-2.5238423367379326e-01 -2.0874205629787306e+02 2.8502690830026817e-01 -2.8198363443222398e+01 -3.4060690614796380e+02 1.4663718073326212e+01 -4.7458591029487414e+00 -2.4359907826344834e+01 3.1668782999999998e-03 2.5781951000000001e-02
-2.5063587783761831e-01 -1.9708281481520103e+02 2.8743780838218069e-01 -8.9767375397426949e+00 -3.2785532792762046e+02 1.3821556840046430e+01 -3.4585932681937708e+00 -2.3752160402647892e+01 3.4040742000000001e-03 2.9067029000000001e-02
-2.4876004780047495e-01 -1.8630023570513140e+02 2.9002448936360903e-01 8.8534565590837815e+00 -3.1458863198878623e+02 1.3036266114163054e+01 -2.2452562256218780e+00 -2.3115316655011199e+01 3.6458464000000000e-03 3.2591624999999999e-02
-2.4675441354102098e-01 -1.7631646486371466e+02 2.9279016423388204e-01 2.5306627871066915e+01 -3.0086646443317909e+02 1.2302953181212038e+01 -1.1041388313638483e+00 -2.2451451565014786e+01 3.8918026000000000e-03 3.6360116999999997e-02
-2.4461685206813397e-01 -1.6706222949143807e+02 2.9573776049743855e-01 4.0395588962438275e+01 -2.8675330199036745e+02 1.1617262769562171e+01 -3.3832751487683499e-02 -2.1762863368710892e+01 4.1415510999999999e-03 4.0376493999999999e-02
-2.4234544901754532e-01 -1.5847564150090659e+02 2.9886991797214418e-01 5.4133360101308959e+01 -2.7231785343554799e+02 1.0975300121606251e+01 9.6686740218024914e-01 -2.1052054178678716e+01 4.3947007000000003e-03 4.4644352999999998e-02
-2.3993849865184028e-01 -1.5050120454251064e+02 3.0218898878929168e-01 6.6534511988738174e+01 -2.5763226210359568e+02 1.0373567429123263e+01 1.8990486202394132e+00 -2.0321703077823145e+01 4.6508610999999997e-03 4.9166899000000000e-02
-2.3739450173161253e-01 -1.4308898252352708e+02 3.0569704032917783e-01 7.7616380581112793e+01 -2.4277127440691851e+02 9.8089108280535875e+00 2.7637484921813344e+00 -1.9574640539696787e+01 4.9096423000000002e-03 5.3946949000000001e-02
-2.3471216817652091e-01 -1.3619392216061706e+02 3.0939585155163202e-01 8.7399963526965905e+01 -2.2781138403139639e+02 9.2784773024982030e+00 3.5620136900708981e+00 -1.8813820264066571e+01 5.1706551000000002e-03 5.8986927000000001e-02
-2.3189041227538726e-01 -1.2977525701087222e+02 3.1328691960106519e-01 9.5910637137324699e+01 -2.1282991545355875e+02 8.7796770550239618e+00 4.2949457576879642e+00 -1.8042287887893899e+01 5.4335110000000002e-03 6.4288872999999996e-02
-2.2892835747609860e-01 -1.2379602856348295e+02 3.1737145320142085e-01 1.0317862733431986e+02 -1.9790413585296275e+02 8.3101533407219126e+00 4.9637380289134594e+00 -1.7263151564741221e+01 5.6978226000000002e-03 6.9854434000000007e-02
-2.2582533106349356e-01 -1.1822265089389359e+02 3.2165037999511836e-01 1.0923939082932047e+02 -1.8311036971370848e+02 7.8677555445179879e+00 5.5697056289715503e+00 -1.6479548810746213e+01 5.9632034000000004e-03 7.5684873999999999e-02
-2.2258086682041917e-01 -1.1302455485009030e+02 3.2612434287358111e-01 1.1413364128867789e+02 -1.6852303639970688e+02 7.4505163064448521e+00 6.1143060848870681e+00 -1.5694616068011817e+01 6.2292681999999997e-03 8.1781068999999998e-02
-2.1919470289888535e-01 -1.0817386895167589e+02 3.3079370291281418e-01 1.1790744589925802e+02 -1.5421388058330669e+02 7.0566324347655573e+00 6.5991540582898374e+00 -1.4911456830215526e+01 6.4956331999999999e-03 8.8143510999999994e-02
-2.1566678182006505e-01 -1.0364514570220756e+02 3.3565853937340406e-01 1.2061201088467539e+02 -1.4025112091059592e+02 6.6844476670910122e+00 7.0260294887867296e+00 -1.4133111502940640e+01 6.7619166000000000e-03 9.4772308000000000e-02
-2.1199724728102595e-01 -9.9415118482568445e+01 3.4071865410388452e-01 1.2230340603334992e+02 -1.2669869219472659e+02 6.3324377315841796e+00 7.3968805429425117e+00 -1.3362527707334703e+01 7.0277381999999996e-03 1.0166719000000000e-01
-2.0818644362251920e-01 -9.5462491223003340e+01 3.4597357227463116e-01 1.2304216014064971e+02 -1.1361561977986162e+02 5.9991974636185565e+00 7.7138208442867047e+00 -1.2602533135413360e+01 7.2927204000000001e-03 1.0882751000000000e-01
-2.0423492327993839e-01 -9.1767758933174065e+01 3.5142253210334073e-01 1.2289275892655928e+02 -1.0105537294742024e+02 5.6834300902462482e+00 7.9791220448195643e+00 -1.1855811687864259e+01 7.5564877000000004e-03 1.1625223000000000e-01
-2.0014343134919010e-01 -8.8313029375406202e+01 3.5706450613796659e-01 1.2192306317352528e+02 -8.9065392293088763e+01 5.3839358708738390e+00 8.1952040006301541e+00 -1.1124878808217364e+01 7.8186677999999999e-03 1.2393994999999999e-01
-1.9591290452227123e-01 -8.5081875915536799e+01 3.6289820272450712e-01 1.2020365154694043e+02 -7.7686661767440015e+01 5.0996033727698187e+00 8.3646199163089641e+00 -1.0412059614380814e+01 8.0788911000000008e-03 1.3188891000000000e-01
-1.9154448705360971e-01 -8.2059221587776051e+01 3.6892204399017636e-01 1.1780712744742112e+02 -6.6953467115848923e+01 4.8294026552169758e+00 8.4900386758305100e+00 -9.7194769983441986e+00 8.3367917000000003e-03 1.4009695999999999e-01
-1.8703950947161022e-01 -7.9231205110701211e+01 3.7513419519917668e-01 1.1480737752836926e+02 -5.6893148152344786e+01 4.5723767492101803e+00 8.5742259998323131e+00 -9.0490329733964909e+00 8.5920070000000005e-03 1.4856159999999999e-01
-1.8239949922288123e-01 -7.6585084511035120e+01 3.8153255007481218e-01 1.1127883217154832e+02 -4.7526050704790201e+01 4.3276360380092722e+00 8.6200231268475207e+00 -8.4024003947083568e+00 8.8441787999999997e-03 1.5727996000000000e-01
-1.7762617002800801e-01 -7.4109137073481648e+01 3.8811474547737557e-01 1.0729570476479566e+02 -3.8865524227174078e+01 4.0943519849071670e+00 8.6303243092248199e+00 -7.7810144195524673e+00 9.0929527999999999e-03 1.6624881999999999e-01
-1.7272142188155226e-01 -7.1792575468079121e+01 3.9487816140414767e-01 1.0293126038334960e+02 -3.0918055048253734e+01 3.8717520494950222e+00 8.6080538772657338e+00 -7.1860684201440685e+00 9.3379794999999995e-03 1.7546460999999999e-01
-1.6768733572993888e-01 -6.9625469923202687e+01 4.0181992832834101e-01 9.8257108712254407e+01 -2.3683480173613344e+01 3.6591148552630410e+00 8.5561428481652602e+00 -6.6185133105592806e+00 9.5789143999999993e-03 1.8492342000000001e-01
-1.6252618943779662e-01 -6.7598685925396524e+01 4.0893690518226988e-01 9.3342554956168286e+01 -1.7155318652858607e+01 3.4557666550782695e+00 8.4775061378865519e+00 -6.0790615545855591e+00 9.8154178999999998e-03 1.9462097000000000e-01
-1.5724043117738995e-01 -6.5703810911562044e+01 4.1622571605206654e-01 8.8253963541128570e+01 -1.1321119103020932e+01 3.2610763473856932e+00 8.3750202846431261e+00 -5.5681898261425697e+00 1.0047156000000000e-02 2.0455266000000000e-01
-1.5183267410650564e-01 -6.3933097926110250e+01 4.2368275751662432e-01 8.3054233929598567e+01 -6.1629223927868377e+00 3.0744519485481829e+00 8.2515017062352953e+00 -5.0861469846173497e+00 1.0273801000000001e-02 2.1471357999999999e-01
-1.4630572297902061e-01 -6.2279424047108016e+01 4.3130416195288185e-01 7.7802296230441684e+01 -1.6578035431606915e+00 2.8953383665394874e+00 8.1096883500330499e+00 -4.6329672043786312e+00 1.0495031000000000e-02 2.2509846000000000e-01
-1.4066254221222038e-01 -6.0736233690434545e+01 4.3908584156948172e-01 7.2552736738491205e+01 2.2216016866160491e+00 2.7232133451927956e+00 7.9522195962142188e+00 -4.2084796769385990e+00 1.0710529999999999e-02 2.3570173000000000e-01
-1.3490626120891269e-01 -5.9297499466223641e+01 4.4702348106782785e-01 6.7355449019316566e+01 5.5064913012884178e+00 2.5575850549355525e+00 7.7816217774241299e+00 -3.8123252466792996e+00 1.0919989999999999e-02 2.4651751000000000e-01
-1.2904017967954101e-01 -5.7957685938203809e+01 4.5511253030314203e-01 6.2255419499536707e+01 8.2312790841577321e+00 2.3979897660965728e+00 7.6002938782016223e+00 -3.4439700964379165e+00 1.1123108000000000e-02 2.5753959999999998e-01
-1.2306775167584375e-01 -5.6711711477755308e+01 4.6334822630129341e-01 5.7292549848198590e+01 1.0432978007151783e+01 2.2439891599523949e+00 7.4104942854746882e+00 -3.1027248407667716e+00 1.1319591000000000e-02 2.6876150999999998e-01
-1.1699258026874065e-01 -5.5554917025297968e+01 4.7172560059774193e-01 5.2501576853079435e+01 1.2150575814850720e+01 2.0951680458532671e+00 7.2143337369514837e+00 -2.7877612257878503e+00 1.1509152000000000e-02 2.8017647000000001e-01
-1.1081842287044646e-01 -5.4483039538302485e+01 4.8023947189859484e-01 4.7912079400338442e+01 1.3424420426702426e+01 1.9511327058031511e+00 7.0137658975768105e+00 -2.4981311329412308e+00 1.1691511000000000e-02 2.9177742000000001e-01
-1.0454919655658437e-01 -5.3492187371031790e+01 4.8888443874166376e-01 4.3548555269899985e+01 1.4295630497527940e+01 1.8115090892276513e+00 6.8105841097134618e+00 -2.2327857500653749e+00 1.1866398000000000e-02 3.0355700000000002e-01
-9.8188935489277263e-02 -5.2578810902063928e+01 4.9765493820801021e-01 3.9430530036627054e+01 1.4805546274425787e+01 1.6759402023729577e+00 6.6064170068838850e+00 -1.9905922326751593e+00 1.2033550000000000e-02 3.1550762999999998e-01
-9.1741828171942874e-02 -5.1739688704014647e+01 5.0654519454934299e-01 3.5572782984252846e+01 1.4995201633346626e+01 1.5440853852987932e+00 6.4027296000214946e+00 -1.7703536079474853e+00 1.2192715000000000e-02 3.2762143999999999e-01
-8.5212190838725860e-02 -5.0971905108322950e+01 5.1554925588273448e-01 3.1985578982165897e+01 1.4904848021567185e+01 1.4156182444177514e+00 6.2008237957641477e+00 -1.5708261106210741e+00 1.2343646000000000e-02 3.3989032000000002e-01
-7.8604472776611339e-02 -5.0272833211834957e+01 5.2466098685167717e-01 2.8674969975708141e+01 1.4573554652450669e+01 1.2902253692024532e+00 6.0018418403914362e+00 -1.3907342490591614e+00 1.2486109000000000e-02 3.5230591000000000e-01
-7.1923235036970401e-02 -4.9640127660872551e+01 5.3387409798185681e-01 2.5643113384141653e+01 1.4038781093673379e+01 1.1676045934096890e+00 5.8067708168756278e+00 -1.2287878491610327e+00 1.2619877000000000e-02 3.6485963999999999e-01
-6.5173166401900906e-02 -4.9071695404439204e+01 5.4318212366432195e-01 2.2888641024751774e+01 1.3336116121960501e+01 1.0474641029651210e+00 5.6164494424829599e+00 -1.0836957838420109e+00 1.2744734000000001e-02 3.7754270000000001e-01
-5.8359067417886851e-02 -4.8565701916299737e+01 5.5257844417231494e-01 2.0407023584329618e+01 1.2498986127086500e+01 9.2952082910478495e-01 5.4315751613897598e+00 -9.5417927322516594e-01 1.2860473000000001e-02 3.9034606999999999e-01
-5.1485839751570839e-02 -4.8120552073393583e+01 5.6205630033915699e-01 1.8190957660821635e+01 1.1558453674571284e+01 8.1349918094641938e-01 5.2527124557936897e+00 -8.3898306432207848e-01 1.2966896000000000e-02 4.0326054000000000e-01
-4.4558496833981581e-02 -4.7734884991964968e+01 5.7160877888036232e-01 1.6230762891248350e+01 1.0543073417397785e+01 6.9913007225672441e-01 5.0803025302362981e+00 -7.3688605984314359e-01 1.3063819000000001e-02 4.1627669000000000e-01
-3.7582131927852036e-02 -4.7407566071103084e+01 5.8122885642729760e-01 1.4514758595821922e+01 9.4787731877949213e+00 5.8614930161475698e-01 4.9146723606293277e+00 -6.4670969332740680e-01 1.3151064000000001e-02 4.2938494999999999e-01
-3.0561950060301046e-02 -4.7137684147446102e+01 5.9090935549352208e-01 1.3029650761341010e+01 8.3888221211378227e+00 4.7429698826639743e-01 4.7560456444107961e+00 -5.6732555386319006e-01 1.3228465999999999e-02 4.4257553999999999e-01
-2.3503225445924619e-02 -4.6924545852070928e+01 6.0064300318633390e-01 1.1760885587328742e+01 7.2938125954999125e+00 3.6331580656052598e-01 4.6045524161201383e+00 -4.9766104704667763e-01 1.3295871000000001e-02 4.5583855000000001e-01
-1.6411322775250259e-02 -4.6767674847748125e+01 6.1042240185099672e-01 1.0692997457381869e+01 6.2116968926254428e+00 2.5295026446775681e-01 4.4602399448910228e+00 -4.3670397853621923e-01 1.3353135000000000e-02 4.6916390000000002e-01
-9.2916706041689112e-03 -4.6666810621408807e+01 6.2024006576545609e-01 9.8099203815961893e+00 5.1578541688245307e+00 1.4294520480710915e-01 4.3230822791141463e+00 -3.8350561745361678e-01 1.3400123999999999e-02 4.8254139000000001e-01
-2.1497719981620200e-03 -4.6621909702862304e+01 6.3008840646245257e-01 9.0952899500927789e+00 4.1451923215717281e+00 3.3044905883683917e-02 4.1929907026580269e+00 -3.3718301855184346e-01 1.3436718000000000e-02 4.9596067999999999e-01
5.0088167561526120e-03 -4.6633148001962724e+01 6.3995976208529526e-01 8.5327031096788328e+00 3.1842742052949689e+00 -7.7008440429528591e-02 4.0698227528785393e+00 -2.9691986232264989e-01 1.3462807000000000e-02 5.0941133000000005e-01
1.2178464862566463e-02 -4.6700924802741199e+01 6.4984636803208828e-01 8.1059344244552118e+00 2.2834656099847037e+00 -1.8747546098056889e-01 3.9533918528481564e+00 -2.6196653341435555e-01 1.3478291000000000e-02 5.2288276000000000e-01
1.9353514914303205e-02 -4.6825868569432885e+01 6.5974042300622004e-01 7.7991810804522093e+00 1.4490935820336937e+00 -2.9862163122942187e-01 3.8434747887305072e+00 -2.3163905805573307e-01 1.3483083000000000e-02 5.3636434000000000e-01
2.6528256283450014e-02 -4.7008844489768386e+01 6.6963405232164652e-01 7.5971926868155100e+00 6.8562227357226502e-01 -4.1071800483112408e-01 3.7398203407398225e+00 -2.0531767394094463e-01 1.3477108000000000e-02 5.4984533999999996e-01
3.3696935765185398e-02 -4.7250963498447916e+01 6.7951932258077885e-01 7.4854345137066431e+00 -4.1599857906420802e-03 -5.2404282780549583e-01 3.6421559310201372e+00 -1.8244463211549930e-01 1.3460300999999999e-02 5.6331494999999998e-01
4.0853773544119454e-02 -4.7553594081581352e+01 6.8938826369131179e-01 7.4501989134400413e+00 -6.1896375896881117e-01 -6.3888310588955965e-01 3.5501944565715728e+00 -1.6252131903296163e-01 1.3432611000000001e-02 5.7676231000000000e-01
4.7992973838521746e-02 -4.7918376143449116e+01 6.9923288354411073e-01 7.4786915976394575e+00 -1.1588117359868406e+00 -7.5553633039958301e-01 3.4636394432059086e+00 -1.4510515797535048e-01 1.3393997000000000e-02 5.9017653000000003e-01
5.5108708933979900e-02 -4.8347236262983103e+01 7.0904514599638158e-01 7.5590908173208931e+00 -1.6248576370801782e+00 -8.7431182267377050e-01 3.3821906378696238e+00 -1.2980624160550408e-01 1.3344429999999999e-02 6.0354666000000001e-01
6.2195140471854371e-02 -4.8842406802641115e+01 7.1881700022744432e-01 7.6805887974242433e+00 -2.0192099282995408e+00 -9.9553283244645341e-01 3.3055480904363042e+00 -1.1628346980453876e-01 1.3283893999999999e-02 6.1686173000000000e-01
6.9246440737732950e-02 -4.9406449007791892e+01 7.2854041009450510e-01 7.8334082780628815e+00 -2.3447699082345848e+00 -1.1195388178397703e+00 3.2334157514206598e+00 -1.0424103907674098e-01 1.3212384000000001e-02 6.3011079000000003e-01
7.6256760728748763e-02 -5.0042275069229305e+01 7.3820731009899720e-01 8.0087970039236769e+00 -2.6050740966541195e+00 -1.2466870013159121e+00 3.1655050384581238e+00 -9.3424390225735801e-02 1.3129907000000000e-02 6.4328284999999996e-01
8.3220267408375959e-02 -5.0753179311773714e+01 7.4780965675918365e-01 8.1990168695080179e+00 -2.8041478719402089e+00 -1.3773552369857474e+00 3.1015368785085120e+00 -8.3616478228528190e-02 1.3036481000000001e-02 6.5636695000000000e-01
9.0131149028543134e-02 -5.1542871056496452e+01 7.5733943594910003e-01 8.3973152706621761e+00 -2.9463745450880245e+00 -1.5119447574168063e+00 3.0412438253577196e+00 -7.4634062449335251e-02 1.2932137999999999e-02 6.6935217000000002e-01
9.6983599163292356e-02 -5.2415509985367024e+01 7.6678864088172549e-01 8.5978711804866119e+00 -3.0363772949566830e+00 -1.6508826127912797e+00 2.9843717692507314e+00 -6.6323987469852949e-02 1.2816919000000000e-02 6.8222760000000005e-01
1.0377184864146116e-01 -5.3375751882172523e+01 7.7614931614264093e-01 8.7957589637374163e+00 -3.0789129893132490e+00 -1.7946254222887588e+00 2.9306807305318201e+00 -5.8559813884746903e-02 1.2690879000000000e-02 6.9498240000000000e-01
1.1049015490245523e-01 -5.4428795716500368e+01 7.8541354301214383e-01 8.9868812956001261e+00 -3.0787777244965358e+00 -1.9436626617360344e+00 2.8799457431717062e+00 -5.1238428211785120e-02 1.2554085000000000e-02 7.0760577999999996e-01
1.1713280731836179e-01 -5.5580439038870402e+01 7.9457344680419073e-01 9.1679086156571419e+00 -3.0407307283390286e+00 -2.0985206503559661e+00 2.8319572752856796e+00 -4.4277064261129852e-02 1.2406611999999999e-02 7.2008700999999997e-01
1.2369415380451804e-01 -5.6837145587930607e+01 8.0362123356111259e-01 9.3362257571717215e+00 -2.9694226985647867e+00 -2.2597675600532994e+00 2.7865209685429466e+00 -3.7611073098775212e-02 1.2248551000000000e-02 7.3241546999999996e-01
1.3016858485317001e-01 -5.8206114879516328e+01 8.1254916803678667e-01 9.4898399632904606e+00 -2.8693390545324209e+00 -2.4280180020466693e+00 2.7434578268450482e+00 -3.1189623135013559e-02 1.2080001999999999e-02 7.4458062000000003e-01
1.3655054417769991e-01 -5.9695366549149952e+01 8.2134958837452166e-01 9.6273392858525355e+00 -2.7447674264993660e+00 -2.6039389518885399e+00 2.7026036788609296e+00 -2.4975218071864074e-02 1.1901076999999999e-02 7.5657202000000001e-01
1.4283453935685342e-01 -6.1313837629384231e+01 8.3001492078494499e-01 9.7478144070579198e+00 -2.5997418145475524e+00 -2.7882562756346738e+00 2.6638087768270502e+00 -1.8940648989303453e-02 1.1711898000000000e-02 7.6837935000000002e-01
1.4901515780108054e-01 -6.3071496341851542e+01 8.3853770156283125e-01 9.8507974292064180e+00 -2.4380424116452080e+00 -2.9817625843351347e+00 2.6269369876911526e+00 -1.3067144249688896e-02 1.1512599000000000e-02 7.7999244000000001e-01
1.5508704014196734e-01 -6.4979461139875440e+01 8.4691054039238800e-01 9.9362014755413206e+00 -2.2631556372986945e+00 -3.1853247258000774e+00 2.5918649398148514e+00 -7.3429526020253408e-03 1.1303326000000001e-02 7.9140122000000002e-01
1.6104493345337234e-01 -6.7050162362732976e+01 8.5512619373668541e-01 1.0004261474800298e+01 -2.0782860696386507e+00 -3.3998950607806999e+00 2.5584818583849329e+00 -1.7616633686695282e-03 1.1084235000000000e-02 8.0259581999999996e-01
1.6688364335240391e-01 -6.9297496845475592e+01 8.6317749878716965e-01 1.0055483707857638e+01 -1.8863289746200114e+00 -3.6265208838337428e+00 2.5266878287478338e+00 3.6788596668820752e-03 1.0855490000000001e-02 8.1356647999999998e-01
1.7259808189844272e-01 -7.1737040921848973e+01 8.7105743951415016e-01 1.0090592741683826e+01 -1.6898911854043299e+00 -3.8663588779809857e+00 2.4963936390562722e+00 8.9777583211552749e-03 1.0617270000000000e-02 8.2430364000000000e-01
1.7818325694891451e-01 -7.4386278885215177e+01 8.7875913198891431e-01 1.0110489008036490e+01 -1.4912922948868104e+00 -4.1206896694545438e+00 2.4675196032353881e+00 1.4131886999177532e-02 1.0369760000000000e-02 8.3479791999999997e-01
1.8363427748140393e-01 -7.7264875539672005e+01 8.8627583172266955e-01 1.0116207995427228e+01 -1.2925682138043664e+00 -4.3909354331272716e+00 2.4399947142701328e+00 1.9136791621356827e-02 1.0113159000000000e-02 8.4504013000000000e-01
1.8894635891576783e-01 -8.0394997928677952e+01 8.9360094100548770e-01 1.0108884028763642e+01 -1.0954939494823150e+00 -4.6786805388938069e+00 2.4137560725930554e+00 2.3987060768229262e-02 9.8476710000000005e-03 8.5502127999999999e-01
1.9411482311413558e-01 -8.3801691643541048e+01 9.0072800890630367e-01 1.0089712879299055e+01 -9.0159312769373856e-01 -4.9856955464043820e+00 2.3887478058992415e+00 2.8676998258137604e-02 9.5735140000000000e-03 8.6473257999999997e-01
1.9913512499147695e-01 -8.7513348087931305e+01 9.0765076796763311e-01 1.0059942804646477e+01 -7.1215431955874953e-01 -5.3139673997740804e+00 2.3649204494781317e+00 3.3200932853794947e-02 9.2909130999999992e-03 8.7416548999999999e-01
2.0400282590503405e-01 -9.1562223510109305e+01 9.1436309751085454e-01 1.0020820416208807e+01 -5.2825283081338270e-01 -5.6657319730165687e+00 2.3422303222945322e+00 3.7553565734034941e-02 9.0001030000000006e-03 8.8331166999999999e-01
2.0871362558700318e-01 -9.5985110077793351e+01 9.2085906766987002e-01 9.9735977212510587e+00 -3.5076472963034561e-01 -6.0435171430016732e+00 2.3206388025416742e+00 4.1730128460448331e-02 8.7013270999999996e-03 8.9216304000000002e-01
2.1326334617819370e-01 -1.0082410443147675e+02 9.2713291737427483e-01 9.9195030323893043e+00 -1.8038842509351843e-01 -6.4501913628409264e+00 2.3001118129727884e+00 4.5726549355202803e-02 8.3948374000000006e-03 9.0071175000000003e-01
2.1764795883859639e-01 -1.0612759394264071e+02 9.3317909104407337e-01 9.8597299795849622e+00 -1.7661849141852173e-02 -6.8890264950979487e+00 2.2806192236617884e+00 4.9539576510603499e-02 8.0808944000000001e-03 9.0895022999999997e-01
2.2186356245892891e-01 -1.1195140949579294e+02 9.3899220923390714e-01 9.7954259225988149e+00 1.3701966076676092e-01 -7.3637705365073884e+00 2.2621344518128597e+00 5.3166706916017339e-02 7.7597663000000001e-03 9.1687114999999997e-01
2.2590640494909020e-01 -1.1836030990442607e+02 9.4456709798882654e-01 9.7276849454946568e+00 2.8338171273496471e-01 -7.8787420066780189e+00 2.2446339384742435e+00 5.6606353966297006e-02 7.4317293999999999e-03 9.2446746000000002e-01
2.2977288856027406e-01 -1.2542982634992663e+02 9.4989879618323458e-01 9.6575410821124130e+00 4.2126184608295181e-01 -8.4389470501371395e+00 2.2280968489945625e+00 5.9857799315114056e-02 7.0970672000000004e-03 9.3173240000000002e-01
2.3345955924074208e-01 -1.3324856614116339e+02 9.5498254084300060e-01 9.5859642785725825e+00 5.5058672471647874e-01 -9.0502255800523379e+00 2.2125047069427417e+00 6.2920838774663021e-02 6.7560703000000000e-03 9.3865947999999999e-01
2.3696313324639168e-01 -1.4192124708993313e+02 9.5981380384017578e-01 9.5138579933113618e+00 6.7136516535163249e-01 -9.7194441634116853e+00 2.1978410236795778e+00 6.5796155657708036e-02 6.4090362999999996e-03 9.4524253000000003e-01
2.4028046520807428e-01 -1.5157249950383937e+02 9.6438824785933441e-01 9.4420581955758855e+00 7.8366469569362840e-01 -1.0454737438234519e+01 2.1840912399778900e+00 6.8484962419671433e-02 6.0562691999999996e-03 9.5147563999999996e-01
2.4340860135273151e-01 -1.6235212972220239e+02 9.6870179978700577e-01 9.3713325644372940e+00 8.8760664538522704e-01 -1.1265845037101725e+01 2.1712422705164882e+00 7.0989055615527374e-02 5.6980790999999996e-03 9.5735325999999998e-01
2.4634472628225929e-01 -1.7444185479189281e+02 9.7275057732224179e-01 9.3023872760398199e+00 9.8335113345821668e-01 -1.2164539381583172e+01 2.1592825178353694e+00 7.3310538883927537e-02 5.3347821999999998e-03 9.6287009999999995e-01
2.4908621619464361e-01 -1.8806492906750938e+02 9.7653096236604964e-01 9.2358561081354367e+00 1.0710893474223362e+00 -1.3165243509770789e+01 2.1482015377335015e+00 7.5451980483825495e-02 4.9667000000000001e-03 9.6802122999999995e-01
2.5163060162916556e-01 -2.0349926066718888e+02 9.8003954964878881e-01 9.1723158433402823e+00 1.1510314240647093e+00 -1.4285869917383931e+01 2.1379902436794502e+00 7.7416116831575343e-02 4.5941591999999996e-03 9.7280200999999999e-01
2.5397561004330999e-01 -2.2109676881837888e+02 9.8327320544171659e-01 9.1122818687936018e+00 1.2234005503581384e+00 -1.5549065657041121e+01 2.1286399851646967e+00 7.9205899797531260e-02 4.2174915999999996e-03 9.7720817000000004e-01
2.5611912323585656e-01 -2.4131157420970933e+02 9.8622900884544329e-01 9.0562138142600066e+00 1.2884235030097861e+00 -1.6984024250270011e+01 2.1201435766627599e+00 8.0824309263321875e-02 3.8370333000000002e-03 9.8123572999999997e-01
2.5805921992378916e-01 -2.6474425343874100e+02 9.8890431050147698e-01 9.0045174467884888e+00 1.3463267776466692e+00 -1.8629341267247106e+01 2.1124943595322319e+00 8.2274345477112126e-02 3.4531249000000000e-03 9.8488107999999996e-01
2.5979415977595449e-01 -2.9221278064750078e+02 9.9129671057539426e-01 8.9575474188014379e+00 1.3973284326013686e+00 -2.0537597743435306e+01 2.1056865818260420e+00 8.3558909950158133e-02 3.0661112999999999e-03 9.8814095000000002e-01
2.6132237276883502e-01 -3.2487358164370653e+02 9.9340404407895400e-01 8.9156118082140594e+00 1.4416343774700486e+00 -2.2783194385070026e+01 2.0997151639919220e+00 8.4680767493919618e-02 2.6763420000000000e-03 9.9101238999999997e-01
2.6264249111923094e-01 -3.6444449011503298e+02 9.9522442490375607e-01 8.8789739165708301e+00 1.4794348934888804e+00 -2.5476809943028861e+01 2.0945757087711607e+00 8.5642489798426272e-02 2.2841723000000002e-03 9.9349282999999999e-01
2.6375333864003242e-01 -4.1365299870616798e+02 9.9675623114335532e-01 8.8478548034720017e+00 1.5109001881097792e+00 -2.8794515987142177e+01 2.0902644260943291e+00 8.6446406015011384e-02 1.8899688000000000e-03 9.9558005999999999e-01
2.6465392541810645e-01 -4.7726566474877080e+02 9.9799809775431836e-01 8.8224342079913463e+00 1.5361777230891840e+00 -3.3044671149609464e+01 2.0867781038754765e+00 8.7094533478027494e-02 1.4941295000000000e-03 9.9727222000000004e-01
2.6534352232388719e-01 -5.6499087252120853e+02 9.9894901930142810e-01 8.8028564060190604e+00 1.5553919401511485e+00 -3.8856907297213667e+01 2.0841138133860611e+00 8.7588605746578174e-02 1.0971916000000000e-03 9.9856794000000004e-01
2.6582186325169382e-01 -7.0336525404359998e+02 9.9960862883752477e-01 8.7892191924931620e+00 1.5686473985415781e+00 -4.7956413358250472e+01 2.0822685515562394e+00 8.7930190456488713e-02 7.0085733000000002e-04 9.9946672000000003e-01
