-2.4068748124644118e-01 -2.1734166522269725e+03 2.4068875058760741e-01 -2.0813541166793402e+03 -6.3411741345649227e+02 1.4621786366310701e+02 -1.4018570299535929e+02 -4.1557979629733758e+01 5.5301730000000003e-06 1.0230946000000001e-06
-2.4067838284129925e-01 -1.5744700080007590e+03 2.4070310221543645e-01 -1.4815036858343665e+03 -6.3391439947457047e+02 1.0695824528684599e+02 -1.0088385799949697e+02 -4.1548793412716904e+01 3.5894988000000002e-05 1.9923924999999999e-05
-2.4064983775787224e-01 -1.2967686338689166e+03 2.4074812861372294e-01 -1.2015249977274937e+03 -6.3327780667249192e+02 8.8741655100355629e+01 -8.2560040529808859e+01 -4.1519984768755421e+01 8.5619985000000003e-05 7.9222864999999994e-05
-2.4059332775734452e-01 -1.1148439950683291e+03 2.4083726626845908e-01 -1.0157880688585258e+03 -6.3201906882171272e+02 7.6790647044696144e+01 -7.0428237475161353e+01 -4.1463006376208646e+01 1.5173507999999999e-04 1.9661552000000001e-04
-2.4050139762600470e-01 -9.8006367695700271e+02 2.4098227487278917e-01 -8.7562526866359804e+02 -6.2997564057771660e+02 6.7917877220228760e+01 -6.1298389210576090e+01 -4.1370465590313280e+01 2.3255418000000001e-04 3.8758918999999998e-04
-2.4036726702718536e-01 -8.7360076309159604e+02 2.4119384958337950e-01 -7.6224550254445865e+02 -6.2700366450321769e+02 6.0889802928172081e+01 -5.3937532235153483e+01 -4.1235779616547589e+01 3.2689763000000001e-04 6.6622920000000002e-04
-2.4018465388442789e-01 -7.8615258421504518e+02 2.4148189961200076e-01 -6.6642937313904758e+02 -6.2297548367744321e+02 5.5097335295133576e+01 -4.7739357897655161e+01 -4.1053048846248799e+01 4.3385032000000002e-04 1.0455858000000000e-03
-2.3994767553815236e-01 -7.1242357385189098e+02 2.4185570413886301e-01 -5.8299907116484894e+02 -6.1777896119668605e+02 5.0194156394969639e+01 -4.2361930814961781e+01 -4.0817011459262119e+01 5.5265518999999999e-04 1.5378795000000000e-03
-2.3965078764460854e-01 -6.4910165565166471e+02 2.4232400869209109e-01 -5.0878651013888413e+02 -6.1131766678711608e+02 4.5964031404036902e+01 -3.7594623956593793e+01 -4.0523037397589775e+01 6.8265765000000004e-04 2.1546280000000000e-03
-2.3928874291714325e-01 -5.9396986760254049e+02 2.4289509022835845e-01 -4.4173903202518409e+02 -6.0351148218352262e+02 4.2262542070171392e+01 -3.3299586091616568e+01 -4.0167142006392965e+01 8.2327310000000005e-04 2.9067318999999999e-03
-2.3885656301384534e-01 -5.4546596011178747e+02 2.4357680147670949e-01 -3.8047439745855343e+02 -5.9429742843534575e+02 3.8988192634404946e+01 -2.9382646432517287e+01 -3.9746011032196087e+01 9.7396649000000004e-04 3.8045331000000002e-03
-2.3834951798279244e-01 -5.0244352493045693e+02 2.4437660336118303e-01 -3.2403799865384627e+02 -5.8363054368378596e+02 3.6066732310497763e+01 -2.5777469765632329e+01 -3.9257029881564250e+01 1.1342389000000000e-03 4.8578574999999999e-03
-2.3776311124312155e-01 -4.6403332911379630e+02 2.4530158869134758e-01 -2.7176070195989723e+02 -5.7148471451719706e+02 3.3442051143263186e+01 -2.2436309135091083e+01 -3.8698313408241091e+01 1.3036180000000001e-03 6.0760461999999999e-03
-2.3709306870593261e-01 -4.2955832306219332e+02 2.4635849932275311e-01 -2.2317059017920658e+02 -5.5785341030256347e+02 3.1070598398845775e+01 -1.9324292410280464e+01 -3.8068733588749097e+01 1.4816515000000000e-03 7.4679780999999997e-03
-2.3633532996510861e-01 -3.9847913781652881e+02 2.4755374005234113e-01 -1.7793531600301907e+02 -5.4275017025786360e+02 2.8917802361120064e+01 -1.6415718825166287e+01 -3.7367941463649125e+01 1.6679024999999999e-03 9.0420881999999994e-03
-2.3548604232825393e-01 -3.7035788162913866e+02 2.4889338803391378e-01 -1.3582285676260565e+02 -5.2620890683225252e+02 2.6955692364092677e+01 -1.3691563471828108e+01 -3.6596382780194247e+01 1.8619452999999999e-03 1.0806380000000001e-02
-2.3454155528087081e-01 -3.4483326235869373e+02 2.5038320151022220e-01 -9.6673630814602220e+01 -5.0828387751004681e+02 2.5161264416820959e+01 -1.1137728242353388e+01 -3.5755304114514018e+01 2.0633631000000000e-03 1.2768437000000001e-02
-2.3349841793506704e-01 -3.2160305418386650e+02 2.5202862383732033e-01 -6.0380108136700819e+01 -4.8904952828630161e+02 2.3515333101149466e+01 -8.7437837920131578e+00 -3.4846750721009705e+01 2.2717459999999998e-03 1.4935428000000001e-02
-2.3235337474530976e-01 -3.0041147418952113e+02 2.5383479024244171e-01 -2.6871276890978628e+01 -4.6859907345436352e+02 2.2001698706093521e+01 -6.5020280325511353e+00 -3.3873551111056564e+01 2.4866887000000002e-03 1.7314116000000001e-02
-2.3110336560470088e-01 -2.8103981331802510e+02 2.5580652767213724e-01 3.8993100976021782e+00 -4.4704486412921062e+02 2.0606538906587890e+01 -4.4067761370663270e+00 -3.2839293490965424e+01 2.7077901999999999e-03 1.9910858000000000e-02
-2.2974552054984149e-01 -2.6329939168561862e+02 2.5794836314470754e-01 3.1963166129663051e+01 -4.2451573918927897e+02 1.9317945750531884e+01 -2.4537972282153877e+00 -3.1748285291355096e+01 2.9346520999999999e-03 2.2731616000000000e-02
-2.2827716264908768e-01 -2.4702625075877609e+02 2.6026451919433063e-01 5.7344425060702527e+01 -4.0115579601584608e+02 1.8125580365414791e+01 -6.3987991863731164e-01 -3.0605507658612364e+01 3.1668782999999998e-03 2.5781951000000001e-02
-2.2669580511429477e-01 -2.3207694724138085e+02 2.6275891842693422e-01 8.0066098137376514e+01 -3.7712234900859738e+02 1.7020399570938810e+01 1.0375263382793354e+00 -2.9416553421551598e+01 3.4040742000000001e-03 2.9067029000000001e-02
-2.2499914937531357e-01 -2.1832526162012454e+02 2.6543518655744358e-01 1.0015508327506939e+02 -3.5258353207336148e+02 1.5994442624735544e+01 2.5805993716278208e+00 -2.8187554627148629e+01 3.6458464000000000e-03 3.2591624999999999e-02
-2.2318508796824599e-01 -2.0565960506291120e+02 2.6829664785390978e-01 1.1764610301439245e+02 -3.2771568587436286e+02 1.5040664666553308e+01 3.9913739324198221e+00 -2.6925105536864532e+01 3.8918026000000000e-03 3.6360116999999997e-02
-2.2125170068443753e-01 -1.9398087039200988e+02 2.7134633121200558e-01 1.3258484856585008e+02 -3.0270060159669237e+02 1.4152797068116262e+01 5.2719336260110357e+00 -2.5636170253833942e+01 4.1415510999999999e-03 4.0376493999999999e-02
-2.1919725601460510e-01 -1.8320071534785689e+02 2.7458696787708936e-01 1.4503023091804533e+02 -2.7772255856432491e+02 1.3325240470636043e+01 6.4245589253686193e+00 -2.4327988853294261e+01 4.3947007000000003e-03 4.4644352999999998e-02
-2.1702021114883707e-01 -1.7324013254140618e+02 2.7802099144420533e-01 1.5505593618970144e+02 -2.5296532374165358e+02 1.2552971920098040e+01 7.4518437002687028e+00 -2.3007976801963828e+01 4.6508610999999997e-03 4.9166899000000000e-02
-2.1471921005108938e-01 -1.6402824972764842e+02 2.8165054089533148e-01 1.6275128508028001e+02 -2.2860910474332525e+02 1.1831469720198220e+01 8.3567830788403796e+00 -2.1683620658717459e+01 4.9096423000000002e-03 5.3946949000000001e-02
-2.1229308586606532e-01 -1.5550133888437307e+02 2.8547745680281950e-01 1.6822144903578854e+02 -2.0482761748952956e+02 1.1156651543935865e+01 9.1428316210601412e+00 -2.0362375073254565e+01 5.1706551000000002e-03 5.8986927000000001e-02
-2.0974085658683206e-01 -1.4760195241619644e+02 2.8950328816320281e-01 1.7158710045187698e+02 -1.8178520932099471e+02 1.0524819851421951e+01 9.8139404104601251e+00 -1.9051557603402877e+01 5.4335110000000002e-03 6.4288872999999996e-02
-2.0706172938720407e-01 -1.4027821459420480e+02 2.9372928556338884e-01 1.7298351157632845e+02 -1.5963426943948446e+02 9.9326184092576995e+00 1.0374568673463694e+01 -1.7758251451373400e+01 5.6978226000000002e-03 6.9854434000000007e-02
-2.0425509580798373e-01 -1.3348318385228902e+02 2.9815640877377869e-01 1.7255919538170116e+02 -1.3851281099768369e+02 9.3769927456426512e+00 1.0829678615864482e+01 -1.6489208752340094e+01 5.9632034000000004e-03 7.5684873999999999e-02
-2.0132053416384110e-01 -1.2717432375566177e+02 3.0278532295170735e-01 1.7047414583238569e+02 -1.1854243751847602e+02 8.8551576148875633e+00 1.1184709366537874e+01 -1.5250765185132462e+01 6.2292681999999997e-03 8.1781068999999998e-02
-1.9825780761780998e-01 -1.2131303058079737e+02 3.0761640167869181e-01 1.6689772501855654e+02 -9.9826634476812217e+01 8.3645680367466824e+00 1.1445539279133559e+01 -1.4048761244324670e+01 6.4956331999999999e-03 8.8143510999999994e-02
-1.9506686418128805e-01 -1.1586422578637016e+02 3.1264972696043081e-01 1.6200628787447471e+02 -8.2449448520842523e+01 7.9028947152394453e+00 1.1618431043856235e+01 -1.2888475229943451e+01 6.7619166000000000e-03 9.4772308000000000e-02
-1.9174783382578114e-01 -1.1079599368722515e+02 3.1788509378267737e-01 1.5598065583550510e+02 -6.6474727412084547e+01 7.4680015778876667e+00 1.1709969225691147e+01 -1.1774566770850006e+01 7.0277381999999996e-03 1.0166719000000000e-01
-1.8830102800152726e-01 -1.0607926711586541e+02 3.2332201087055046e-01 1.4900342903187982e+02 -5.1945509673296513e+01 7.0579269964109956e+00 1.1726986764015923e+01 -1.0711034212136315e+01 7.2927204000000001e-03 1.0882751000000000e-01
-1.8472694637675988e-01 -1.0168755720353542e+02 3.2895969005816672e-01 1.4125632701883757e+02 -3.8884185923117357e+01 6.6708676665325326e+00 1.1676489236730784e+01 -9.7011869694160620e+00 7.5564877000000004e-03 1.1625223000000000e-01
-1.8102626287780549e-01 -9.7596688124352355e+01 3.3479706830868955e-01 1.3291753167486615e+02 -2.7292878281372623e+01 6.3051620765106922e+00 1.1565571463933662e+01 -8.7476254879956148e+00 7.8186677999999999e-03 1.2393994999999999e-01
-1.7719982472633167e-01 -9.3784580012510446e+01 3.4083280923295262e-01 1.2415914303433591e+02 -1.7154195634241255e+01 5.9592774975687917e+00 1.1401335646527242e+01 -7.8522386423193593e+00 8.0788911000000008e-03 1.3188891000000000e-01
-1.7324866688062543e-01 -9.0231068326701092e+01 3.4706528031009953e-01 1.1514488849580344e+02 -8.4327022951600430e+00 5.6317995383814683e+00 1.1190810403581994e+01 -7.0162178503090216e+00 8.3367917000000003e-03 1.4009695999999999e-01
-1.6917399278055556e-01 -8.6917710759581368e+01 3.5349258326006461e-01 1.0602797778188346e+02 -1.0762117983479818e+00 5.3214198164045925e+00 1.0940871721641560e+01 -6.2400742975464567e+00 8.5920070000000005e-03 1.4856159999999999e-01
-1.6497718397509126e-01 -8.3827639006093179e+01 3.6011253885733241e-01 9.6949311999446138e+01 4.9822554429713426e+00 5.0269274011139835e+00 1.0658170380019929e+01 -5.5236756183281956e+00 8.8441787999999997e-03 1.5727996000000000e-01
-1.6065979049478341e-01 -8.0945412175557308e+01 3.6692270211717848e-01 8.8035972507068379e+01 9.8224556291860505e+00 4.7471995981601331e+00 1.0349064661853024e+01 -4.8662852499620515e+00 9.0929527999999999e-03 1.6624881999999999e-01
-1.5622353085176457e-01 -7.8256891832417935e+01 3.7392036229566905e-01 7.9400078073232649e+01 1.3534708047146959e+01 4.4811943902467082e+00 1.0019561557525883e+01 -4.2666163524728224e+00 9.3379794999999995e-03 1.7546460999999999e-01
-1.5167028722598935e-01 -7.5749127103280443e+01 3.8110255048278152e-01 7.1137997284360310e+01 1.6217577945409420e+01 4.2279432782124911e+00 9.6752666250977963e+00 -3.7228885098231372e+00 9.5789143999999993e-03 1.8492342000000001e-01
-1.4700211990651293e-01 -7.3410260511223768e+01 3.8846601682304327e-01 6.3329964602499572e+01 1.7975534264517005e+01 3.9865458006148322e+00 9.3213446992968549e+00 -3.2328928352917199e+00 9.8154178999999998e-03 1.9462097000000000e-01
-1.4222124322269375e-01 -7.1229422865888139e+01 3.9600726848113366e-01 5.6039953644183171e+01 1.8916636794758006e+01 3.7561625039808115e+00 8.9624879991105324e+00 -2.7940558260070398e+00 1.0047156000000000e-02 2.0455266000000000e-01
-1.3733002073043393e-01 -6.9196651315592419e+01 4.0372257723500377e-01 4.9315977150533705e+01 1.9150289115172530e+01 3.5360097143673812e+00 8.6028956071620257e+00 -2.4035079002189637e+00 1.0273801000000001e-02 2.1471357999999999e-01
-1.3233098928097670e-01 -6.7302825104583363e+01 4.1160794151027513e-01 4.3190696034685509e+01 1.8785127603637488e+01 3.3253559697920201e+00 8.2462642887204343e+00 -2.0581536134969491e+00 1.0495031000000000e-02 2.2509846000000000e-01
-1.2722683013834948e-01 -6.5539586174076263e+01 4.1965913193896154e-01 3.7682245740476368e+01 1.7927124723369612e+01 3.1235163718169163e+00 7.8957871961849442e+00 -1.7547364229502616e+00 1.0710529999999999e-02 2.3570173000000000e-01
-1.2202037379312347e-01 -6.3899281756769504e+01 4.2787168376634854e-01 3.2795347977522248e+01 1.6677757114240304e+01 2.9298489596211361e+00 7.5541606546698876e+00 -1.4899030681530125e+00 1.0919989999999999e-02 2.4651751000000000e-01
-1.1671460477617304e-01 -6.2374911104696452e+01 4.3624088925787330e-01 2.8522605957181764e+01 1.5132645650778551e+01 2.7437512639191679e+00 7.2236009893091238e+00 -1.2602636700394940e+00 1.1123108000000000e-02 2.5753959999999998e-01
-1.1131264721739734e-01 -6.0960072000078320e+01 4.4476182047848545e-01 2.4845932382537097e+01 1.3380346286606999e+01 2.5646565539127359e+00 6.9058674376641580e+00 -1.0624481190991937e+00 1.1319591000000000e-02 2.6876150999999998e-01
-1.0581776003196075e-01 -5.9648915741792784e+01 4.5342933688576720e-01 2.1738085285628454e+01 1.1501194420410380e+01 2.3920304050796588e+00 6.6022888538441631e+00 -8.9315072204128820e-01 1.1509152000000000e-02 2.8017647000000001e-01
-1.0023334173405254e-01 -5.8436108844311519e+01 4.6223807773681308e-01 1.9164264198829702e+01 9.5668306290791953e+00 2.2253684104024058e+00 6.3137998168420557e+00 -7.4917833217943275e-01 1.1691511000000000e-02 2.9177742000000001e-01
-9.4562935250646102e-02 -5.7316797708427330e+01 4.7118245449510987e-01 1.7083704433472761e+01 7.6396497643714829e+00 2.0641936222850106e+00 6.0409763260708642e+00 -6.2748377465836103e-01 1.1866398000000000e-02 3.0355700000000002e-01
-8.8810189411423407e-02 -5.6286568774772178e+01 4.8025671157549854e-01 1.5451236235345805e+01 5.7726986843371000e+00 1.9080527803609117e+00 5.7840744475057777e+00 -5.2519525900420905e-01 1.2033550000000000e-02 3.1550762999999998e-01
-8.2978892645091035e-02 -5.5341426900401324e+01 4.8945487319233233e-01 1.4218791407841119e+01 4.0096442032420700e+00 1.7565152770470345e+00 5.5430724739746626e+00 -4.3963976426834095e-01 1.2192715000000000e-02 3.2762143999999999e-01
-7.7072948910583056e-02 -5.4477765095179052e+01 4.9877078132507835e-01 1.3336780515737296e+01 2.3850726471946695e+00 1.6091703094013896e+00 5.3177110780554901e+00 -3.6835875458132156e-01 1.2343646000000000e-02 3.3989032000000002e-01
-7.1096382510820455e-02 -5.3692342660707922e+01 5.0819808812519707e-01 1.2755402060511331e+01 9.2492167520426427e-01 1.4656250377617002e+00 5.1075339048575792e+00 -3.0911815219096922e-01 1.2486109000000000e-02 3.5230591000000000e-01
-6.5053318837673069e-02 -5.2982262422020739e+01 5.1773028628862328e-01 1.2425735782141174e+01 -3.5294310051802841e-01 1.3255022787773130e+00 4.9119258050055272e+00 -2.5991269299224529e-01 1.2619877000000000e-02 3.6485963999999999e-01
-5.8947998813238173e-02 -5.2344955477376502e+01 5.2736068627640598e-01 1.2300731100542116e+01 -1.4380148470989083e+00 1.1884390817169970e+00 4.7301503838456167e+00 -2.1896507593602957e-01 1.2744734000000001e-02 3.7754270000000001e-01
-5.2784764448562088e-02 -5.1778163750607156e+01 5.3708243909406783e-01 1.2336023889846048e+01 -2.3263832773377850e+00 1.0540847106159843e+00 4.5613831687559863e+00 -1.8472099315236609e-01 1.2860473000000001e-02 3.9034606999999999e-01
-4.6568049216121066e-02 -5.1279926388680622e+01 5.4688855147784732e-01 1.2490573666072576e+01 -3.0198690323828417e+00 9.2209883236779921e-01 4.4047425978348071e+00 -1.5583900428394842e-01 1.2966896000000000e-02 4.0326054000000000e-01
-4.0302387677340373e-02 -5.0848569827569570e+01 5.5677187070845702e-01 1.2727135035669267e+01 -3.5251610736468844e+00 7.9215017660739084e-01 4.2593174894513224e+00 -1.3118044180203328e-01 1.3063819000000001e-02 4.1627669000000000e-01
-3.3992386600037366e-02 -5.0482696269836033e+01 5.6672513016980552e-01 1.3012599915710604e+01 -3.8529424098971550e+00 6.6391442815680124e-01 4.1241903107316613e+00 -1.0979380968729033e-01 1.3151064000000001e-02 4.2938494999999999e-01
-2.7642753840978390e-02 -5.0181179256656847e+01 5.7674090379027598e-01 1.3318181566859572e+01 -4.0170381381691556e+00 5.3707334582429445e-01 3.9984579266543259e+00 -9.0898116858550246e-02 1.3228465999999999e-02 4.4257553999999999e-01
-2.1258259835802984e-02 -4.9943155972648448e+01 5.8681166678768837e-01 1.3619454003166632e+01 -4.0336014617711404e+00 4.1131253421242642e-01 3.8812473493998416e+00 -7.3866942241825981e-02 1.3295871000000001e-02 4.5583855000000001e-01
-1.4843756854061724e-02 -4.9768025281390734e+01 5.9692976529681774e-01 1.3896294825682860e+01 -3.9203518270043087e+00 2.8632037920551667e-01 3.7717293066325133e+00 -5.8210184914652893e-02 1.3353135000000000e-02 4.6916390000000002e-01
-8.4041549304189056e-03 -4.9655445542982527e+01 6.0708745433499622e-01 1.4132726978340569e+01 -3.6959161908980001e+00 1.6178613826377530e-01 3.6691278106869896e+00 -4.3556421885927343e-02 1.3400123999999999e-02 4.8254139000000001e-01
-1.9444314921714667e-03 -4.9605335627992929e+01 6.1727688261587255e-01 1.4316677932534759e+01 -3.3791629462909940e+00 3.7398653699657114e-02 3.5727269997116768e+00 -2.9635343316050326e-02 1.3436718000000000e-02 4.9596067999999999e-01
4.5303878957889399e-03 -4.9617877333706950e+01 6.2749012292189232e-01 1.4439386085793826e+01 -2.9887305296654163e+00 -8.7155508101810053e-02 3.4818752256929635e+00 -1.6262084351369388e-02 1.3462807000000000e-02 5.0941133000000005e-01
1.1015210275937937e-02 -4.9693519933269393e+01 6.3771914173181787e-01 1.4496459891190668e+01 -2.5425531436129925e+00 -2.1219322556477138e-01 3.3959873162097804e+00 -3.3209256278332079e-03 1.3478291000000000e-02 5.2288276000000000e-01
1.7504918621953858e-02 -4.9832987196941104e+01 6.4795586755880996e-01 1.4484711447639237e+01 -2.0575125553509963e+00 -3.3803712253206264e-01 3.3145438407740326e+00 9.2507629047819118e-03 1.3483083000000000e-02 5.3636434000000000e-01
2.3994347769920210e-02 -5.0037286477190257e+01 6.5819215298482669e-01 1.4404532291176883e+01 -1.5491609728825784e+00 -4.6501743309264487e-01 3.2370899020621442e+00 2.1464234285358222e-02 1.3477108000000000e-02 5.4984533999999996e-01
3.0478294045844845e-02 -5.0307720008143704e+01 6.6841978984686445e-01 1.4258117022877414e+01 -1.0315191074495365e+00 -5.9347263594221200e-01 3.1632312374241049e+00 3.3312818326379869e-02 1.3460300999999999e-02 5.6331494999999998e-01
3.6951529706938047e-02 -5.0645899493818277e+01 6.7863053201631773e-01 1.4049345418427913e+01 -5.1694972699055253e-01 -7.2375293159529575e-01 3.0926315575443870e+00 4.4759505859872123e-02 1.3432611000000001e-02 5.7676231000000000e-01
4.3408812569131761e-02 -5.1053763614126574e+01 6.8881611058522096e-01 1.3783414612158621e+01 -1.6090752090925711e-02 -8.5622178654912151e-01 3.0250062471665720e+00 5.5756356569445470e-02 1.3393997000000000e-02 5.9017653000000003e-01
4.9844871565801141e-02 -5.1533597466146787e+01 6.9896821108688623e-01 1.3466490051415558e+01 4.6215485693751646e-01 -9.9125794173368753e-01 2.9601182011041924e+00 6.6249286642613911e-02 1.3344429999999999e-02 6.0354666000000001e-01
5.6254426002802282e-02 -5.2088056651221592e+01 7.0907850386838567e-01 1.3105391516294947e+01 9.1058176871695595e-01 -1.1292581439780647e+00 2.8977715714417829e+00 7.6183142797385056e-02 1.3283893999999999e-02 6.1686173000000000e-01
6.2632204813510395e-02 -5.2720196547709321e+01 7.1913867446303170e-01 1.2707304960791156e+01 1.3236087958403644e+00 -1.2706401290978073e+00 2.8378069385691242e+00 8.5506612089555178e-02 1.3212384000000001e-02 6.3011079000000003e-01
6.8972917676262513e-02 -5.3433501506822992e+01 7.2914037803165543e-01 1.2279541877476287e+01 1.6971716211920602e+00 -1.4158448094367349e+00 2.7800958457819553e+00 9.4174697576029850e-02 1.3129907000000000e-02 6.4328284999999996e-01
7.5271288710674455e-02 -5.4231924112559867e+01 7.3907529251444959e-01 1.1829326365272280e+01 2.0285968364550726e+00 -1.5653400842274170e+00 2.7245354132061901e+00 1.0215131665692415e-01 1.3036481000000001e-02 6.5636695000000000e-01
8.1522061291399606e-02 -5.5119928208881184e+01 7.4893512622408698e-01 1.1363622655314373e+01 2.3164581710142889e+00 -1.7196244133661951e+00 2.6710438300740273e+00 1.0941045867022109e-01 1.2932137999999999e-02 6.6935217000000002e-01
8.7719983606851071e-02 -5.6102535019378330e+01 7.5871159506636132e-01 1.0888997411204986e+01 2.5604241852737983e+00 -1.8792302784007866e+00 2.6195558634000871e+00 1.1593678493414414e-01 1.2816919000000000e-02 6.8222760000000005e-01
9.3859837541758084e-02 -5.7185382439272587e+01 7.6839646809890783e-01 1.0411515167222898e+01 2.7611029063780501e+00 -2.0447291171152520e+00 2.5700197611747435e+00 1.2172575877669334e-01 1.2690879000000000e-02 6.9498240000000000e-01
9.9936429049647391e-02 -5.8374787241655334e+01 7.7798155234496313e-01 9.9366610308562979e+00 2.9198881428586265e+00 -2.2167358757242095e+00 2.5223923311093999e+00 1.2678287975447278e-01 1.2554085000000000e-02 7.0760577999999996e-01
1.0594459296660252e-01 -5.9677818100288448e+01 7.8745870038648547e-01 9.4692973904120112e+00 3.0388101281121589e+00 -2.3959144912668933e+00 2.4766377195685298e+00 1.3112389236777922e-01 1.2406611999999999e-02 7.2008700999999997e-01
1.1187921708006132e-01 -6.1102384298142411e+01 7.9681984832975616e-01 9.0136355779382100e+00 3.1203969167103303e+00 -2.5829844264015622e+00 2.4327239483702354e+00 1.3477200094470104e-01 1.2248551000000000e-02 7.3241546999999996e-01
1.1773522768753730e-01 -6.2657329074792656e+01 8.0605699302601819e-01 8.5732356925717905e+00 3.1675401342871985e+00 -2.7787273482109569e+00 2.3906213790172552e+00 1.3775861272589757e-01 1.2080001999999999e-02 7.4458062000000003e-01
1.2350759922413873e-01 -6.4352542145309329e+01 8.1516220725771749e-01 8.1510170965536375e+00 3.1833835258351511e+00 -2.9839952171433461e+00 2.3503010181184663e+00 1.4012044073897625e-01 1.1901076999999999e-02 7.5657202000000001e-01
1.2919136389008767e-01 -6.6199089745125264e+01 8.2412765492474294e-01 7.7492880694566919e+00 3.1712126807408541e+00 -3.1997190913883244e+00 2.3117336786638161e+00 1.4189991333005164e-01 1.1711898000000000e-02 7.6837935000000002e-01
1.3478162609199829e-01 -6.8209367687017647e+01 8.3294561382378762e-01 7.3697817366721123e+00 3.1343671196149101e+00 -3.4269201265302893e+00 2.2748881941184389e+00 1.4314112209790000e-01 1.1512599000000000e-02 7.7999244000000001e-01
1.4027353837407947e-01 -7.0397263853506104e+01 8.4160843768274707e-01 7.0137018162763161e+00 3.0761687490388407e+00 -3.6667201300559698e+00 2.2397321815156572e+00 1.4389311926995119e-01 1.1303326000000001e-02 7.9140122000000002e-01
1.4566234955572949e-01 -7.2778375166219405e+01 8.5010863209192200e-01 6.6817714888673940e+00 2.9998434254704711e+00 -3.9203569650861669e+00 2.2062307765692566e+00 1.4420431830895902e-01 1.1084235000000000e-02 8.0259581999999996e-01
1.5094336140770109e-01 -7.5370222373003642e+01 8.5843878616593627e-01 6.3742898406320831e+00 2.9084855399310183e+00 -4.1891981532875588e+00 2.1743466239827365e+00 1.4412379492077984e-01 1.0855490000000001e-02 8.1356647999999998e-01
1.5611197197593629e-01 -7.8192538736010007e+01 8.6659164088181873e-01 6.0911840686899330e+00 2.8050102014397762e+00 -4.4747607995901282e+00 2.1440404782499125e+00 1.4370003617228097e-01 1.0617270000000000e-02 8.2430364000000000e-01
1.6116366595404774e-01 -8.1267585560413195e+01 8.7456007389276291e-01 5.8320637892518512e+00 2.6921267506619260e+00 -4.7787322014311240e+00 2.1152707388498211e+00 1.4298017185376896e-01 1.0369760000000000e-02 8.3479791999999997e-01
1.6609401949707814e-01 -8.4620529273080436e+01 8.8233710712124769e-01 5.5962734473000886e+00 2.5723153554805380e+00 -5.1029946645346795e+00 2.0879943513343378e+00 1.4200935395038441e-01 1.0113159000000000e-02 8.4504013000000000e-01
1.7089870503525961e-01 -8.8279887463882673e+01 8.8991591435215700e-01 5.3829416477585914e+00 2.4478226004862278e+00 -5.4496546816531897e+00 2.0621664967176421e+00 1.4083025432607701e-01 9.8476710000000005e-03 8.5502127999999999e-01
1.7557349127401384e-01 -9.2278054439288468e+01 8.9728982123277989e-01 5.1910301757855102e+00 2.3206522566003978e+00 -5.8210770187963590e+00 2.0377413842702286e+00 1.3948282700915954e-01 9.5735140000000000e-03 8.6473257999999997e-01
1.8011426726274937e-01 -9.6651948891118849e+01 9.0445234323841206e-01 5.0193652043607706e+00 2.1925683357837165e+00 -6.2199272403420611e+00 2.0146725148502203e+00 1.3800395308425747e-01 9.2909130999999992e-03 8.7416548999999999e-01
1.8451701832606421e-01 -1.0144374992106330e+02 9.1139714770675473e-01 4.8666883857273762e+00 2.0651003986731404e+00 -6.6492183868573322e+00 1.9929131550242689e+00 1.3642736714479839e-01 9.0001030000000006e-03 8.8331166999999999e-01
1.8877785494630273e-01 -1.0670183287135625e+02 9.1811809939663547e-01 4.7316850874413294e+00 1.9395555366165644e+00 -7.1123719424191094e+00 1.9724166201431013e+00 1.3478349158454975e-01 8.7013270999999996e-03 8.9216304000000002e-01
1.9289299832227719e-01 -1.1248186043035462e+02 9.2460923770864822e-01 4.6130239163390154e+00 1.8170323721125117e+00 -7.6132873294179149e+00 1.9531367302927349e+00 1.3309956883227439e-01 8.3948374000000006e-03 9.0071175000000003e-01
1.9685880443806519e-01 -1.1884816817466171e+02 9.3086481465075421e-01 4.5093462717294104e+00 1.6984339825889638e+00 -8.1564311829052496e+00 1.9350280541983500e+00 1.3139965038543641e-01 8.0808944000000001e-03 9.0895022999999997e-01
2.0067174480797167e-01 -1.2587540580542769e+02 9.3687926446580094e-01 4.4193294389178961e+00 1.5844877890754778e+00 -8.7469416014353101e+00 1.9180463111776664e+00 1.2970473793540718e-01 7.7597663000000001e-03 9.1687114999999997e-01
2.0432842573156706e-01 -1.3365063940852178e+02 9.4264723400400330e-01 4.3416808398135398e+00 1.4757523440302502e+00 -9.3907625238721959e+00 1.9021485398255260e+00 1.2803295917795388e-01 7.4317293999999999e-03 9.2446746000000002e-01
2.0782559310744619e-01 -1.4227597058744846e+02 9.4816359031606368e-01 4.2751574580275147e+00 1.3726550952304690e+00 -1.0094811225112743e+01 1.8872934050042538e+00 1.2639969626490274e-01 7.0970672000000004e-03 9.3173240000000002e-01
2.1116012280571006e-01 -1.5187181831243348e+02 9.5342340546693183e-01 4.2185714562974779e+00 1.2754911459881331e+00 -1.0867186699349668e+01 1.8734413173860105e+00 1.2481797314512671e-01 6.7560703000000000e-03 9.3865947999999999e-01
2.1432904473676267e-01 -1.6258122681405425e+02 9.5842199450140553e-01 4.1708102171851458e+00 1.1844487736048552e+00 -1.1717445420891114e+01 1.8605544982161177e+00 1.2329840029455169e-01 6.4090362999999996e-03 9.4524253000000003e-01
2.1732951396875438e-01 -1.7457529278704317e+02 9.6315486988540955e-01 4.1308214164944816e+00 1.0996245522103110e+00 -1.2656945919814888e+01 1.8485974606651125e+00 1.2184967333515222e-01 6.0562691999999996e-03 9.5147563999999996e-01
2.2015885886517678e-01 -1.8806063169776354e+02 9.6761781743719844e-01 4.0976352975826851e+00 1.0210368030425645e+00 -1.3699327646068737e+01 1.8375366004643747e+00 1.2047859309867531e-01 5.6980790999999996e-03 9.5735325999999998e-01
2.2281453294726761e-01 -2.0328897946199586e+02 9.7180682039615296e-01 4.0703544253469577e+00 9.4864380211115495e-01 -1.4861122340906304e+01 1.8273406282618128e+00 1.1919045363157244e-01 5.3347821999999998e-03 9.6287009999999995e-01
2.2529416303160588e-01 -2.2057084309721427e+02 9.7571813535398388e-01 4.0481617371057919e+00 8.8235167573304185e-01 -1.6162630539592417e+01 1.8179804258287877e+00 1.1798915102182785e-01 4.9667000000000001e-03 9.6802122999999995e-01
2.2759551553379526e-01 -2.4029413279592364e+02 9.7934823910288915e-01 4.0303114475966630e+00 8.2203080144207441e-01 -1.7629115632744902e+01 1.8094291395536151e+00 1.1687742875488938e-01 4.5941591999999996e-03 9.7280200999999999e-01
2.2971653497854000e-01 -2.6295155209566087e+02 9.8269388938051683e-01 4.0161315174475503e+00 7.6752354472776563e-01 -1.9292566799047624e+01 1.8016619976865142e+00 1.1585710235567802e-01 4.2174915999999996e-03 9.7720817000000004e-01
2.3165530548956909e-01 -2.8918049991050657e+02 9.8575206412500227e-01 4.0050234453330562e+00 7.1865567350436343e-01 -2.1194268273910907e+01 1.7946565978611595e+00 1.1492917534653106e-01 3.8370333000000002e-03 9.8123572999999997e-01
2.3341008929971219e-01 -3.1982548902773806e+02 9.8852002221993074e-01 3.9964543252381763e+00 6.7524384742632837e-01 -2.3388835339730726e+01 1.7883926806675929e+00 1.1409393192786800e-01 3.4531249000000000e-03 9.8488107999999996e-01
2.3497931230962105e-01 -3.5603810901707709e+02 9.9099528071497633e-01 3.9899555070241726e+00 6.3710318740157879e-01 -2.5950687129490579e+01 1.7828520556570475e+00 1.1335144221182764e-01 3.0661112999999999e-03 9.8814095000000002e-01
2.3636155446025053e-01 -3.9944719339798161e+02 9.9317559963966151e-01 3.9851206580294125e+00 6.0405378723225445e-01 -2.8985094406888916e+01 1.7780187429195067e+00 1.1270125392478876e-01 2.6763420000000000e-03 9.9101238999999997e-01
2.3755557861541576e-01 -4.5247173562045964e+02 9.9505902756207898e-01 3.9816004795447411e+00 5.7592611419891915e-01 -3.2648537582164714e+01 1.7738787321969742e+00 1.1214274730201142e-01 2.2841723000000002e-03 9.9349282999999999e-01
2.3856032093427265e-01 -5.1894876720367085e+02 9.9664388640265045e-01 3.9791018877013631e+00 5.5256567836880077e-01 -3.7189645119306284e+01 1.7704200000725154e+00 1.1167520537986894e-01 1.8899688000000000e-03 9.9558005999999999e-01
2.3937488605755897e-01 -6.0557331493659603e+02 9.9792876384100737e-01 3.9773819114401574e+00 5.3383669325089622e-01 -4.3043231785872408e+01 1.7676326278204975e+00 1.1129786040096368e-01 1.4941295000000000e-03 9.9727222000000004e-01
2.3999861450022664e-01 -7.2595327913042036e+02 9.9891261961967348e-01 3.9762440115340736e+00 5.1962399922460478e-01 -5.1095526444325500e+01 1.7655083223985724e+00 1.1101002123704534e-01 1.0971916000000000e-03 9.9856794000000004e-01
2.4043126557430194e-01 -9.1719666113317714e+02 9.9959507408263581e-01 3.9755481301488382e+00 5.0983093919917899e-01 -6.3770408108218021e+01 1.7640398603527885e+00 1.1081091946626115e-01 7.0085733000000002e-04 9.9946672000000003e-01
