-1.1298145499162414e-01 -1.3579117094779087e+03 1.1298259367717717e-01 -1.2151057119833570e+03 -3.2804912755531933e+02 8.2274299210100011e+01 -7.3328381735754945e+01 -2.0550731575637300e+01 5.5301730000000003e-06 1.0230946000000001e-06
-1.1297718409624680e-01 -1.0479050142856170e+03 1.1299935905988849e-01 -9.0496051406382594e+02 -3.2801447783580039e+02 6.2853263988145535e+01 -5.3901394657824007e+01 -2.0549194163216267e+01 3.5894988000000002e-05 1.9923924999999999e-05
-1.1296378470778780e-01 -9.0384993357860856e+02 1.1305195830565899e-01 -7.6054403829696753e+02 -3.2790578673858420e+02 5.3827267072026885e+01 -4.4859968964980368e+01 -2.0544371368800665e+01 8.5619985000000003e-05 7.9222864999999994e-05
-1.1293725826757521e-01 -8.0907784204858342e+02 1.1315608774055270e-01 -6.6514768251603289e+02 -3.2769069400504651e+02 4.7887342401372479e+01 -3.8893543477406709e+01 -2.0534826665977825e+01 1.5173507999999999e-04 1.9661552000000001e-04
-1.1289410521307253e-01 -7.3842276030090954e+02 1.1332548488330135e-01 -5.9358434859172530e+02 -3.2734101049159966e+02 4.3456803690876022e+01 -3.4424648650440169e+01 -2.0519307534193931e+01 2.3255418000000001e-04 3.8758918999999998e-04
-1.1283114277674211e-01 -6.8214867089719462e+02 1.1357264367513614e-01 -5.3610768312272012e+02 -3.2683131134811015e+02 3.9925622129599468e+01 -3.0842931742984007e+01 -2.0496682408946580e+01 3.2689763000000001e-04 6.6622920000000002e-04
-1.1274542208008399e-01 -6.3545320635711425e+02 1.1390913992680708e-01 -4.8791232510045739e+02 -3.2613834270914953e+02 3.6992869285587723e+01 -2.7847449567048990e+01 -2.0465913668161914e+01 4.3385032000000002e-04 1.0455858000000000e-03
-1.1263418173544677e-01 -5.9561106605059138e+02 1.1434581345448848e-01 -4.4627544788405891e+02 -3.2524072927614793e+02 3.4487755582295449e+01 -2.5267625537880903e+01 -2.0426043951452321e+01 5.5265518999999999e-04 1.5378795000000000e-03
-1.1249481916449679e-01 -5.6092563705757493e+02 1.1489288066901349e-01 -4.0950723961987057e+02 -3.2411883031864420e+02 3.2303950406934689e+01 -2.2997519375246284e+01 -2.0376188987993139e+01 6.8265765000000004e-04 2.1546280000000000e-03
-1.1232487123089741e-01 -5.3026838064896776e+02 1.1556001060221380e-01 -3.7648951447354858e+02 -3.2275467243100917e+02 3.0370722815392618e+01 -2.0966932709625809e+01 -2.0315533856003082e+01 8.2327310000000005e-04 2.9067318999999999e-03
-1.1212200104404817e-01 -5.0285028186816743e+02 1.1635637670878918e-01 -3.4644658838734648e+02 -3.2113193306964081e+02 2.8638621417444437e+01 -1.9127063996280494e+01 -2.0243331499434206e+01 9.7396649000000004e-04 3.8045331000000002e-03
-1.1188398831044873e-01 -4.7809773732441278e+02 1.1729069474198946e-01 -3.1882074730952786e+02 -3.1923595174074808e+02 2.7071697722397072e+01 -1.7442712444857186e+01 -2.0158902466592938e+01 1.1342389000000000e-03 4.8578574999999999e-03
-1.1160872228364165e-01 -4.5558043590288867e+02 1.1837125042858591e-01 -2.9319977779659314e+02 -3.1705375924955433e+02 2.5642985309224724e+01 -1.5887742577759703e+01 -2.0061635521361946e+01 1.3036180000000001e-03 6.0760461999999999e-03
-1.1129419665744020e-01 -4.3496709747502246e+02 1.1960591951548519e-01 -2.6927240253411082e+02 -3.1457411902399167e+02 2.4331727499543696e+01 -1.4442297251098832e+01 -1.9950988828456730e+01 1.4816515000000000e-03 7.4679780999999997e-03
-1.1093850543079863e-01 -4.1599706115698535e+02 1.2100218400216441e-01 -2.4679960382222578e+02 -3.1178757051035791e+02 2.3121595423854885e+01 -1.3091005323495498e+01 -1.9826491323972196e+01 1.6679024999999999e-03 9.0420881999999994e-03
-1.1053984010586636e-01 -3.9846140109648945e+02 1.2256714313969827e-01 -2.2559550793507015e+02 -3.0868647579741202e+02 2.1999504420147254e+01 -1.1821787656488798e+01 -1.9687744209345791e+01 1.8619452999999999e-03 1.0806380000000001e-02
-1.1009648708940921e-01 -3.8218994336581488e+02 1.2430752363146970e-01 -2.0551415603225905e+02 -3.0526506111680800e+02 2.0954799730577129e+01 -1.0625033410308179e+01 -1.9534422478927358e+01 2.0633631000000000e-03 1.2768437000000001e-02
-1.0960682649520348e-01 -3.6704214127697742e+02 1.2622968433436682e-01 -1.8644018169323186e+02 -3.0151945762582233e+02 1.9978684574752624e+01 -9.4930193443281361e+00 -1.9366276407684555e+01 2.2717459999999998e-03 1.4935428000000001e-02
-1.0906933013296199e-01 -3.5290046024549406e+02 1.2833962415324610e-01 -1.6828197102560273e+02 -2.9744772726154156e+02 1.9063804797356703e+01 -8.4194864531906184e+00 -1.9183132527211583e+01 2.4866887000000002e-03 1.7314116000000001e-02
-1.0848256155352674e-01 -3.3966555534624189e+02 1.3064298186352846e-01 -1.5096663384403237e+02 -2.9304989124949168e+02 1.8203946379524844e+01 -7.3993295099971164e+00 -1.8984894880849101e+01 2.7077901999999999e-03 1.9910858000000000e-02
-1.0784517356327179e-01 -3.2725258407087665e+02 1.3314504586840098e-01 -1.3443605884390666e+02 -2.8832792812840245e+02 1.7393804554295027e+01 -6.4283584448729449e+00 -1.8771544989215538e+01 2.9346520999999999e-03 2.2731616000000000e-02
-1.0715590957988352e-01 -3.1558850207206211e+02 1.3585074887670687e-01 -1.1864426938861747e+02 -2.8328578569013081e+02 1.6628813039040438e+01 -5.5031208801992495e+00 -1.8543142672681878e+01 3.1668782999999998e-03 2.5781951000000001e-02
-1.0641360227658038e-01 -3.0460989670188161e+02 1.3876467322505529e-01 -1.0355451931258992e+02 -2.7792936021463242e+02 1.5905008418893878e+01 -4.6207592971199833e+00 -1.8299825472084954e+01 3.4040742000000001e-03 2.9067029000000001e-02
-1.0561717267825943e-01 -2.9426130596305109e+02 1.4189105442589481e-01 -8.9137956457040104e+01 -2.7226646310530799e+02 1.5218925014119435e+01 -3.7788990776217113e+00 -1.8041807968353414e+01 3.6458464000000000e-03 3.2591624999999999e-02
-1.0476563151727651e-01 -2.8449393545505302e+02 1.4523377584540334e-01 -7.5371867272892317e+01 -2.6630679076550132e+02 1.4567513269352206e+01 -2.9755609401260403e+00 -1.7769380459154082e+01 3.8918026000000000e-03 3.6360116999999997e-02
-1.0385807742573934e-01 -2.7526457390101160e+02 1.4879637579963476e-01 -6.2238458095792005e+01 -2.6006185550849250e+02 1.3948072215494063e+01 -2.2090867633132665e+00 -1.7482907656362034e+01 4.1415510999999999e-03 4.0376493999999999e-02
-1.0289369761339759e-01 -2.6653475569852236e+02 1.5258204489346389e-01 -4.9723837908759492e+01 -2.5354491995445994e+02 1.3358196654011532e+01 -1.4780812202152243e+00 -1.7182826227962689e+01 4.3947007000000003e-03 4.4644352999999998e-02
-1.0187176786764288e-01 -2.5827006953917544e+02 1.5659362602058652e-01 -3.7817151221092601e+01 -2.4677091606258858e+02 1.2795733520343612e+01 -7.8136272653538930e-01 -1.6869642284511453e+01 4.6508610999999997e-03 4.9166899000000000e-02
-1.0079165164965531e-01 -2.5043958435017592e+02 1.6083361791159276e-01 -2.6509831705086683e+01 -2.3975633020710228e+02 1.2258745727757555e+01 -1.1792194512842080e-01 -1.6543928019169694e+01 4.9096423000000002e-03 5.3946949000000001e-02
-9.9652801224220322e-02 -2.4301538944415231e+02 1.6530417069887526e-01 -1.5794995985883688e+01 -2.3251911382720826e+02 1.1745483352977862e+01 5.1311196705959805e-01 -1.6206318457332145e+01 5.1706551000000002e-03 5.8986927000000001e-02
-9.8454755626058307e-02 -2.3597219116137256e+02 1.7000709389979424e-01 -5.6668881460595486e+00 -2.2507853540046702e+02 1.1254357974564792e+01 1.1125006444385033e+00 -1.5857506699994122e+01 5.4335110000000002e-03 6.4288872999999996e-02
-9.7197142693495026e-02 -2.2928699961915459e+02 1.7494384843351263e-01 3.8795556576878290e+00 -2.1745506952639545e+02 1.0783923091083036e+01 1.6809202473407427e+00 -1.5498240554572947e+01 5.6978226000000002e-03 6.9854434000000007e-02
-9.5879676808827835e-02 -2.2293884063574492e+02 1.8011555549117902e-01 1.2849116495170772e+01 -2.0967022572042634e+02 1.0332855778847099e+01 2.2189857520511955e+00 -1.5129316421713272e+01 5.9632034000000004e-03 7.5684873999999999e-02
-9.4502160028142546e-02 -2.1690852925471805e+02 1.8552299210083636e-01 2.1246613589282621e+01 -2.0174641200353980e+02 9.8999425035231052e+00 2.7272644063297400e+00 -1.4751574856593658e+01 6.2292681999999997e-03 8.1781068999999998e-02
-9.3064481177459982e-02 -2.1117846780204110e+02 1.9116659467549507e-01 2.9077191463847431e+01 -1.9370676896651850e+02 9.4840662217204610e+00 3.2062936874809322e+00 -1.4365895180792853e+01 6.4956331999999999e-03 8.8143510999999994e-02
-9.1566615852735900e-02 -2.0573247536917671e+02 1.9704645901313306e-01 3.6346552341289978e+01 -1.8557499679532012e+02 9.0841952886090294e+00 3.6565931691763547e+00 -1.3973188910644595e+01 6.7619166000000000e-03 9.4772308000000000e-02
-9.0008625064080861e-02 -2.0055563671014096e+02 2.0316234561880553e-01 4.3061155786720079e+01 -1.7737519667338151e+02 8.6993758066345279e+00 4.0786763188613211e+00 -1.3574394482961278e+01 7.0277381999999996e-03 1.0166719000000000e-01
-8.8390655009796759e-02 -1.9563418261475033e+02 2.0951368059166348e-01 4.9228372460197619e+01 -1.6913168385223031e+02 8.3287198206635242e+00 4.4730590731599396e+00 -1.3170471172425852e+01 7.2927204000000001e-03 1.0882751000000000e-01
-8.6712940239864089e-02 -1.9095538011515248e+02 2.1609954320669714e-01 5.4856590790888589e+01 -1.6086884115753898e+02 7.9714029015863570e+00 4.8402670005400097e+00 -1.2762393073665663e+01 7.5564877000000004e-03 1.1625223000000000e-01
-8.4975797103004153e-02 -1.8650742608813329e+02 2.2291869163826716e-01 5.9955330480833922e+01 -1.5261091397025135e+02 7.6266546858271056e+00 5.1808425148844091e+00 -1.2351142238324504e+01 7.8186677999999999e-03 1.2393994999999999e-01
-8.3179623294752258e-02 -1.8227935869647348e+02 2.2996956473414121e-01 6.4535294072068481e+01 -1.4438184969471203e+02 7.2937541227633496e+00 5.4953496425794555e+00 -1.1937702269891384e+01 8.0788911000000008e-03 1.3188891000000000e-01
-8.1324904636358969e-02 -1.7826100968078867e+02 2.3725025540494457e-01 6.8608376719687868e+01 -1.3620516503894822e+02 6.9720261300935302e+00 5.7843765226990085e+00 -1.1523054008641607e+01 8.3367917000000003e-03 1.4009695999999999e-01
-7.9412206036255151e-02 -1.7444291395005229e+02 2.4475854610489264e-01 7.2187702631881123e+01 -1.2810375405011627e+02 6.6608357706116292e+00 6.0485396414781931e+00 -1.1108167719883795e+01 8.5920070000000005e-03 1.4856159999999999e-01
-7.7442176009319436e-02 -1.7081626457165373e+02 2.5249189109142478e-01 7.5287587742977209e+01 -1.2009976381323467e+02 6.3595855079044563e+00 6.2884843324999631e+00 -1.0693998847293242e+01 8.8441787999999997e-03 1.5727996000000000e-01
-7.5415542157610774e-02 -1.6737285460971421e+02 2.6044743416557048e-01 7.7923511800668166e+01 -1.1221444029476824e+02 6.0677112626161041e+00 6.5048867443211318e+00 -1.0281481204655837e+01 9.0929527999999999e-03 1.6624881999999999e-01
-7.3333111170368448e-02 -1.6410503444836550e+02 2.6862200867194930e-01 8.0112062414443670e+01 -1.0446800362443868e+02 5.7846796472723838e+00 6.6984532091651872e+00 -9.8715224282982739e+00 9.3379794999999995e-03 1.7546460999999999e-01
-7.1195766564378357e-02 -1.6100566931462782e+02 2.7701214636895427e-01 8.1870864529155284e+01 -9.6879531902976680e+01 5.5099851392485455e+00 6.8699202852724017e+00 -9.4649990056812534e+00 9.5789143999999993e-03 1.8492342000000001e-01
-6.9004475462874110e-02 -1.5806806834408866e+02 2.8561405081820213e-01 8.3218478784150705e+01 -8.9466885466671485e+01 5.2431486590156924e+00 7.0200523348298018e+00 -9.0627529913706564e+00 9.8154178999999998e-03 1.9462097000000000e-01
-6.6760277297368553e-02 -1.5528616715621007e+02 2.9442364173544933e-01 8.4174326597824958e+01 -8.2246576466664152e+01 4.9837140621840295e+00 7.1496411213909994e+00 -8.6655862570329791e+00 1.0047156000000000e-02 2.0455266000000000e-01
-6.4464281548019864e-02 -1.5265403977500225e+02 3.0343656386077500e-01 8.4758562352432079e+01 -7.5233698893221373e+01 4.7312461346281838e+00 7.2595035571190092e+00 -8.2742565216206483e+00 1.0273801000000001e-02 2.1471357999999999e-01
-6.2117679041800315e-02 -1.5016634706525696e+02 3.1264814260766527e-01 8.4991973981005174e+01 -6.8441903659510459e+01 4.4853302559400561e+00 7.3504776530763110e+00 -7.8894767641458072e+00 1.0495031000000000e-02 2.2509846000000000e-01
-5.9721728394693897e-02 -1.4781806909287056e+02 3.2205343728411207e-01 8.4895846100191051e+01 -6.1883316444539126e+01 4.2455693043513714e+00 7.4234208578412417e+00 -7.5119100449495750e+00 1.0710529999999999e-02 2.3570173000000000e-01
-5.7277758271330012e-02 -1.4560453484664876e+02 3.3164723222243009e-01 8.4491842232307206e+01 -5.5568518280511768e+01 4.0115826125760252e+00 7.4792066806775228e+00 -7.1421681079342738e+00 1.0919989999999999e-02 2.4651751000000000e-01
-5.4787169644617204e-02 -1.4352140658087509e+02 3.4142402790907367e-01 8.3801877676005006e+01 -4.9506537688083611e+01 3.7830049184334449e+00 7.5187203467262584e+00 -6.7808102179752892e+00 1.1123108000000000e-02 2.5753959999999998e-01
-5.2251429016842002e-02 -1.4156465809011704e+02 3.5137806759518608e-01 8.2847984322707902e+01 -4.3704834521592581e+01 3.5594845335781278e+00 7.5428562960937393e+00 -6.4283410036461994e+00 1.1319591000000000e-02 2.6876150999999998e-01
-4.9672066160035194e-02 -1.3973055946770978e+02 3.6150334616678270e-01 8.1652195544167625e+01 -3.8169309938132749e+01 3.3406821552146333e+00 7.5525138520097324e+00 -6.0852097101096767e+00 1.1509152000000000e-02 2.8017647000000001e-01
-4.7050676375605560e-02 -1.3801566680309966e+02 3.7179360127456784e-01 8.0236413142457209e+01 -3.2904341061239997e+01 3.1262700489026241e+00 7.5485936256532424e+00 -5.7518105553364043e+00 1.1691511000000000e-02 2.9177742000000001e-01
-4.4388922753973575e-02 -1.3641681030672598e+02 3.8224230446375185e-01 7.8622297658761340e+01 -2.7912823999646083e+01 2.9159313247660688e+00 7.5319938195238150e+00 -5.4284825291729177e+00 1.1866398000000000e-02 3.0355700000000002e-01
-4.1688518097501640e-02 -1.3493107978816960e+02 3.9284273213551590e-01 7.6831140786693481e+01 -2.3196185106715649e+01 2.7093575922683817e+00 7.5036065518226076e+00 -5.1155093069350821e+00 1.2033550000000000e-02 3.1550762999999998e-01
-3.8951240737930090e-02 -1.3355581830617649e+02 4.0358790345573015e-01 7.4883772853060691e+01 -1.8754478175614729e+01 2.5062494910696795e+00 7.4643143365290392e+00 -4.8131210340396127e+00 1.2192715000000000e-02 3.2762143999999999e-01
-3.6178923238208677e-02 -1.3228860792590234e+02 4.1447062470586948e-01 7.2800461202265254e+01 -1.4586429528603551e+01 2.3063150059186341e+00 7.4149866354122418e+00 -4.5214951370721428e+00 1.2343646000000000e-02 3.3989032000000002e-01
-3.3373454652130249e-02 -1.3112727245701231e+02 4.2548348041283024e-01 7.0600815298029957e+01 -1.0689521699806139e+01 2.1092689341477442e+00 7.3564750205459433e+00 -4.2407582270785902e+00 1.2486109000000000e-02 3.5230591000000000e-01
-3.0536771485795783e-02 -1.3006986186413820e+02 4.3661886882966294e-01 6.8303708395018276e+01 -7.0600611239430737e+00 1.9148315565133229e+00 7.2896183868674385e+00 -3.9709872558776897e+00 1.2619877000000000e-02 3.6485963999999999e-01
-2.7670864476515677e-02 -1.2911465228160907e+02 4.4786897532502290e-01 6.5927205391630849e+01 -3.6932830831759187e+00 1.7227284757353551e+00 7.2152234779182098e+00 -3.7122129651749223e+00 1.2744734000000001e-02 3.7754270000000001e-01
-2.4777771813908500e-02 -1.2826013968196409e+02 4.5922579899371929e-01 6.3488504945775119e+01 -5.8342093243667192e-01 1.5326894791424834e+00 7.1340792743213362e+00 -3.4644212127650533e+00 1.2860473000000001e-02 3.9034606999999999e-01
-2.1859574620633551e-02 -1.2750503576657005e+02 4.7068117039708190e-01 6.1003879779343379e+01 2.2761742304287900e+00 1.3444476506061589e+00 7.0469460176760501e+00 -3.2275559076552436e+00 1.2966896000000000e-02 4.0326054000000000e-01
-1.8918401471658366e-02 -1.2684826701946956e+02 4.8222673382259429e-01 5.8488645633664639e+01 4.8929590140919288e+00 1.1577390315926852e+00 6.9545550538436594e+00 -3.0015221686830529e+00 1.3063819000000001e-02 4.1627669000000000e-01
-1.5956414836456295e-02 -1.2628897219461804e+02 4.9385400050499317e-01 5.5957116010418289e+01 7.2750952245163019e+00 9.7230117195984800e-01 6.8576069687031547e+00 -2.7861881826255122e+00 1.3151064000000001e-02 4.2938494999999999e-01
-1.2975824636808880e-02 -1.2582650205285439e+02 5.0555429540516950e-01 5.3422595912527868e+01 9.4313447662736465e+00 7.8787337785663691e-01 6.7567705799513673e+00 -2.5813895680422028e+00 1.3228465999999999e-02 4.4257553999999999e-01
-9.9788701697360871e-03 -1.2546041844579675e+02 5.1731882817163310e-01 5.0897355736503840e+01 1.1370985676681558e+01 6.0419495627896858e-01 6.6526811777312460e+00 -2.3869313975713271e+00 1.3295871000000001e-02 4.5583855000000001e-01
-6.9678291460311820e-03 -1.2519049670498293e+02 5.2913865765978074e-01 4.8392636613917283e+01 1.3103709296429402e+01 4.2100520693187704e-01 6.5459404363496603e+00 -2.2025917660592182e+00 1.3353135000000000e-02 4.6916390000000002e-01
-3.9450063920921097e-03 -1.2501672656698756e+02 5.4100473628281109e-01 4.5918646658993055e+01 1.4639536515519783e+01 2.3804205132225409e-01 6.4371141869753323e+00 -2.0281242842025295e+00 1.3400123999999999e-02 4.8254139000000001e-01
-9.1273836918892570e-04 -1.2493931591750069e+02 5.5290789227135950e-01 4.3484580436338959e+01 1.5988727306685234e+01 5.5041716493836823e-02 6.3267347265441352e+00 -1.8632615824170911e+00 1.3436718000000000e-02 4.9596067999999999e-01
2.1266158650710687e-03 -1.2495869429158709e+02 5.6483886515422954e-01 4.1098631342240061e+01 1.7161695006168184e+01 -1.2826253959256118e-01 6.2152982642705767e+00 -1.7077180480626022e+00 1.3462807000000000e-02 5.0941133000000005e-01
5.1706656182084199e-03 -1.2507551798411538e+02 5.7678827027766089e-01 3.8768031036396096e+01 1.8168931262309659e+01 -3.1214047767921915e-01 6.1032664183798051e+00 -1.5611930952839517e+00 1.3478291000000000e-02 5.2288276000000000e-01
8.2170088995751067e-03 -1.2529067620152755e+02 5.8874667863697749e-01 3.6499051262646113e+01 1.9020940573130982e+01 -4.9686692652383524e-01 5.9910659974764329e+00 -1.4233730740368460e+00 1.3483083000000000e-02 5.3636434000000000e-01
1.1263221122185807e-02 -1.2560529868622667e+02 6.0070457252567211e-01 3.4297088735021724e+01 1.9728155991910338e+01 -6.8272184352535792e-01 5.8790897621545986e+00 -1.2939347724677397e+00 1.3477108000000000e-02 5.4984533999999996e-01
1.4306859621985496e-02 -1.2602076362442475e+02 6.1265236327577233e-01 3.2166669387384623e+01 2.0300886630418727e+01 -8.6999137961933037e-01 5.7676974173660858e+00 -1.1725476442889469e+00 1.3460300999999999e-02 5.6331494999999998e-01
1.7345470436750471e-02 -1.2653870805855342e+02 6.2458041786838991e-01 3.0111432196447378e+01 2.0749268920020672e+01 -1.0589691712201175e+00 5.6572160482045515e+00 -1.0588759822682605e+00 1.3432611000000001e-02 5.7676231000000000e-01
2.0376592825355866e-02 -1.2716104095522678e+02 6.3647907667408721e-01 2.8134363654189130e+01 2.1083201745993176e+01 -1.2499575948793833e+00 5.5479413631489809e+00 -9.5258126689904310e-01 1.3393997000000000e-02 5.9017653000000003e-01
2.3397752488874463e-02 -1.2788995211190586e+02 6.4833862684232790e-01 2.6237646706972104e+01 2.1312312540941189e+01 -1.4432683258440191e+00 5.4401390649654875e+00 -8.5332489044485282e-01 1.3344429999999999e-02 6.0354666000000001e-01
2.6406470609111637e-02 -1.2872793114019453e+02 6.6014933778220930e-01 2.4422812307821495e+01 2.1445915534856656e+01 -1.6392240057312444e+00 5.3340459349718348e+00 -7.6076691746030267e-01 1.3283893999999999e-02 6.1686173000000000e-01
2.9400272887140200e-02 -1.2967778476366078e+02 6.7190149664319510e-01 2.2690766283685161e+01 2.1492981179524602e+01 -1.8381600421206521e+00 5.2298709419314129e+00 -6.7457391282697576e-01 1.3212384000000001e-02 6.3011079000000003e-01
3.2376675985497982e-02 -1.3074265160318998e+02 6.8358535509401608e-01 2.1041849792584124e+01 2.1462107221647582e+01 -2.0404250319050750e+00 5.1277972548759818e+00 -5.9441456036661633e-01 1.3129907000000000e-02 6.4328284999999996e-01
3.5333203345624176e-02 -1.3192602752305010e+02 6.9519119141395302e-01 1.9475884783990448e+01 2.1361500294542637e+01 -2.2463832202509009e+00 5.0279832801383506e+00 -5.1996379346200428e-01 1.3036481000000001e-02 6.5636695000000000e-01
3.8267387447492668e-02 -1.3323179059478392e+02 7.0670931936301884e-01 1.7992223949907160e+01 2.1198955472690098e+01 -2.4564162961797447e+00 4.9305641214784268e+00 -4.5090352902837061e-01 1.2932137999999999e-02 6.6935217000000002e-01
4.1176763030711189e-02 -1.3466422306531450e+02 7.1813006157140957e-01 1.6589806236948181e+01 2.0981848123552371e+01 -2.6709246552332333e+00 4.8356534813752070e+00 -3.8692386858011985e-01 1.2816919000000000e-02 6.8222760000000005e-01
4.4058880652323468e-02 -1.3622805322132834e+02 7.2944380276060339e-01 1.5267199070092930e+01 2.0717125623923021e+01 -2.8903303268227081e+00 4.7433447574191954e+00 -3.2772377835171573e-01 1.2690879000000000e-02 6.9498240000000000e-01
4.6911302167541885e-02 -1.3792847950843060e+02 7.4064097200299417e-01 1.4022648838654227e+01 2.0411304063140150e+01 -3.1150788341760283e+00 4.6537128508843146e+00 -2.7301195582765331e-01 1.2554085000000000e-02 7.0760577999999996e-01
4.9731602989381202e-02 -1.3977120929493529e+02 7.5171205159207444e-01 1.2854125698249970e+01 2.0070468227027177e+01 -3.3456418013634126e+00 4.5668156495048109e+00 -2.2250763001189369e-01 1.2406611999999999e-02 7.2008700999999997e-01
5.2517383386827043e-02 -1.4176251693842840e+02 7.6264762139335152e-01 1.1759360458659781e+01 1.9700277734465281e+01 -3.5825205732350041e+00 4.4826951874333965e+00 -1.7594052107631403e-01 1.2248551000000000e-02 7.3241546999999996e-01
5.5266261705934877e-02 -1.4390928273586164e+02 7.7343833223379765e-01 1.0735888727409032e+01 1.9305972034143153e+01 -3.8262488144285935e+00 4.4013793991332948e+00 -1.3305183526756434e-01 1.2080001999999999e-02 7.4458062000000003e-01
5.7975878889097415e-02 -1.4621905262705891e+02 7.8407492364221643e-01 9.7810945370701319e+00 1.8892380825141984e+01 -4.0773963321028353e+00 4.3228834019413043e+00 -9.3594132196875998e-02 1.1901076999999999e-02 7.5657202000000001e-01
6.0643902994312049e-02 -1.4870010518661837e+02 7.9454824158960913e-01 8.8922308027675943e+00 1.8463935999977814e+01 -4.3365734549543804e+00 4.2472108210463091e+00 -5.7331581152958562e-02 1.1711898000000000e-02 7.6837935000000002e-01
6.3268035974081954e-02 -1.5136153117035121e+02 8.0484926509972410e-01 8.0664595050340129e+00 1.8024684283902420e+01 -4.6044362379635508e+00 4.1743549034227634e+00 -2.4039977191540777e-02 1.1512599000000000e-02 7.7999244000000001e-01
6.5846002377247664e-02 -1.5421330596926930e+02 8.1496906189814133e-01 7.3008838409708749e+00 1.7578304930568216e+01 -4.8816905321166626e+00 4.1042999450160238e+00 6.4931693012873840e-03 1.1303326000000001e-02 7.9140122000000002e-01
6.8375571945324037e-02 -1.5726636299153259e+02 8.2489887711410304e-01 6.5925668372429591e+00 1.7128123227539717e+01 -5.1691002522243208e+00 4.0370220833956143e+00 3.4468899189897290e-02 1.1084235000000000e-02 8.0259581999999996e-01
7.0854539275797046e-02 -1.6053291133081265e+02 8.3463005344886654e-01 5.9385637396252458e+00 1.6677131850170944e+01 -5.4674920832598026e+00 3.9724910653394869e+00 6.0076851638039046e-02 1.0855490000000001e-02 8.1356647999999998e-01
7.3280744158827016e-02 -1.6402612983458752e+02 8.4415411100735160e-01 5.3359382735827898e+00 1.6228006546000415e+01 -5.7777656572124991e+00 3.9106704414352200e+00 8.3495446196904771e-02 1.0617270000000000e-02 8.2430364000000000e-01
7.5652067057981331e-02 -1.6776077104723353e+02 8.5346272955777436e-01 4.7817811801863819e+00 1.5783125505517727e+01 -6.1009024113200283e+00 3.8515188804991740e+00 1.0489232792558549e-01 1.0369760000000000e-02 8.3479791999999997e-01
7.7966431369868111e-02 -1.7175311071937912e+02 8.6254775740183109e-01 4.2732302361629806e+00 1.5344589313806216e+01 -6.4379767314932863e+00 3.7949910189502809e+00 1.2442453925758744e-01 1.0113159000000000e-02 8.4504013000000000e-01
8.0221805683769964e-02 -1.7602120343768703e+02 8.7140122024488009e-01 3.8074831427983349e+00 1.4914240226663836e+01 -6.7901690066275080e+00 3.7410382647871039e+00 1.4223894661840389e-01 9.8476710000000005e-03 8.5502127999999999e-01
8.2416203781643993e-02 -1.8058512630485916e+02 8.8001532119594306e-01 3.3818102960329490e+00 1.4493684503385765e+01 -7.1587807006517385e+00 3.6896095304769632e+00 1.5847266102880930e-01 9.5735140000000000e-03 8.6473257999999997e-01
8.4547695936290301e-02 -1.8546729247301749e+02 8.8838248511861995e-01 2.9935636969441957e+00 1.4084289014941504e+01 -7.5452541897485919e+00 3.6406517246104921e+00 1.7325263729856821e-01 9.2909130999999992e-03 8.7416548999999999e-01
8.6614397613183541e-02 -1.9069277462635586e+02 8.9649531428017337e-01 2.6401878099833773e+00 1.3687247801582066e+01 -7.9511924192659693e+00 3.5941106411200199e+00 1.8669802142583058e-01 9.0001030000000006e-03 8.8331166999999999e-01
8.8614483028275126e-02 -1.9628976017582767e+02 9.0434664157262756e-01 2.3192254393091396e+00 1.3303550142641660e+01 -8.3783873268645799e+00 3.5499313434872373e+00 1.9891848122977104e-01 8.7013270999999996e-03 8.9216304000000002e-01
9.0546178369092178e-02 -2.0229003493879623e+02 9.1192950390221905e-01 2.0283220381538891e+00 1.2934023371844830e+01 -8.8288500809677579e+00 3.5080585469062302e+00 2.1001718295184077e-01 8.3948374000000006e-03 9.0071175000000003e-01
9.2407773092905987e-02 -2.0872964793172326e+02 9.1923718654031206e-01 1.7652351031801545e+00 1.2579343821265091e+01 -9.3048523121832023e+00 3.4684375438969082e+00 2.2008351484865149e-01 8.0808944000000001e-03 9.0895022999999997e-01
9.4197610888197253e-02 -2.1564964454289913e+02 9.2626318764266646e-01 1.5278268925910445e+00 1.2240054259233967e+01 -9.8089717712915405e+00 3.4310136700059801e+00 2.2920855178223457e-01 7.7597663000000001e-03 9.1687114999999997e-01
9.5914098713190954e-02 -2.2309706452194555e+02 9.3300125373016962e-01 1.3140770236699906e+00 1.1916577538175533e+01 -1.0344154126436564e+01 3.3957338058473043e+00 2.3747036201710719e-01 7.4317293999999999e-03 9.2446746000000002e-01
9.7555709055490020e-02 -2.3112615690936954e+02 9.3944538855902016e-01 1.1220765850937902e+00 1.1609230647789548e+01 -1.0913789023334608e+01 3.3625457750083956e+00 2.4494200822016199e-01 7.0970672000000004e-03 9.3173240000000002e-01
9.9120975412807871e-02 -2.3979990193648675e+02 9.4558983538036112e-01 9.5002925987988929e-01 1.1318239798902406e+01 -1.1521804419588468e+01 3.3313991251829318e+00 2.5169038805636218e-01 6.7560703000000000e-03 9.3865947999999999e-01
1.0060850359113721e-01 -2.4919205635495823e+02 9.5142912129119650e-01 7.9625497891845021e-01 1.1043750623924264e+01 -1.2172794594046353e+01 3.3022450038284079e+00 2.5777665213697643e-01 6.4090362999999996e-03 9.4524253000000003e-01
1.0201695814694736e-01 -2.5938967438064225e+02 9.5695800401329134e-01 6.5918357838925001e-01 1.0785843398713931e+01 -1.2872176547119626e+01 3.2750365194777009e+00 2.6325654124950587e-01 6.0562691999999996e-03 9.5147563999999996e-01
1.0334508498352191e-01 -2.7049671661937612e+02 9.6217156059500408e-01 5.3735482227222131e-01 1.0544538852430977e+01 -1.3626416060254776e+01 3.2497295967740865e+00 2.6818070066834887e-01 5.6980790999999996e-03 9.5735325999999998e-01
1.0459168875462105e-01 -2.8263856522581557e+02 9.6706509870945456e-01 4.2941585696601342e-01 1.0319814111424334e+01 -1.4443308521685026e+01 3.2262814679851846e+00 2.7259501890842930e-01 5.3347821999999998e-03 9.6287009999999995e-01
1.0575565546081916e-01 -2.9596867077210987e+02 9.7163424535635545e-01 3.3411724789688746e-01 1.0111606310795752e+01 -1.5332394690790185e+01 3.2046523359218284e+00 2.7654104727608658e-01 4.9667000000000001e-03 9.6802122999999995e-01
1.0683593663206856e-01 -3.1067753181085368e+02 9.7587488477073081e-01 2.5031662511587560e-01 9.9198249817582429e+00 -1.6305520944591819e+01 3.1848048259205779e+00 2.8005605592559907e-01 4.5941591999999996e-03 9.7280200999999999e-01
1.0783156740476929e-01 -3.2700616128307109e+02 9.7978322938438045e-01 1.7696994751502401e-01 9.7443609205722854e+00 -1.7377681964455281e+01 3.1667040920702920e+00 2.8317377274604222e-01 4.2174915999999996e-03 9.7720817000000004e-01
1.0874164844469941e-01 -3.4526567780255488e+02 9.8335574886441535e-01 1.1312862172160355e-01 9.5850852494425478e+00 -1.8568243722262135e+01 3.1503181285684145e+00 2.8592383170391467e-01 3.8370333000000002e-03 9.8123572999999997e-01
1.0956536402408476e-01 -3.6586837508577321e+02 9.8658924107472268e-01 5.7941008909837305e-02 9.4418647491595902e+00 -1.9902888675103902e+01 3.1356175323954600e+00 2.8833277973712473e-01 3.4531249000000000e-03 9.8488107999999996e-01
1.1030197524269778e-01 -3.8937773263050053e+02 9.8948080546541617e-01 1.0646618729543592e-02 9.3145784414638158e+00 -2.1416742575251440e+01 3.1225756697285143e+00 2.9042390700706311e-01 3.0661112999999999e-03 9.8814095000000002e-01
1.1095081550859001e-01 -4.1659410785460238e+02 9.9202782533247003e-01 -2.9423485967285654e-02 9.2030452403675351e+00 -2.3159738053182682e+01 3.1111688186279314e+00 2.9221755391122206e-01 2.6763420000000000e-03 9.9101238999999997e-01
1.1151130409589458e-01 -4.4871346405702889e+02 9.9422802103881780e-01 -6.2854606626893766e-02 9.1071851134322905e+00 -2.5206550158159558e+01 3.1013759766665037e+00 2.9373113651022803e-01 2.2841723000000002e-03 9.9349282999999999e-01
1.1198294162555852e-01 -4.8764756276041953e+02 9.9607943227398588e-01 -9.0145229894802573e-02 9.0268646595282647e+00 -2.7676642932762778e+01 3.0931789693572891e+00 2.9497944118284286e-01 1.8899688000000000e-03 9.9558005999999999e-01
1.1236530780570933e-01 -5.3676175824060181e+02 9.9758040918391044e-01 -1.1171116612908627e-01 8.9619800753257337e+00 -3.0780470610037412e+01 3.0865625027652399e+00 2.9597469435034035e-01 1.4941295000000000e-03 9.9727222000000004e-01
1.1265809306652685e-01 -6.0296161383848232e+02 9.9872973655350172e-01 -1.2788860744154956e-01 8.9124388593323225e+00 -3.4950167445519916e+01 3.0815136741073008e+00 2.9672672953669710e-01 1.0971916000000000e-03 9.9856794000000004e-01
1.1286118442632495e-01 -7.0525602848972187e+02 9.9952697087360265e-01 -1.3893981374104014e-01 8.8781473092659446e+00 -4.1375942940533605e+01 3.0780204103067472e+00 2.9724330481869604e-01 7.0085733000000002e-04 9.9946672000000003e-01
