-4.4031963850425010e-01 -6.7860894305680301e+02 4.4032111208841629e-01 -7.0491498220105541e+02 -1.8235853090327907e+02 4.4099167663201428e+01 -4.5795563871236482e+01 -1.1759007065910760e+01 5.5301730000000003e-06 1.0230946000000001e-06
-4.4030299365657327e-01 -5.0631123487825812e+02 4.4033169049497789e-01 -5.3253716802688939e+02 -1.8234867173404962e+02 3.2988024288125843e+01 -3.4680750246437917e+01 -1.1758564037412787e+01 3.5894988000000002e-05 1.9923924999999999e-05
-4.4025077257407008e-01 -4.2631173436025711e+02 4.4036487889372627e-01 -4.5232897563926923e+02 -1.8231774256577017e+02 2.7827122716418391e+01 -2.9510250072126141e+01 -1.1757174188924708e+01 8.5619985000000003e-05 7.9222864999999994e-05
-4.4014739177970807e-01 -3.7376298686095566e+02 4.4043058115154532e-01 -3.9942014811761140e+02 -1.8225652499502019e+02 2.4434697027192872e+01 -2.6101207033383673e+01 -1.1754423171960157e+01 1.5173507999999999e-04 1.9661552000000001e-04
-4.3997921252090505e-01 -3.3467849547444433e+02 4.4053746519214376e-01 -3.5981212317302447e+02 -1.8215697108662076e+02 2.1908759712038361e+01 -2.3551034471448006e+01 -1.1749949061015698e+01 2.3255418000000001e-04 3.8758918999999998e-04
-4.3973383068185534e-01 -3.0364684085661418e+02 4.4069341428261893e-01 -3.2808741222498850e+02 -1.8201179358689001e+02 1.9900333130190706e+01 -2.1510430916543751e+01 -1.1743423837929916e+01 3.2689763000000001e-04 6.6622920000000002e-04
-4.3939975367631817e-01 -2.7799774644525991e+02 4.4090573237985037e-01 -3.0157361165316945e+02 -1.8181428652878674e+02 1.8237237210287791e+01 -1.9807074116369741e+01 -1.1734545219449471e+01 4.3385032000000002e-04 1.0455858000000000e-03
-4.3896621962118165e-01 -2.5621460289983202e+02 4.4118125905228206e-01 -2.7875480097552384e+02 -1.8155823101683185e+02 1.6821710862404686e+01 -1.8343191199994795e+01 -1.1723032302871195e+01 5.5265518999999999e-04 1.5378795000000000e-03
-4.3842308555669052e-01 -2.3735197476721902e+02 4.4152644052003653e-01 -2.5868834391846218e+02 -1.8123784252070351e+02 1.5592842816210698e+01 -1.7057957511600531e+01 -1.1708623073933548e+01 6.8265765000000004e-04 2.1546280000000000e-03
-4.3776075196669939e-01 -2.2077974949092592e+02 4.4194737762504094e-01 -2.4074856413563566e+02 -1.8084774000145742e+02 1.4510067887933907e+01 -1.5910971218633820e+01 -1.1691072891115427e+01 8.2327310000000005e-04 2.9067318999999999e-03
-4.3697011134923375e-01 -2.0605622900967902e+02 4.4244985851630814e-01 -2.2449949275739220e+02 -1.8038292963137144e+02 1.3544979531128925e+01 -1.4874050307804765e+01 -1.1670153622889019e+01 9.7396649000000004e-04 3.8045331000000002e-03
-4.3604251061311572e-01 -1.9285924613206515e+02 4.4303938254824909e-01 -2.0962572636977342e+02 -1.7983879657253181e+02 1.2676884806969968e+01 -1.3926775816559845e+01 -1.1645653155529175e+01 1.1342389000000000e-03 4.8578574999999999e-03
-4.3496972360196262e-01 -1.8094615761344363e+02 4.4372117774267256e-01 -1.9589221968308493e+02 -1.7921110255321119e+02 1.1890221994579161e+01 -1.3053900335684670e+01 -1.1617375153690421e+01 1.3036180000000001e-03 6.0760461999999999e-03
-4.3374393119169835e-01 -1.7012929750881608e+02 4.4450021343754043e-01 -1.8311957104115902e+02 -1.7849598758380830e+02 1.1172976407724693e+01 -1.2243756507655435e+01 -1.1585139020250068e+01 1.4816515000000000e-03 7.4679780999999997e-03
-4.3235770517482186e-01 -1.6026023879242049e+02 4.4538121052910218e-01 -1.7116818026919972e+02 -1.7768997338951871e+02 1.0515663756244569e+01 -1.1487234337532774e+01 -1.1548779937480710e+01 1.6679024999999999e-03 9.0420881999999994e-03
-4.3080399734045766e-01 -1.5121933676832003e+02 4.4636864841192009e-01 -1.5992762058035194e+02 -1.7678996897332445e+02 9.9106546799788244e+00 -1.0777100740793728e+01 -1.1508149014590675e+01 1.8619452999999999e-03 1.0806380000000001e-02
-4.2907612934698336e-01 -1.4290854196041968e+02 4.4746677141518293e-01 -1.4930941681820914e+02 -1.7579327609266662e+02 9.3517104375292153e+00 -1.0107530807940375e+01 -1.1463113438951192e+01 2.0633631000000000e-03 1.2768437000000001e-02
-4.2716778805463207e-01 -1.3524635511055490e+02 4.4867959176900729e-01 -1.3924188826206907e+02 -1.7469759637382310e+02 8.8336568709955721e+00 -9.4737781851870668e+00 -1.1413556720816615e+01 2.2717459999999998e-03 1.4935428000000001e-02
-4.2507301768778677e-01 -1.2816416473076589e+02 4.5001089458558463e-01 -1.2966641702921711e+02 -1.7350103577148886e+02 8.3521478631593844e+00 -8.8719351009441301e+00 -1.1359378821137391e+01 2.4866887000000002e-03 1.7314116000000001e-02
-4.2278622001110844e-01 -1.2160359586757492e+02 4.5146423774724548e-01 -1.2053472915519731e+02 -1.7220211207058389e+02 7.9034929934674309e+00 -8.2987573473077845e+00 -1.1300496439088564e+01 2.7077901999999999e-03 1.9910858000000000e-02
-4.2030214464248433e-01 -1.1551445711678855e+02 4.5304295806293343e-01 -1.1180678958665791e+02 -1.7079975530140271e+02 7.4845262471003355e+00 -7.7515299983275687e+00 -1.1236843002962813e+01 2.9346520999999999e-03 2.2731616000000000e-02
-4.1761589433687424e-01 -1.0985325297498154e+02 4.5475016791012840e-01 -1.0344925616789412e+02 -1.6929331511751832e+02 7.0925087149240511e+00 -7.2279681535347278e+00 -1.1168368985109414e+01 3.1668782999999998e-03 2.5781951000000001e-02
-4.1472291970246428e-01 -1.0458197569935233e+02 4.5658875859292336e-01 -9.5434232766247334e+01 -1.6768256022112877e+02 6.7250514862875264e+00 -6.7261374722557790e+00 -1.1095041879682945e+01 3.4040742000000001e-03 2.9067029000000001e-02
-4.1161901567810233e-01 -9.9667196931585977e+01 4.5856140258074241e-01 -8.7738296030509034e+01 -1.6596767736787413e+02 6.3800557948280430e+00 -6.2443922998426231e+00 -1.1016846172406975e+01 3.6458464000000000e-03 3.2591624999999999e-02
-4.0830032681714468e-01 -9.5079333894770969e+01 4.6067055015026359e-01 -8.0341738856635175e+01 -1.6414927286641245e+02 6.0556665643622241e+00 -5.7813275529870705e+00 -1.0933783470146116e+01 3.8918026000000000e-03 3.6360116999999997e-02
-4.0476334024232741e-01 -9.0792058011109447e+01 4.6291843386285497e-01 -7.3227930121934392e+01 -1.6222836595719073e+02 5.7502338615883879e+00 -5.3357384307654092e+00 -1.0845872252265330e+01 4.1415510999999999e-03 4.0376493999999999e-02
-4.0100488828768938e-01 -8.6781825359402049e+01 4.6530706688553597e-01 -6.6382814064887768e+01 -1.6020638482126802e+02 5.4622827842563870e+00 -4.9065886640279963e+00 -1.0753147788246020e+01 4.3947007000000003e-03 4.4644352999999998e-02
-3.9702214849857254e-01 -8.3027490005904838e+01 4.6783824299097754e-01 -5.9794489134983969e+01 -1.5808515961737115e+02 5.1904885586005980e+00 -4.4929843204479907e+00 -1.0655661928099244e+01 4.6508610999999997e-03 4.9166899000000000e-02
-3.9281264010905748e-01 -7.9509982245409120e+01 4.7051353879621999e-01 -5.3452849293921055e+01 -1.5586691151998832e+02 4.9336558781434734e+00 -4.0941516044628994e+00 -1.0553482741127834e+01 4.9096423000000002e-03 5.3946949000000001e-02
-3.8837422844516872e-01 -7.6212048337970572e+01 4.7333431096427558e-01 -4.7349305352351216e+01 -1.5355424391136529e+02 4.6907021978595749e+00 -3.7094192105556725e+00 -1.0446694259369142e+01 5.1706551000000002e-03 5.8986927000000001e-02
-3.8370511699910520e-01 -7.3118022672793018e+01 4.7630170124124382e-01 -4.1476520196305422e+01 -1.5115012524830448e+02 4.4606431567808693e+00 -3.3382021108951463e+00 -1.0335395870902802e+01 5.4335110000000002e-03 6.4288872999999996e-02
-3.7880385535500982e-01 -7.0213647594163476e+01 4.7941663141919616e-01 -3.5828210926032369e+01 -1.4865787827666890e+02 4.2425811119871950e+00 -2.9799895877461422e+00 -1.0219702025337602e+01 5.6978226000000002e-03 6.9854434000000007e-02
-3.7366933038255884e-01 -6.7485908544966236e+01 4.8267980893297069e-01 -3.0398956414280786e+01 -1.4608115957656997e+02 4.0356946165050287e+00 -2.6343333391978763e+00 -1.0099741498287802e+01 5.9632034000000004e-03 7.5684873999999999e-02
-3.6830077064016709e-01 -6.4922902280828637e+01 4.8609172406177481e-01 -2.5184047751731342e+01 -1.4342394024454362e+02 3.8392300684536984e+00 -2.3008384058487863e+00 -9.9756568370262233e+00 6.2292681999999997e-03 8.1781068999999998e-02
-3.6269774285242362e-01 -6.2513718387352142e+01 4.8965265216790305e-01 -2.0179350748766296e+01 -1.4069048237427606e+02 3.6524942041879731e+00 -1.9791547989906999e+00 -9.8476036355405565e+00 6.4956331999999999e-03 8.8143510999999994e-02
-3.5686015191009191e-01 -6.0248339116381736e+01 4.9336265369673721e-01 -1.5381189635386519e+01 -1.3788534653584952e+02 3.4748477726807345e+00 -1.6689705684720053e+00 -9.7157498328984460e+00 6.7619166000000000e-03 9.4772308000000000e-02
-3.5078823558626337e-01 -5.8117550117822368e+01 4.9722157753482299e-01 -1.0786241864653679e+01 -1.3501330532240118e+02 3.3056999011853110e+00 -1.3700053367685023e+00 -9.5802747295950024e+00 7.0277381999999996e-03 1.0166719000000000e-01
-3.4448256365571611e-01 -5.6112864341604443e+01 5.0122906156954927e-01 -6.3914515960649210e+00 -1.3207938002639938e+02 3.1445033256599375e+00 -1.0820051130591664e+00 -9.4413682501544240e+00 7.2927204000000001e-03 1.0882751000000000e-01
-3.3794405022388996e-01 -5.4226458990688073e+01 5.0538452485363627e-01 -2.1939649356563193e+00 -1.2908878654629260e+02 2.9907505090858555e+00 -8.0473820710434096e-01 -9.2992304184939094e+00 7.5564877000000004e-03 1.1625223000000000e-01
-3.3117392818829561e-01 -5.2451108555098770e+01 5.0968718383583911e-01 1.8089691893322977e+00 -1.2604691744949247e+02 2.8439692870275839e+00 -5.3799004832222241e-01 -9.1540696576037348e+00 7.8186677999999999e-03 1.2393994999999999e-01
-3.2417374747723193e-01 -5.0780133826536385e+01 5.1413605348030722e-01 5.6200217204321827e+00 -1.2295930007344317e+02 2.7037199120022226e+00 -2.8155982915800870e-01 -9.0061020776823622e+00 8.0788911000000008e-03 1.3188891000000000e-01
-3.1694540146901878e-01 -4.9207362071229525e+01 5.1872993047620064e-01 9.2418485844304143e+00 -1.1983158858600235e+02 2.5695922842281944e+00 -3.5258471328946661e-02 -8.8555509943053039e+00 8.3367917000000003e-03 1.4009695999999999e-01
-3.0949109176635359e-01 -4.7727077402664314e+01 5.2346741562486798e-01 1.2677136129616748e+01 -1.1666952230927660e+02 2.4412031244689376e+00 2.0109531586990381e-01 -8.7026453258735454e+00 8.5920070000000005e-03 1.4856159999999999e-01
-3.0181334580913288e-01 -4.6333988140691169e+01 5.2834690264625772e-01 1.5928627516374513e+01 -1.1347890582671940e+02 2.3181938346003803e+00 4.2767661272230545e-01 -8.5476187942568149e+00 8.8441787999999997e-03 1.5727996000000000e-01
-2.9391499926163100e-01 -4.5023190581808997e+01 5.3336658937250681e-01 1.8999160540531925e+01 -1.1026557303643303e+02 2.2002281971988467e+00 6.4465685616456114e-01 -8.3907088304564059e+00 9.0929527999999999e-03 1.6624881999999999e-01
-2.8579919601249992e-01 -4.3790139765445069e+01 5.3852447774794121e-01 2.1891688703115673e+01 -1.0703536377929507e+02 2.0869905856538393e+00 8.5220525920252221e-01 -8.2321554983514496e+00 9.3379794999999995e-03 1.7546460999999999e-01
-2.7746937936835825e-01 -4.2630622030040890e+01 5.4381837942587041e-01 2.4609301561669579e+01 -1.0379409294523310e+02 1.9781841981352271e+00 1.0504906027002070e+00 -8.0722004197594348e+00 9.5789143999999993e-03 1.8492342000000001e-01
-2.6892931847302409e-01 -4.1540734278546623e+01 5.4924589897820331e-01 2.7155229580780091e+01 -1.0054753670910968e+02 1.8735298929977007e+00 1.2396815917292030e+00 -7.9110863360206656e+00 9.8154178999999998e-03 1.9462097000000000e-01
-2.6018306427546067e-01 -4.0516856219191737e+01 5.5480446187942156e-01 2.9532868756511608e+01 -9.7301390947038371e+01 1.7727642642746015e+00 1.4199489867514066e+00 -7.7490553456618354e+00 1.0047156000000000e-02 2.0455266000000000e-01
-2.5123494072336572e-01 -3.9555630812961489e+01 5.6049132010337410e-01 3.1745785185255009e+01 -9.4061245785998551e+01 1.6756383584923886e+00 1.5914662796576369e+00 -7.5863479025105240e+00 1.0273801000000001e-02 2.1471357999999999e-01
-2.4208958879522532e-01 -3.8653951138295717e+01 5.6630352413930396e-01 3.3797705806044746e+01 -9.0832580251025675e+01 1.5819170383136962e+00 1.7544094638225700e+00 -7.4232027614654896e+00 1.0495031000000000e-02 2.2509846000000000e-01
-2.3275191366184939e-01 -3.7808938822188203e+01 5.7223795657261589e-01 3.5692531011917993e+01 -8.7620722455448941e+01 1.4913773660098135e+00 1.9089584585907979e+00 -7.2598552340694287e+00 1.0710529999999999e-02 2.3570173000000000e-01
-2.2322709349278222e-01 -3.7017930455583368e+01 5.7829132648808235e-01 3.7434327372673344e+01 -8.4430834700548019e+01 1.4038077745819111e+00 2.0552971535456774e+00 -7.0965365982319906e+00 1.0919989999999999e-02 2.4651751000000000e-01
-2.1352058826271345e-01 -3.6278465254343580e+01 5.8446016387304800e-01 3.9027320362308480e+01 -8.1267898152886104e+01 1.3190072662491676e+00 2.1936134330330197e+00 -6.9334735164253196e+00 1.1123108000000000e-02 2.5753959999999998e-01
-2.0363811333224552e-01 -3.5588270875442923e+01 5.9074083640781405e-01 4.0475887841056611e+01 -7.8136689782687583e+01 1.2367843679952915e+00 2.3240995616264462e+00 -6.7708869368864191e+00 1.1319591000000000e-02 2.6876150999999998e-01
-1.9358563064148304e-01 -3.4945252175806957e+01 5.9712955506243282e-01 4.1784554258496840e+01 -7.5041765249061953e+01 1.1569563184158145e+00 2.4469522335504599e+00 -6.6089913337169817e+00 1.1509152000000000e-02 2.8017647000000001e-01
-1.8336935751644357e-01 -3.4347482177820829e+01 6.0362236849991302e-01 4.2957973887556030e+01 -7.1987448678320916e+01 1.0793484534156310e+00 2.5623722238664692e+00 -6.4479944323940384e+00 1.1691511000000000e-02 2.9177742000000001e-01
-1.7299577547546818e-01 -3.3793184939581366e+01 6.1021515747942545e-01 4.4000917955942427e+01 -6.8977831500506113e+01 1.0037936026444274e+00 2.6705641063619598e+00 -6.2880966582194668e+00 1.1866398000000000e-02 3.0355700000000002e-01
-1.6247155977793565e-01 -3.3280766268946110e+01 6.1690367963065906e-01 4.4918266926083106e+01 -6.6016730246152690e+01 9.3013096091824421e-01 2.7717366526945604e+00 -6.1294897319429174e+00 1.2033550000000000e-02 3.1550762999999998e-01
-1.5180364106913724e-01 -3.2808725069667190e+01 6.2368353027625989e-01 4.5714987844266467e+01 -6.3107711357032947e+01 8.5820597082926975e-01 2.8661018580318611e+00 -5.9723572766129749e+00 1.2192715000000000e-02 3.2762143999999999e-01
-1.4099916134822343e-01 -3.2375729619124300e+01 6.3055017041580297e-01 4.6396123976700778e+01 -6.0254067535658102e+01 7.8786946344539621e-01 2.9538747208236109e+00 -5.8168738233031396e+00 1.2343646000000000e-02 3.3989032000000002e-01
-1.3006548277461449e-01 -3.1980569872345384e+01 6.3749892112899853e-01 4.6966774926650537e+01 -5.7458818570377595e+01 7.1897721143498439e-01 3.0352731594827365e+00 -5.6632048236649490e+00 1.2486109000000000e-02 3.5230591000000000e-01
-1.1901015244235708e-01 -3.1622153739952239e+01 6.4452498596286978e-01 4.7432082821491001e+01 -5.4724701559939149e+01 6.5138918711972593e-01 3.1105172312670315e+00 -5.5115054261111176e+00 1.2619877000000000e-02 3.6485963999999999e-01
-1.0784092879935681e-01 -3.1299533406608958e+01 6.5162343414136970e-01 4.7797213588022551e+01 -5.2054177903035210e+01 5.8496928035345652e-01 3.1798288022721390e+00 -5.3619217454668355e+00 1.2744734000000001e-02 3.7754270000000001e-01
-9.6565755228146144e-02 -3.1011841452039668e+01 6.5878921735576434e-01 4.8067341367084907e+01 -4.9449429682271699e+01 5.1958466521517588e-01 3.2434307844752173e+00 -5.2145895769947996e+00 1.2860473000000001e-02 3.9034606999999999e-01
-8.5192742433062185e-02 -3.0758346507397437e+01 6.6601718095822238e-01 4.8247631834387832e+01 -4.6912359129913590e+01 4.5510525926001333e-01 3.3015472727398074e+00 -5.0696345380938235e+00 1.2966896000000000e-02 4.0326054000000000e-01
-7.3730186053068969e-02 -3.0538421636084241e+01 6.7330205276822575e-01 4.8343225834744366e+01 -4.4444598111634910e+01 3.9140339265969293e-01 3.3544021849166410e+00 -4.9271722968840814e+00 1.3063819000000001e-02 4.1627669000000000e-01
-6.2186513823292044e-02 -3.0351547138904774e+01 6.8063847665333732e-01 4.8359224032078274e+01 -4.2047503208205086e+01 3.2835307884354625e-01 3.4022195485253404e+00 -4.7873080452919963e+00 1.3151064000000001e-02 4.2938494999999999e-01
-5.0570338413483851e-02 -3.0197310136378455e+01 6.8802097894843317e-01 4.8300671674013230e+01 -3.9722175548513320e+01 2.6582989060764861e-01 3.4452224017571744e+00 -4.6501372938342405e+00 1.3228465999999999e-02 4.4257553999999999e-01
-3.8890386976736857e-02 -3.0075402684067239e+01 6.9544401323005967e-01 4.8172544346704377e+01 -3.7469454923282825e+01 2.0371014619989225e-01 3.4836325042062208e+00 -4.5157452669108551e+00 1.3295871000000001e-02 4.5583855000000001e-01
-2.7155536375127021e-02 -2.9985621854953632e+01 7.0290193792925482e-01 4.7979734733320370e+01 -3.5289937248326659e+01 1.4187068101093070e-01 3.5176700730690884e+00 -4.3842075587513065e+00 1.3353135000000000e-02 4.6916390000000002e-01
-1.5374769147659950e-02 -2.9927869693128347e+01 7.1038904431552119e-01 4.7727039420781608e+01 -3.3183977540520331e+01 8.0188179025788342e-02 3.5475528826526932e+00 -4.2555898702327148e+00 1.3400123999999999e-02 4.8254139000000001e-01
-3.5571911230920517e-03 -2.9902154246791085e+01 7.1789954530323730e-01 4.7419148178130470e+01 -3.1151704800268753e+01 1.8538830957723462e-02 3.5734960060773369e+00 -4.1299488973057477e+00 1.3436718000000000e-02 4.9596067999999999e-01
8.2880038057123184e-03 -2.9908590959512537e+01 7.2542759783883515e-01 4.7060631926504747e+01 -2.9193028792650964e+01 -4.3202298910519632e-02 3.5957114960278660e+00 -4.0073316116188185e+00 1.3462807000000000e-02 5.0941133000000005e-01
2.0151498456137507e-02 -2.9947404778722564e+01 7.3296728051362248e-01 4.6655935402902202e+01 -2.7307659112523115e+01 -1.0516156052584336e-01 3.6144077600166433e+00 -3.8877767630859004e+00 1.3478291000000000e-02 5.2288276000000000e-01
3.2023931613514300e-02 -3.0018933022133908e+01 7.4051264393493410e-01 4.6209365655248277e+01 -2.5495105500934798e+01 -1.6746761170380675e-01 3.6297893968466437e+00 -3.7713141177597476e+00 1.3483083000000000e-02 5.3636434000000000e-01
4.3895853999065204e-02 -3.0123628979967954e+01 7.4805768274215856e-01 4.5725086547725951e+01 -2.3754699996522994e+01 -2.3025170530828754e-01 3.6420567010128244e+00 -3.6579654232966661e+00 1.3477108000000000e-02 5.4984533999999996e-01
5.5757745882726750e-02 -3.0262066130464135e+01 7.5559634680032794e-01 4.5207112489164857e+01 -2.2085607228464031e+01 -2.9364831355841292e-01 3.6514054013419948e+00 -3.5477447296587026e+00 1.3460300999999999e-02 5.6331494999999998e-01
6.7600043502381302e-02 -3.0434943465182695e+01 7.6312255799050066e-01 4.4659302062097730e+01 -2.0486834825262701e+01 -3.5779584271762266e-01 3.6580263662671273e+00 -3.4406585908133778e+00 1.3432611000000001e-02 5.7676231000000000e-01
7.9413156676678864e-02 -3.0643091849907389e+01 7.7063022140335180e-01 4.4085353420282736e+01 -1.8957248028613819e+01 -4.2283733796294221e-01 3.6621053717946750e+00 -3.3367064161780422e+00 1.3393997000000000e-02 5.9017653000000003e-01
9.1187442385804729e-02 -3.0887480672213382e+01 7.7811320854878896e-01 4.3488802854562955e+01 -1.7495583757954748e+01 -4.8892100274227634e-01 3.6638228240138551e+00 -3.2358812367242864e+00 1.3344429999999999e-02 6.0354666000000001e-01
1.0291323999712282e-01 -3.1169226296430629e+01 7.8556537974312990e-01 4.2873021668015006e+01 -1.6100462473493600e+01 -5.5620109385912864e-01 3.6633536281328882e+00 -3.1381698741152060e+00 1.3283893999999999e-02 6.1686173000000000e-01
1.1458090649081826e-01 -3.1489596459383748e+01 7.9298060649628221e-01 4.2241211713359647e+01 -1.4770397579349373e+01 -6.2483890134238274e-01 3.6608670210887961e+00 -3.0435531873805433e+00 1.3212384000000001e-02 6.3011079000000003e-01
1.2618076362143310e-01 -3.1850048871257290e+01 8.0035273793097472e-01 4.1596410933458792e+01 -1.3503814974540786e+01 -6.9500328306152404e-01 3.6565264066665968e+00 -2.9520069583061219e+00 1.3129907000000000e-02 6.4328284999999996e-01
1.3770315956274221e-01 -3.2252186041721622e+01 8.0767563996032021e-01 4.0941489052101083e+01 -1.2299059330969390e+01 -7.6687194339799158e-01 3.6504892855734656e+00 -2.8635019893213833e+00 1.3036481000000001e-02 6.5636695000000000e-01
1.4913847771416305e-01 -3.2697828264147560e+01 8.1494320088460981e-01 4.0279149978758070e+01 -1.1154406335052018e+01 -8.4063250817958779e-01 3.6429071884319164e+00 -2.7780044704479625e+00 1.2932137999999999e-02 6.6935217000000002e-01
1.6047711028152406e-01 -3.3188998855227901e+01 8.2214931460092933e-01 3.9611935176042536e+01 -1.0068078071199926e+01 -9.1648348944401503e-01 3.6339256257610031e+00 -2.6954767649251696e+00 1.2816919000000000e-02 6.8222760000000005e-01
1.7170951111552940e-01 -3.3727941192019046e+01 8.2928791418392667e-01 3.8942223439981667e+01 -9.0382470545463551e+00 -9.9463583217520224e-01 3.6236840697692254e+00 -2.6158773676192002e+00 1.2690879000000000e-02 6.9498240000000000e-01
1.8282617809893681e-01 -3.4317180545450036e+01 8.3635296069222287e-01 3.8272236763805388e+01 -8.0630545024857945e+00 -1.0753142259782464e+00 3.6123159721420675e+00 -2.5391616093422456e+00 1.2554085000000000e-02 7.0760577999999996e-01
1.9381766195296918e-01 -3.4959462359480291e+01 8.4333844876520669e-01 3.7604043334820666e+01 -7.1406149392753751e+00 -1.1587586786153565e+00 3.5999488301208182e+00 -2.4652820365549903e+00 1.2406611999999999e-02 7.2008700999999997e-01
2.0467461026936778e-01 -3.5657865385904422e+01 8.5023843460700732e-01 3.6939560661057740e+01 -6.2690247405696429e+00 -1.2452265715146424e+00 3.5867041429214424e+00 -2.3941885256027731e+00 1.2248551000000000e-02 7.3241546999999996e-01
2.1538774109116038e-01 -3.6415787489553210e+01 8.5704701919611115e-01 3.6280560156153996e+01 -5.4463743949483669e+00 -1.3349944278748820e+00 3.5726975922097268e+00 -2.3258289175093054e+00 1.2080001999999999e-02 7.4458062000000003e-01
2.2594786052548238e-01 -3.7236988635704698e+01 8.6375835947895008e-01 3.5628677379658058e+01 -4.6707548640458905e+00 -1.4283601986380114e+00 3.5580390811090439e+00 -2.2601493239631218e+00 1.1901076999999999e-02 7.5657202000000001e-01
2.3634588035639909e-01 -3.8125630522677753e+01 8.7036667956349179e-01 3.4985409303320054e+01 -3.9402649851677238e+00 -1.5256459584620838e+00 3.5428328100495703e+00 -2.1970943471246001e+00 1.1711898000000000e-02 7.6837935000000002e-01
2.4657284446413724e-01 -3.9086323153413623e+01 8.7686628750962270e-01 3.4352126110879297e+01 -3.2530174805644627e+00 -1.6272009367664042e+00 3.5271775531317111e+00 -2.1366073701653128e+00 1.1512599000000000e-02 7.7999244000000001e-01
2.5661988479303172e-01 -4.0124171178919511e+01 8.8325154734517541e-01 3.3730070132124098e+01 -2.6071473292943992e+00 -1.7334043415828244e+00 3.5111665994615295e+00 -2.0786311746810875e+00 1.1303326000000001e-02 7.9140122000000002e-01
2.6647830941563294e-01 -4.1244840880081391e+01 8.8951693503387474e-01 3.3120371789086100e+01 -2.0008158798069400e+00 -1.8446699556347670e+00 3.4948879565571058e+00 -2.0231077135527680e+00 1.1084235000000000e-02 8.0259581999999996e-01
2.7613952327501051e-01 -4.2454618964551393e+01 8.9565698810418604e-01 3.2524049400413119e+01 -1.4322180817028967e+00 -1.9614495531716849e+00 3.4784246048207934e+00 -1.9699789128962497e+00 1.0855490000000001e-02 8.1356647999999998e-01
2.8559510744244937e-01 -4.3760499307039829e+01 9.0166635602046663e-01 3.1942015418894140e+01 -8.9958616649576439e-01 -2.0842386834444486e+00 3.4618546022233621e+00 -1.9191865591675807e+00 1.0617270000000000e-02 8.2430364000000000e-01
2.9483680150462860e-01 -4.5170272231969697e+01 9.0753978898937693e-01 3.1375083104179208e+01 -4.0118730175665629e-01 -2.2135822393395532e+00 3.4452510876316018e+00 -1.8706726264783078e+00 1.0369760000000000e-02 8.3479791999999997e-01
3.0385651237003292e-01 -4.6692631337311752e+01 9.1327214355667485e-01 3.0823975474131483e+01 6.4656877664758305e-02 -2.3500812260592330e+00 3.4286827718969581e+00 -1.8243795320615690e+00 1.0113159000000000e-02 8.4504013000000000e-01
3.1264632307536194e-01 -4.8337299970135199e+01 9.1885838820401022e-01 3.0289327269232533e+01 4.9958312208994793e-01 -2.4944007233060841e+00 3.4122139120767629e+00 -1.7802503325419816e+00 9.8476710000000005e-03 8.5502127999999999e-01
3.2119849278553186e-01 -5.0115177375275174e+01 9.2429360334892530e-01 2.9771694298406388e+01 9.0517519979769556e-01 -2.6472790672203983e+00 3.3959045530053746e+00 -1.7382289378062947e+00 9.5735140000000000e-03 8.6473257999999997e-01
3.2950550082572833e-01 -5.2038522337440639e+01 9.2957300932882714e-01 2.9271556542617827e+01 1.2829652454684770e+00 -2.8095395529645941e+00 3.3798106510577677e+00 -1.6982600925114624e+00 9.2909130999999992e-03 8.7416548999999999e-01
3.3756000264935254e-01 -5.4121152208168823e+01 9.3469193841701503e-01 2.8789327172642501e+01 1.6344288987314139e+00 -2.9821029318031407e+00 3.3639843463269239e+00 -1.6602899468476040e+00 9.0001030000000006e-03 8.8331166999999999e-01
3.4535488267648667e-01 -5.6378705092534858e+01 9.3964586840344799e-01 2.8325355880501974e+01 1.9609856814254938e+00 -3.1660036959010625e+00 3.3484740675982207e+00 -1.6242656390655006e+00 8.7013270999999996e-03 8.9216304000000002e-01
3.5288322787466059e-01 -5.8828935932910454e+01 9.4443040580436111e-01 2.7879935292094874e+01 2.2639974847301634e+00 -3.3624089857699242e+00 3.3333247813126143e+00 -1.5901359357142903e+00 8.3948374000000006e-03 9.0071175000000003e-01
3.6013837179090674e-01 -6.1492099340199104e+01 9.4904131384623791e-01 2.7453305528794395e+01 2.5447672991642043e+00 -3.5726426998091854e+00 3.3185780851467883e+00 -1.5578510045902576e+00 8.0808944000000001e-03 9.0895022999999997e-01
3.6711385932611612e-01 -6.4391392482846769e+01 9.5347449007863316e-01 2.7045661099878473e+01 2.8045380658957262e+00 -3.7982132043084684e+00 3.3042724725048647e+00 -1.5273627594784913e+00 7.7597663000000001e-03 9.1687114999999997e-01
3.7380348196068219e-01 -6.7553530178853279e+01 9.5772598876135029e-01 2.6657153771984625e+01 3.0444930667118157e+00 -4.0408498162394295e+00 3.2904433867723930e+00 -1.4986246007662585e+00 7.4317293999999999e-03 9.2446746000000002e-01
3.8020128656091096e-01 -7.1009458642403359e+01 9.6179202646123585e-01 2.6287898205796878e+01 3.2657557031135225e+00 -4.3025478915388504e+00 3.2771236494037463e+00 -1.4715925204322098e+00 7.0970672000000004e-03 9.3173240000000002e-01
3.8630155776620007e-01 -7.4795243801437607e+01 9.6566897085859127e-01 2.5937976969340124e+01 3.4693886541574326e+00 -4.5856248771634300e+00 3.2643432541365809e+00 -1.4462232510749196e+00 6.7560703000000000e-03 9.3865947999999999e-01
3.9209886202109229e-01 -7.8953250627786105e+01 9.6935336873114530e-01 2.5607442584249149e+01 3.6563953401612554e+00 -4.8927953074041346e+00 3.2521296057764006e+00 -1.4224762259046546e+00 6.4090362999999996e-03 9.4524253000000003e-01
3.9758799473681078e-01 -8.3533611035066812e+01 9.7284191237328588e-01 2.5296325264589637e+01 3.8277180933786799e+00 -5.2272634787630121e+00 3.2405079606521889e+00 -1.4003127859121389e+00 6.0562691999999996e-03 9.5147563999999996e-01
4.0276406835536743e-01 -8.8596281484052071e+01 9.7613149556400769e-01 2.5004631927102469e+01 3.9842417540190258e+00 -5.5928548567526706e+00 3.2295012823912792e+00 -1.3796961862995811e+00 5.6980790999999996e-03 9.5735325999999998e-01
4.0762242428545442e-01 -9.4213652276179715e+01 9.7921915759896416e-01 2.4732354579867760e+01 4.1267904458657867e+00 -5.9941813442846268e+00 3.2191308103446832e+00 -1.3605919761352678e+00 5.3347821999999998e-03 9.6287009999999995e-01
4.1215872096655243e-01 -1.0047432192199584e+02 9.8210213925841505e-01 2.4479469355674983e+01 4.2561313556992788e+00 -6.4368826087609632e+00 3.2094144112691048e+00 -1.3429676959624195e+00 4.9667000000000001e-03 9.6802122999999995e-01
4.1636887222405522e-01 -1.0748822210441502e+02 9.8477784362966370e-01 2.4245943583163612e+01 4.3729730976303509e+00 -6.9279526313394042e+00 3.2003702561078740e+00 -1.3267931866119507e+00 4.5941591999999996e-03 9.7280200999999999e-01
4.2024911772055545e-01 -1.1539423366366908e+02 9.8724388088141368e-01 2.4031732443682682e+01 4.4779682453657550e+00 -7.4762272870317377e+00 3.1920132849299390e+00 -1.3120403568171726e+00 4.2174915999999996e-03 9.7720817000000004e-01
4.2379595250455876e-01 -1.2437128465737528e+02 9.8949802348941196e-01 2.3836790438017932e+01 4.5717120825923621e+00 -8.0930934468993048e+00 3.1843572798219948e+00 -1.2986834879064135e+00 3.8370333000000002e-03 9.8123572999999997e-01
4.2700619746177032e-01 -1.3465583517360048e+02 9.9153825101080617e-01 2.3661065507271193e+01 4.6547451601743948e+00 -8.7936110925169988e+00 3.1774144423855430e+00 -1.2866989994898876e+00 3.4531249000000000e-03 9.8488107999999996e-01
4.2987697289586174e-01 -1.4656997260163655e+02 9.9336273329376046e-01 2.3504505045004873e+01 4.7275527016216623e+00 -9.5983162411205836e+00 3.1711955016275217e+00 -1.2760655866026149e+00 3.0661112999999999e-03 9.8814095000000002e-01
4.3240568091564996e-01 -1.6056949697755198e+02 9.9496981928386630e-01 2.3367058275574205e+01 4.7905652376354704e+00 -1.0536308282442295e+01 3.1657098915234223e+00 -1.2667642930575711e+00 2.6763420000000000e-03 9.9101238999999997e-01
4.3459005827356240e-01 -1.7733268041671661e+02 9.9635807060491022e-01 2.3248675530103768e+01 4.8441602827228198e+00 -1.1650958707299257e+01 3.1609656731884814e+00 -1.2587783514322786e+00 2.2841723000000002e-03 9.9349282999999999e-01
4.3642815875281410e-01 -1.9793908178898104e+02 9.9752625036528419e-01 2.3149310815369802e+01 4.8886623296936547e+00 -1.3011417734171323e+01 3.1569696644323870e+00 -1.2520932537858980e+00 1.8899688000000000e-03 9.9558005999999999e-01
4.3791834436099858e-01 -2.2428093141746376e+02 9.9847331756119195e-01 2.3068923164049693e+01 4.9243430503708403e+00 -1.4739105348432133e+01 3.1537275028449412e+00 -1.2466968111829642e+00 1.4941295000000000e-03 9.9727222000000004e-01
4.3905940861983744e-01 -2.6022497493581955e+02 9.9919850543177269e-01 2.3007471598868204e+01 4.9514247662685928e+00 -1.7082575365906621e+01 3.1512434312134179e+00 -1.2425787081727411e+00 1.0971916000000000e-03 9.9856794000000004e-01
4.3985091120879111e-01 -3.1637572113377280e+02 9.9970153413729568e-01 2.2964898150784748e+01 4.9700884151689690e+00 -2.0724573402642168e+01 3.1495196056244747e+00 -1.2397293168782491e+00 7.0085733000000002e-04 9.9946672000000003e-01
