-1.0091277888692245e-01 -1.7631176879951440e+03 1.0091390522505285e-01 -1.5553547275410931e+03 -4.3685048315703182e+02 1.0901510188315737e+02 -9.5889577208575574e+01 -2.7599043685225649e+01 5.5301730000000003e-06 1.0230946000000001e-06
-1.0090896420847903e-01 -1.3503038288407859e+03 1.0093089871623113e-01 -1.1422851555273139e+03 -4.3678157396859046e+02 8.2933681582592470e+01 -6.9796906569357347e+01 -2.7595976420852391e+01 3.5894988000000002e-05 1.9923924999999999e-05
-1.0089699614234920e-01 -1.1585000472696331e+03 1.0098421362316623e-01 -9.4982114093818177e+02 -4.3656543419369035e+02 7.0813375319717309e+01 -5.7647622818015812e+01 -2.7586355195248334e+01 8.5619985000000003e-05 7.9222864999999994e-05
-1.0087330325579515e-01 -1.0323457716276685e+03 1.0108975983488920e-01 -8.2253694352171158e+02 -4.3613778904313574e+02 6.2838588966717396e+01 -4.9623349017925840e+01 -2.7567316896647998e+01 1.5173507999999999e-04 1.9661552000000001e-04
-1.0083475980946009e-01 -9.3832981686764401e+02 1.0126146178172167e-01 -7.2689145377854675e+02 -4.3544278361137833e+02 5.6891960982944688e+01 -4.3605487869765916e+01 -2.7536369923930334e+01 2.3255418000000001e-04 3.8758918999999998e-04
-1.0077852301895261e-01 -8.6348770750786957e+02 1.0151198339646794e-01 -6.4991055093049431e+02 -4.3443025698351988e+02 5.2154287086874724e+01 -3.8774479500025578e+01 -2.7491270977749021e+01 3.2689763000000001e-04 6.6622920000000002e-04
-1.0070195900489796e-01 -8.0142440198458155e+02 1.0185305798944061e-01 -5.8520322089994772e+02 -4.3305464133312825e+02 4.8221450380084889e+01 -3.4726446685946698e+01 -2.7429973945221214e+01 4.3385032000000002e-04 1.0455858000000000e-03
-1.0060260135100237e-01 -7.4851041709363449e+02 1.0229567286249280e-01 -5.2915444707658116e+02 -4.3127446475774332e+02 4.4864090386227154e+01 -3.1232709421506375e+01 -2.7350605597473667e+01 5.5265518999999999e-04 1.5378795000000000e-03
-1.0047812548628250e-01 -7.0248592750046657e+02 1.0285018343013289e-01 -4.7952698166743215e+02 -4.2905214971356213e+02 4.1939399479104623e+01 -2.8151485528062324e+01 -2.7251454349927315e+01 6.8265765000000004e-04 2.1546280000000000e-03
-1.0032633138656168e-01 -6.6184734527706428e+02 1.0352639028027247e-01 -4.3484658647097660e+02 -4.2635396523082062e+02 3.9352369819778502e+01 -2.5389071730552214e+01 -2.7130965874897324e+01 8.2327310000000005e-04 2.9067318999999999e-03
-1.0014513178783299e-01 -6.2554302420574311e+02 1.0433359168090812e-01 -3.9409664920598891e+02 -4.2315007708984297e+02 3.7036563455996308e+01 -2.2880565682355218e+01 -2.6987743135181908e+01 9.7396649000000004e-04 3.8045331000000002e-03
-9.9932543568290469e-02 -5.9280812379065060e+02 1.0528062197113686e-01 -3.5655209191372256e+02 -4.1941464784450051e+02 3.4943670369478006e+01 -2.0579385892074733e+01 -2.6820548760142444e+01 1.1342389000000000e-03 4.8578574999999999e-03
-9.9686681451358769e-02 -5.6306851332179531e+02 1.0637587961267100e-01 -3.2168262285753906e+02 -4.1512596686670997e+02 3.3037439536970901e+01 -1.8451171037335939e+01 -2.6628308905115365e+01 1.3036180000000001e-03 6.0760461999999999e-03
-9.9405753444426204e-02 -5.3588187822220118e+02 1.0762734750920473e-01 -2.8909318127732138e+02 -4.1026659317964612e+02 3.1289951488361648e+01 -1.6470028564417362e+01 -2.6410117971335701e+01 1.4816515000000000e-03 7.4679780999999997e-03
-9.9088057145429523e-02 -5.1089990500670950e+02 1.0904260945970640e-01 -2.5848552608062857e+02 -4.0482349261467363e+02 2.9679244816639681e+01 -1.4616119278417724e+01 -2.6165243254699313e+01 1.6679024999999999e-03 9.0420881999999994e-03
-9.8731977240211849e-02 -4.8784314903810730e+02 1.1062886130709755e-01 -2.2963253239120894e+02 -3.9878816738436592e+02 2.8187692185156525e+01 -1.2874045118474546e+01 -2.5893129774456995e+01 1.8619452999999999e-03 1.0806380000000001e-02
-9.8335983181524006e-02 -4.6648375745955997e+02 1.1239292127775363e-01 -2.0236035947506582e+02 -3.9215675822895764e+02 2.6800942282211494e+01 -1.1231733951081937e+01 -2.5593404038537841e+01 2.0633631000000000e-03 1.2768437000000001e-02
-9.7898628119346895e-02 -4.4663333213924892e+02 1.1434123474666508e-01 -1.7653577442968850e+02 -3.8493013100494795e+02 2.5507134716044508e+01 -9.6796516997061612e+00 -2.5265877757818792e+01 2.2717459999999998e-03 1.4935428000000001e-02
-9.7418547104640360e-02 -4.2813412493620973e+02 1.1647988223931181e-01 -1.5205679679225184e+02 -3.7711391381762888e+02 2.4296346207963044e+01 -8.2102241263627693e+00 -2.4910549641549213e+01 2.4866887000000002e-03 1.7314116000000001e-02
-9.6894457129708345e-02 -4.1085262377652077e+02 1.1881457925184580e-01 -1.2884575916913855e+02 -3.6871851845515408e+02 2.3160184677583196e+01 -6.8174116916424801e+00 -2.4527607225050911e+01 2.7077901999999999e-03 1.9910858000000000e-02
-9.6325154908113247e-02 -3.9467466106284292e+02 1.2135068614104826e-01 -1.0684385837307227e+02 -3.5975908244071854e+02 2.2091479481724498e+01 -5.4963795550416723e+00 -2.4117425350154967e+01 2.9346520999999999e-03 2.2731616000000000e-02
-9.5709518085631745e-02 -3.7950179707108487e+02 1.2409320272980751e-01 -8.6007045746988368e+01 -3.5025541841939815e+02 2.1084052396191801e+01 -4.2432508762142760e+00 -2.3680565861906175e+01 3.1668782999999998e-03 2.5781951000000001e-02
-9.5046504029298956e-02 -3.6524844915661618e+02 1.2704677370164111e-01 -6.6302611279064308e+01 -3.4023187584318077e+02 2.0132535638293739e+01 -3.0549058841351679e+00 -2.3217773600343207e+01 3.4040742000000001e-03 2.9067029000000001e-02
-9.4335149020104564e-02 -3.5183966695708966e+02 1.3021569219704390e-01 -4.7706462469217129e+01 -3.2971716200871691e+02 1.9232230998121096e+01 -1.9288235044128381e+00 -2.2729971320038331e+01 3.6458464000000000e-03 3.2591624999999999e-02
-9.3574569463948612e-02 -3.3920940754579249e+02 1.3360389441896592e-01 -3.0200948594388002e+01 -3.1874414340282073e+02 1.8379000293649504e+01 -8.6295556356762759e-01 -2.2218254145627721e+01 3.8918026000000000e-03 3.6360116999999997e-02
-9.2763960277033819e-02 -3.2729910438836919e+02 1.3721496682550854e-01 -1.3772914943402300e+01 -3.0734956063794607e+02 1.7569174737331437e+01 1.4438027846919699e-01 -2.1683880537679226e+01 4.1415510999999999e-03 4.0376493999999999e-02
-9.1902595491343372e-02 -3.1605655143468539e+02 1.4105214343266331e-01 1.5877833109853141e+00 -2.9557372931268685e+02 1.6799484204147944e+01 1.0945857598037052e+00 -2.1128263351720786e+01 4.3947007000000003e-03 4.4644352999999998e-02
-9.0989828254641039e-02 -3.0543498502711458e+02 1.4511830581431215e-01 1.5889617701373638e+01 -2.8346019025136980e+02 1.6066998735483065e+01 1.9888542188418237e+00 -2.0552958053976639e+01 4.6508610999999997e-03 4.9166899000000000e-02
-9.0025090023167220e-02 -2.9539231818452572e+02 1.4941598669857523e-01 2.9140505980916025e+01 -2.7105531155140670e+02 1.5369080046904303e+01 2.8282313966468586e+00 -1.9959651316131353e+01 4.9096423000000002e-03 5.3946949000000001e-02
-8.9007891570768827e-02 -2.8589052851014407e+02 1.5394736547237603e-01 4.1348660652497372e+01 -2.5840788154874258e+02 1.4703342778560287e+01 3.6136652329487862e+00 -1.9350146435689219e+01 5.1706551000000002e-03 5.8986927000000001e-02
-8.7937821172465527e-02 -2.7689512217964898e+02 1.5871427627322438e-01 5.2523514451854680e+01 -2.4556863552922306e+02 1.4067620222436368e+01 4.3460495114126889e+00 -1.8726347896955954e+01 5.4335110000000002e-03 6.4288872999999996e-02
-8.6814546420883501e-02 -2.6837471526369563e+02 1.6371819989743339e-01 6.2676201028732820e+01 -2.3258980607150156e+02 1.3459937899491834e+01 5.0262580896755518e+00 -1.8090246980203158e+01 5.6978226000000002e-03 6.9854434000000007e-02
-8.5637812207995725e-02 -2.6030065045045461e+02 1.6896027279098949e-01 7.1820153710722735e+01 -2.1952461129712341e+02 1.2878489044433390e+01 5.6551748308582983e+00 -1.7443903620266852e+01 5.9632034000000004e-03 7.5684873999999999e-02
-8.4407441734251826e-02 -2.5264669474761891e+02 1.7444128255411753e-01 7.9971477978779546e+01 -2.0642676609412405e+02 1.2321615480066264e+01 6.2337181649688791e+00 -1.6789429929586923e+01 6.2292681999999997e-03 8.1781068999999998e-02
-8.3123335701274198e-02 -2.4538876827073125e+02 1.8016167153762871e-01 8.7149249774810329e+01 -1.9334997266868444e+02 1.1787790384999692e+01 6.7628604736799698e+00 -1.6128972404938335e+01 6.4956331999999999e-03 8.8143510999999994e-02
-8.1785472311857982e-02 -2.3850471799249493e+02 1.8612153684292060e-01 9.3375712491784910e+01 -1.8034741827925905e+02 1.1275603769597254e+01 7.2436425318762758e+00 -1.5464693978502247e+01 6.7619166000000000e-03 9.4772308000000000e-02
-8.0393906059015308e-02 -2.3197411597883647e+02 1.9232063571649927e-01 9.8676392302493340e+01 -1.6747127753862526e+02 1.0783749704015374e+01 7.6771859729493421e+00 -1.4798755988614126e+01 7.0277381999999996e-03 1.0166719000000000e-01
-7.8948767524149227e-02 -2.2577809114874916e+02 1.9875838644906624e-01 1.0308009754105564e+02 -1.5477223892134404e+02 1.0311015555961212e+01 8.0647003066548724e+00 -1.4133300702996646e+01 7.2927204000000001e-03 1.0882751000000000e-01
-7.7450266202617385e-02 -2.1989919380892533e+02 2.0543385578830031e-01 1.0661890812424329e+02 -1.4229907686937079e+02 9.8562735009651306e+00 8.4074876831351020e+00 -1.3470435724325286e+01 7.5564877000000004e-03 1.1625223000000000e-01
-7.5898684650778828e-02 -2.1432124214598659e+02 2.1234578501238105e-01 1.0932802322361462e+02 -1.3009818345520762e+02 9.4184704755985926e+00 8.7069460950018911e+00 -1.2812214515711345e+01 7.8186677999999999e-03 1.2393994999999999e-01
-7.4294378082342072e-02 -2.0902921389304890e+02 2.1949259172816266e-01 1.1124560013773221e+02 -1.1821318119383427e+02 8.9966212136102044e+00 8.9645678455092757e+00 -1.2160623670831807e+01 8.0788911000000008e-03 1.3188891000000000e-01
-7.2637780423144227e-02 -2.0400916800607484e+02 2.2687234289856373e-01 1.1241250473226629e+02 -1.0668462422186664e+02 8.5898035622441569e+00 9.1819359103045031e+00 -1.1517567025287509e+01 8.3367917000000003e-03 1.4009695999999999e-01
-7.0929396238112161e-02 -1.9924813064113462e+02 2.3448279080604767e-01 1.1287203898868103e+02 -9.5549634396577162e+01 8.1971508566613274e+00 9.3607201663581208e+00 -1.0884852932952667e+01 8.5920070000000005e-03 1.4856159999999999e-01
-6.9169804767781923e-02 -1.9473403248828211e+02 2.4232135507088259e-01 1.1266961665544383e+02 -8.4841669111839508e+01 7.8178479806152286e+00 9.5026700264194091e+00 -1.0264181226039211e+01 8.8441787999999997e-03 1.5727996000000000e-01
-6.7359655891779308e-02 -1.9045562964212158e+02 2.5038514063288125e-01 1.1185241112930741e+02 -7.4590296763370134e+01 7.4511261387523078e+00 9.6096060747895251e+00 -9.6571344313577416e+00 9.0929527999999999e-03 1.6624881999999999e-01
-6.5499670128819909e-02 -1.8640244497944687e+02 2.5867093775140154e-01 1.1046897630079299e+02 -6.4821033542333552e+01 7.0962590643652215e+00 9.6834111636431519e+00 -9.0651672743285587e+00 9.3379794999999995e-03 1.7546460999999999e-01
-6.3590636618449325e-02 -1.8256471007135227e+02 2.6717523099621632e-01 1.0856885284267700e+02 -5.5555233116277265e+01 6.7525591986106450e+00 9.7260189910374528e+00 -8.4895994726714914e+00 9.5789143999999993e-03 1.8492342000000001e-01
-6.1633419175822386e-02 -1.7893333006444178e+02 2.7589417227490282e-01 1.0620217306092687e+02 -4.6810060979180811e+01 6.4193756163775424e+00 9.7394031977397688e+00 -7.9316120635749545e+00 9.8154178999999998e-03 1.9462097000000000e-01
-5.9628946200404515e-02 -1.7549981985360074e+02 2.8482362578719389e-01 1.0341924979750418e+02 -3.8598441818370176e+01 6.0960893953075477e+00 9.7255654510656733e+00 -7.3922406025562095e+00 1.0047156000000000e-02 2.0455266000000000e-01
-5.7578208657712092e-02 -1.7225626492364435e+02 2.9395917701584767e-01 1.0027017007999518e+02 -3.0929101646879197e+01 5.7821109233035237e+00 9.6865231577635669e+00 -6.8723726711687334e+00 1.0273801000000001e-02 2.1471357999999999e-01
-5.5482270170610949e-02 -1.6919530443587092e+02 3.0329608777229711e-01 9.6804426649182986e+01 -2.3806703961991484e+01 5.4768791542773831e+00 9.6242968610763029e+00 -6.3727500419452996e+00 1.0495031000000000e-02 2.2509846000000000e-01
-5.3342254909758156e-02 -1.6631007924894112e+02 3.1282935014187069e-01 9.3070528765451698e+01 -1.7231934579710643e+01 5.1798576877887426e+00 9.5408998747840101e+00 -5.8939665492514663e+00 1.0710529999999999e-02 2.3570173000000000e-01
-5.1159349611861714e-02 -1.6359421021830792e+02 3.2255367749292246e-01 8.9115659229908246e+01 -1.1201690858900621e+01 4.8905331438412691e+00 9.4383219656674466e+00 -5.4364711771692935e+00 1.0919989999999999e-02 2.4651751000000000e-01
-4.8934805597940265e-02 -1.6104177015943154e+02 3.3246349548596171e-01 8.4985357372359360e+01 -5.7092974149906812e+00 4.6084137105620941e+00 9.3185239933197330e+00 -5.0005723920689240e+00 1.1123108000000000e-02 2.5753959999999998e-01
-4.6669932718543951e-02 -1.5864724554814524e+02 3.4255296904626359e-01 8.0723218380081477e+01 -7.4473286875959654e-01 4.3330267250092183e+00 9.1834225416234041e+00 -4.5864418487994358e+00 1.1319591000000000e-02 2.6876150999999998e-01
-4.4366097335494736e-02 -1.5640562198040675e+02 3.5281601135473900e-01 7.6370632814683731e+01 3.7051119288554948e+00 4.0639169903823067e+00 9.0348798938066732e+00 -4.1941205459669311e+00 1.1509152000000000e-02 2.8017647000000001e-01
-4.2024724340146119e-02 -1.5431211983073479e+02 3.6324627485706468e-01 7.1966569682320596e+01 7.6561000495551159e+00 3.8006456539929481e+00 8.8746977289037350e+00 -3.8235263998249809e+00 1.1691511000000000e-02 2.9177742000000001e-01
-3.9647299171642780e-02 -1.5236244143615494e+02 3.7383714227281301e-01 6.7547396806341496e+01 1.1126615299073942e+01 3.5427890747447535e+00 8.7046072686774565e+00 -3.4744626761764552e+00 1.1866398000000000e-02 3.0355700000000002e-01
-3.7235351670843020e-02 -1.5055261041253578e+02 3.8458179852241309e-01 6.3146705945636384e+01 1.4137195830609173e+01 3.2899358939226309e+00 8.5262608789592189e+00 -3.1466237095161422e+00 1.2033550000000000e-02 3.1550762999999998e-01
-3.4790470208136595e-02 -1.4887897973006201e+02 3.9547316779105990e-01 5.8795230535661140e+01 1.6710227309932826e+01 3.0416874311446245e+00 8.3412276327399404e+00 -2.8396076620528055e+00 1.2192715000000000e-02 3.2762143999999999e-01
-3.2314291592146271e-02 -1.4733830263604261e+02 4.0650395848306475e-01 5.4520757409984071e+01 1.8869606975371607e+01 2.7976555390083622e+00 8.1509872613863035e+00 -2.5529237375977862e+00 1.2343646000000000e-02 3.3989032000000002e-01
-2.9808503087987534e-02 -1.4592754467881483e+02 4.1766665423098537e-01 5.0348099267862146e+01 2.0640457376740304e+01 2.5574617535778756e+00 7.9569265062230556e+00 -2.2860028295696688e+00 1.2486109000000000e-02 3.5230591000000000e-01
-2.7274834344229670e-02 -1.4464405092232852e+02 4.2895354985910644e-01 4.6299077696452549e+01 2.2048778980636634e+01 2.3207356578471945e+00 7.7603356052748893e+00 -2.0382068049871545e+00 1.2619877000000000e-02 3.6485963999999999e-01
-2.4715063447674962e-02 -1.4348545260098814e+02 4.4035672441082907e-01 4.2392571330602067e+01 2.3121162542365994e+01 2.0871144031491626e+00 7.5624071364016583e+00 -1.8088393085510395e+00 1.2744734000000001e-02 3.7754270000000001e-01
-2.2131010868579576e-02 -1.4244967608140684e+02 4.5186806812128139e-01 3.8644571128015123e+01 2.3884499254397351e+01 1.8562412693632711e+00 7.3642347671540360e+00 -1.5971559609705719e+00 1.2860473000000001e-02 3.9034606999999999e-01
-1.9524535424134071e-02 -1.4153493695930217e+02 4.6347930039905866e-01 3.5068249594350384e+01 2.4365711950596143e+01 1.6277644578008879e+00 7.1668131772532950e+00 -1.4023690846384189e+00 1.2966896000000000e-02 4.0326054000000000e-01
-1.6897538314982932e-02 -1.4073973354415918e+02 4.7518195184448309e-01 3.1674112354530561e+01 2.4591500947607578e+01 1.4013364906134154e+00 6.9710395956174871e+00 -1.2236669209567588e+00 1.3063819000000001e-02 4.1627669000000000e-01
-1.4251951015666189e-02 -1.4006286032997630e+02 4.8696741819482470e-01 2.8470088284932629e+01 2.4588118009128888e+01 1.1766124293704667e+00 6.7777147698073250e+00 -1.0602121829772779e+00 1.3151064000000001e-02 4.2938494999999999e-01
-1.1589747384177770e-02 -1.3950338099088970e+02 4.9882690637908045e-01 2.5461713079056601e+01 2.4381157876678792e+01 9.5324989100731994e-01 6.5875464655861506e+00 -9.1115603587772953e-01 1.3228465999999999e-02 4.4257553999999999e-01
-8.9129275158877780e-03 -1.3906064918415569e+02 5.1075150644493550e-01 2.2652267845616201e+01 2.3995376362196055e+01 7.3090697800931981e-01 6.4011520959865900e+00 -7.7564406750660453e-01 1.3295871000000001e-02 4.5583855000000001e-01
-6.2235258165813656e-03 -1.3873428832997232e+02 5.2273215559528230e-01 2.0042984513753730e+01 2.3454534371148142e+01 5.0924197156397000e-01 6.2190627134480376e+00 -6.5282393206554001e-01 1.3353135000000000e-02 4.6916390000000002e-01
-3.5236009111601491e-03 -1.3852421915219028e+02 5.3475968314257172e-01 1.7633205575789415e+01 2.2781261640411063e+01 2.8791167512746174e-01 6.0417270398647052e+00 -5.4185150238420177e-01 1.3400123999999999e-02 4.8254139000000001e-01
-8.1523968016167236e-04 -1.3843064210771419e+02 5.4682479252707250e-01 1.5420577679719099e+01 2.1996951131333667e+01 6.6570774456243598e-02 5.8695163344575905e+00 -4.4189690449411934e-01 1.3436718000000000e-02 4.9596067999999999e-01
1.8994508132794685e-03 -1.3845406572449090e+02 5.5891809728035191e-01 1.3401236753626222e+01 2.1121670260224874e+01 -1.5512972373592593e-01 5.7027294450677992e+00 -3.5214952896613516e-01 1.3462807000000000e-02 5.0941133000000005e-01
4.6183352503927355e-03 -1.3859528844505738e+02 5.7103008506179520e-01 1.1570022755738847e+01 2.0174103638753603e+01 -3.7754281948974011e-01 5.5415977013923987e+00 -2.7182278648488523e-01 1.3478291000000000e-02 5.2288276000000000e-01
7.3392682211091131e-03 -1.3885540698417790e+02 5.8315119857643705e-01 9.9206160924379887e+00 1.9171503718905605e+01 -6.0102805835142359e-01 5.3862903885588791e+00 -2.0015716962457697e-01 1.3483083000000000e-02 5.3636434000000000e-01
1.0060084132762437e-02 -1.3923584628653842e+02 5.9527179062061031e-01 8.4457738978223347e+00 1.8129676710240716e+01 -8.2595176369126033e-01 5.2369198960560439e+00 -1.3642492610277424e-01 1.3477108000000000e-02 5.4984533999999996e-01
1.2778601246608956e-02 -1.3973836767876102e+02 6.0738214206368712e-01 7.1374680296993018e+00 1.7062979178654444e+01 -1.0526885123004135e+00 5.0935474571584134e+00 -7.9930631512007230e-02 1.3460300999999999e-02 5.6331494999999998e-01
1.5492627732606332e-02 -1.4036506229239956e+02 6.1947248882068850e-01 5.9870579006612381e+00 1.5984326063663060e+01 -1.2816228921229023e+00 4.9561883273182410e+00 -3.0014876215679234e-02 1.3432611000000001e-02 5.7676231000000000e-01
1.8199965705933130e-02 -1.4111838843656659e+02 6.3153303983402509e-01 4.9854449900763180e+00 1.4905223153160518e+01 -1.5131511235588748e+00 4.8248164440529306e+00 1.3946100829629883e-02 1.3393997000000000e-02 5.9017653000000003e-01
2.0898405172209630e-02 -1.4200116406750874e+02 6.4355395010088678e-01 4.1232095812205198e+00 1.3835809591576238e+01 -1.7476820421350059e+00 4.6993703178662543e+00 5.2537620383463844e-02 1.3344429999999999e-02 6.0354666000000001e-01
2.3585732100536758e-02 -1.4301661773581071e+02 6.5552535663672329e-01 3.3907598352957762e+00 1.2784907725240007e+01 -1.9856391658706860e+00 4.5797573271232679e+00 8.6307257071480764e-02 1.3283893999999999e-02 6.1686173000000000e-01
2.6259736496534833e-02 -1.4416839327503860e+02 6.6743741443872429e-01 2.7784265375544055e+00 1.1760082782306196e+01 -2.2274632825818292e+00 4.4658579864933623e+00 1.1576498796592978e-01 1.3212384000000001e-02 6.3011079000000003e-01
2.8918200292785259e-02 -1.4546057576509327e+02 6.7928024254059893e-01 2.2765883580856947e+00 1.0767716901520881e+01 -2.4736130206801690e+00 4.3575311145213380e+00 1.4138273209656665e-01 1.3129907000000000e-02 6.4328284999999996e-01
3.1558911476648757e-02 -1.4689772494064309e+02 6.9104398694866731e-01 1.8757493266000749e+00 9.8130806584369736e+00 -2.7245682239525317e+00 4.2546170287244660e+00 1.6359584527421075e-01 1.3036481000000001e-02 6.5636695000000000e-01
3.4179666108524645e-02 -1.4848489097345785e+02 7.0271882963272936e-01 1.5666531283800931e+00 8.9004089172488232e+00 -2.9808322898941988e+00 4.1569415147505682e+00 1.8280371151685709e-01 1.2932137999999999e-02 6.6935217000000002e-01
3.6778262267072162e-02 -1.5022773690010203e+02 7.1429496155345562e-01 1.3402957571768710e+00 8.0329881435792725e+00 -3.2429341334714650e+00 4.0643194917037935e+00 1.9937132997719698e-01 1.2816919000000000e-02 6.8222760000000005e-01
3.9352512158768296e-02 -1.5213240641960545e+02 7.2576263660760754e-01 1.1880400273281921e+00 7.2132322649436746e+00 -3.5114319654937614e+00 3.9765575825426405e+00 2.1362993504130004e-01 1.2690879000000000e-02 6.9498240000000000e-01
4.1900238081388777e-02 -1.5420574757858063e+02 7.3711215364629723e-01 1.1016322728731129e+00 6.4427709987981387e+00 -3.7869159991198877e+00 3.8934574481509197e+00 2.2587954934526369e-01 1.2554085000000000e-02 7.0760577999999996e-01
4.4419274442267412e-02 -1.5645527528635756e+02 7.4833386546585789e-01 1.0732476768322303e+00 5.7225257229878679e+00 -4.0700119248021531e+00 3.8148179525710422e+00 2.3639007003173748e-01 1.2406611999999999e-02 7.2008700999999997e-01
4.6907477849594884e-02 -1.5888923056548387e+02 7.5941822376219414e-01 1.0955160661949106e+00 5.0527934064658684e+00 -4.3613858693052716e+00 3.7404372339360172e+00 2.4540319064890556e-01 1.2248551000000000e-02 7.3241546999999996e-01
4.9362721057639516e-02 -1.6151677579057389e+02 7.7035575215817187e-01 1.1615401591021282e+00 4.4333210368833020e+00 -4.6617479636130144e+00 3.6701149134037534e+00 2.5313426018844531e-01 1.2080001999999999e-02 7.4458062000000003e-01
5.1782897003266673e-02 -1.6434781128068047e+02 7.8113706418535833e-01 1.2649082931947861e+00 3.8633798935460515e+00 -4.9718575953787356e+00 3.6036535876210163e+00 2.5977426340786763e-01 1.1901076999999999e-02 7.5657202000000001e-01
5.4165922842458261e-02 -1.6739331502125796e+02 7.9175288126576249e-01 1.3996937617531062e+00 3.3418334073005571e+00 -5.2925293362412438e+00 3.5408597999056441e+00 2.6549138400901950e-01 1.1711898000000000e-02 7.6837935000000002e-01
5.6509746005091774e-02 -1.7066534374045608e+02 8.0219405968444579e-01 1.5604646126371557e+00 2.8672032865209078e+00 -5.6246400513807160e+00 3.4815469987716527e+00 2.7043266306377789e-01 1.1512599000000000e-02 7.7999244000000001e-01
5.8812334103641770e-02 -1.7417714084518508e+02 8.1245154563517075e-01 1.7422583957296498e+00 2.4377292706629423e+00 -5.9691344639594641e+00 3.4255331566721985e+00 2.7472663609099146e-01 1.1303326000000001e-02 7.9140122000000002e-01
6.1071695115776939e-02 -1.7794330092407168e+02 8.2251646512910315e-01 1.9405817145899409e+00 2.0514255695042896e+00 -6.3270363533895813e+00 3.3726443961202146e+00 2.7848369231735626e-01 1.1084235000000000e-02 8.0259581999999996e-01
6.3285859220022819e-02 -1.8197989298361898e+02 8.3238004307698021e-01 2.1513911386038447e+00 1.7061321504021494e+00 -6.6994551335090371e+00 3.3227146089029080e+00 2.8179924638970000e-01 1.0855490000000001e-02 8.1356647999999998e-01
6.5452896960099052e-02 -1.8630466340557672e+02 8.4203368420694213e-01 2.3710733725352693e+00 1.3995592904433694e+00 -7.0875995454914555e+00 3.2755857158932633e+00 2.8475431701558557e-01 1.0617270000000000e-02 8.2430364000000000e-01
6.7570915208400015e-02 -1.9093723462938377e+02 8.5146895508279163e-01 2.5964258091389412e+00 1.1293282027228839e+00 -7.4927897512114976e+00 3.2311079776186604e+00 2.8741722347097298e-01 1.0369760000000000e-02 8.3479791999999997e-01
6.9638059184254572e-02 -1.9589934742002364e+02 8.6067759309486436e-01 2.8246303977484968e+00 8.9301031650964779e-01 -7.9164724645017515e+00 3.1891398418012469e+00 2.8984494573100922e-01 1.0113159000000000e-02 8.4504013000000000e-01
7.1652514472185638e-02 -2.0121514392295956e+02 8.6965151545089880e-01 3.0532310131671485e+00 6.8815712891753444e-01 -8.3602387449338611e+00 3.1495492907009841e+00 2.9208501684483312e-01 9.8476710000000005e-03 8.5502127999999999e-01
7.3612507021910342e-02 -2.0691149751045171e+02 8.7838281917603644e-01 3.2801063402335879e+00 5.1232917493021779e-01 -8.8258444021415947e+00 3.1122118553952469e+00 2.9417521236302507e-01 9.5735140000000000e-03 8.6473257999999997e-01
7.5516313239638547e-02 -2.1301843466489865e+02 8.8686382606717240e-01 3.5034464479639351e+00 3.6311836696725514e-01 -9.3152368433280497e+00 3.0770119267739546e+00 2.9614778281596393e-01 9.2909130999999992e-03 8.7416548999999999e-01
7.7362249896774191e-02 -2.1956957540037357e+02 8.9508703773860454e-01 3.7217231282694505e+00 2.3816963355922757e-01 -9.8305819126325833e+00 3.0438412084370041e+00 2.9802549177801962e-01 9.0001030000000006e-03 8.8331166999999999e-01
7.9148686239473617e-02 -2.2660273710067580e+02 9.0304518956725488e-01 3.9336677376412710e+00 1.3519637504343376e-01 -1.0374302181273290e+01 3.0126004245490483e+00 2.9982731132224905e-01 8.7013270999999996e-03 8.9216304000000002e-01
8.0874037933866480e-02 -2.3416060230636378e+02 9.1073122372005844e-01 4.1382446204518910e+00 5.1994587362741873e-02 -1.0949118071478654e+01 2.9831967348296682e+00 3.0156689731945413e-01 8.3948374000000006e-03 9.0071175000000003e-01
8.2536777157354177e-02 -2.4229158841137061e+02 9.1813833410831447e-01 4.3346267232805600e+00 -1.3546265696249971e-02 -1.1558103417310507e+01 2.9555452944509568e+00 3.0325383406792156e-01 8.0808944000000001e-03 9.0895022999999997e-01
8.4135424525571142e-02 -2.5105087108044901e+02 9.2525993042420607e-01 4.5221735265122378e+00 -6.3436647200473262e-02 -1.2204747467591378e+01 2.9295680259725625e+00 3.0489419764145476e-01 7.7597663000000001e-03 9.1687114999999997e-01
8.5668557165423639e-02 -2.6050168660666566e+02 9.3208967410427979e-01 4.7004074361919299e+00 -9.9579503420787654e-02 -1.2893038190229458e+01 2.9051932885806768e+00 3.0649126388390119e-01 7.4317293999999999e-03 9.2446746000000002e-01
8.7134810733349374e-02 -2.7071698372829093e+02 9.3862148732031692e-01 4.8689942358245810e+00 -1.2376735993416496e-01 -1.3627565000310788e+01 2.8823556051035899e+00 3.0804600805046223e-01 7.0970672000000004e-03 9.3173240000000002e-01
8.8532875378798212e-02 -2.8178146029063123e+02 9.4484953499759250e-01 5.0277224019682647e+00 -1.3767998233633089e-01 -1.4413646249946297e+01 2.8609953161701114e+00 3.0955749222499390e-01 6.7560703000000000e-03 9.3865947999999999e-01
8.9861505835530611e-02 -2.9379430460228389e+02 9.5076826976922635e-01 5.1764860224464035e+00 -1.4288419455227633e-01 -1.5257501650603281e+01 2.8410581260876344e+00 3.1102348023014054e-01 6.4090362999999996e-03 9.4524253000000003e-01
9.1119509312059463e-02 -3.0687257529073696e+02 9.5637237803096187e-01 5.3152572506239153e+00 -1.4083332914792712e-01 -1.6166463502281772e+01 2.8224949399163890e+00 3.1244044589778397e-01 6.0562691999999996e-03 9.5147563999999996e-01
9.2305765674247128e-02 -3.2115602461980700e+02 9.6165686984986809e-01 5.4441175191203541e+00 -1.3287057026413873e-01 -1.7149280902232576e+01 2.8052612018560223e+00 3.1380417164124369e-01 5.6980790999999996e-03 9.5735325999999998e-01
9.3419207262708318e-02 -3.3681314714117195e+02 9.6661698905563742e-01 5.5631516940417223e+00 -1.2023019010139435e-01 -1.8216498464048698e+01 2.7893169330326697e+00 3.1510982622571271e-01 5.3347821999999998e-03 9.6287009999999995e-01
9.4458839075407294e-02 -3.5405005855507318e+02 9.7124830314928789e-01 5.6725260744551358e+00 -1.0404084035494197e-01 -1.9381015908592921e+01 2.7746261028007799e+00 3.1635228770613394e-01 4.9667000000000001e-03 9.6802122999999995e-01
9.5423724639839766e-02 -3.7312249839430677e+02 9.7554664036707173e-01 5.7724310596675714e+00 -8.5329257525448246e-02 -2.0658842370745198e+01 2.7611565446756701e+00 3.1752628504072522e-01 4.5941591999999996e-03 9.7280200999999999e-01
9.6313002159110636e-02 -3.9435381002980290e+02 9.7950816160743637e-01 5.8630801479346610e+00 -6.5024004222662315e-02 -2.2070229705051510e+01 2.7488795223297999e+00 3.1862653082204595e-01 4.2174915999999996e-03 9.7720817000000004e-01
9.7125868365856308e-02 -4.1816108680030095e+02 9.8312928850406345e-01 5.9446994191496589e+00 -4.3959747041732958e-02 -2.3641318383502899e+01 2.7377696428170775e+00 3.1964781500167905e-01 3.8370333000000002e-03 9.8123572999999997e-01
9.7861594668322407e-02 -4.4509664144462897e+02 9.8640677535283039e-01 6.0175205067168580e+00 -2.2880527712396681e-02 -2.5406752588847958e+01 2.7278044421991057e+00 3.2058523982862447e-01 3.4531249000000000e-03 9.8488107999999996e-01
9.8519521095584581e-02 -4.7591467691403489e+02 9.8933768213919937e-01 6.0817718759945487e+00 -2.4443298887891441e-03 -2.7413884037809840e+01 2.7189643554696468e+00 3.2143415559142241e-01 3.0661112999999999e-03 9.8814095000000002e-01
9.9099052261029122e-02 -5.1168557057828451e+02 9.9191935655647701e-01 6.1376697321947438e+00 1.6772939071228496e-02 -2.9729981185074582e+01 2.7112322688052553e+00 3.2219030482539801e-01 2.6763420000000000e-03 9.9101238999999997e-01
9.9599669471911220e-02 -5.5400741420504460e+02 9.9414948795103597e-01 6.1854263051451142e+00 3.4274379145852636e-02 -3.2455580218454550e+01 2.7045936409979934e+00 3.2284987237570861e-01 2.2841723000000002e-03 9.9349282999999999e-01
1.0002092669283548e-01 -6.0543268202395109e+02 9.9602608934057391e-01 6.2252241504104582e+00 4.9638348859547689e-02 -3.5751419185672496e+01 2.6990361593497023e+00 3.2340885207800341e-01 1.8899688000000000e-03 9.9558005999999999e-01
1.0036244852749639e-01 -6.7045115316233307e+02 9.9754748842324348e-01 6.2572254736055850e+00 6.2515892910133264e-02 -3.9900504703561609e+01 2.6945496010952881e+00 3.2386621843661800e-01 1.4941295000000000e-03 9.9727222000000004e-01
1.0062395847431392e-01 -7.5826921403476740e+02 9.9871245344983473e-01 6.2815683941953386e+00 7.2629053627618498e-02 -4.5483646632016821e+01 2.6911256278031299e+00 3.2421785071717940e-01 1.0971916000000000e-03 9.9856794000000004e-01
1.0080535562030278e-01 -8.9421424828184558e+02 9.9952053487684023e-01 6.2983713440160427e+00 7.9771770278620702e-02 -5.4099880245835777e+01 2.6887563367598308e+00 3.2446272251214175e-01 7.0085733000000002e-04 9.9946672000000003e-01
