-6.0508788101781646e-02 -2.4276714001227924e+03 6.0509873102722683e-02 -2.0479891404115717e+03 -5.8197946727830538e+02 1.4609195381608833e+02 -1.2237697576206276e+02 -3.6351396140291314e+01 5.5301730000000003e-06 1.0230946000000001e-06
-6.0506500764418082e-02 -1.8776938309834320e+03 6.0527630264440899e-02 -1.4976340424416526e+03 -5.8186767550499803e+02 1.1173853681241687e+02 -8.8007527991521442e+01 -3.6346440879667021e+01 3.5894988000000002e-05 1.9923924999999999e-05
-6.0499324535743922e-02 -1.6221198348191695e+03 6.0583341090103812e-02 -1.2410880366451652e+03 -5.8151704804373628e+02 9.5772273123803046e+01 -7.2000380399157464e+01 -3.6330898130501353e+01 8.5619985000000003e-05 7.9222864999999994e-05
-6.0485117932102317e-02 -1.4539699986049895e+03 6.0693630443283013e-02 -1.0712791160859952e+03 -5.8082338901967921e+02 8.5264512630843029e+01 -6.1423424493177038e+01 -3.6300145269263723e+01 1.5173507999999999e-04 1.9661552000000001e-04
-6.0462006714150293e-02 -1.3285975503843640e+03 6.0873048504307005e-02 -9.4352041576442696e+02 -5.7969628049312882e+02 7.7426278219776790e+01 -5.3486443829905774e+01 -3.6250164174048905e+01 2.3255418000000001e-04 3.8758918999999998e-04
-6.0428286306508427e-02 -1.2287298501734203e+03 6.1134828310486070e-02 -8.4052951233576050e+02 -5.7805472906556031e+02 7.1178487277717267e+01 -4.7110388777064969e+01 -3.6177344713064983e+01 3.2689763000000001e-04 6.6622920000000002e-04
-6.0382377396321282e-02 -1.1458470848016188e+03 6.1491230455392495e-02 -7.5379771509572981e+02 -5.7582545450231225e+02 6.5988827508867800e+01 -4.1763827969366901e+01 -3.6078404882119536e+01 4.3385032000000002e-04 1.0455858000000000e-03
-6.0322801084062593e-02 -1.0751144388946261e+03 6.1953735999263154e-02 -6.7851721865575269e+02 -5.7294216173953157e+02 6.1555191572984526e+01 -3.7146166404834013e+01 -3.5950354434183424e+01 5.5265518999999999e-04 1.5378795000000000e-03
-6.0248163522742836e-02 -1.0135221498434867e+03 6.2533165718603276e-02 -6.1171803141435521e+02 -5.6934529346871955e+02 5.7689495139559646e+01 -3.3071322655475605e+01 -3.5790479670440000e+01 6.8265765000000004e-04 2.1546280000000000e-03
-6.0157145545471587e-02 -9.5906834563281745e+02 6.3239760629967653e-02 -5.5144865245651658e+02 -5.6498203162085724e+02 5.4266629031487831e+01 -2.9416583355562466e+01 -3.5596339306184490e+01 8.2327310000000005e-04 2.9067318999999999e-03
-6.0048495598016588e-02 -9.1035353485883991e+02 6.4083236856240150e-02 -4.9636897561939412e+02 -5.5980645280980013e+02 5.1199127238348652e+01 -2.6097198702426198e+01 -3.5365767296504501e+01 9.7396649000000004e-04 3.8045331000000002e-03
-5.9921024571342678e-02 -8.6636043993231158e+02 6.5072825742903198e-02 -4.4552879486750044e+02 -5.5377976043036949e+02 4.8423410416364227e+01 -2.3052567266112053e+01 -3.5096879401014483e+01 1.1342389000000000e-03 4.8578574999999999e-03
-5.9773602025855688e-02 -8.2632600381770612e+02 6.6217303170159697e-02 -3.9823868634102115e+02 -5.4687055381717926e+02 4.5891790376513754e+01 -2.0238190672495321e+01 -3.4788081674154157e+01 1.3036180000000001e-03 6.0760461999999999e-03
-5.9605153456399620e-02 -7.8966289564041131e+02 6.7525010785431661e-02 -3.5399044762292328e+02 -5.3905511022642474e+02 4.3567563079439388e+01 -1.7620723274200166e+01 -3.4438080164786413e+01 1.4816515000000000e-03 7.4679780999999997e-03
-5.9414658077630488e-02 -7.5590908532046012e+02 6.9003873196047102e-02 -3.1240565556773186e+02 -5.3031763942512237e+02 4.1421858144518723e+01 -1.5174779995971511e+01 -3.4045890029046525e+01 1.6679024999999999e-03 9.0420881999999994e-03
-5.9201147323395265e-02 -7.2469433384266290e+02 7.0661409618929485e-02 -2.7320117590967084e+02 -5.2065051736411408e+02 3.9431544622088921e+01 -1.2880806319544782e+01 -3.3610844166974623e+01 1.8619452999999999e-03 1.0806380000000001e-02
-5.8963703455026953e-02 -6.9571715667426849e+02 7.2504744684745326e-02 -2.3616512877052801e+02 -5.1005445060034947e+02 3.7577790317691573e+01 -1.0723600474645295e+01 -3.3132600094392309e+01 2.0633631000000000e-03 1.2768437000000001e-02
-5.8701458919950079e-02 -6.6872863669045557e+02 7.4540613417206900e-02 -2.0113970304710566e+02 -4.9853860259520127e+02 3.5845049888187923e+01 -8.6912676060773499e+00 -3.2611145640846175e+01 2.2717459999999998e-03 1.4935428000000001e-02
-5.8413595274622102e-02 -6.4352068036392461e+02 7.6775369594542897e-02 -1.6800838129429937e+02 -4.8612061206360295e+02 3.4220330134308298e+01 -6.7744524007001106e+00 -3.2046801033872228e+01 2.4866887000000002e-03 1.7314116000000001e-02
-5.8099343208736921e-02 -6.1991745687271998e+02 7.9214985561600310e-02 -1.3668637685968812e+02 -4.7282657622841577e+02 3.2692654686197521e+01 -4.9657685310107400e+00 -3.1440220260891639e+01 2.7077901999999999e-03 1.9910858000000000e-02
-5.7757981214028885e-02 -5.9776887373493742e+02 8.1865062564246305e-02 -1.0711307382508561e+02 -4.5869086663428578e+02 3.1252655481844748e+01 -3.2593631751612788e+00 -3.0792386590817987e+01 2.9346520999999999e-03 2.2731616000000000e-02
-5.7388836310379672e-02 -5.7694574830787997e+02 8.4730825112421693e-02 -7.9246214940370152e+01 -4.4375595620795889e+02 2.9892270639001932e+01 -1.6505825329900627e+00 -3.0104611236844441e+01 3.1668782999999998e-03 2.5781951000000001e-02
-5.6991283319711386e-02 -5.5733597697255016e+02 8.7817126617087543e-02 -5.3057075110380211e+01 -4.2807206647827945e+02 2.8604504608569997e+01 -1.3570280552960678e-01 -2.9378513370079592e+01 3.4040742000000001e-03 2.9067029000000001e-02
-5.6564744381915243e-02 -5.3884156450316380e+02 9.1128453148189473e-02 -2.8526544969829946e+01 -4.1169673870400692e+02 2.7383241855934401e+01 1.2882812619951487e+00 -2.8616022564641710e+01 3.6458464000000000e-03 3.2591624999999999e-02
-5.6108689680958522e-02 -5.2137632153357993e+02 9.4668917797711111e-02 -5.6419429419360627e+00 -3.9469435425569566e+02 2.6223102825940572e+01 2.6238305597580953e+00 -2.7819354650258376e+01 3.8918026000000000e-03 3.6360116999999997e-02
-5.5622636476741968e-02 -5.0486395572745488e+02 9.8442268195602839e-02 1.5605736284129319e+01 -3.7713549498875284e+02 2.5119324048629448e+01 3.8730016061287582e+00 -2.6990994068800404e+01 4.1415510999999999e-03 4.0376493999999999e-02
-5.5106149468153266e-02 -4.8923658180843773e+02 1.0245188369130848e-01 3.5224065827509598e+01 -3.5909627846636261e+02 2.4067664797047165e+01 5.0375642720994076e+00 -2.6133673089863755e+01 4.3947007000000003e-03 4.4644352999999998e-02
-5.4558840793067040e-02 -4.7443349438804648e+02 1.0670077535376538e-01 5.3221079980935002e+01 -3.4065759166226775e+02 2.3064329975829924e+01 6.1190979399949947e+00 -2.5250347688004091e+01 4.6508610999999997e-03 4.9166899000000000e-02
-5.3980369544273578e-02 -4.6040014949572685e+02 1.1119158972936864e-01 6.9606865710513617e+01 -3.2190424378763998e+02 2.2105906115732310e+01 7.1190740513521300e+00 -2.4344168566690445e+01 4.9096423000000002e-03 5.3946949000000001e-02
-5.3370442374567909e-02 -4.4708734784039416e+02 1.1592660414451580e-01 8.4394840947331630e+01 -3.0292413861932346e+02 2.1189310239901253e+01 8.0389211941759626e+00 -2.3418455266010589e+01 5.1706551000000002e-03 5.8986927000000001e-02
-5.2728812407589420e-02 -4.3445051841844059e+02 1.2090773516102657e-01 9.7602820513878925e+01 -2.8380723938249264e+02 2.0311744576004685e+01 8.8800828920193879e+00 -2.2476661763115363e+01 5.4335110000000002e-03 6.4288872999999996e-02
-5.2055280326982270e-02 -4.2244916473577416e+02 1.2613653012072301e-01 1.0925379385828171e+02 -2.6464472305336602e+02 1.9470661827604403e+01 9.6440611131195890e+00 -2.1522345933498304e+01 5.6978226000000002e-03 6.9854434000000007e-02
-5.1349693166217139e-02 -4.1104635193148391e+02 1.3161417654034041e-01 1.1937654275932610e+02 -2.4552793605429997e+02 1.8663732801773474e+01 1.0332454919678021e+01 -2.0559135902987371e+01 5.9632034000000004e-03 7.5684873999999999e-02
-5.0611944913680353e-02 -4.0020830756728901e+02 1.3734149741407203e-01 1.2800601997314928e+02 -2.2654745149096158e+02 1.7888821215189047e+01 1.0946985766882104e+01 -1.9590693698633487e+01 6.2292681999999997e-03 8.1781068999999998e-02
-4.9841976028602589e-02 -3.8990405920899957e+02 1.4331895497153313e-01 1.3518356614054980e+02 -2.0779209396878863e+02 1.7143960962671137e+01 1.1489523710488363e+01 -1.8620683643166274e+01 6.4956331999999999e-03 8.8143510999999994e-02
-4.9039773441058865e-02 -3.8010513622808338e+02 1.4954665067776129e-01 1.4095694608220421e+02 -1.8934801851871575e+02 1.6427337134309450e+01 1.1962097570075192e+01 -1.7652736981081006e+01 6.7619166000000000e-03 9.4772308000000000e-02
-4.8205369825861620e-02 -3.7078531703553205e+02 1.5602433087016265e-01 1.4538023158998200e+02 -1.7129780624375326e+02 1.5737269058173140e+01 1.2366906131450005e+01 -1.6690419457951545e+01 7.0277381999999996e-03 1.0166719000000000e-01
-4.7338843481542874e-02 -3.6192035214874369e+02 1.6275138769800329e-01 1.4851354707097980e+02 -1.5371963564833015e+02 1.5072201509369020e+01 1.2706320695239892e+01 -1.5737195863685050e+01 7.2927204000000001e-03 1.0882751000000000e-01
-4.6440320024603757e-02 -3.5348786665131030e+02 1.6972684596953375e-01 1.5042264000727198e+02 -1.3668656227951595e+02 1.4430667334597274e+01 1.2982882513684363e+01 -1.4796407453093495e+01 7.5564877000000004e-03 1.1625223000000000e-01
-4.5509968879997642e-02 -3.4546710451925617e+02 1.7694939039723068e-01 1.5117846798473960e+02 -1.2026576076161800e+02 1.3811326919067719e+01 1.3199299031618267e+01 -1.3871239265236909e+01 7.8186677999999999e-03 1.2393994999999999e-01
-4.4548003039094453e-02 -3.3783879837598562e+02 1.8441736747677906e-01 1.5085651722509087e+02 -1.0451794813993263e+02 1.3212905872099546e+01 1.3358430998094894e+01 -1.2964682773281858e+01 8.0788911000000008e-03 1.3188891000000000e-01
-4.3554682690215424e-02 -3.3058507146773701e+02 1.9212875730233958e-01 1.4953618588558970e+02 -8.9496945944949502e+01 1.2634216255407296e+01 1.3463278751370535e+01 -1.2079542845548263e+01 8.3367917000000003e-03 1.4009695999999999e-01
-4.2530310377920127e-02 -3.2368928538768444e+02 2.0008121114619193e-01 1.4729998320753586e+02 -7.5249214152337956e+01 1.2074140422089410e+01 1.3516968067064539e+01 -1.1218387488431828e+01 8.5920070000000005e-03 1.4856159999999999e-01
-4.1475233423362956e-02 -3.1713595999572442e+02 2.0827203266891331e-01 1.4423283052447351e+02 -6.1813606757367083e+01 1.1531626805473650e+01 1.3522728399366002e+01 -1.0383546828863862e+01 8.8441787999999997e-03 1.5727996000000000e-01
-4.0389841503936645e-02 -3.1091067000397396e+02 2.1669819670920015e-01 1.4042119871660830e+02 -4.9221156617197273e+01 1.1005682131819482e+01 1.3483873141226340e+01 -9.5770954664748427e+00 9.0929527999999999e-03 1.6624881999999999e-01
-3.9274566653272253e-02 -3.0499996964190723e+02 2.2535634928386800e-01 1.3595227826742067e+02 -3.7495028448892235e+01 1.0495367097210824e+01 1.3403775764870829e+01 -8.8008431796327162e+00 9.3379794999999995e-03 1.7546460999999999e-01
-3.8129882051060958e-02 -2.9939140334127256e+02 2.3424281698276234e-01 1.3091317708745950e+02 -2.6650533478620375e+01 9.9997912425103941e+00 1.3285846963455944e+01 -8.0563277864751353e+00 9.5789143999999993e-03 1.8492342000000001e-01
-3.6956305653588740e-02 -2.9407303694035437e+02 2.4335357878402625e-01 1.2539012704026197e+02 -1.6695309927972989e+01 9.5181105041575993e+00 1.3133510658282995e+01 -7.3448163751661983e+00 9.8154178999999998e-03 1.9462097000000000e-01
-3.5754394142845224e-02 -2.8903422335170166e+02 2.5268431302865446e-01 1.1946769044941550e+02 -7.6295022409596198e+00 9.0495209019737963e+00 1.2950179614131565e+01 -6.6672988020790021e+00 1.0047156000000000e-02 2.0455266000000000e-01
-3.4524741716345397e-02 -2.8426470307362945e+02 2.6223040681540455e-01 1.1322802721926588e+02 5.5391202806817530e-01 8.5932551713028005e+00 1.2739231013786300e+01 -6.0244946150477681e+00 1.0273801000000001e-02 2.1471357999999999e-01
-3.3267986138020844e-02 -2.7975501034963531e+02 2.7198690902624229e-01 1.0675025161478732e+02 7.8686722728579346e+00 8.1485820172331138e+00 1.2503984906084472e+01 -5.4168615974418266e+00 1.0495031000000000e-02 2.2509846000000000e-01
-3.1984801477150299e-02 -2.7549632079311471e+02 2.8194858669580702e-01 1.0010979250816629e+02 1.4334809448002028e+01 7.7148008009936060e+00 1.2247680703033264e+01 -4.8446017741447545e+00 1.0710529999999999e-02 2.3570173000000000e-01
-3.0675899318537859e-02 -2.7148042341991197e+02 2.9210991561650079e-01 9.3377866556095157e+01 1.9978094120596900e+01 7.2912395812134045e+00 1.1973461397095393e+01 -4.3076744740733295e+00 1.0919989999999999e-02 2.4651751000000000e-01
-2.9342029972691277e-02 -2.6769969302006513e+02 3.0246507094357750e-01 8.6621017948945081e+01 2.4829449140267929e+01 6.8772533789010897e+00 1.1684345189140659e+01 -3.8058106572979975e+00 1.1123108000000000e-02 2.5753959999999998e-01
-2.7983978845287201e-02 -2.6414705218118110e+02 3.1300795537987547e-01 7.9900728597134346e+01 2.8924342310478256e+01 6.4722208997741255e+00 1.1383220496133825e+01 -3.3385296081346225e+00 1.1319591000000000e-02 2.6876150999999998e-01
-2.6602565226992940e-02 -2.6081594460880882e+02 3.2373220857072837e-01 7.3273114594361417e+01 3.2302137665043325e+01 6.0755424066270551e+00 1.1072824298089770e+01 -2.9051532792665733e+00 1.1509152000000000e-02 2.8017647000000001e-01
-2.5198643503644744e-02 -2.5770031747517339e+02 3.3463119770905425e-01 6.6788736420355008e+01 3.5005432691547604e+01 5.6866383912819174e+00 1.0755732264626847e+01 -2.5048278211233570e+00 1.1691511000000000e-02 2.9177742000000001e-01
-2.3773104366425990e-02 -2.5479460306957137e+02 3.4569800814044488e-01 6.0492439287562519e+01 3.7079387835083828e+01 5.3049482266260259e+00 1.0434349306718950e+01 -2.1365436994953275e+00 1.1866398000000000e-02 3.0355700000000002e-01
-2.2326865130441298e-02 -2.5209368248866960e+02 3.5692551852245252e-01 5.4423311632273339e+01 3.8571094512525221e+01 4.9299260732640491e+00 1.0110900111439403e+01 -1.7991523312801796e+00 1.2033550000000000e-02 3.1550762999999998e-01
-2.0860878205964196e-02 -2.4959288844823951e+02 3.6830633506021393e-01 4.8614699804949026e+01 3.9528917357618930e+01 4.5610417994679100e+00 9.7874258748187728e+00 -1.4913897106443099e+00 1.2192715000000000e-02 3.2762143999999999e-01
-1.9376125047545940e-02 -2.4728799024215783e+02 3.7983283848100485e-01 4.3094317917388146e+01 4.0001888499338342e+01 4.1977780390341248e+00 9.4657817971894360e+00 -1.2118953356436031e+00 1.2343646000000000e-02 3.3989032000000002e-01
-1.7873617364193753e-02 -2.4517514629632404e+02 3.9149717463932876e-01 3.7884397441226582e+01 4.0039132445388795e+01 3.8396292716670697e+00 9.1476353769533763e+00 -9.5923230654920821e-01 1.2486109000000000e-02 3.5230591000000000e-01
-1.6354392278657835e-02 -2.4325094610033184e+02 4.0329129209656078e-01 3.3001895652444922e+01 3.9689326114433008e+01 3.4860994423300049e+00 8.8344643171033823e+00 -7.3190653827619401e-01 1.2619877000000000e-02 3.6485963999999999e-01
-1.4819515957966115e-02 -2.4151236850040152e+02 4.1520691393621495e-01 2.8458779173194252e+01 3.9000208813388241e+01 3.1367017180748622e+00 8.5275689945689379e+00 -5.2838387715327473e-01 1.2744734000000001e-02 3.7754270000000001e-01
-1.3270079982889538e-02 -2.3995678074859873e+02 4.2723556594867662e-01 2.4262326635640200e+01 3.8018137534408645e+01 2.7909565199680824e+00 8.2280683414339304e+00 -3.4711121592815575e-01 1.2860473000000001e-02 3.9034606999999999e-01
-1.1707198927585573e-02 -2.3858193151121529e+02 4.3936859542102463e-01 2.0415469651483782e+01 3.6787703156528522e+01 2.4483898826531085e+00 7.9369103505001322e+00 -1.8652761424890935e-01 1.2966896000000000e-02 4.0326054000000000e-01
-1.0132012779954680e-02 -2.3738595006766454e+02 4.5159715234720921e-01 1.6917174964660106e+01 3.5351392528998161e+01 2.1085329570185127e+00 7.6548792685170568e+00 -4.5084590465001601e-02 1.3063819000000001e-02 4.1627669000000000e-01
-8.5456796805709057e-03 -2.3636733873993944e+02 4.6391224579751728e-01 1.3762823849607328e+01 3.3749311986495478e+01 1.7709193916375074e+00 7.3826054567996113e+00 7.8745610119958967e-02 1.3151064000000001e-02 4.2938494999999999e-01
-6.9493831837512884e-03 -2.3552497764411478e+02 4.7630468754910749e-01 1.0944632064096366e+01 3.2018966406878654e+01 1.4350858139640508e+00 7.1205743651041491e+00 1.8645463301872023e-01 1.3228465999999999e-02 4.4257553999999999e-01
-5.3443225761299826e-03 -2.3485812035527502e+02 4.8876516724529684e-01 8.4520379131600940e+00 3.0195086453205636e+01 1.1005687390066523e+00 6.8691357231900048e+00 2.7948884664952700e-01 1.3295871000000001e-02 4.5583855000000001e-01
-3.7317177173711857e-03 -2.3436639794519596e+02 5.0128421481591745e-01 6.2721267519430697e+00 2.8309513725616032e+01 7.6690454488849547e-01 6.6285171907545060e+00 3.5924007671839581e-01 1.3353135000000000e-02 4.6916390000000002e-01
-2.1128029892779482e-03 -2.3404982220575798e+02 5.1385224745187086e-01 4.3900136579836913e+00 2.6391130705214760e+01 4.3362709429458590e-01 6.3988338899267063e+00 4.2703855884339414e-01 1.3400123999999999e-02 4.8254139000000001e-01
-4.8882971614866433e-04 -2.3390879100852516e+02 5.2645955081530615e-01 2.7892348371655076e+00 2.4465835358204320e+01 1.0026713061887271e-01 6.1801006187749898e+00 4.8414655050396549e-01 1.3436718000000000e-02 4.9596067999999999e-01
1.1389386759359035e-03 -2.3394409224005429e+02 5.3909631661926394e-01 1.4521128533236463e+00 2.2556562894286927e+01 -2.3364986100471263e-01 5.9722426111912750e+00 5.3175396155915211e-01 1.3462807000000000e-02 5.0941133000000005e-01
2.7692218183996281e-03 -2.3415693009403344e+02 5.5175260504803203e-01 3.6009983575076149e-01 2.0683342366263400e+01 -5.6860387141230362e-01 5.7751072599640700e+00 5.7097529552373605e-01 1.3478291000000000e-02 5.2288276000000000e-01
4.4007332917752190e-03 -2.3454890042836377e+02 5.6441842931134423e-01 -5.0589879584051978e-01 1.8863373364138685e+01 -9.0508386531338125e-01 5.5884752743854822e+00 6.0284748853962655e-01 1.3483083000000000e-02 5.3636434000000000e-01
6.0321745748129901e-03 -2.3512204010858659e+02 5.7708370866982528e-01 -1.1652412411576267e+00 1.7111157129885527e+01 -1.2435879193717199e+00 5.4120690907765416e+00 6.2832898986969010e-01 1.3477108000000000e-02 5.4984533999999996e-01
7.6622374648373515e-03 -2.3587882331809101e+02 5.8973828722481314e-01 -1.6372630147261706e+00 1.5438623497381013e+01 -1.5846250918900022e+00 5.2455656439172511e+00 6.4830001179234131e-01 1.3460300999999999e-02 5.6331494999999998e-01
9.2896077082815082e-03 -2.3682218314461633e+02 6.0237196210309107e-01 -1.9410714271735436e+00 1.3855285584612643e+01 -1.9287176995271693e+00 5.0886034063485974e+00 6.6356338047375696e-01 1.3432611000000001e-02 5.7676231000000000e-01
1.0912967421043987e-02 -2.3795553413400393e+02 6.1497450224670991e-01 -2.0953166918699204e+00 1.2368428308686967e+01 -2.2764034930396040e+00 4.9407918458685494e+00 6.7484712581268502e-01 1.3393997000000000e-02 5.9017653000000003e-01
1.2530991457953847e-02 -2.3928279173396842e+02 6.2753562022825493e-01 -2.1180153964353607e+00 1.0983268211168784e+01 -2.6282366797452390e+00 4.8017193930994626e+00 6.8280565854282804e-01 1.3344429999999999e-02 6.0354666000000001e-01
1.4142352253483689e-02 -2.4080840033059147e+02 6.4004500983049006e-01 -2.0264664465881315e+00 9.7031653185908304e+00 -2.9847908082251600e+00 4.6709604553747939e+00 6.8802213095576603e-01 1.3283893999999999e-02 6.1686173000000000e-01
1.5745724662462574e-02 -2.4253736732269803e+02 6.5249238362600059e-01 -1.8370006177961391e+00 8.5297871273353731e+00 -3.3466619720758679e+00 4.5480807820715441e+00 6.9101864837368543e-01 1.3212384000000001e-02 6.3011079000000003e-01
1.7339778699006630e-02 -2.4447528844180408e+02 6.6486741660772852e-01 -1.5650200976542425e+00 7.4633208918564762e+00 -3.7144694951768304e+00 4.4326464801735472e+00 6.9224940120175593e-01 1.3129907000000000e-02 6.4328284999999996e-01
1.8923188007766698e-02 -2.4662839219736983e+02 6.7715981195334851e-01 -1.2248654069400753e+00 6.5026481865344756e+00 -4.0888603597445243e+00 4.3242246474144359e+00 6.9211191331510824e-01 1.3036481000000001e-02 6.5636695000000000e-01
2.0494631074106567e-02 -2.4900357482708614e+02 6.8935931042017862e-01 -8.2978058219006723e-01 5.6455298080682246e+00 -4.4705122541179190e+00 4.2223901408763922e+00 6.9094964549664484e-01 1.2932137999999999e-02 6.6935217000000002e-01
2.2052787593568254e-02 -2.5160847959056946e+02 7.0145566216044775e-01 -3.9189486455847145e-01 4.8887803192274557e+00 -4.8601358323008341e+00 4.1267288860998654e+00 6.8905607926550649e-01 1.2816919000000000e-02 6.8222760000000005e-01
2.3596345732941462e-02 -2.5445150289305079e+02 7.1343868309076108e-01 7.7790396616860075e-02 4.2284284577875066e+00 -5.2584798964392334e+00 4.0368404145995394e+00 6.8667925262153717e-01 1.2690879000000000e-02 6.9498240000000000e-01
2.5123999709907058e-02 -2.5754188839717415e+02 7.2529823610227828e-01 5.6938851285297654e-01 3.6598739772865567e+00 -5.6663346254568161e+00 3.9523404283990962e+00 6.8402598468350140e-01 1.2554085000000000e-02 7.0760577999999996e-01
2.6634451003215390e-02 -2.6088978539458861e+02 7.3702424045562409e-01 1.0741033602745886e+00 3.1780280651150066e+00 -6.0845361363993478e+00 3.8728633186112802e+00 6.8126598016556750e-01 1.2406611999999999e-02 7.2008700999999997e-01
2.8126414403577368e-02 -2.6450633856922474e+02 7.4860671875544316e-01 1.5841969922961769e+00 2.7774459198876449e+00 -6.5139729571044116e+00 3.7980620862801882e+00 6.7853598316699071e-01 1.2248551000000000e-02 7.3241546999999996e-01
2.9598614383129843e-02 -2.6840376653320186e+02 7.6003576876566692e-01 2.0929416403825352e+00 2.4524218493434464e+00 -6.9555904944036948e+00 3.7276103485559657e+00 6.7594350414061022e-01 1.2080001999999999e-02 7.4458062000000003e-01
3.1049787515792043e-02 -2.7259546507173974e+02 7.7130158219933587e-01 2.5945775370265101e+00 2.1971410780283533e+00 -7.4103978230806451e+00 3.6612026698872819e+00 6.7357017426954635e-01 1.1901076999999999e-02 7.5657202000000001e-01
3.2478684897622054e-02 -2.7709612528464714e+02 7.8239446350842090e-01 3.0842025240832949e+00 2.0057267089638287e+00 -7.8794753743610455e+00 3.5985544463909376e+00 6.7147662376486161e-01 1.1711898000000000e-02 7.6837935000000002e-01
3.3884075777351530e-02 -2.8192187427258443e+02 7.9330485806855611e-01 3.5578191276829538e+00 1.8723285852933995e+00 -8.3639841000107218e+00 3.5394020402148278e+00 6.6970282920226976e-01 1.1512599000000000e-02 7.7999244000000001e-01
3.5264741505494523e-02 -2.8709040155156634e+02 8.0402330520448462e-01 4.0121545150303843e+00 1.7912118229108778e+00 -8.8651726500303987e+00 3.4835026034304346e+00 6.6827402641115519e-01 1.1303326000000001e-02 7.9140122000000002e-01
3.6619487636129822e-02 -2.9262117153405950e+02 8.1454053213916688e-01 4.4446537476098369e+00 1.7567889204116034e+00 -9.3843919704472381e+00 3.4306329727444016e+00 6.6720108001774836e-01 1.1084235000000000e-02 8.0259581999999996e-01
3.7947133035296898e-02 -2.9853557837615239e+02 8.2484736943958337e-01 4.8533976917931350e+00 1.7636911440129972e+00 -9.9231034674490743e+00 3.3805894831458114e+00 6.6648365938546794e-01 1.0855490000000001e-02 8.1356647999999998e-01
3.9246520772599908e-02 -3.0485721510218423e+02 8.3493483557093195e-01 5.2370448671485672e+00 1.8067735405995957e+00 -1.0482897143814268e+01 3.3331867767747907e+00 6.6611371159038169e-01 1.0617270000000000e-02 8.2430364000000000e-01
4.0516515700851338e-02 -3.1161213117358051e+02 8.4479411810680616e-01 5.5947576337562834e+00 1.8811768824355362e+00 -1.1065507061898955e+01 3.2882570208823152e+00 6.6606216678553698e-01 1.0369760000000000e-02 8.3479791999999997e-01
4.1756005666250220e-02 -3.1882914771281293e+02 8.5441658312410673e-01 5.9261443821041739e+00 1.9823226879922751e+00 -1.1672831036831131e+01 3.2456486583037396e+00 6.6634608469348811e-01 1.0113159000000000e-02 8.4504013000000000e-01
4.2963902718560321e-02 -3.2654022885486029e+02 8.6379378459795164e-01 6.2312027325967172e+00 2.1059426091178159e+00 -1.2306953823769197e+01 3.2052257535377411e+00 6.6690235412871013e-01 9.8476710000000005e-03 8.5502127999999999e-01
4.4139143111110168e-02 -3.3478091168940205e+02 8.7291746440167672e-01 6.5102608493911331e+00 2.2480749499695505e+00 -1.2970173066236232e+01 3.1668663899724523e+00 6.6771537387190982e-01 9.5735140000000000e-03 8.6473257999999997e-01
4.5280693351684304e-02 -3.4359086118301110e+02 8.8177959928138971e-01 6.7639277087370342e+00 2.4050820915374582e+00 -1.3665035237640108e+01 3.1304623637191176e+00 6.6875521396141713e-01 9.2909130999999992e-03 8.7416548999999999e-01
4.6387544151631960e-02 -3.5301444282866100e+02 8.9037235388141589e-01 6.9930441644933445e+00 2.5736075339122291e+00 -1.4394369550441670e+01 3.0959168537170614e+00 6.6999210277130139e-01 9.0001030000000006e-03 8.8331166999999999e-01
4.7458717686936616e-02 -3.6310151993785837e+02 8.9868813711376361e-01 7.1986381893068492e+00 2.7506380979859872e+00 -1.5161344170347284e+01 3.0631445832878281e+00 6.7139541317508433e-01 8.7013270999999996e-03 8.9216304000000002e-01
4.8493263967681208e-02 -3.7390830990851123e+02 9.0671957397339131e-01 7.3818870277380020e+00 2.9334278193813521e+00 -1.5969492180299078e+01 3.0320709536366164e+00 6.7293524507652647e-01 8.3948374000000006e-03 9.0071175000000003e-01
4.9490266888939344e-02 -3.8549859973842774e+02 9.1445955251276212e-01 7.5440795714697453e+00 3.1195192421679425e+00 -1.6822838029033143e+01 3.0026285840803597e+00 6.7458274660323969e-01 8.0808944000000001e-03 9.0895022999999997e-01
5.0448839390062380e-02 -3.9794497816926560e+02 9.2190118626220063e-01 7.6865849513088023e+00 3.3067207114596369e+00 -1.7725924965934546e+01 2.9747600604091806e+00 6.7631040105807971e-01 7.7597663000000001e-03 9.1687114999999997e-01
5.1368128295392307e-02 -4.1133063949194275e+02 9.2903785180953569e-01 7.8108226788309745e+00 3.4930914716431021e+00 -1.8683950645057884e+01 2.9484147980252389e+00 6.7809231496612654e-01 7.4317293999999999e-03 9.2446746000000002e-01
5.2247315524440022e-02 -4.2575153308991656e+02 9.3586319819501185e-01 7.9182409487640726e+00 3.6769248680775815e+00 -1.9702896217310794e+01 2.9235486613219326e+00 6.7990440480281200e-01 7.0970672000000004e-03 9.3173240000000002e-01
5.3085615671528905e-02 -4.4131905042631894e+02 9.4237112812146739e-01 8.0102898455111031e+00 3.8567302190878294e+00 -2.0789693017121344e+01 2.9001239183372238e+00 6.8172451105696041e-01 6.7560703000000000e-03 9.3865947999999999e-01
5.3882282056685937e-02 -4.5816365471533112e+02 9.4855584492888889e-01 8.0884062794141975e+00 4.0312170802990375e+00 -2.1952448682472529e+01 2.8781070000513127e+00 6.8353236979310750e-01 6.4090362999999996e-03 9.4524253000000003e-01
5.4636599464572250e-02 -4.7643934132738406e+02 9.5441179622494565e-01 8.1539982112841880e+00 4.1992721624321181e+00 -2.3200723541993298e+01 2.8574699390336260e+00 6.8530965512645914e-01 6.0562691999999996e-03 9.5147563999999996e-01
5.5347896246265640e-02 -4.9633003539384055e+02 9.5993376783409901e-01 8.2084290899188517e+00 4.3599491973207645e+00 -2.4545930180153395e+01 2.8381874017173776e+00 6.8703998620117179e-01 5.6980790999999996e-03 9.5735325999999998e-01
5.6015532217478015e-02 -5.1805758921536062e+02 9.6511678984849281e-01 8.2530075606232653e+00 4.5124461954616493e+00 -2.6001829570258739e+01 2.8202392687249955e+00 6.8870878450615680e-01 5.3347821999999998e-03 9.6287009999999995e-01
5.6638910760337918e-02 -5.4189356798443396e+02 9.6995623057706282e-01 8.2889778976561388e+00 4.6560917176191046e+00 -2.7585266517497448e+01 2.8036073090934250e+00 6.9030323127940763e-01 4.9667000000000001e-03 9.6802122999999995e-01
5.7217470352142780e-02 -5.6817515980081839e+02 9.7444773078116043e-01 8.3175138873856795e+00 4.7903283975235329e+00 -2.9317159598478440e+01 2.7882763286933336e+00 6.9181212914048063e-01 4.5941591999999996e-03 9.7280200999999999e-01
5.7750694246784848e-02 -5.9732906255024795e+02 9.7858727883383945e-01 8.3397132103587417e+00 4.9146998625777698e+00 -3.1223991267872332e+01 2.7742333065464302e+00 6.9322577991305445e-01 4.2174915999999996e-03 9.7720817000000004e-01
5.8238100793325281e-02 -6.2990619395740384e+02 9.8237113556056921e-01 8.3565899439727662e+00 5.0288435289027795e+00 -3.3339970213697818e+01 2.7614673535515966e+00 6.9453586890293362e-01 3.8370333000000002e-03 9.8123572999999997e-01
5.8679253117420060e-02 -6.6663682335003898e+02 9.8579590939852180e-01 8.3690744236774854e+00 5.1324370182023875e+00 -3.5710471250090755e+01 2.7499692142832415e+00 6.9573531749040562e-01 3.4531249000000000e-03 9.8488107999999996e-01
5.9073755490785265e-02 -7.0851921397412059e+02 9.8885852821183928e-01 8.3780096184246808e+00 5.2252719564224197e+00 -3.8397564554151160e+01 2.7397311576898353e+00 6.9681818008138563e-01 3.0661112999999999e-03 9.8814095000000002e-01
5.9421250910840606e-02 -7.5697163978537367e+02 9.9155622050181147e-01 8.3841481109984048e+00 5.3071567192987033e+00 -4.1489501135347972e+01 2.7307466866763845e+00 6.9777949401254613e-01 2.6763420000000000e-03 9.9101238999999997e-01
5.9721428361778836e-02 -8.1411390163949272e+02 9.9388657177634243e-01 8.3881544578347107e+00 5.3779525698544823e+00 -4.5118284994382883e+01 2.7230107166886524e+00 6.9861516016740510e-01 2.2841723000000002e-03 9.9349282999999999e-01
5.9974020394209279e-02 -8.8333527032095287e+02 9.9584750576012715e-01 8.3905968807774514e+00 5.4375551317851123e+00 -4.9495128887514298e+01 2.7165211813478591e+00 6.9932265218541201e-01 1.8899688000000000e-03 9.9558005999999999e-01
6.0178801914979652e-02 -9.7060327077120769e+02 9.9743727499974211e-01 8.3919593882215402e+00 5.4858880358475197e+00 -5.4992172368565349e+01 2.7112670193824062e+00 6.9989793661232091e-01 1.4941295000000000e-03 9.9727222000000004e-01
6.0335607129671259e-02 -1.0881652296434891e+03 9.9865459239239629e-01 8.3926301100314475e+00 5.5229008533205892e+00 -6.2373643556445501e+01 2.7072527300011928e+00 7.0033975841083307e-01 1.0971916000000000e-03 9.9856794000000004e-01
6.0444375529372221e-02 -1.2697395257430401e+03 9.9949898819254579e-01 8.3929059630900475e+00 5.5485750431631260e+00 -7.3744658286592710e+01 2.7044717298156193e+00 7.0064692442386534e-01 7.0085733000000002e-04 9.9946672000000003e-01
