-8.8252048485722059e-02 -2.6897479423735813e+03 8.8253161870701050e-02 -2.3249094848449399e+03 -6.9791791209361895e+02 1.7148904372288328e+02 -1.4815174437238809e+02 -4.4645170563072483e+01 5.5301730000000003e-06 1.0230946000000001e-06
-8.8248712404894042e-02 -2.0302732469460441e+03 8.8270394660687035e-02 -1.6647331934856657e+03 -6.9770754402980674e+02 1.2930079151800814e+02 -1.0593170026432678e+02 -4.4635754388418000e+01 3.5894988000000002e-05 1.9923924999999999e-05
-8.8238245877621482e-02 -1.7239637133529238e+03 8.8324460337050756e-02 -1.3566454030682332e+03 -6.9704786109803524e+02 1.0970012498098626e+02 -8.6250212833807879e+01 -4.4606223744133843e+01 8.5619985000000003e-05 7.9222864999999994e-05
-8.8217525550661910e-02 -1.5226226105757073e+03 8.8431492828570976e-02 -1.1523122906157978e+03 -6.9574333343951071e+02 9.6809502179533268e+01 -7.3223215226009145e+01 -4.4547813618379926e+01 1.5173507999999999e-04 1.9661552000000001e-04
-8.8183817846520907e-02 -1.3727165700605924e+03 8.8605612646500478e-02 -9.9816267005357452e+02 -6.9362519132750333e+02 8.7204085075224242e+01 -6.3423807091512543e+01 -4.4452936922218591e+01 2.3255418000000001e-04 3.8758918999999998e-04
-8.8134636642541689e-02 -1.2535347428080481e+03 8.8859662054510874e-02 -8.7350529112364313e+02 -6.9054371184407057e+02 7.9558831122315908e+01 -5.5527444750233812e+01 -4.4314827757242085e+01 3.2689763000000001e-04 6.6622920000000002e-04
-8.8067678511419528e-02 -1.1548595332557841e+03 8.9205539588949792e-02 -7.6818182474271737e+02 -6.8636551581597905e+02 7.3220057429300653e+01 -4.8882698971312891e+01 -4.4127408080702125e+01 4.3385032000000002e-04 1.0455858000000000e-03
-8.7980786478658757e-02 -1.0708902843185931e+03 8.9654387272569400e-02 -6.7648078278200910e+02 -6.8097273698738695e+02 6.7816703408692675e+01 -4.3122077856562463e+01 -4.3885237632422289e+01 5.5265518999999999e-04 1.5378795000000000e-03
-8.7871927618861936e-02 -9.9801336061246707e+02 9.0216706342670996e-02 -5.9490155273972766e+02 -6.7426309251240150e+02 6.3117668420006559e+01 -3.8019088802364834e+01 -4.3583504149115598e+01 6.8265765000000004e-04 2.1546280000000000e-03
-8.7739177927532760e-02 -9.3382263283854513e+02 9.0902435397006404e-02 -5.2117042457951618e+02 -6.6615039742717875e+02 5.8969136766355319e+01 -3.3425364460775988e+01 -4.3218034083630052e+01 8.2327310000000005e-04 2.9067318999999999e-03
-8.7580712013215628e-02 -8.7663352944545795e+02 9.1721003639847837e-02 -4.5375114402375937e+02 -6.5656532700592800e+02 5.5263480607974486e+01 -2.9239425983276814e+01 -4.2785315374814559e+01 9.7396649000000004e-04 3.8045331000000002e-03
-8.7394795560755412e-02 -8.2521921957389236e+02 9.2681369813617728e-02 -3.9157786782294755e+02 -6.4545625189080192e+02 5.1922375529792497e+01 -2.5389644692417860e+01 -4.2282525080002827e+01 1.1342389000000000e-03 4.8578574999999999e-03
-8.7179779824358219e-02 -7.7865733878783965e+02 9.3792050645419123e-02 -3.3389934338442708e+02 -6.3279006176343603e+02 4.8886989877946206e+01 -2.1824346333552263e+01 -4.1707558299971282e+01 1.3036180000000001e-03 6.0760461999999999e-03
-8.6934097638590738e-02 -7.3623596798238577e+02 9.5061141452535386e-02 -2.8018185304222931e+02 -6.1855290082931549e+02 4.6111964230334422e+01 -1.8505651650422845e+01 -4.1059055821416273e+01 1.4816515000000000e-03 7.4679780999999997e-03
-8.6656260188348613e-02 -6.9739329674845374e+02 9.6496332827414322e-02 -2.3004629015597783e+02 -6.0275072805470950e+02 4.3561547954516385e+01 -1.5405543156839231e+01 -4.0336426834243618e+01 1.6679024999999999e-03 9.0420881999999994e-03
-8.6344854820201183e-02 -6.6167753782070372e+02 9.8104921943340612e-02 -1.8322528032838176e+02 -5.8540969023799255e+02 4.1207031555085898e+01 -1.2503163015930705e+01 -3.9539866487369210e+01 1.8619452999999999e-03 1.0806380000000001e-02
-8.5998543012590203e-02 -6.2871937203537641e+02 9.9893823039535132e-02 -1.3953293995504919e+02 -5.6657621650450278e+02 3.9024981199956457e+01 -9.7829616927785530e+00 -3.8670364542002254e+01 2.0633631000000000e-03 1.2768437000000001e-02
-8.5616059440356204e-02 -5.9821260269779077e+02 1.0186957225341813e-01 -9.8842766940858155e+01 -5.4631687029498107e+02 3.6995998840106964e+01 -7.2333527962666695e+00 -3.7729707101181091e+01 2.2717459999999998e-03 1.4935428000000001e-02
-8.5196210403848838e-02 -5.6990012314651290e+02 1.0403833573516444e-01 -6.1070893015059418e+01 -5.2471783600238621e+02 3.5103822553292829e+01 -4.8457134880857033e+00 -3.6720465780258614e+01 2.4866887000000002e-03 1.7314116000000001e-02
-8.4737873864227736e-02 -5.4356369059896520e+02 1.0640590946535389e-01 -2.6163230680592552e+01 -5.0188415383705859e+02 3.3334671071627611e+01 -2.6136321939671583e+00 -3.5645979137109038e+01 2.7077901999999999e-03 1.9910858000000000e-02
-8.4239997501913522e-02 -5.1901614209342051e+02 1.0897772928419679e-01 5.9148781046849592e+00 -4.7793851433949732e+02 3.1676744152098404e+01 -5.3231300537728377e-01 -3.4510321024356543e+01 2.9346520999999999e-03 2.2731616000000000e-02
-8.3701599775614519e-02 -4.9609562282065320e+02 1.1175886542104728e-01 3.5186789724006438e+01 -4.5301987062145628e+02 3.0119852662701177e+01 1.4018830777074962e+00 -3.3318258091073858e+01 3.1668782999999998e-03 2.5781951000000001e-02
-8.3121768863300013e-02 -4.7466101822021665e+02 1.1475402796489004e-01 6.1671331509255360e+01 -4.2728162120572784e+02 2.8655125283929998e+01 3.1918151081803381e+00 -3.2075198086041063e+01 3.4040742000000001e-03 2.9067029000000001e-02
-8.2499661956182413e-02 -4.5458840571542390e+02 1.1796757051133122e-01 8.5388249007746808e+01 -4.0088952297684330e+02 2.7274780933346197e+01 4.8398668329077861e+00 -3.0787123400865170e+01 3.6458464000000000e-03 3.2591624999999999e-02
-8.1834506317744013e-02 -4.3576830362214906e+02 1.2140348469211203e-01 1.0636276387353712e+02 -3.7401941464780083e+02 2.5971952250364847e+01 6.3481901126971492e+00 -2.9460523814076986e+01 3.8918026000000000e-03 3.6360116999999997e-02
-8.1125597871701330e-02 -4.1810339058574590e+02 1.2506540746909067e-01 1.2462898440516011e+02 -3.4685461359599088e+02 2.4740539305681288e+01 7.7189098302875401e+00 -2.8102308876008145e+01 4.1415510999999999e-03 4.0376493999999999e-02
-8.0372301731518450e-02 -4.0150672351013861e+02 1.2895661839899925e-01 1.4023262428261137e+02 -3.1958322217346966e+02 2.3575095158102009e+01 8.9542835794633415e+00 -2.6719722765891909e+01 4.3947007000000003e-03 4.4644352999999998e-02
-7.9574052200407072e-02 -3.8590026498098104e+02 1.3308003963344356e-01 1.5323326510698340e+02 -2.9239528718571700e+02 2.2470730902082522e+01 1.0056830547206895e+01 -2.5320248686352432e+01 4.6508610999999997e-03 4.9166899000000000e-02
-7.8730352065308609e-02 -3.7121366248308789e+02 1.3743823956589435e-01 1.6370555008659724e+02 -2.6547987871472515e+02 2.1423040768917847e+01 1.1029430451864197e+01 -2.3911509830213571e+01 4.9096423000000002e-03 5.3946949000000001e-02
-7.7840773479416564e-02 -3.5738326391038350e+02 1.4203342827294832e-01 1.7173997783707398e+02 -2.3902221327676639e+02 2.0428032781724205e+01 1.1875394970645802e+01 -2.2501169656469106e+01 5.1706551000000002e-03 5.8986927000000001e-02
-7.6904956373636355e-02 -3.4435126632783914e+02 1.4686746572005821e-01 1.7744305892295299e+02 -2.1320077204998725e+02 1.9482079340077991e+01 1.2598524010194392e+01 -2.1096828739911462e+01 5.4335110000000002e-03 6.4288872999999996e-02
-7.5922610045125419e-02 -3.3206500269866717e+02 1.5194185355580275e-01 1.8093693641275570e+02 -1.8818463372288963e+02 1.8581871687668301e+01 1.3203110284807666e+01 -1.9705927769921978e+01 5.6978226000000002e-03 6.9854434000000007e-02
-7.4893511392248688e-02 -3.2047638075549986e+02 1.5725774422936437e-01 1.8235853456098079e+02 -1.6413089767708399e+02 1.7724380607300802e+01 1.3693968729875255e+01 -1.8335648596790879e+01 5.9632034000000004e-03 7.5684873999999999e-02
-7.3817505797100821e-02 -3.0954135316472531e+02 1.6281593643179043e-01 1.8185825275037817e+02 -1.4118241491437331e+02 1.6906825230420822e+01 1.4076411846814912e+01 -1.6992826418632156e+01 6.2292681999999997e-03 8.1781068999999998e-02
-7.2694506419488436e-02 -2.9921948698825202e+02 1.6861687874298426e-01 1.7959830710870543e+02 -1.1946578450837781e+02 1.6126644978284666e+01 1.4356223461317853e+01 -1.5683864281017263e+01 6.4956331999999999e-03 8.8143510999999994e-02
-7.1524494196930050e-02 -2.8947359429826537e+02 1.7466066963170507e-01 1.7575068666418511e+02 -9.9089675630155284e+01 1.5381475981218120e+01 1.4539617055871147e+01 -1.4414659217579086e+01 6.7619166000000000e-03 9.4772308000000000e-02
-7.0307516785629354e-02 -2.8026940023725729e+02 1.8094706292605472e-01 1.7049497182046682e+02 -8.0143516805630526e+01 1.4669130036806385e+01 1.4633185247746544e+01 -1.3190536536930399e+01 7.0277381999999996e-03 1.0166719000000000e-01
-6.9043688383970750e-02 -2.7157526746443426e+02 1.8747546872522541e-01 1.6401585302638409e+02 -6.2696619489263696e+01 1.3987577031844097e+01 1.4643828451862134e+01 -1.2016196759467089e+01 7.2927204000000001e-03 1.0882751000000000e-01
-6.7733192203581802e-02 -2.6336196723389833e+02 1.9424494063503092e-01 1.5650060980120958e+02 -4.6797581162681169e+01 1.3334930732741466e+01 1.4578688419713133e+01 -1.0895676622063126e+01 7.5564877000000004e-03 1.1625223000000000e-01
-6.6376275350703881e-02 -2.5560243127273429e+02 2.0125420220859197e-01 1.4813649928828286e+02 -3.2474299883797670e+01 1.2709432561969908e+01 1.4445071118045730e+01 -9.8323133147280295e+00 7.8186677999999999e-03 1.2393994999999999e-01
-6.4973248473183309e-02 -2.4827156883337571e+02 2.0850164876983168e-01 1.3910818109656680e+02 -1.9734174835776063e+01 1.2109440073748750e+01 1.4250363778418119e+01 -8.8287341747881261e+00 8.0788911000000008e-03 1.3188891000000000e-01
-6.3524491055605065e-02 -2.4134612863816159e+02 2.1598532006104254e-01 1.2959527465407214e+02 -8.5648747633044628e+00 1.1533418713605480e+01 1.4001958319205333e+01 -7.8868486072399131e+00 8.3367917000000003e-03 1.4009695999999999e-01
-6.2030444359114485e-02 -2.3480451434580243e+02 2.2370293671279728e-01 1.1976997156569612e+02 1.0646836045315322e+00 1.0979929549999813e+01 1.3707176287173708e+01 -7.0078610161128223e+00 8.5920070000000005e-03 1.4856159999999999e-01
-6.0491614951506407e-02 -2.2862667251344152e+02 2.3165188200899323e-01 1.0979494401008712e+02 9.2029396653442319e+00 1.0447622382632787e+01 1.3373150100678433e+01 -6.1922878819941269e+00 8.8441787999999997e-03 1.5727996000000000e-01
-5.8908571177136028e-02 -2.2279396036737509e+02 2.3982922012180802e-01 9.9821415029926200e+01 1.5914054634747972e+01 9.9352275261510510e+00 1.3006835472930620e+01 -5.4399895379778593e+00 9.0929527999999999e-03 1.6624881999999999e-01
-5.7281943156918876e-02 -2.1728904438737896e+02 2.4823169611169948e-01 8.9987569208122352e+01 2.1276036470302255e+01 9.4415487507981375e+00 1.2614857993973203e+01 -4.7502106998728690e+00 9.3379794999999995e-03 1.7546460999999999e-01
-5.5612421023286250e-02 -2.1209580136216891e+02 2.5685574504488318e-01 8.0417229626979619e+01 2.5378683877054048e+01 8.9654572458760029e+00 1.2203502820642433e+01 -4.1216224949210769e+00 9.5789143999999993e-03 1.8492342000000001e-01
-5.3900760215318963e-02 -2.0719925064926568e+02 2.6569746464089949e-01 7.1218977595959245e+01 2.8321392635663575e+01 8.5058877551047907e+00 1.1778642055272952e+01 -3.5523955757357610e+00 9.8154178999999998e-03 1.9462097000000000e-01
-5.2147772653524424e-02 -2.0258545060713081e+02 2.7475266086000222e-01 6.2485394342650096e+01 3.0210933000278239e+01 8.0618323340384812e+00 1.1345705744532419e+01 -3.0402444549568122e+00 1.0047156000000000e-02 2.0455266000000000e-01
-5.0354324974792072e-02 -1.9824143004672121e+02 2.8401685702063606e-01 5.4292814523414179e+01 3.1159176305818214e+01 7.6323307797549971e+00 1.0909641365102143e+01 -2.5824935884686666e+00 1.0273801000000001e-02 2.1471357999999999e-01
-4.8521347357616255e-02 -1.9415514920231354e+02 2.9348524821204813e-01 4.6701378899693026e+01 3.1280870740921177e+01 7.2164753163782889e+00 1.0474893483053796e+01 -2.1761547862076140e+00 1.0495031000000000e-02 2.2509846000000000e-01
-4.6649822931828781e-02 -1.9031541726473378e+02 3.0315275599915442e-01 3.9755347115698882e+01 3.0691511158597500e+01 6.8134037947269546e+00 1.0045392324986055e+01 -1.8179847479452109e+00 1.0710529999999999e-02 2.3570173000000000e-01
-4.4740789543643474e-02 -1.8671184868692063e+02 3.1301401930506179e-01 3.3483678351455929e+01 2.9505333204909206e+01 6.4222911615712270e+00 9.6245419154013305e+00 -1.5045613011543331e+00 1.0919989999999999e-02 2.4651751000000000e-01
-4.2795341520700761e-02 -1.8333482054683518e+02 3.2306338529359041e-01 2.7900989273722089e+01 2.7833472444332507e+01 6.0423514633932722e+00 9.2152336192997488e+00 -1.2323384158687489e+00 1.1123108000000000e-02 2.5753959999999998e-01
-4.0814624376933915e-02 -1.8017542181459260e+02 3.3329493672170696e-01 2.3008477518980303e+01 2.5782329114880920e+01 5.6728326926162627e+00 8.8198536154719545e+00 -9.9771321226730048e-01 1.1319591000000000e-02 2.6876150999999998e-01
-3.8799833047524497e-02 -1.7722541465673172e+02 3.4370250105700229e-01 1.8795349336523735e+01 2.3452196525444741e+01 5.3130139378789121e+00 8.4403035873299679e+00 -7.9708366400280595e-01 1.1509152000000000e-02 2.8017647000000001e-01
-3.6752213653946930e-02 -1.7447720433684930e+02 3.5427964136021350e-01 1.5240106828794325e+01 2.0935983162266115e+01 4.9622031724693345e+00 8.0780273574114805e+00 -6.2689648502941120e-01 1.1691511000000000e-02 2.9177742000000001e-01
-3.4673065269013079e-02 -1.7192381043843139e+02 3.6501964716774660e-01 1.2312059055088952e+01 1.8318384477027461e+01 4.6197353338703167e+00 7.7340434814037025e+00 -4.8370136321063811e-01 1.1866398000000000e-02 3.0355700000000002e-01
-3.2563725796515584e-02 -1.6955882222605530e+02 3.7591560743149782e-01 9.9728337055036764e+00 1.5675136727112790e+01 4.2849677322955948e+00 7.4089774500816690e+00 -3.6418283088828585e-01 1.2033550000000000e-02 3.1550762999999998e-01
-3.0425584326539953e-02 -1.6737639070930848e+02 3.8696034669651003e-01 8.1779402483097385e+00 1.3072604626432765e+01 3.9572800875131433e+00 7.1031048864574382e+00 -2.6519845500405370e-01 1.2192715000000000e-02 3.2762143999999999e-01
-2.8260072310241635e-02 -1.6537119673468592e+02 3.9814647068836090e-01 6.8782807659682215e+00 1.0567590862961380e+01 3.6360713269121039e+00 6.8163853697706820e+00 -1.8380495722003376e-01 1.2343646000000000e-02 3.3989032000000002e-01
-2.6068665324890640e-02 -1.6353843370900429e+02 4.0946635719568536e-01 6.0216151446081989e+00 8.2072926920286005e+00 3.3207578105865982e+00 6.5485126469022816e+00 -1.1727845808921961e-01 1.2486109000000000e-02 3.5230591000000000e-01
-2.3852876013693153e-02 -1.6187378583449129e+02 4.2091219254008660e-01 5.5539339762812059e+00 6.0295391760690960e+00 3.0107706687494451e+00 6.2989504006621235e+00 -6.3129000586386222e-02 1.2619877000000000e-02 3.6485963999999999e-01
-2.1614259380925330e-02 -1.6037341805777328e+02 4.3247594422370272e-01 5.4207321499422001e+00 4.0632157190243774e+00 2.7055549825418064e+00 6.0669740456428238e+00 -1.9108858400295230e-02 1.2744734000000001e-02 3.7754270000000001e-01
-1.9354407496799536e-02 -1.5903395768831811e+02 4.4414938828163980e-01 5.5681481405196980e+00 2.3287082201872593e+00 2.4045670033787463e+00 5.8517136633135838e+00 1.6784977579528217e-02 1.2860473000000001e-02 3.9034606999999999e-01
-1.7074945967375174e-02 -1.5785249223269176e+02 4.5592412751692762e-01 5.9439643534456215e+00 8.3853444515336584e-01 2.1072724444581912e+00 5.6521854711046871e+00 4.6314183469370641e-02 1.2966896000000000e-02 4.0326054000000000e-01
-1.4777537464647841e-02 -1.5682654919879403e+02 4.6779157326556398e-01 6.4984443295507068e+00 -4.0181778504183907e-01 1.8131462181006306e+00 5.4673277744695161e+00 7.0993937321292638e-02 1.3063819000000001e-02 4.1627669000000000e-01
-1.2463871136281890e-02 -1.5595409501451618e+02 4.7974300010138099e-01 7.1851118320895297e+00 -1.3931796785283184e+00 1.5216669844375295e+00 5.2960349352334832e+00 9.2128331613252540e-02 1.3151064000000001e-02 4.2938494999999999e-01
-1.0135673195877840e-02 -1.5523353608435812e+02 4.9176949113117896e-01 7.9611854125749106e+00 -2.1418225658917058e+00 1.2323223359667974e+00 5.1371832508169648e+00 1.1079687437725944e-01 1.3228465999999999e-02 4.4257553999999999e-01
-7.7946928026158130e-03 -1.5466370184762744e+02 5.0386201093454797e-01 8.7880029942559048e+00 -2.6586234883309348e+00 9.4459260765039321e-01 4.9896546948519775e+00 1.2788349200978147e-01 1.3295871000000001e-02 4.5583855000000001e-01
-5.4427091214337697e-03 -1.5424386223623756e+02 5.1601136909395695e-01 9.6313672882524699e+00 -2.9582062576134502e+00 6.5797182992207581e-01 4.8523577523665491e+00 1.4409043228801999e-01 1.3353135000000000e-02 4.6916390000000002e-01
-3.0815224978046757e-03 -1.5397371846592864e+02 5.2820826578214242e-01 1.0461600863417313e+01 -3.0581280658235706e+00 3.7194467365283934e-01 4.7242451003498349e+00 1.5995699709420264e-01 1.3400123999999999e-02 4.8254139000000001e-01
-7.1295798782562703e-04 -1.5385341091360684e+02 5.4044327352715282e-01 1.1253582574541582e+01 -2.9780816370596130e+00 8.5995178643388570e-02 4.6043260975223008e+00 1.7587761370441557e-01 1.3436718000000000e-02 4.9596067999999999e-01
1.6611417019604807e-03 -1.5388352569385395e+02 5.5270687368225979e-01 1.1986664655688013e+01 -2.7391989304009092e+00 -2.0039767387797891e-01 4.4916781086524784e+00 1.9212098816329137e-01 1.3462807000000000e-02 5.0941133000000005e-01
4.0389091543865802e-03 -1.5406510347333187e+02 5.6498941995604679e-01 1.2644493562656589e+01 -2.3633632435243355e+00 -4.8776087201027707e-01 4.3854525203715280e+00 2.0884853157007019e-01 1.3478291000000000e-02 5.2288276000000000e-01
6.4184681270627320e-03 -1.5439965173789298e+02 5.7728122046970864e-01 1.3214769512977650e+01 -1.8726335803446574e+00 -7.7663103659130250e-01 4.2848793362077258e+00 2.2613208974570134e-01 1.3483083000000000e-02 5.3636434000000000e-01
8.7979247271531558e-03 -1.5488915966383399e+02 5.8957249216966334e-01 1.3688939525960038e+01 -1.2887389520216854e+00 -1.0675552511206545e+00 4.1892712835796120e+00 2.4397158393341065e-01 1.3477108000000000e-02 5.4984533999999996e-01
1.1175370941465451e-02 -1.5553611506788681e+02 6.0185337906250724e-01 1.4061856506836044e+01 -6.3262944026638190e-01 -1.3610935012188623e+00 4.0980202906547225e+00 2.6230829772293263e-01 1.3460300999999999e-02 5.6331494999999998e-01
1.3548889931584304e-02 -1.5634352309569798e+02 6.1411397956744784e-01 1.4331422211735850e+01 7.5865367293696279e-02 -1.6578214172653079e+00 4.0105975993919953e+00 2.8103983745002714e-01 1.3432611000000001e-02 5.7676231000000000e-01
1.5916559563960625e-02 -1.5731494180371959e+02 6.2634436475125976e-01 1.4498119187618533e+01 8.1831731257280915e-01 -1.9583327527535337e+00 3.9265497225677675e+00 3.0003660694413159e-01 1.3393997000000000e-02 5.9017653000000003e-01
1.8276447114777855e-02 -1.5845449269163228e+02 6.3853455097585110e-01 1.4564780776399255e+01 1.5779145510228978e+00 -2.2632424019474513e+00 3.8454944626322494e+00 3.1914680034644854e-01 1.3344429999999999e-02 6.0354666000000001e-01
2.0626616330130285e-02 -1.5976690413973478e+02 6.5067453636817485e-01 1.4536040789286503e+01 2.3395952831596114e+00 -2.5731874161723516e+00 3.7671156288513039e+00 3.3820679789647790e-01 1.3283893999999999e-02 6.1686173000000000e-01
2.2965134486201369e-02 -1.6125755169898986e+02 6.6275433729013933e-01 1.4418052154389443e+01 3.0901319974319406e+00 -2.8888333644189466e+00 3.6911555363123276e+00 3.5705532115364941e-01 1.3212384000000001e-02 6.3011079000000003e-01
2.5290061798996191e-02 -1.6293248289357530e+02 6.7476393363374187e-01 1.4218108984178022e+01 3.8181519381410913e+00 -3.2108744400599418e+00 3.6174105104017249e+00 3.7553364549075002e-01 1.3129907000000000e-02 6.4328284999999996e-01
2.7599463779653666e-02 -1.6479848523805811e+02 6.8669333264341315e-01 1.3944329833840555e+01 4.5141356830877823e+00 -3.5400396720440446e+00 3.5457234937903062e+00 3.9349142940911219e-01 1.3036481000000001e-02 6.5636695000000000e-01
2.9891412999490941e-02 -1.6686313126934047e+02 6.9853257803349456e-01 1.3605361367711355e+01 5.1703440870365860e+00 -3.8770958826393089e+00 3.4759784063368544e+00 4.1079399110210707e-01 1.2932137999999999e-02 6.6935217000000002e-01
3.2163983794869802e-02 -1.6913483546554141e+02 7.1027172263580518e-01 1.3210117595095889e+01 5.7807330641528605e+00 -4.2228517690345715e+00 3.4080920843376123e+00 4.2732168623508415e-01 1.2816919000000000e-02 6.8222760000000005e-01
3.4415262857464074e-02 -1.7162293128519943e+02 7.2190088310450795e-01 1.2767546977709205e+01 6.3408433734160692e+00 -4.5781636551386624e+00 3.3420110292471978e+00 4.4297399657657244e-01 1.2690879000000000e-02 6.9498240000000000e-01
3.6643345704170521e-02 -1.7433774376059031e+02 7.3341022168115466e-01 1.2286448267014777e+01 6.8476691458465009e+00 -4.9439404750960501e+00 3.2777039993949133e+00 4.5766882410035581e-01 1.2554085000000000e-02 7.0760577999999996e-01
3.8846338442153364e-02 -1.7729067670896055e+02 7.4478995531216330e-01 1.1775301181988301e+01 7.2995117436940484e+00 -5.3211494664325283e+00 3.2151576681111478e+00 4.7134349135452930e-01 1.2406611999999999e-02 7.2008700999999997e-01
4.1022366594067231e-02 -1.8049432195378785e+02 7.5603040123620635e-01 1.1242136260496576e+01 7.6958321117114981e+00 -5.7108240900241904e+00 3.1543721472791786e+00 4.8395412499102458e-01 1.2248551000000000e-02 7.3241546999999996e-01
4.3169569802923427e-02 -1.8396256417002050e+02 7.6712194963177838e-01 1.0694442274669930e+01 8.0370958068309744e+00 -6.1140704625214592e+00 3.0953566687767444e+00 4.9547477808078461e-01 1.2080001999999999e-02 7.4458062000000003e-01
4.5286105362178988e-02 -1.8771071096658926e+02 7.7805508185215055e-01 1.0139089996553023e+01 8.3246231749394539e+00 -6.5320758869490749e+00 3.0381268279761642e+00 5.0589673818165903e-01 1.1901076999999999e-02 7.5657202000000001e-01
4.7370151745826053e-02 -1.9175564271536882e+02 7.8882038866032700e-01 9.5822850875611358e+00 8.5604460514281104e+00 -6.9661188001171128e+00 2.9827011450301679e+00 5.1522486236310239e-01 1.1711898000000000e-02 7.6837935000000002e-01
4.9419913903525334e-02 -1.9611598838393263e+02 7.9940859758147731e-01 9.0295432714270625e+00 8.7471647356333566e+00 -7.4175803640498374e+00 2.9290986725136694e+00 5.2347918274601135e-01 1.1512599000000000e-02 7.7999244000000001e-01
5.1433614435383482e-02 -2.0081229604293506e+02 8.0981052731554826e-01 8.4856814849396525e+00 8.8878219527816977e+00 -7.8879556877830987e+00 2.8773377353162388e+00 5.3069034523431469e-01 1.1303326000000001e-02 7.9140122000000002e-01
5.3409511242398719e-02 -2.0586728862178109e+02 8.2001717891204062e-01 7.9548291302227874e+00 8.9857846019519148e+00 -8.3788653624204663e+00 2.8274333621526049e+00 5.3690049348086022e-01 1.1084235000000000e-02 8.0259581999999996e-01
5.5345881641059677e-02 -2.1130607808300613e+02 8.3001965371271014e-01 7.4404470159673854e+00 9.0446362369890707e+00 -8.8920797471867470e+00 2.7793969388551361e+00 5.4215755917070885e-01 1.0855490000000001e-02 8.1356647999999998e-01
5.7241038248746559e-02 -2.1715649389484611e+02 8.3980923540886676e-01 6.9453617570605930e+00 9.0680869661623227e+00 -9.4295286981457558e+00 2.7332352971943421e+00 5.4651743589030577e-01 1.0617270000000000e-02 8.2430364000000000e-01
5.9093325453642112e-02 -2.2344941432112935e+02 8.4937737180641892e-01 6.4718118503200079e+00 9.0598876576534320e+00 -9.9933281014959761e+00 2.6889501583080162e+00 5.5004034244484989e-01 1.0369760000000000e-02 8.3479791999999997e-01
6.0901121179776099e-02 -2.3021916641132552e+02 8.5871568394335196e-01 6.0214770631895052e+00 9.0237632131931811e+00 -1.0585803894914731e+01 2.6465384155815599e+00 5.5279017217680815e-01 1.0113159000000000e-02 8.4504013000000000e-01
6.2662838652069910e-02 -2.3750399515570240e+02 8.6781597520720510e-01 5.5955420790876040e+00 8.9633545338238996e+00 -1.1209521579669616e+01 2.6059907514036311e+00 5.5483173626469429e-01 9.8476710000000005e-03 8.5502127999999999e-01
6.4376926396336506e-02 -2.4534660902975247e+02 8.7667023133507171e-01 5.1947513461774077e+00 8.8821731378291560e+00 -1.1867319888011007e+01 2.5672944053708684e+00 5.5623213885317935e-01 9.5735140000000000e-03 8.6473257999999997e-01
6.6041877064503499e-02 -2.5379486811017043e+02 8.8527066600098825e-01 4.8194508772860223e+00 8.7835605832574526e+00 -1.2562355327455831e+01 2.5304285133978581e+00 5.5705701331755042e-01 9.2909130999999992e-03 8.7416548999999999e-01
6.7656218609390015e-02 -2.6290252012525059e+02 8.9360967522854495e-01 4.4696374703116231e+00 8.6706652075798374e+00 -1.3298146912106906e+01 2.4953731474685443e+00 5.5737128411007075e-01 9.0001030000000006e-03 8.8331166999999999e-01
6.9218524874974360e-02 -2.7273018380804359e+02 9.0167989209575283e-01 4.1450241929637777e+00 8.5464203943745130e+00 -1.4078638914745540e+01 2.4620984830801032e+00 5.5723812871302847e-01 8.7013270999999996e-03 8.9216304000000002e-01
7.0727410301260188e-02 -2.8334644954307140e+02 9.0947415938261000e-01 3.8450685381825536e+00 8.4135344852666751e+00 -1.4908269267470914e+01 2.4305764682088085e+00 5.5671806420510128e-01 8.3948374000000006e-03 9.0071175000000003e-01
7.2181538749499383e-02 -2.9482931486202125e+02 9.1698557515849033e-01 3.5690337409474435e+00 8.2744838270747927e+00 -1.5792060549209129e+01 2.4007730674428336e+00 5.5586879575149917e-01 8.0808944000000001e-03 9.0895022999999997e-01
7.3579616442013926e-02 -3.0726783260242172e+02 9.2420745631223300e-01 3.3160211912346687e+00 8.1315125603283036e+00 -1.6735722719107933e+01 2.3726534154314036e+00 5.5474476488421398e-01 7.7597663000000001e-03 9.1687114999999997e-01
7.4920399022373921e-02 -3.2076426944400419e+02 9.3113337502205307e-01 3.0850095341672930e+00 7.9866383403094279e+00 -1.7745789577544521e+01 2.3461806777481056e+00 5.5339693259148448e-01 7.4317293999999999e-03 9.2446746000000002e-01
7.6202693320442369e-02 -3.3543677844729712e+02 9.3775716787301888e-01 2.8748887919261508e+00 7.8416558319149141e+00 -1.8829787427181238e+01 2.3213164275106619e+00 5.5187265629346638e-01 7.0970672000000004e-03 9.3173240000000002e-01
7.7425353822286033e-02 -3.5142272934859341e+02 9.4407291762209700e-01 2.6844883433335771e+00 7.6981506934046617e+00 -1.9996444414638077e+01 2.2980228630874224e+00 5.5021569667786585e-01 6.7560703000000000e-03 9.3865947999999999e-01
7.8587291495398240e-02 -3.6888313957852756e+02 9.5007499878554091e-01 2.5126081321605289e+00 7.5575107239379120e+00 -2.1255972148987119e+01 2.2762607845978109e+00 5.4846605245005586e-01 6.4090362999999996e-03 9.4524253000000003e-01
7.9687463198431355e-02 -3.8800822003804359e+02 9.5575802293402434e-01 2.3580433666904481e+00 7.4209391225593864e+00 -2.2620411774551403e+01 2.2559923411494895e+00 5.4666011314624585e-01 6.0562691999999996e-03 9.5147563999999996e-01
8.0724889331642805e-02 -4.0902509764671993e+02 9.6111692986741859e-01 2.2195813973283705e+00 7.2894721894498966e+00 -2.4104131725400357e+01 2.2371765243397697e+00 5.4483095172397844e-01 5.6980790999999996e-03 9.5735325999999998e-01
8.1698636186449028e-02 -4.3220767321995686e+02 9.6614689644001550e-01 2.0960724328613285e+00 7.1639882296813129e+00 -2.5724441586544049e+01 2.2197834430162877e+00 5.4300819210596718e-01 5.3347821999999998e-03 9.6287009999999995e-01
8.2607833595871469e-02 -4.5789091275704840e+02 9.7084342773530419e-01 1.9863278380333749e+00 7.0452328344183464e+00 -2.7502508625378702e+01 2.2037703997155629e+00 5.4121830799367809e-01 4.9667000000000001e-03 9.6802122999999995e-01
8.3451662579224387e-02 -4.8649023040344559e+02 9.7520229324362784e-01 1.8893292974830906e+00 6.9338223183339407e+00 -2.9464583580011599e+01 2.1891073622689556e+00 5.3948483024684712e-01 4.5941591999999996e-03 9.7280200999999999e-01
8.4229369462471518e-02 -5.1853040739036794e+02 9.7921959980200435e-01 1.8040357394556936e+00 6.8302685038771642e+00 -3.1643842916637588e+01 2.1757617810707011e+00 5.3782849930661147e-01 4.2174915999999996e-03 9.7720817000000004e-01
8.4940251757869470e-02 -5.5468767067477904e+02 9.8289171865430525e-01 1.7294980226745289e+00 6.7349876241388023e+00 -3.4083064856872760e+01 2.1637036477925116e+00 5.3626750371412912e-01 3.8370333000000002e-03 9.8123572999999997e-01
8.5583672284324466e-02 -5.9585626707836514e+02 9.8621535839107777e-01 1.6648405541830349e+00 6.6483141413750744e+00 -3.6838873244734643e+01 2.1529055311647616e+00 5.3481764703753076e-01 3.4531249000000000e-03 9.8488107999999996e-01
8.6159053872258376e-02 -6.4325544676997174e+02 9.8918753759711087e-01 1.6092667450813058e+00 6.5705141117585049e+00 -3.9988558348684222e+01 2.1433415778748044e+00 5.3349257794448113e-01 3.0661112999999999e-03 9.8814095000000002e-01
8.6665875833519659e-02 -6.9861267064509730e+02 9.9180556661648012e-01 1.5620621927190652e+00 6.5017953916285975e+00 -4.3641766024554464e+01 2.1349896023090502e+00 5.3230391780977426e-01 2.6763420000000000e-03 9.9101238999999997e-01
8.7103684551651003e-02 -7.6450238722282552e+02 9.9406710225741457e-01 1.5225962550781189e+00 6.4423180308281784e+00 -4.7962129896607046e+01 2.1278289646892699e+00 5.3126148951737195e-01 2.2841723000000002e-03 9.9349282999999999e-01
8.7472089951799850e-02 -8.4502891086154796e+02 9.9597012955734010e-01 1.4903280073146823e+00 6.3922010613458173e+00 -5.3210894804561924e+01 2.1218428749100129e+00 5.3037343961000527e-01 1.8899688000000000e-03 9.9558005999999999e-01
8.7770763735674120e-02 -9.4739863882456655e+02 9.9751295266540296e-01 1.4647850084354599e+00 6.3515337191984766e+00 -5.9847398720094198e+01 2.1170155541743756e+00 5.2964638489727833e-01 1.4941295000000000e-03 9.9727222000000004e-01
8.7999464092166177e-02 -1.0863632543542385e+03 9.9869432248715695e-01 1.4456040605898968e+00 6.3203761186984213e+00 -6.8813159206426320e+01 2.1133350803390885e+00 5.2908546610719021e-01 1.0971916000000000e-03 9.9856794000000004e-01
8.8158102769046912e-02 -1.3024441262075909e+03 9.9951378314871664e-01 1.4324959636222301e+00 6.2987561230077462e+00 -8.2697445206218021e+01 2.1107900349359427e+00 5.2869428591050982e-01 7.0085733000000002e-04 9.9946672000000003e-01
