-1.0878969249995765e-01 -2.4285421324892659e+03 1.0879082689693233e-01 -2.1409813948916571e+03 -6.4058751121234741e+02 1.5628949040529969e+02 -1.3782415742764906e+02 -4.1136632570462758e+01 5.5301730000000003e-06 1.0230946000000001e-06
-1.0878558006048840e-01 -1.8232611351366932e+03 1.0880767150759771e-01 -1.5350615286859927e+03 -6.4040471039227623e+02 1.1741767435229517e+02 -9.8923188908298030e+01 -4.1128434855881579e+01 3.5894988000000002e-05 1.9923924999999999e-05
-1.0877267780719160e-01 -1.5421662482492154e+03 1.0886051932094931e-01 -1.2523452750359331e+03 -6.3983146059828778e+02 9.9359839119512216e+01 -8.0791060884504503e+01 -4.1102724992563743e+01 8.5619985000000003e-05 7.9222864999999994e-05
-1.0874713553324887e-01 -1.3574535148609216e+03 1.0896514083897794e-01 -1.0649010090111988e+03 -6.3869779417345171e+02 8.7486457744230350e+01 -6.8792032732348503e+01 -4.1051869915010030e+01 1.5173507999999999e-04 1.9661552000000001e-04
-1.0870558351455581e-01 -1.2199888194715918e+03 1.0913533849963140e-01 -9.2355704247405379e+02 -6.3685689104875917e+02 7.8641949183399092e+01 -5.9768385060648939e+01 -4.0969258602361222e+01 2.3255418000000001e-04 3.8758918999999998e-04
-1.0864495706849045e-01 -1.1107627838600642e+03 1.0938366528659874e-01 -8.0931827565262859e+02 -6.3417837691919522e+02 7.1605440213134216e+01 -5.2499439737090803e+01 -4.0848989556463046e+01 3.2689763000000001e-04 6.6622920000000002e-04
-1.0856241672387364e-01 -1.0203964845436427e+03 1.0972175171429033e-01 -7.1285563574705384e+02 -6.3054584925234360e+02 6.5774612672431516e+01 -4.6384667756087715e+01 -4.0685752531530639e+01 4.3385032000000002e-04 1.0455858000000000e-03
-1.0845530354421447e-01 -9.4356441288291296e+02 1.1016048882446074e-01 -6.2892027388068846e+02 -6.2585609774258046e+02 6.0807530056551741e+01 -4.1085113176932609e+01 -4.0474782739116115e+01 5.5265518999999999e-04 1.5378795000000000e-03
-1.0832111151030256e-01 -8.7694802097584613e+02 1.1071014130750478e-01 -5.5429152403255262e+02 -6.2001917416969968e+02 5.6491195479776700e+01 -3.6391699100680583e+01 -4.0211850100539678e+01 6.8265765000000004e-04 2.1546280000000000e-03
-1.0815746887144072e-01 -8.1833679371462085e+02 1.1138042388807387e-01 -4.8687395144392144e+02 -6.1295873083429990e+02 5.2683808372577204e+01 -3.2167305618896449e+01 -3.9893266503377937e+01 8.2327310000000005e-04 2.9067318999999999e-03
-1.0796212543878292e-01 -7.6618230034553562e+02 1.1218055337174496e-01 -4.2524826660033108e+02 -6.0461264802951712e+02 4.9286115460825059e+01 -2.8317984929132958e+01 -3.9515903638049046e+01 9.7396649000000004e-04 3.8045331000000002e-03
-1.0773294329467548e-01 -7.1935613051504390e+02 1.1311928669969125e-01 -3.6842653980459784e+02 -5.9493372126096006e+02 4.6225856903017544e+01 -2.4777292517965719e+01 -3.9077215383290316e+01 1.1342389000000000e-03 4.8578574999999999e-03
-1.0746789000416646e-01 -6.7700926471198238e+02 1.1420494875443674e-01 -3.1570909949389409e+02 -5.8389034706194104e+02 4.3448728416160307e+01 -2.1497148983883445e+01 -3.8575261759764103e+01 1.3036180000000001e-03 6.0760461999999999e-03
-1.0716503369770139e-01 -6.3848581671121690e+02 1.1544545250120419e-01 -2.6659590647238758e+02 -5.7146714762695387e+02 4.0912836655336179e+01 -1.8442201302931728e+01 -3.8008732089377553e+01 1.4816515000000000e-03 7.4679780999999997e-03
-1.0682253908941246e-01 -6.0326769023244049e+02 1.1684831529705973e-01 -2.2072888081810882e+02 -5.5766545939423179e+02 3.8585140711300397e+01 -1.5586173505205604e+01 -3.7376964476733157e+01 1.6679024999999999e-03 9.0420881999999994e-03
-1.0643866477912860e-01 -5.7093780924024463e+02 1.1842066994191780e-01 -1.7785284137948318e+02 -5.4250367615307437e+02 3.6439087418771123e+01 -1.2909415797191905e+01 -3.6679961329437369e+01 1.8619452999999999e-03 1.0806380000000001e-02
-1.0601176075020741e-01 -5.4115485096970031e+02 1.2016927492745721e-01 -1.3778788908220349e+02 -5.2601736754838839e+02 3.4452985660004281e+01 -1.0397189327623506e+01 -3.5918397721568844e+01 2.0633631000000000e-03 1.2768437000000001e-02
-1.0554026721636207e-01 -5.1363550245572151e+02 1.2210051916053455e-01 -1.0040940484896745e+02 -5.0825921264638481e+02 3.2608864889511665e+01 -8.0384413011081328e+00 -3.5093624732555490e+01 2.2717459999999998e-03 1.4935428000000001e-02
-1.0502271268520091e-01 -4.8814159515819227e+02 1.2422042989495397e-01 -6.5632878159759457e+01 -4.8929862336636381e+02 3.0891646696463070e+01 -5.8248887245135563e+00 -3.4207662002017280e+01 2.4866887000000002e-03 1.7314116000000001e-02
-1.0445771400174325e-01 -4.6447073275381592e+02 1.2653467255322512e-01 -3.3402325458552596e+01 -4.6922118273242882e+02 2.9288541470365622e+01 -3.7503383777066746e+00 -3.3263185193067144e+01 2.7077901999999999e-03 1.9910858000000000e-02
-1.0384397395504141e-01 -4.4244912863227984e+02 1.2904856052987421e-01 -3.6809839267602991e+00 -4.4812771112381449e+02 2.7788588388973395e+01 -1.8101346286171336e+00 -3.2263499776726107e+01 2.9346520999999999e-03 2.2731616000000000e-02
-1.0318028258365958e-01 -4.2192636048178917e+02 1.3176704984418330e-01 2.3555974882284541e+01 -4.2613319037433496e+02 2.6382314951576866e+01 -7.5377296605116939e-04 -3.1212511690084963e+01 3.1668782999999998e-03 2.5781951000000001e-02
-1.0246551587019490e-01 -4.0277113419106672e+02 1.3469474448745095e-01 4.8327512447322214e+01 -4.0336530901985230e+02 2.5061466894092156e+01 1.6805444751081327e+00 -3.0114684721592479e+01 3.4040742000000001e-03 2.9067029000000001e-02
-1.0169863487095812e-01 -3.8486805040549706e+02 1.3783589998783255e-01 7.0651662229501383e+01 -3.7996288133420558e+02 2.3818798690286052e+01 3.2359917623156886e+00 -2.8974989061005019e+01 3.6458464000000000e-03 3.2591624999999999e-02
-1.0087868702145258e-01 -3.6811507551869153e+02 1.4119441806307981e-01 9.0549486307839899e+01 -3.5607391566463195e+02 2.2647910953103839e+01 4.6675328537565903e+00 -2.7798847300608053e+01 3.8918026000000000e-03 3.6360116999999997e-02
-1.0000480439573559e-01 -3.5242144648894100e+02 1.4477385375022128e-01 1.0804836325705466e+02 -3.3185358134664972e+02 2.1543115855281993e+01 5.9770125058934891e+00 -2.6592063973859059e+01 4.1415510999999999e-03 4.0376493999999999e-02
-9.9076204359157871e-02 -3.3770603300654187e+02 1.4857741273193242e-01 1.2318451083182765e+02 -3.0746201834085923e+02 2.0499331475593536e+01 7.1663234105008478e+00 -2.5360757797221424e+01 4.3947007000000003e-03 4.4644352999999998e-02
-9.8092189568363602e-02 -3.2389598457876593e+02 1.5260795133653532e-01 1.3600493560746787e+02 -2.8306200916278681e+02 1.9511995140195328e+01 8.2375259632604187e+00 -2.4111284009137339e+01 4.6508610999999997e-03 4.9166899000000000e-02
-9.7052147100971098e-02 -3.1092560499687113e+02 1.5686798010283903e-01 1.4656879985631559e+02 -2.5881657584777940e+02 1.8576990930767654e+01 9.1929430972881310e+00 -2.2850152599752107e+01 4.9096423000000002e-03 5.3946949000000001e-02
-9.5955549543471907e-02 -2.9873544566027476e+02 1.6135965932408947e-01 1.5494825930066483e+02 -2.3488659598284846e+02 1.7690591876200230e+01 1.0035230166903663e+01 -2.1583948141773778e+01 5.1706551000000002e-03 5.8986927000000001e-02
-9.4801953033012420e-02 -2.8727151193414113e+02 1.6608480706885970e-01 1.6122882169674804e+02 -2.1142839645133836e+02 1.6849408830822867e+01 1.0767426688117705e+01 -2.0319242098295227e+01 5.4335110000000002e-03 6.4288872999999996e-02
-9.3590999215612286e-02 -2.7648463719495419e+02 1.7104489116015964e-01 1.6550923325433695e+02 -1.8859148761289075e+02 1.6050350730166443e+01 1.1392984995347934e+01 -1.9062513578919194e+01 5.6978226000000002e-03 6.9854434000000007e-02
-9.2322413070366122e-02 -2.6632991224314117e+02 1.7624103808753655e-01 1.6790097383153753e+02 -1.6651636215190965e+02 1.5290587945539848e+01 1.1915787032678370e+01 -1.7820065221366594e+01 5.9632034000000004e-03 7.5684873999999999e-02
-9.0996003997342645e-02 -2.5676622919041762e+02 1.8167402855102482e-01 1.6852735308084482e+02 -1.4533253248849849e+02 1.4567523297569045e+01 1.2340140230964741e+01 -1.6597948058132054e+01 6.2292681999999997e-03 8.1781068999999998e-02
-8.9611664947265385e-02 -2.4775587231401741e+02 1.8734430102598620e-01 1.6752229168179863e+02 -1.2515675666272062e+02 1.3878766190567745e+01 1.2670762948926816e+01 -1.5401887983707901e+01 6.4956331999999999e-03 8.8143510999999994e-02
-8.8169372421512723e-02 -2.3926417326154635e+02 1.9325195176310986e-01 1.6502881745419350e+02 -1.0609144911476099e+02 1.3222110495995871e+01 1.2912756049666406e+01 -1.4237221550077349e+01 6.7619166000000000e-03 9.4772308000000000e-02
-8.6669185166638768e-02 -2.3125920459616512e+02 1.9939674013567288e-01 1.6119732269820838e+02 -8.8223532330474683e+01 1.2595515314583094e+01 1.3071563940256205e+01 -1.3108836038001513e+01 7.0277381999999996e-03 1.0166719000000000e-01
-8.5111243956793703e-02 -2.2371151946172458e+02 2.0577808953075036e-01 1.5618364612013562e+02 -7.1623465348737668e+01 1.1997088325716916e+01 1.3152927077505925e+01 -1.2021120789874331e+01 7.2927204000000001e-03 1.0882751000000000e-01
-8.3495774639841258e-02 -2.1659393728560354e+02 2.1239507487227413e-01 1.5014703387929941e+02 -5.6344639435003238e+01 1.1425072710120951e+01 1.3162826653871068e+01 -1.0977929340054237e+01 7.5564877000000004e-03 1.1625223000000000e-01
-8.1823081827543748e-02 -2.0988131328076582e+02 2.1924644846612537e-01 1.4324807608515547e+02 -4.2423058978074366e+01 1.0877832016030622e+01 1.3107424505577203e+01 -9.9825447703713071e+00 7.8186677999999999e-03 1.2393994999999999e-01
-8.0093548460402314e-02 -2.0355036437215279e+02 2.2633064178255466e-01 1.3564645921254368e+02 -2.9877455870288426e+01 1.0353839423428717e+01 1.2992998648383303e+01 -9.0376611841159438e+00 8.0788911000000008e-03 1.3188891000000000e-01
-7.8307642335051941e-02 -1.9757953931693262e+02 2.3364573871987948e-01 1.2749903529197506e+02 -1.8709606902403699e+01 9.8516698317794251e+00 1.2825877098296431e+01 -8.1453763858271948e+00 8.3367917000000003e-03 1.4009695999999999e-01
-7.6465907401068123e-02 -1.9194884516560168e+02 2.4118951125288754e-01 1.1895774240227850e+02 -8.9050112031269446e+00 9.3699886126462868e+00 1.2612372294883130e+01 -7.3071896634935518e+00 8.5920070000000005e-03 1.4856159999999999e-01
-7.4568968112563583e-02 -1.8663973945641271e+02 2.4895940160863528e-01 1.1016777989477549e+02 -4.3383991434053376e-01 8.9075450824663491e+00 1.2358714726728643e+01 -6.5240128654174905e+00 8.8441787999999997e-03 1.5727996000000000e-01
-7.2617525076591583e-02 -1.8163500961028063e+02 2.5695254009064927e-01 1.0126590714000555e+02 6.7478639189769156e+00 8.4631644859769928e+00 1.2070991818667565e+01 -5.7961883628588353e+00 9.0929527999999999e-03 1.6624881999999999e-01
-7.0612355053145962e-02 -1.7691867030605522e+02 2.6516574507892648e-01 9.2378977543110608e+01 1.2696799868115482e+01 8.0357418996050818e+00 1.1755088025992857e+01 -5.1235176838563987e+00 9.3379794999999995e-03 1.7546460999999999e-01
-6.8554308779362860e-02 -1.7247589212589202e+02 2.7359553194203490e-01 8.3622690983307820e+01 1.7480825140080906e+01 7.6242362273220019e+00 1.1416635393763896e+01 -4.5052945750147266e+00 9.5789143999999993e-03 1.8492342000000001e-01
-6.6444317496915539e-02 -1.6829286035567603e+02 2.8223808630081126e-01 7.5100640956717768e+01 2.1177234162546991e+01 7.2276664164277271e+00 1.1060960184764589e+01 -3.9403509671979524e+00 9.8154178999999998e-03 1.9462097000000000e-01
-6.4283382073023004e-02 -1.6435677093858450e+02 2.9108930858886500e-01 6.6903548404431874e+01 2.3870987873950781e+01 6.8451046750757145e+00 1.0693048766430431e+01 -3.4270977745097762e+00 1.0047156000000000e-02 2.0455266000000000e-01
-6.2072570824651577e-02 -1.6065576431268485e+02 3.0014482296467926e-01 5.9108803013151878e+01 2.5652873171137742e+01 6.4756750182776672e+00 1.0317510186480060e+01 -2.9635770451999974e+00 1.0273801000000001e-02 2.1471357999999999e-01
-5.9813030397506434e-02 -1.5717879370815777e+02 3.0939993275110672e-01 5.1780334122498658e+01 2.6617658498854496e+01 6.1185369893324451e+00 9.9385537933843242e+00 -2.5475174107245144e+00 1.0495031000000000e-02 2.2509846000000000e-01
-5.7505972711241859e-02 -1.5391562297167692e+02 3.1884967390797442e-01 4.4968635221564632e+01 2.6862307236085218e+01 5.7729086617074774e+00 9.5599696750091177e+00 -2.1763859205936740e+00 1.0710529999999999e-02 2.3570173000000000e-01
-5.5152677135259488e-02 -1.5085676390472659e+02 3.2848880611998321e-01 3.8711067085488409e+01 2.6484252231139120e+01 5.4380351901473052e+00 9.1851185288815298e+00 -1.8474445209311259e+00 1.0919989999999999e-02 2.4651751000000000e-01
-5.2754492664506610e-02 -1.4799343588147164e+02 3.3831180388460680e-01 3.3032414734641286e+01 2.5579801568354803e+01 5.1132005168227073e+00 8.8169306927285778e+00 -1.5578034535101040e+00 1.1123108000000000e-02 2.5753959999999998e-01
-5.0312831392081286e-02 -1.4531751732229989e+02 3.4831288324839416e-01 2.7945618063139058e+01 2.4242652384072411e+01 4.7977208477666569e+00 8.4579083068487773e+00 -1.3044748916004079e+00 1.1319591000000000e-02 2.6876150999999998e-01
-4.7829166333434023e-02 -1.4282150875234962e+02 3.5848601071907049e-01 2.3452611319493816e+01 2.2562594832084415e+01 4.4909419524287753e+00 8.1101363530484285e+00 -1.0844206995433106e+00 1.1509152000000000e-02 2.8017647000000001e-01
-4.5305033602166131e-02 -1.4049850293972236e+02 3.6882489435343657e-01 1.9545384914758007e+01 2.0624375158734260e+01 4.1922370663795636e+00 7.7752991780118208e+00 -8.9460028627416111e-01 1.1691511000000000e-02 2.9177742000000001e-01
-4.2742034585827912e-02 -1.3834215525552992e+02 3.7932297484526745e-01 1.6207118583119765e+01 1.8506772848486381e+01 3.9010049235529429e+00 7.4547023131750141e+00 -7.3201264616874329e-01 1.1866398000000000e-02 3.0355700000000002e-01
-4.0141818539532387e-02 -1.3634664840008313e+02 3.8997349682211968e-01 1.3413345660283618e+01 1.6281790590094296e+01 3.6166657084591671e+00 7.1492952148697739e+00 -5.9373239823856760e-01 1.2033550000000000e-02 3.1550762999999998e-01
-3.7506097816543293e-02 -1.3450667384753874e+02 4.0076944646062518e-01 1.1133184589501672e+01 1.4014289988415511e+01 3.3386607204777157e+00 6.8597032817634824e+00 -4.7694382146020087e-01 1.2192715000000000e-02 3.2762143999999999e-01
-3.4836636989283604e-02 -1.3281740704558607e+02 4.1170359604699536e-01 9.3306181318177064e+00 1.1761319072343962e+01 3.0664501329630722e+00 6.5862538272300171e+00 -3.7896764383282139e-01 1.2343646000000000e-02 3.3989032000000002e-01
-3.2135255025133910e-02 -1.3127449004988688e+02 4.2276849506492042e-01 7.9656782964241524e+00 9.5722381808834172e+00 2.7995098191017700e+00 6.3290155626130256e+00 -2.9728342382254425e-01 1.2486109000000000e-02 3.5230591000000000e-01
-2.9403816583239095e-02 -1.2987400970547407e+02 4.3395650584397305e-01 6.9956298908758674e+00 7.4885632676146612e+00 2.5373305103004045e+00 6.0878243255180005e+00 -2.2954643286262824e-01 1.2619877000000000e-02 3.6485963999999999e-01
-2.6644238541903273e-02 -1.2861248753757008e+02 4.4525977682330509e-01 6.3760852612802550e+00 5.5441504644796646e+00 2.2794159906526943e+00 5.8623220675610455e+00 -1.7360009691433712e-01 1.2744734000000001e-02 3.7754270000000001e-01
-2.3858483471194972e-02 -1.2748686424118640e+02 4.5667026928795096e-01 6.0620120364106365e+00 3.7654762559978554e+00 2.0252810748597350e+00 5.6519867923032132e+00 -1.2748334984904802e-01 1.2860473000000001e-02 3.9034606999999999e-01
-2.1048555281350398e-02 -1.2649448818728878e+02 4.6817977519302867e-01 6.0086847071413914e+00 2.1720375341117557e+00 1.7744496870362649e+00 5.4561648300343917e+00 -8.9433779772788810e-02 1.2966896000000000e-02 4.0326054000000000e-01
-1.8216503574370130e-02 -1.2563310899067812e+02 4.7977989933953857e-01 6.1724763169905881e+00 7.7685044032189299e-01 1.5264538270123422e+00 5.2741010426396091e+00 -5.7887011379432460e-02 1.3063819000000001e-02 4.1627669000000000e-01
-1.5364410589229285e-02 -1.2490086740081037e+02 4.9146211284696817e-01 6.5115696515209303e+00 -4.1298425022259277e-01 1.2808309262858275e+00 5.1049662175580375e+00 -3.1472432074517380e-02 1.3151064000000001e-02 4.2938494999999999e-01
-1.2494404256667285e-02 -1.2429629509235740e+02 5.0321769968068708e-01 6.9865386592164116e+00 -1.3956550533724563e+00 1.0371235324996011e+00 4.9478832311791860e+00 -9.0062515768559014e-03 1.3228465999999999e-02 4.4257553999999999e-01
-9.6086407928015205e-03 -1.2381830882962744e+02 5.1503782794875430e-01 7.5608099149150600e+00 -2.1739863092372413e+00 7.9487639519189468e-01 4.8019487790141273e+00 1.0517997110568380e-02 1.3295871000000001e-02 4.5583855000000001e-01
-6.7093134023205048e-03 -1.2346620539475352e+02 5.2691351425351374e-01 8.2010151610223367e+00 -2.7547549556593318e+00 5.5363570249042393e-01 4.6662548910914543e+00 2.7941120973268143e-02 1.3353135000000000e-02 4.6916390000000002e-01
-3.7986413994923751e-03 -1.2323967839468079e+02 5.3883566825209972e-01 8.8772188919743318e+00 -3.1480486836898542e+00 3.1294678120040942e-01 4.5399049666969891e+00 4.3951117788538753e-02 1.3400123999999999e-02 4.8254139000000001e-01
-8.7887455976148887e-04 -1.2313880326298877e+02 5.5079507483223422e-01 9.5630787472302305e+00 -3.3665816042453836e+00 7.2352787989611755e-02 4.4220290595881107e+00 5.9096842786883250e-02 1.3436718000000000e-02 4.9596067999999999e-01
2.0477155834447702e-03 -1.2316405341791302e+02 5.6278242976063120e-01 1.0235866969846956e+01 -3.4250872257540834e+00 -1.6860738183005797e-01 4.3117953503027104e+00 7.3802722720996042e-02 1.3462807000000000e-02 5.0941133000000005e-01
4.9788270355227704e-03 -1.2331630588616639e+02 5.7478830403459213e-01 1.0876443283454144e+01 -3.3397316269391979e+00 -4.1040007127100164e-01 4.2084198077489638e+00 8.8383377890930828e-02 1.3478291000000000e-02 5.2288276000000000e-01
7.9121469228774083e-03 -1.2359685235736060e+02 5.8680322409091479e-01 1.1469148129312831e+01 -3.1275758134190288e+00 -6.5350022506806393e-01 4.1111724048900369e+00 1.0305811378437886e-01 1.3483083000000000e-02 5.3636434000000000e-01
1.0845340613930499e-02 -1.2400741274726502e+02 5.9881762724538823e-01 1.2001640839844519e+01 -2.8060922932100048e+00 -8.9839211539450403e-01 4.0193822654365379e+00 1.1796510989362506e-01 1.3477108000000000e-02 5.4984533999999996e-01
1.3776056070717538e-02 -1.2455014711071911e+02 6.1082187951699474e-01 1.2464662319822894e+01 -2.3927447387712144e+00 -1.1455716486262482e+00 3.9324401680920147e+00 1.3317430614279152e-01 1.3460300999999999e-02 5.6331494999999998e-01
1.6701930376282398e-02 -1.2522767967052941e+02 6.2280630236421231e-01 1.2851824037000437e+01 -1.9046127411503617e+00 -1.3955488976943711e+00 3.8497999005656340e+00 1.4870099842855566e-01 1.3432611000000001e-02 5.7676231000000000e-01
1.9620594086274146e-02 -1.2604311970711289e+02 6.3476119050921653e-01 1.3159294485458583e+01 -1.3580936033840136e+00 -1.6488505527846238e+00 3.7709760338390126e+00 1.6451659800357288e-01 1.3393997000000000e-02 5.9017653000000003e-01
2.2529664701551932e-02 -1.2700008448630730e+02 6.4667678520157756e-01 1.3385536052765827e+01 -7.6865223561735330e-01 -1.9060217087298161e+00 3.6955466836114699e+00 1.8055915231594361e-01 1.3344429999999999e-02 6.0354666000000001e-01
2.5426755371378396e-02 -1.2810273022305071e+02 6.5854330986666432e-01 1.3530979413216514e+01 -1.5062717135269460e-01 -2.1676289923304672e+00 3.6231400776736167e+00 1.9674288341463528e-01 1.3283893999999999e-02 6.1686173000000000e-01
2.8309483596612728e-02 -1.2935578851785633e+02 6.7035100575404716e-01 1.3597749009417800e+01 4.8290660674695629e-01 -2.4342640737573582e+00 3.5534487085871866e+00 2.1296623285982730e-01 1.3212384000000001e-02 6.3011079000000003e-01
3.1175458174920928e-02 -1.3076459867912493e+02 6.8209007846489300e-01 1.3589361218748103e+01 1.1202297037303761e+00 -2.7065454127012654e+00 3.4862065820160892e+00 2.2911931527413121e-01 1.3129907000000000e-02 6.4328284999999996e-01
3.4022294431363925e-02 -1.3233515621206345e+02 6.9375076033667160e-01 1.3510449983832020e+01 1.7510344568991338e+00 -2.9851227825038347e+00 3.4211978048690850e+00 2.4508925174194743e-01 1.3036481000000001e-02 6.5636695000000000e-01
3.6847616394195815e-02 -1.3407416316763226e+02 7.0532331935525561e-01 1.3366504655598916e+01 2.3664273697446867e+00 -3.2706808963050564e+00 3.3582450465191589e+00 2.6076443823824813e-01 1.2932137999999999e-02 6.6935217000000002e-01
3.9649050267469010e-02 -1.3598907863404352e+02 7.1679803241861906e-01 1.3163635569187544e+01 2.9589155689092310e+00 -3.5639434642120005e+00 3.2972070410074030e+00 2.7603979841059101e-01 1.2816919000000000e-02 6.8222760000000005e-01
4.2424237485824051e-02 -1.3808818948201954e+02 7.2816523880944151e-01 1.2908351772475791e+01 3.5223492524617424e+00 -3.8656771216118342e+00 3.2379744050191301e+00 2.9081911287233869e-01 1.2690879000000000e-02 6.9498240000000000e-01
4.5170830362892961e-02 -1.4038067857387793e+02 7.3941532237090701e-01 1.2607370214403161e+01 4.0518661743931039e+00 -4.1766974630800675e+00 3.1804639631190046e+00 3.0501646018022621e-01 1.2554085000000000e-02 7.0760577999999996e-01
4.7886494267097596e-02 -1.4287670008746392e+02 7.5053872041880465e-01 1.2267455001982276e+01 4.5437931606968798e+00 -4.4978737044377297e+00 3.1246150835571549e+00 3.1855829906094557e-01 1.2406611999999999e-02 7.2008700999999997e-01
5.0568918500641158e-02 -1.4558748846706476e+02 7.6152596830203290e-01 1.1895265077246624e+01 4.9955515627793492e+00 -4.8301361231120188e+00 3.0703853719861423e+00 3.3138405974224278e-01 1.2248551000000000e-02 7.3241546999999996e-01
5.3215809772113210e-02 -1.4852545016855277e+02 7.7236767266629691e-01 1.1497248134687378e+01 5.4055785483399781e+00 -5.1744820409294450e+00 3.0177472270440253e+00 3.4344653714504125e-01 1.2080001999999999e-02 7.4458062000000003e-01
5.5824896548086367e-02 -1.5170428563910099e+02 7.8305452927831032e-01 1.1079536632067686e+01 5.7731576687419199e+00 -5.5319838511313391e+00 2.9666845720915962e+00 3.5471119536658574e-01 1.1901076999999999e-02 7.5657202000000001e-01
5.8393933404712911e-02 -1.5513912803722530e+02 7.9357734084999709e-01 1.0647877829693437e+01 6.0983634777117519e+00 -5.9037982152408546e+00 2.9171894209356108e+00 3.6515674526107600e-01 1.1711898000000000e-02 7.6837935000000002e-01
6.0920707555119552e-02 -1.5884670559850926e+02 8.0392704377479374e-01 1.0207576975505187e+01 6.3818987087242043e+00 -6.2911767847230085e+00 2.8692600442097240e+00 3.7477320944581294e-01 1.1512599000000000e-02 7.7999244000000001e-01
6.3403027970416109e-02 -1.6284550170288975e+02 8.1409466356714544e-01 9.7634666930536884e+00 6.6250462678580995e+00 -6.6954757138891106e+00 2.8228985122250823e+00 3.8356107224729402e-01 1.1303326000000001e-02 7.9140122000000002e-01
6.5838747137678399e-02 -1.6715600772380219e+02 8.2407140398351431e-01 9.3198801423780004e+00 6.8295287314270645e+00 -7.1181718254072859e+00 2.7781085541210673e+00 3.9153109059667246e-01 1.1084235000000000e-02 8.0259581999999996e-01
6.8225741477763613e-02 -1.7180085208695425e+02 8.3384856681347164e-01 8.8806492480848220e+00 6.9974252630785667e+00 -7.5608741306920608e+00 2.7348949848533297e+00 3.9870236865087644e-01 1.0855490000000001e-02 8.1356647999999998e-01
7.0561930927494937e-02 -1.7680519453291629e+02 8.4341763208860610e-01 8.4491034776022094e+00 7.1310851516275973e+00 -8.0253440717404096e+00 2.6932614319302712e+00 4.0510071171260548e-01 1.0617270000000000e-02 8.2430364000000000e-01
7.2845274588064973e-02 -1.8219703498234546e+02 8.5277024025832104e-01 8.0280868463536734e+00 7.2330464737404405e+00 -8.5135146351952713e+00 2.6532100475661458e+00 4.1075891326070535e-01 1.0369760000000000e-02 8.3479791999999997e-01
7.5073772900834140e-02 -1.8800749335804579e+02 8.6189820110193649e-01 7.6199754927242029e+00 7.3059730715603939e+00 -9.0275138026544361e+00 2.6147406869618095e+00 4.1571404935447592e-01 1.0113159000000000e-02 8.4504013000000000e-01
7.7245469823128826e-02 -1.9427132034757912e+02 8.7079350264078914e-01 7.2267160969785440e+00 7.3525877647487548e+00 -9.5696920121010365e+00 2.5778506148635683e+00 4.2000715603598449e-01 9.8476710000000005e-03 8.5502127999999999e-01
7.9358452828241499e-02 -2.0102738246792708e+02 8.7944831113823274e-01 6.8498401048985444e+00 7.3756243466210547e+00 -1.0142653897650378e+01 2.5425347708249104e+00 4.2368194360263056e-01 9.5735140000000000e-03 8.6473257999999997e-01
8.1410863784422194e-02 -2.0831930560314098e+02 8.8785501566014235e-01 6.4905085361846293e+00 7.3777816709430937e+00 -1.0749299015031658e+01 2.5087840702524780e+00 4.2678394827167893e-01 9.2909130999999992e-03 8.7416548999999999e-01
8.3400888075886942e-02 -2.1619615700094690e+02 8.9600618351441008e-01 6.1495430521516257e+00 7.3616872713322632e+00 -1.1392864093544242e+01 2.4765870689710585e+00 4.2935978725651841e-01 9.0001030000000006e-03 8.8331166999999999e-01
8.5326767657607633e-02 -2.2471335933605971e+02 9.0389461372354973e-01 5.8274691039199702e+00 7.3298705324337021e+00 -1.2076981047242134e+01 2.4459293642304232e+00 4.3145617565895666e-01 8.7013270999999996e-03 8.9216304000000002e-01
8.7186794527917166e-02 -2.3393371190969830e+02 9.1151331028839500e-01 5.5245450918431409e+00 7.2847394844568774e+00 -1.2805740768571823e+01 2.4167937003396975e+00 4.3311950025608842e-01 8.3948374000000006e-03 9.0071175000000003e-01
8.8979321607500800e-02 -2.4392872211743443e+02 9.1885552674860305e-01 5.2408013540900011e+00 7.2285620691780572e+00 -1.3583777459338451e+01 2.3891610001837216e+00 4.3439544264300728e-01 8.0808944000000001e-03 9.0895022999999997e-01
9.0702754036203148e-02 -2.5478013678658553e+02 9.2591473053425188e-01 4.9760726594390876e+00 7.1634610902339704e+00 -1.4416364310459379e+01 2.3630096798861517e+00 4.3532695933210425e-01 7.7597663000000001e-03 9.1687114999999997e-01
9.2355557876221239e-02 -2.6658194121652747e+02 9.3268463861424289e-01 4.7300319667856030e+00 7.0913999502092429e+00 -1.5309540031192459e+01 2.3383164588014655e+00 4.3595735529412116e-01 7.4317293999999999e-03 9.2446746000000002e-01
9.3936262287902805e-02 -2.7944283628597140e+02 9.3915922640840210e-01 4.5022226682988888e+00 7.0141825155054196e+00 -1.6270265166301851e+01 2.3150569611601579e+00 4.3632650497017722e-01 7.0970672000000004e-03 9.3173240000000002e-01
9.5443455178149839e-02 -2.9348932178996586e+02 9.4533270996327856e-01 4.2920809389633208e+00 6.9334558867851586e+00 -1.7306616571497759e+01 2.2932057550262486e+00 4.3647234767707138e-01 6.7560703000000000e-03 9.3865947999999999e-01
9.6875794079409938e-02 -3.0886980366437052e+02 9.5119959051264857e-01 4.0989576467531945e+00 6.8507122150438846e+00 -1.8428047952145377e+01 2.2727395592831954e+00 4.3643044766015565e-01 6.4090362999999996e-03 9.4524253000000003e-01
9.8231993094886505e-02 -3.2575969041143230e+02 9.5675460100491017e-01 3.9221549853387034e+00 6.7672924127691205e+00 -1.9645711411915670e+01 2.2536234600007816e+00 4.3623397554243842e-01 6.0562691999999996e-03 9.5147563999999996e-01
9.9510844656521991e-02 -3.4436857333221491e+02 9.6199279522409253e-01 3.7609344793960151e+00 6.6843945869277057e+00 -2.0972914987835722e+01 2.2358396169929295e+00 4.3591371300519605e-01 5.6980790999999996e-03 9.5735325999999998e-01
1.0071119776701448e-01 -3.6494930413995104e+02 9.6690945866884626e-01 3.6145414113900594e+00 6.6030820826087266e+00 -2.2425697031663205e+01 2.2193591720484687e+00 4.3549763777825240e-01 5.3347821999999998e-03 9.6287009999999995e-01
1.0183197975780109e-01 -3.8781117872484072e+02 9.7150019767345286e-01 3.4822176074333826e+00 6.5242919608957983e+00 -2.4023666842847270e+01 2.2041567334472694e+00 4.3501152620817468e-01 4.9667000000000001e-03 9.6802122999999995e-01
1.0287218105846965e-01 -4.1333781836708118e+02 9.7576087702311864e-01 3.3632144394408541e+00 6.4488432154225457e+00 -2.5791141508106023e+01 2.1902077450862771e+00 4.3447853895522076e-01 4.5941591999999996e-03 9.7280200999999999e-01
1.0383087260314519e-01 -4.4201380330078212e+02 9.7968769125078092e-01 3.2568053834887079e+00 6.3774490336496212e+00 -2.7758846694280344e+01 2.1774885689433230e+00 4.3391993826586711e-01 4.2174915999999996e-03 9.7720817000000004e-01
1.0470718842410340e-01 -4.7446343533607961e+02 9.8327709334030178e-01 3.1622991427730880e+00 6.3107243554341119e+00 -2.9966388468765967e+01 2.1659772264435144e+00 4.3335424479059331e-01 3.8370333000000002e-03 9.8123572999999997e-01
1.0550034305815728e-01 -5.1151199355355635e+02 9.8652586602327486e-01 3.0790427457236316e+00 6.2491963346919341e+00 -3.2466170132557586e+01 2.1556528044239709e+00 4.3279814705463560e-01 3.4531249000000000e-03 9.8488107999999996e-01
1.0620962501926207e-01 -5.5428414720619321e+02 9.8943109504272253e-01 3.0064327863366489e+00 6.1933105235361543e+00 -3.5329686418555212e+01 2.1464962298140216e+00 4.3226636505062732e-01 3.0661112999999999e-03 9.8814095000000002e-01
1.0683439244691856e-01 -6.0437240175159025e+02 9.9199015132889423e-01 2.9439158424995235e+00 6.1434445238452744e+00 -3.8658306710426771e+01 2.1384904997209295e+00 4.3177160699093392e-01 2.6763420000000000e-03 9.9101238999999997e-01
1.0737408616096322e-01 -6.6414842492138484e+02 9.9420074447187190e-01 2.8910038354218317e+00 6.0999090281552233e+00 -4.2603223465005712e+01 2.1316193747098242e+00 4.3132476472234954e-01 2.2841723000000002e-03 9.9349282999999999e-01
1.0782822530997122e-01 -7.3739039853986787e+02 9.9606090489736787e-01 2.8472632026768183e+00 6.0629594239809457e+00 -4.7405672181838980e+01 2.1258696937728732e+00 4.3093506226149031e-01 1.8899688000000000e-03 9.9558005999999999e-01
1.0819640519545839e-01 -8.3072694642967679e+02 9.9756897495462438e-01 2.8123285370844635e+00 6.0328000513671896e+00 -5.3489554372887561e+01 2.1212288110106270e+00 4.3061014096270050e-01 1.4941295000000000e-03 9.9727222000000004e-01
1.0847832773305732e-01 -9.5771668676729018e+02 9.9872373368582490e-01 2.7858948074813856e+00 6.0095871344534899e+00 -6.1723256919623836e+01 2.1176900872734850e+00 4.3035584908559910e-01 1.0971916000000000e-03 9.9856794000000004e-01
1.0867388413285295e-01 -1.1555777338821988e+03 9.9952473548592702e-01 2.7677218409929751e+00 5.9934261918663161e+00 -7.4493717058679465e+01 2.1152413681830424e+00 4.3017677804952303e-01 7.0085733000000002e-04 9.9946672000000003e-01
