-2.6029871020198830e-01 -1.7341917546960005e+03 2.6029999960733807e-01 -1.6787798998880521e+03 -4.9521660983920600e+02 1.1574956863864458e+02 -1.1213315634953820e+02 -3.2326913948805291e+01 5.5301730000000003e-06 1.0230946000000001e-06
-2.6028887045830462e-01 -1.2663932817363770e+03 2.6031398056589622e-01 -1.2104328921942504e+03 -4.9510248522751641e+02 8.5208230001937125e+01 -8.1566290028264945e+01 -3.2321757105483528e+01 3.5894988000000002e-05 1.9923924999999999e-05
-2.6025799951994016e-01 -1.0493963847223815e+03 2.6035784403671397e-01 -9.9204212262126248e+02 -4.9474456976663896e+02 7.1032141072558602e+01 -6.7324889171279054e+01 -3.2305582985324037e+01 8.5619985000000003e-05 7.9222864999999994e-05
-2.6019688508152106e-01 -9.0711488819483418e+02 2.6044467947250444e-01 -8.4740881851341976e+02 -4.9403662098602405e+02 6.1725963024057407e+01 -5.7907827490934274e+01 -3.2273585017490156e+01 1.5173507999999999e-04 1.9661552000000001e-04
-2.6009746447812060e-01 -8.0156956523330916e+02 2.6058594284080422e-01 -7.3851690873549239e+02 -4.9288665770532043e+02 5.4810290742671278e+01 -5.0833415819353405e+01 -3.2221592017736050e+01 2.3255418000000001e-04 3.8758918999999998e-04
-2.5995240491087396e-01 -7.1806110266161602e+02 2.6079205306718084e-01 -6.5067274929825408e+02 -4.9121260955373191e+02 4.9325687403544016e+01 -4.5141902847561838e+01 -3.2145867245098451e+01 3.2689763000000001e-04 6.6622920000000002e-04
-2.5975491243939380e-01 -6.4933004941387310e+02 2.6107266343144075e-01 -5.7665084620227060e+02 -4.8894076639553174e+02 4.4798555393777036e+01 -4.0360687541951926e+01 -3.2043029316774081e+01 4.3385032000000002e-04 1.0455858000000000e-03
-2.5949862508468025e-01 -5.9124736310799949e+02 2.6143681345408398e-01 -5.1237660878891791e+02 -4.8600506985913540e+02 4.0959755882579977e+01 -3.6222579693523876e+01 -3.1910018431721369e+01 5.5265518999999999e-04 1.5378795000000000e-03
-2.5917754674955518e-01 -5.4123355885950127e+02 2.6189302278652149e-01 -4.5534062073880801e+02 -4.8234698857500433e+02 3.7641371290735513e+01 -3.2562337902177134e+01 -3.1744084742749401e+01 6.8265765000000004e-04 2.1546280000000000e-03
-2.5878600259816603e-01 -4.9756458908858360e+02 2.6244935461082691e-01 -4.0390110614306320e+02 -4.7791573525671737e+02 3.4731365675366320e+01 -2.9271174961286590e+01 -3.1542788085728901e+01 8.2327310000000005e-04 2.9067318999999999e-03
-2.5831860865303397e-01 -4.5902767825845552e+02 2.6311345883826087e-01 -3.5693720348067410e+02 -4.7266846554538438e+02 3.2151097704774898e+01 -2.6274156412280423e+01 -3.1304004825647382e+01 9.7396649000000004e-04 3.8045331000000002e-03
-2.5777024956549899e-01 -4.2473460923075640e+02 2.6389260369449336e-01 -3.1366017545227203e+02 -4.6657063361236385e+02 2.9843117638469078e+01 -2.3517905679409598e+01 -3.1025938003683407e+01 1.1342389000000000e-03 4.8578574999999999e-03
-2.5713606237304670e-01 -3.9401332009369042e+02 2.6479369879826725e-01 -2.7350322690999826e+02 -4.5959634744637452e+02 2.7764079953466904e+01 -2.0963441237270832e+01 -3.0707129222158333e+01 1.3036180000000001e-03 6.0760461999999999e-03
-2.5641142473378298e-01 -3.6634144634080883e+02 2.6582331187863539e-01 -2.3605347092338096e+02 -4.5172871472774068e+02 2.5880397159298845e+01 -1.8581763472122631e+01 -3.0346470927988044e+01 1.4816515000000000e-03 7.4679780999999997e-03
-2.5559194539948138e-01 -3.4130371294585751e+02 2.6698768231148456e-01 -2.0100783603047992e+02 -4.4296013450050452e+02 2.4165451991251249e+01 -1.6351007120768596e+01 -2.9943217292481563e+01 1.6679024999999999e-03 9.0420881999999994e-03
-2.5467345776016198e-01 -3.1856362967520386e+02 2.6829273029182488e-01 -1.6814337467179428e+02 -4.3329253244873274e+02 2.2597745881633269e+01 -1.4254533271350171e+01 -2.9496994115341263e+01 1.8619452999999999e-03 1.0806380000000001e-02
-2.5365201385720898e-01 -2.9784404123276192e+02 2.6974406534034834e-01 -1.3729646500539025e+02 -4.2273749484531021e+02 2.1159626224804196e+01 -1.2279603672222178e+01 -2.9007805014137823e+01 2.0633631000000000e-03 1.2768437000000001e-02
-2.5252388162419831e-01 -2.7891346614456506e+02 2.7134699022384307e-01 -1.0834785644340559e+02 -4.1131632271042224e+02 1.9836392692673140e+01 -1.0416436783369351e+01 -2.8476036180532308e+01 2.2717459999999998e-03 1.4935428000000001e-02
-2.5128554025357169e-01 -2.6157618562619865e+02 2.7310650753852972e-01 -8.1211478409178810e+01 -3.9905994298238539e+02 1.8615648984269949e+01 -8.6575094093057352e+00 -2.7902455932213094e+01 2.4866887000000002e-03 1.7314116000000001e-02
-2.4993368030075580e-01 -2.4566500274949871e+02 2.7502731956212179e-01 -5.5825993278456139e+01 -3.8600873892985118e+02 1.7486829994992476e+01 -6.9970377030629951e+00 -2.7288211836820068e+01 2.7077901999999999e-03 1.9910858000000000e-02
-2.4846519795757921e-01 -2.3103573118694979e+02 2.7711383639053350e-01 -3.2148079096989704e+01 -3.7221217020987984e+02 1.6440841717807452e+01 -5.4305697701265920e+00 -2.6634821656430912e+01 2.9346520999999999e-03 2.2731616000000000e-02
-2.4687719817586323e-01 -2.1756308092627896e+02 2.7937017149967552e-01 -1.0147226483939525e+01 -3.5772838389608461e+02 1.5469793498579204e+01 -3.9546761562202328e+00 -2.5944163059026710e+01 3.1668782999999998e-03 2.5781951000000001e-02
-2.4516699154383104e-01 -2.0513739801970283e+02 2.8180014618365939e-01 1.0198579577373444e+01 -3.4262358750517308e+02 1.4566785956720990e+01 -2.5666954175218408e+00 -2.5218455804006240e+01 3.4040742000000001e-03 2.9067029000000001e-02
-2.4333209220371366e-01 -1.9366212325596706e+02 2.8440729251360070e-01 2.8906366680561433e+01 -3.2697132843675871e+02 1.3725745947843803e+01 -1.2645303204531804e+00 -2.4460240564240159e+01 3.6458464000000000e-03 3.2591624999999999e-02
-2.4137022097534092e-01 -1.8305179675266515e+02 2.8719484889941432e-01 4.5991015780948793e+01 -3.1085169161347983e+02 1.2941297737777683e+01 -4.6484261009849037e-02 -2.3672355598538221e+01 3.8918026000000000e-03 3.6360116999999997e-02
-2.3927930119135357e-01 -1.7323040571883757e+02 2.9016576600742067e-01 6.1467670301213317e+01 -2.9435032239184676e+02 1.2208656316610337e+01 1.0888775622485025e+00 -2.2857905652573400e+01 4.1415510999999999e-03 4.0376493999999999e-02
-2.3705746025899876e-01 -1.6413007322575240e+02 2.9332270454124326e-01 7.5353650622754188e+01 -2.7755741467475121e+02 1.1523543394890401e+01 2.1428411429547971e+00 -2.2020230589341775e+01 4.3947007000000003e-03 4.4644352999999998e-02
-2.3470302966012996e-01 -1.5568996802329730e+02 2.9666803524180885e-01 8.7670023943282871e+01 -2.6056657900006019e+02 1.0882117613387772e+01 3.1166355166129964e+00 -2.1162869037447003e+01 4.6508610999999997e-03 4.9166899000000000e-02
-2.3221454286881316e-01 -1.4785539296377712e+02 3.0020384184615045e-01 9.8442840656884158e+01 -2.4347366954680680e+02 1.0280916520123059e+01 4.0115106975813397e+00 -2.0289520903898673e+01 4.9096423000000002e-03 5.3946949000000001e-02
-2.2959073795431906e-01 -1.4057703656619077e+02 3.0393191738890341e-01 1.0770404575642634e+02 -2.2637557175134052e+02 9.7168092639797674e+00 4.8287984458000466e+00 -1.9404004944980418e+01 5.1706551000000002e-03 5.8986927000000001e-02
-2.2683055289573703e-01 -1.3381032024802610e+02 3.0785377085961241e-01 1.1549208803547714e+02 -2.0936894759510693e+02 9.1869553033916258e+00 5.5699623575321908e+00 -1.8510217812622795e+01 5.4335110000000002e-03 6.4288872999999996e-02
-2.2393313026736117e-01 -1.2751486708216525e+02 3.1197062054542446e-01 1.2185256072332800e+02 -1.9254901517986889e+02 8.6887713324612630e+00 6.2366346186572610e+00 -1.7612091535522442e+01 5.6978226000000002e-03 6.9854434000000007e-02
-2.2089781203270561e-01 -1.2165402342987392e+02 3.1628340142809669e-01 1.2683782765593857e+02 -1.7600833083388315e+02 8.2199012610383377e+00 6.8306426192357099e+00 -1.6713549444251022e+01 5.9632034000000004e-03 7.5684873999999999e-02
-2.1772414214749694e-01 -1.1619446354455077e+02 3.2079276148549235e-01 1.3050748045773088e+02 -1.5983563574234344e+02 7.7781917314184428e+00 7.3540310060774186e+00 -1.5818464375924776e+01 6.2292681999999997e-03 8.1781068999999998e-02
-2.1441186447728022e-01 -1.1110583775924052e+02 3.2549906465038397e-01 1.3292780866791651e+02 -1.4411475439720869e+02 7.3616703684364264e+00 7.8090615666719341e+00 -1.4930617099714508e+01 6.4956331999999999e-03 8.8143510999999994e-02
-2.1096092279741901e-01 -1.0636046903581362e+02 3.3040239081045342e-01 1.3417140322129876e+02 -1.2892359774963566e+02 6.9685271219242129e+00 8.1982241229730928e+00 -1.4053657324915445e+01 6.7619166000000000e-03 9.4772308000000000e-02
-2.0737145766950443e-01 -1.0193308347590424e+02 3.3550254024649606e-01 1.3431655071320392e+02 -1.1433325599587813e+02 6.5970977062814731e+00 8.5242261487179913e+00 -1.3191066134852541e+01 7.0277381999999996e-03 1.0166719000000000e-01
-2.0364380592075668e-01 -9.7800576610263278e+01 3.4079903437212222e-01 1.3344649350397316e+02 -1.0040722777726214e+02 6.2458493503324846e+00 8.7899821576271968e+00 -1.2346122672820671e+01 7.2927204000000001e-03 1.0882751000000000e-01
-1.9977850793240387e-01 -9.3941815165490780e+01 3.4629110537794583e-01 1.3164858197151310e+02 -8.7200812213843605e+01 5.9133688877913766e+00 8.9985959755003666e+00 -1.1521875709651836e+01 7.5564877000000004e-03 1.1625223000000000e-01
-1.9577629254232590e-01 -9.0337436817714902e+01 3.5197771768290681e-01 1.2901333769944128e+02 -7.4760558912180230e+01 5.5983502845524313e+00 9.1533402815857681e+00 -1.0721114440029943e+01 7.8186677999999999e-03 1.2393994999999999e-01
-1.9163807600385752e-01 -8.6969690625969790e+01 3.5785756941367264e-01 1.2563344502022247e+02 -6.3123941248827173e+01 5.2995849430491671e+00 9.2576306714780205e+00 -9.9463470618843228e+00 8.0788911000000008e-03 1.3188891000000000e-01
-1.8736497760374288e-01 -8.3822304559489680e+01 3.6392907021361531e-01 1.2160273484951301e+02 -5.2319210078128549e+01 5.0159540953554913e+00 9.3149972317721748e+00 -9.1997870718458667e+00 8.3367917000000003e-03 1.4009695999999999e-01
-1.8295829883819603e-01 -8.0880339153916907e+01 3.7019037083084189e-01 1.1701512101611941e+02 -4.2365307298164836e+01 4.7464194251984475e+00 9.3290545246191119e+00 -8.4833369110234038e+00 8.5920070000000005e-03 1.4856159999999999e-01
-1.7841953382487089e-01 -7.8130078936871172e+01 3.7663934832417933e-01 1.1196357892670720e+02 -3.3272002488877881e+01 4.4900168244967373e+00 9.3034698267364249e+00 -7.7985823547059399e+00 8.8441787999999997e-03 1.5727996000000000e-01
-1.7375035889089113e-01 -7.5558922269131557e+01 3.8327362085718941e-01 1.0653913470731904e+02 -2.5040147470879496e+01 4.2458494179641875e+00 9.2419309006236823e+00 -7.1467885076366438e+00 9.0929527999999999e-03 1.6624881999999999e-01
-1.6895263257285059e-01 -7.3155288271966853e+01 3.9009054769816920e-01 1.0082991876916095e+02 -1.7662056639652867e+01 4.0130819723442137e+00 9.1481137098677046e+00 -6.5289015709315592e+00 9.3379794999999995e-03 1.7546460999999999e-01
-1.6402839041082812e-01 -7.0908530290279757e+01 3.9708723661715795e-01 9.4920288727033721e+01 -1.1122021671295762e+01 3.7909355175741712e+00 9.0256510382025450e+00 -5.9455546649409357e+00 9.5789143999999993e-03 1.8492342000000001e-01
-1.5897986056634231e-01 -6.8808866641641757e+01 4.0426052169491500e-01 8.8890059843606238e+01 -5.3969474896336855e+00 3.5786833942250409e+00 8.8781030815353841e+00 -5.3970797007733262e+00 9.8154178999999998e-03 1.9462097000000000e-01
-1.5380943779242712e-01 -6.6847299858102105e+01 4.1160700030795738e-01 8.2813793499809179e+01 -4.5702227920039040e-01 3.3756457908684876e+00 8.7089288274545851e+00 -4.8835185351782888e+00 1.0047156000000000e-02 2.0455266000000000e-01
-1.4851967822764706e-01 -6.5015554568411503e+01 4.1912304052556737e-01 7.6760209854648636e+01 3.7334983490283729e+00 3.1811858494693954e+00 8.5214601140702086e+00 -4.4046394323269880e+00 1.0273801000000001e-02 2.1471357999999999e-01
-1.4311332542602145e-01 -6.3306030801141354e+01 4.2680474412475461e-01 7.0791762553632353e+01 7.2154419905164371e+00 2.9947071272895234e+00 8.3188796921585393e+00 -3.9599605702454732e+00 1.0495031000000000e-02 2.2509846000000000e-01
-1.3759327912111546e-01 -6.1711741883951206e+01 4.3464799097230161e-01 6.4964262693343230e+01 1.0033875328840272e+01 2.8156491930927623e+00 8.1042004265183056e+00 -3.5487683705348938e+00 1.0710529999999999e-02 2.3570173000000000e-01
-1.3196260043202462e-01 -6.0226271075043684e+01 4.4264843162775613e-01 5.9326663850981085e+01 1.2237219531493304e+01 2.6434849230656736e+00 7.8802487543964563e+00 -3.1701426748038726e+00 1.0919989999999999e-02 2.4651751000000000e-01
-1.2622451706935994e-01 -5.8843732183143501e+01 4.5080147994642383e-01 5.3920969017879337e+01 1.3876365489002229e+01 2.4777179476192077e+00 7.6496518837883176e+00 -2.8229822938959721e+00 1.1123108000000000e-02 2.5753959999999998e-01
-1.2038240771729330e-01 -5.7558726071724266e+01 4.5910233527039046e-01 4.8782231727994422e+01 1.5003826415205065e+01 2.3178796637954617e+00 7.4148274171372988e+00 -2.5060300248929899e+00 1.1319591000000000e-02 2.6876150999999998e-01
-1.1443979682757249e-01 -5.6366308102351901e+01 4.6754598982553008e-01 4.3938657963966939e+01 1.5672900880507552e+01 2.1635268200809534e+00 7.1779762346511466e+00 -2.2178986481360736e+00 1.1509152000000000e-02 2.8017647000000001e-01
-1.0840035982550622e-01 -5.5261957757397326e+01 4.7612722132449697e-01 3.9411844851903048e+01 1.5936894983205905e+01 2.0142395487547731e+00 6.9410801093976602e+00 -1.9570975197782587e+00 1.1691511000000000e-02 2.9177742000000001e-01
-1.0226792831594880e-01 -5.4241551818978586e+01 4.8484058556971832e-01 3.5217077279804172e+01 1.5848402528065943e+01 1.8696194595744742e+00 6.7059014952815348e+00 -1.7220580169811777e+00 1.1866398000000000e-02 3.0355700000000002e-01
-9.6046448435421511e-02 -5.3301332598211076e+01 4.9368047562945461e-01 3.1363680741056630e+01 1.5458649995867598e+01 1.7292868066933409e+00 6.4739847099564001e+00 -1.5111561851091828e+00 1.2033550000000000e-02 3.1550762999999998e-01
-8.9740017294006325e-02 -5.2437892045651154e+01 5.0264107005874703e-01 2.7855490535359966e+01 1.4816918607686736e+01 1.5928796358466164e+00 6.2466627658431992e+00 -1.3227375680790239e+00 1.2192715000000000e-02 3.2762143999999999e-01
-8.3352856945421827e-02 -5.1648147698495194e+01 5.1171636988445479e-01 2.4691325547434012e+01 1.3970044411247589e+01 1.4600515639968974e+00 6.0250643989162072e+00 -1.1551375847085186e+00 1.2343646000000000e-02 3.3989032000000002e-01
-7.6889319593008099e-02 -5.0929325832609855e+01 5.2090019120824793e-01 2.1865515619823686e+01 1.2962006736112341e+01 1.3304703571217400e+00 5.8101232166168177e+00 -1.0067011917668187e+00 1.2486109000000000e-02 3.5230591000000000e-01
-7.0353866765787115e-02 -5.0278943542492840e+01 5.3018619479463736e-01 1.9368460527776655e+01 1.1833583538927115e+01 1.2038160715938222e+00 5.6025892513223772e+00 -8.7580052403779718e-01 1.2619877000000000e-02 3.6485963999999999e-01
-6.3751084936417374e-02 -4.9694796953428856e+01 5.3956786387995259e-01 1.7187172924404738e+01 1.0622127208192650e+01 1.0797800228671188e+00 5.4030417042433685e+00 -7.6084994616792023e-01 1.2744734000000001e-02 3.7754270000000001e-01
-5.7085669903239461e-02 -4.9174947594856761e+01 5.4903852636336359e-01 1.5305860339443772e+01 9.3613721674463761e+00 9.5806302262228504e-01 5.2119023658621240e+00 -6.6031985861864506e-01 1.2860473000000001e-02 3.9034606999999999e-01
-5.0362416378306157e-02 -4.8717711682416329e+01 5.5859136960089695e-01 1.3706466435677118e+01 8.0813526482403955e+00 8.3837413981045872e-01 5.0294497062928469e+00 -5.7274738010988457e-01 1.2966896000000000e-02 4.0326054000000000e-01
-4.3586228399352278e-02 -4.8321652460280099e+01 5.6821942561142003e-01 1.2369201063375764e+01 6.8083815805389651e+00 7.2042948625204772e-01 4.8558340081621898e+00 -4.9674542054921023e-01 1.3063819000000001e-02 4.1627669000000000e-01
-3.6762088093885453e-02 -4.7985571486040016e+01 5.7791561545868664e-01 1.1273047247338155e+01 5.5650855651829110e+00 6.0395064113909669e-01 4.6910914833128761e+00 -4.3100939933819471e-01 1.3151064000000001e-02 4.2938494999999999e-01
-2.9895086915095320e-02 -4.7708505098763851e+01 5.8767270486929157e-01 1.0396231580415884e+01 4.3705124023835724e+00 4.8866381971413908e-01 4.5351597934483356e+00 -3.7432273569504071e-01 1.3228465999999999e-02 4.4257553999999999e-01
-2.2990383993974628e-02 -4.7489718575653072e+01 5.9748336340873109e-01 9.7166471431957167e+00 3.2402705870317052e+00 3.7429813285622782e-01 4.3878914354032750e+00 -3.2555918019401336e-01 1.3295871000000001e-02 4.5583855000000001e-01
-1.6053226963258699e-02 -4.7328704985560080e+01 6.0734013489337324e-01 9.2122487653326974e+00 2.1867225936982777e+00 2.6058474367989737e-01 4.2490682006087992e+00 -2.8368479644772238e-01 1.3353135000000000e-02 4.6916390000000002e-01
-9.0889259275011569e-03 -4.7225183827642489e+01 6.1723547437549442e-01 8.8613836718025869e+00 1.2191957622013248e+00 1.4725528605682214e-01 4.1184131392067274e+00 -2.4775765469808264e-01 1.3400123999999999e-02 4.8254139000000001e-01
-2.1028638750435480e-03 -4.7179101765963360e+01 6.2716173334926562e-01 8.6430889856764352e+00 3.4424723705543103e-01 3.4040834031761946e-02 3.9956040784017119e+00 -2.1692648209383417e-01 1.3436718000000000e-02 4.9596067999999999e-01
4.8995241459239836e-03 -4.7190635617703812e+01 6.3711118933878197e-01 8.5373364244234207e+00 -4.3409354487834689e-01 -7.9329624814361566e-02 3.8802833699078390e+00 -1.9042827595018055e-01 1.3462807000000000e-02 5.0941133000000005e-01
1.1912730203423205e-02 -4.7260196110148442e+01 6.4707601631003220e-01 8.5252291776751044e+00 -1.1140392850763126e+00 -1.9313010600377689e-01 3.7720691347445579e+00 -1.6758447379036098e-01 1.3478291000000000e-02 5.2288276000000000e-01
1.8931220335551724e-02 -4.7388434007752892e+01 6.5704835124396799e-01 8.5891571855681388e+00 -1.6957625120676436e+00 -3.0763968301330324e-01 3.6705635430375683e+00 -1.4779729646051215e-01 1.3483083000000000e-02 5.3636434000000000e-01
2.5949408520558603e-02 -4.7576248429701792e+01 6.6702025715146451e-01 8.7129091898697677e+00 -2.1811374189377362e+00 -4.2314341306781511e-01 3.5753612229697529e+00 -1.3054433909695709e-01 1.3477108000000000e-02 5.4984533999999996e-01
3.2961667088813984e-02 -4.7824795605366759e+01 6.7698373786733690e-01 8.8817451732256956e+00 -2.5734530190189662e+00 -5.3993393690870528e-01 3.4860562532847066e+00 -1.1537363247963686e-01 1.3460300999999999e-02 5.6331494999999998e-01
3.9962342340763679e-02 -4.8135501945818746e+01 6.8693076024136202e-01 9.0824353897907351e+00 -2.8771612634816743e+00 -6.5831325958970721e-01 3.4022479579024263e+00 -1.0189798793166870e-01 1.3432611000000001e-02 5.7676231000000000e-01
4.6945764958899072e-02 -4.8510078778595393e+01 6.9685326893229438e-01 9.3032609284554937e+00 -3.0976404073572463e+00 -7.7859454723910515e-01 3.3235454132672069e+00 -8.9789237630508736e-02 1.3393997000000000e-02 5.9017653000000003e-01
5.3906234389802243e-02 -4.8950538300113578e+01 7.0674316421684269e-01 9.5339991208214450e+00 -3.2409570209361789e+00 -9.0110364768944651e-01 3.2495724308555696e+00 -7.8772734773998210e-02 1.3344429999999999e-02 6.0354666000000001e-01
6.0838039668085708e-02 -4.9459214134375692e+01 7.1659233157770097e-01 9.7658749155268296e+00 -3.3136661530003844e+00 -1.0261812021975074e+00 3.1799699135166466e+00 -6.8621447667079533e-02 1.3283893999999999e-02 6.1686173000000000e-01
6.7735480240331658e-02 -5.0038785865520772e+01 7.2639267129157803e-01 9.9914973280001593e+00 -3.3226248473920306e+00 -1.1541852554806100e+00 3.1143980369511772e+00 -5.9150617134368130e-02 1.3212384000000001e-02 6.3011079000000003e-01
7.4592834729182711e-02 -5.0692302779929989e+01 7.3613605404715243e-01 1.0204780490337743e+01 -3.2748208908334182e+00 -1.2854929480058883e+00 3.0525385614281451e+00 -5.0212405757979986e-02 1.3129907000000000e-02 6.4328284999999996e-01
8.1404397375236359e-02 -5.1423216882965981e+01 7.4581437272412565e-01 1.0400850836452092e+01 -3.1772442218752119e+00 -1.4205034960573046e+00 2.9940955627590498e+00 -4.1691096456778994e-02 1.3036481000000001e-02 6.5636695000000000e-01
8.8164483243029168e-02 -5.2235418315583530e+01 7.5541954979022929e-01 1.0575949364138790e+01 -3.0367487831899296e+00 -1.5596411726013755e+00 2.9387955875777818e+00 -3.3498262021415461e-02 1.2932137999999999e-02 6.6935217000000002e-01
9.4867412603082846e-02 -5.3133273284453871e+01 7.6494351511020242e-01 1.0727324919569639e+01 -2.8599596196813293e+00 -1.7033580171022566e+00 2.8863879180385323e+00 -2.5568510666254148e-02 1.2816919000000000e-02 6.8222760000000005e-01
1.0150754216781283e-01 -5.4121673022987132e+01 7.7437825032783736e-01 1.0853128822247813e+01 -2.6531886438445880e+00 -1.8521378463845695e+00 2.8366441828861877e+00 -1.7855887116402080e-02 1.2690879000000000e-02 6.9498240000000000e-01
1.0807925467955914e-01 -5.5206084429119045e+01 7.8371577407196424e-01 1.0952309160427795e+01 -2.4223718130531324e+00 -2.0064998411986212e+00 2.7893578004643693e+00 -1.0329895425939708e-02 1.2554085000000000e-02 7.0760577999999996e-01
1.1457696411657076e-01 -5.6392609629687492e+01 7.9294814935345848e-01 1.1024499806417108e+01 -2.1730193719246027e+00 -2.1670028601005455e+00 2.7443426456195144e+00 -2.9727854224228349e-03 1.2406611999999999e-02 7.2008700999999997e-01
1.2099514172293002e-01 -5.7688058647587312e+01 8.0206752055027875e-01 1.1069926988332583e+01 -1.9101860509174862e+00 -2.3342508615401885e+00 2.7014320989055607e+00 4.2235188510592360e-03 1.2248551000000000e-02 7.3241546999999996e-01
1.2732830039059839e-01 -5.9100024643786782e+01 8.1106609121644468e-01 1.1089306835613536e+01 -1.6384508294032882e+00 -2.5088979210698437e+00 2.6604778384152534e+00 1.1259376587498635e-02 1.2080001999999999e-02 7.4458062000000003e-01
1.3357100507138553e-01 -6.0636974724053928e+01 8.1993613887605110e-01 1.1083758644417276e+01 -1.3619098872339896e+00 -2.6916546049242820e+00 2.6213483859662023e+00 1.8129855260377543e-02 1.1901076999999999e-02 7.5657202000000001e-01
1.3971788318891964e-01 -6.2308355113762765e+01 8.2867002981728399e-01 1.1054723854935910e+01 -1.0841798157181624e+00 -2.8832951642822957e+00 2.5839278059740538e+00 2.4826746165875969e-02 1.1711898000000000e-02 7.6837935000000002e-01
1.4576364025660166e-01 -6.4124714125456762e+01 8.3726024128344312e-01 1.1003885839478267e+01 -8.0840701803367421e-01 -3.0846660137375101e+00 2.5481141182393010e+00 3.1338868412145324e-02 1.1512599000000000e-02 7.7999244000000001e-01
1.5170303384768119e-01 -6.6097831367600691e+01 8.4569932448790319e-01 1.0933106683206843e+01 -5.3728799216672873e-01 -3.2966939582704478e+00 2.5138181294451263e+00 3.7654527715568133e-02 1.1303326000000001e-02 7.9140122000000002e-01
1.5753092565510479e-01 -6.8240892360477091e+01 8.5397997858419150e-01 1.0844365094022038e+01 -2.7308769729387766e-01 -3.5203984065090603e+00 2.4809618761161198e+00 4.3761658670709185e-02 1.1084235000000000e-02 8.0259581999999996e-01
1.6324223463765264e-01 -7.0568657007433259e+01 8.6209498409291752e-01 1.0739704884169623e+01 -1.7672450631816466e-02 -3.7569017666801754e+00 2.4494775205735806e+00 4.9648852639002226e-02 1.0855490000000001e-02 8.1356647999999998e-01
1.6883198387380194e-01 -7.3097690600623650e+01 8.7003726947484283e-01 1.0621190633722824e+01 2.2746354375671837e-01 -4.0074451433979590e+00 2.4193060806292666e+00 5.5305819785516047e-02 1.0617270000000000e-02 8.2430364000000000e-01
1.7429529014975725e-01 -7.5846612019213396e+01 8.7779989633686517e-01 1.0490869110626877e+01 4.6116598448605878e-01 -4.2734042616374470e+00 2.3903962278264013e+00 6.0723744748099030e-02 1.0369760000000000e-02 8.3479791999999997e-01
1.7962736916543559e-01 -7.8836390765531519e+01 8.8537606682902603e-01 1.0350738615362857e+01 6.8258764900851820e-01 -4.5563087491136791e+00 2.3627033074930202e+00 6.5895619969214794e-02 1.0113159000000000e-02 8.4504013000000000e-01
1.8482354074045088e-01 -8.2090697184341579e+01 8.9275913104151838e-01 1.0202724556514349e+01 8.9115383253680103e-01 -4.8578646969008439e+00 2.3361885262157087e+00 7.0816319517211068e-02 9.8476710000000005e-03 8.5502127999999999e-01
1.8987922881411434e-01 -8.5636313689215299e+01 8.9994258700468666e-01 1.0048658841802297e+01 1.0865331909033766e+00 -5.1799809661498415e+00 2.3108180809886729e+00 7.5482593960909408e-02 9.5735140000000000e-03 8.6473257999999997e-01
1.9478998747535858e-01 -8.9503642318652382e+01 9.0692011767406444e-01 9.8902664743856459e+00 1.2686046131208037e+00 -5.5248021629735504e+00 2.2865620214309277e+00 7.9893276908271665e-02 9.2909130999999992e-03 8.7416548999999999e-01
1.9955147493281322e-01 -9.3727274532294544e+01 9.1368555394533724e-01 9.7291526434300053e+00 1.4374272905982806e+00 -5.8947444045864019e+00 2.2633941449059982e+00 8.4048686955532734e-02 9.0001030000000006e-03 8.8331166999999999e-01
2.0415948475071433e-01 -9.8346721765161433e+01 9.2023291903638671e-01 9.5668039060087438e+00 1.5932127494361774e+00 -6.2925424277755795e+00 2.2412914251132934e+00 8.7951190289445466e-02 8.7013270999999996e-03 8.9216304000000002e-01
2.0860993023094948e-01 -1.0340725947379173e+02 9.2655640629626923e-01 9.4045770383986582e+00 1.7362986712379862e+00 -6.7213028825614334e+00 2.2202330698062189e+00 9.1604601379775455e-02 8.3948374000000006e-03 9.0071175000000003e-01
2.1289887044298234e-01 -1.0896100141471707e+02 9.3265041619025268e-01 9.2436990790891773e+00 1.8671254229433554e+00 -7.1845731554742454e+00 2.2002001974089733e+00 9.5014028544477602e-02 8.0808944000000001e-03 9.0895022999999997e-01
2.1702248939991314e-01 -1.1506816510740771e+02 9.3850952671178711e-01 9.0852761959837984e+00 1.9862130648136258e+00 -7.6864211261536717e+00 2.1811759878689672e+00 9.8185771749015494e-02 7.7597663000000001e-03 9.1687114999999997e-01
2.2097711688241817e-01 -1.2179869520674652e+02 9.4412852297053473e-01 8.9302941003404612e+00 2.0941413439255943e+00 -8.2315386728971980e+00 2.1631449012311417e+00 1.0112714648045316e-01 7.4317293999999999e-03 9.2446746000000002e-01
2.2475923364473432e-01 -1.2923428339789038e+02 9.4950240458937674e-01 8.7796205231140512e+00 2.1915355281290063e+00 -8.8253700372768051e+00 2.1460924911639556e+00 1.0384622673194813e-01 7.0970672000000004e-03 9.3173240000000002e-01
2.2836546100268973e-01 -1.3747089296747077e+02 9.5462637091039904e-01 8.6340174497206057e+00 2.2790455230879676e+00 -9.4742717954588702e+00 2.1300055011750940e+00 1.0635168340067341e-01 6.7560703000000000e-03 9.3865947999999999e-01
2.3179258686362808e-01 -1.4662207885229319e+02 9.5949585797992976e-01 8.4941436304982325e+00 2.3573359082069989e+00 -1.0185724676913161e+01 2.1148714218080960e+00 1.0865263594475116e-01 6.4090362999999996e-03 9.4524253000000003e-01
2.3503753449049908e-01 -1.5682315573128682e+02 9.6410649416649430e-01 8.3605660584360795e+00 2.4270734846315825e+00 -1.0968597836494355e+01 2.1006785678404887e+00 1.1075843223254450e-01 6.0562691999999996e-03 9.5147563999999996e-01
2.3809741456170747e-01 -1.6823695736309338e+02 9.6845417413089008e-01 8.2337652194089426e+00 2.4889170356044565e+00 -1.1833517810002634e+01 2.0874158558559408e+00 1.1267855647920724e-01 5.6980790999999996e-03 9.5735325999999998e-01
2.4096947311126410e-01 -1.8106121240974656e+02 9.7253498485611178e-01 8.1141468519537305e+00 2.5435085719390269e+00 -1.2793337338217013e+01 2.0750729798499634e+00 1.1442242487347851e-01 5.3347821999999998e-03 9.6287009999999995e-01
2.4365114358863477e-01 -1.9553907602741069e+02 9.7634527961742634e-01 8.0020471997261833e+00 2.5914672105230201e+00 -1.3863811282634028e+01 2.0636401257940418e+00 1.1599930071301391e-01 4.9667000000000001e-03 9.6802122999999995e-01
2.4614001041684613e-01 -2.1197348206055605e+02 9.7988162620332075e-01 7.8977418258572545e+00 2.6333820226304616e+00 -1.5064515058000241e+01 2.0531080517224618e+00 1.1741818492421076e-01 4.5941591999999996e-03 9.7280200999999999e-01
2.4843385064036444e-01 -2.3074830327565797e+02 9.8314086609156170e-01 7.8014543064869963e+00 2.6698086875322184e+00 -1.6420206116814949e+01 2.0434682489073728e+00 1.1868771969091942e-01 4.2174915999999996e-03 9.7720817000000004e-01
2.5053059227721680e-01 -2.5235916920259649e+02 9.8612005527313551e-01 7.7133632131080416e+00 2.7012650201990773e+00 -1.7962805738100528e+01 2.0347126949346506e+00 1.1981601543137686e-01 3.8370333000000002e-03 9.8123572999999997e-01
2.5242835596687002e-01 -2.7746179317828552e+02 9.8881652342830884e-01 7.6336073560330453e+00 2.7282284903775524e+00 -1.9734519840428501e+01 2.0268338676466344e+00 1.2081071186245547e-01 3.4531249000000000e-03 9.8488107999999996e-01
2.5412543935227599e-01 -3.0694943975541003e+02 9.9122785173560590e-01 7.5622939500260067e+00 2.7511336011798475e+00 -2.1792846976326508e+01 2.0198249953590746e+00 1.2167885598886734e-01 3.0661112999999999e-03 9.8814095000000002e-01
2.5562030666790209e-01 -3.4208502080239231e+02 9.9335185807779269e-01 7.4995040098715409e+00 2.7703700312725870e+00 -2.4219135461643756e+01 2.0136799959719038e+00 1.2242682904958344e-01 2.6763420000000000e-03 9.9101238999999997e-01
2.5691161997564033e-01 -3.8474427736898980e+02 9.9518664142392366e-01 7.4452965685532941e+00 2.7862822550383703e+00 -2.7134369481138638e+01 2.0083932888328970e+00 1.2306033400172028e-01 2.2841723000000002e-03 9.9349282999999999e-01
2.5799822875283723e-01 -4.3790449375756532e+02 9.9673056703532525e-01 7.3997132404968120e+00 2.7991683219748542e+00 -3.0730939992559144e+01 2.0039602935441714e+00 1.2358435521889979e-01 1.8899688000000000e-03 9.9558005999999999e-01
2.5887916468630973e-01 -5.0676642507874118e+02 9.9798225906858895e-01 7.3627832684272656e+00 2.8092783569096551e+00 -3.5345681472157963e+01 2.0003766991296366e+00 1.2400311009791995e-01 1.4941295000000000e-03 9.9727222000000004e-01
2.5955371455613213e-01 -6.0191689078531329e+02 9.9894070413367775e-01 7.3345165243432353e+00 2.8168166388575040e+00 -4.1666008464087156e+01 1.9976389492764666e+00 1.2432007940540205e-01 1.0971916000000000e-03 9.9856794000000004e-01
2.6002161806306195e-01 -7.5227600102154395e+02 9.9960553238021288e-01 7.3149230452690741e+00 2.8219423690541028e+00 -5.1574583469372435e+01 1.9957430968763157e+00 1.2453807051992200e-01 7.0085733000000002e-04 9.9946672000000003e-01
