-1.6125054000814307e-01 -2.3576442580152875e+03 1.6125172807763738e-01 -2.1578315438499053e+03 -6.5654891620852072e+02 1.5576579222025458e+02 -1.4278676770428254e+02 -4.2650698766030388e+01 5.5301730000000003e-06 1.0230946000000001e-06
-1.6124444445745323e-01 -1.7373782303710268e+03 1.6126758113269243e-01 -1.5367553173543233e+03 -6.5633643903887764e+02 1.1546777028109835e+02 -1.0245118219718093e+02 -4.2641117206065594e+01 3.5894988000000002e-05 1.9923924999999999e-05
-1.6122532044612806e-01 -1.4495257907326054e+03 1.6131731806702987e-01 -1.2468563036664523e+03 -6.5567017254331722e+02 9.6756886490032073e+01 -8.3644776709014096e+01 -4.2611068811190997e+01 8.5619985000000003e-05 7.9222864999999994e-05
-1.6118746111063720e-01 -1.2606243775986663e+03 1.6141578105428445e-01 -1.0545217022730117e+03 -6.5435276011804569e+02 8.4466111060239129e+01 -7.1192761658831458e+01 -4.2551638819879223e+01 1.5173507999999999e-04 1.9661552000000001e-04
-1.6112587176978410e-01 -1.1203204812839522e+03 1.6157596005385788e-01 -9.0936199395374263e+02 -6.5221407823240020e+02 7.5324077538013256e+01 -6.1821257059244218e+01 -4.2455117551332314e+01 2.3255418000000001e-04 3.8758918999999998e-04
-1.6103600988174890e-01 -1.0091291876586503e+03 1.6180966911984029e-01 -7.9192154626187801e+02 -6.4910356122684504e+02 6.8065013024878880e+01 -5.4264968102466071e+01 -4.2314641080649146e+01 3.2689763000000001e-04 6.6622920000000002e-04
-1.6091366671820034e-01 -9.1743179908719105e+02 1.6212785413806602e-01 -6.9265542770534921e+02 -6.4488759758870481e+02 6.2064265983176917e+01 -4.7901752098510713e+01 -4.2124059442683688e+01 4.3385032000000002e-04 1.0455858000000000e-03
-1.6075490114340074e-01 -8.3976139719722039e+02 1.6254076505066620e-01 -6.0620358231405260e+02 -6.3944881794994785e+02 5.6967017687865699e+01 -4.2380837194653559e+01 -4.1877890163270322e+01 5.5265518999999999e-04 1.5378795000000000e-03
-1.6055599867906023e-01 -7.7270632681035931e+02 1.6305806231849596e-01 -5.2928698994301192e+02 -6.3268629111509574e+02 5.2552045712111628e+01 -3.7486118880057511e+01 -4.1571311717566374e+01 6.8265765000000004e-04 2.1546280000000000e-03
-1.6031344386271273e-01 -7.1398950964905941e+02 1.6368888881032220e-01 -4.5978176333444475e+02 -6.2451615891181564e+02 4.8671918803550341e+01 -3.3076301814098279e+01 -4.1200179001527339e+01 8.2327310000000005e-04 2.9067318999999999e-03
-1.6002390141361417e-01 -6.6201185117527461e+02 1.6444191878577291e-01 -3.9625835478939842e+02 -6.1487250432267047e+02 4.5223176719005437e+01 -2.9054915943214972e+01 -4.0761049172484398e+01 9.7396649000000004e-04 3.8045331000000002e-03
-1.5968420246191833e-01 -6.1560449214011976e+02 1.6532539370992499e-01 -3.3773011473824721e+02 -6.0370827335408001e+02 4.2130399513166459e+01 -2.5354019190824033e+01 -4.0251212949381369e+01 1.1342389000000000e-03 4.8578574999999999e-03
-1.5929133448662250e-01 -5.7388488420056933e+02 1.6634714842227707e-01 -2.8350612132179987e+02 -5.9099615427770004e+02 3.9336828920158261e+01 -2.1924767161568578e+01 -3.9668726045741906e+01 1.3036180000000001e-03 6.0760461999999999e-03
-1.5884243402702811e-01 -5.3616864472227553e+02 1.6751463009247988e-01 -2.3309975836809895e+02 -5.7672933386421005e+02 3.6798479097618589e+01 -1.8731530665655910e+01 -3.9012438197795085e+01 1.4816515000000000e-03 7.4679780999999997e-03
-1.5833478078095897e-01 -5.0191293192891862e+02 1.6883491356944533e-01 -1.8616901585697556e+02 -5.6092204168548835e+02 3.4480580237168802e+01 -1.5748090792714763e+01 -3.8282016384315000e+01 1.6679024999999999e-03 9.0420881999999994e-03
-1.5776579360573967e-01 -4.7067888200591239e+02 1.7031471178183569e-01 -1.4247582019793268e+02 -5.4360985826097726e+02 3.2355100338533717e+01 -1.2955075903088629e+01 -3.7477961331323577e+01 1.8619452999999999e-03 1.0806380000000001e-02
-1.5713302680942559e-01 -4.4210579042005656e+02 1.7196038538367864e-01 -1.0185713549230593e+02 -5.2484969969820713e+02 3.0399064125418178e+01 -1.0338164697832838e+01 -3.6601613905165671e+01 2.0633631000000000e-03 1.2768437000000001e-02
-1.5643416844154356e-01 -4.1589298135518925e+02 1.7377794719973760e-01 -6.4203825047292284e+01 -5.0471950788318679e+02 2.8593372400027885e+01 -7.8867912138865579e+00 -3.5655152804232372e+01 2.2717459999999998e-03 1.4935428000000001e-02
-1.5566703742282659e-01 -3.9178666296537239e+02 1.7577306969037912e-01 -2.9444504022017000e+01 -4.8331752963837943e+02 2.6921946042533257e+01 -5.5931781612410170e+00 -3.4641578431346311e+01 2.4866887000000002e-03 1.7314116000000001e-02
-1.5482958360971399e-01 -3.6957032775681057e+02 1.7795108478382282e-01 2.4667435154202346e+00 -4.6076129624753992e+02 2.5371101660109296e+01 -3.4516043538693757e+00 -3.3564687745511741e+01 2.7077901999999999e-03 1.9910858000000000e-02
-1.5391988424683239e-01 -3.4905747854964278e+02 1.8031699310238203e-01 3.1560632840862347e+01 -4.3718612173601707e+02 2.3929076413358707e+01 -1.4578285391101105e+00 -3.2429032033222128e+01 2.9346520999999999e-03 2.2731616000000000e-02
-1.5293614590200613e-01 -3.3008615808052747e+02 1.8287545892996890e-01 5.7860282224165985e+01 -4.1274337903195556e+02 2.2585675007705344e+01 3.9137194371652928e-01 -3.1239868590518309e+01 3.1668782999999998e-03 2.5781951000000001e-02
-1.5187670253124680e-01 -3.1251467373900175e+02 1.8563081524458924e-01 8.1387859425348580e+01 -3.8759832831115750e+02 2.1331990457444832e+01 2.0985526017431981e+00 -3.0003095171530521e+01 3.4040742000000001e-03 2.9067029000000001e-02
-1.5074001418874633e-01 -2.9621828320820833e+02 1.8858706707333900e-01 1.0216978466805679e+02 -3.6192765228845934e+02 2.0160186768659525e+01 3.6659111537380409e+00 -2.8725174455920662e+01 3.6458464000000000e-03 3.2591624999999999e-02
-1.4952466896188732e-01 -2.8108642492473962e+02 1.9174788645990948e-01 1.2024084944846072e+02 -3.3591677771706037e+02 1.9063329955144678e+01 5.0955217656838894e+00 -2.7413050460598683e+01 3.8918026000000000e-03 3.6360116999999997e-02
-1.4822938039122927e-01 -2.6702078832204955e+02 1.9511661917458045e-01 1.3564750481356089e+02 -3.0975690998799604e+02 1.8035248322239543e+01 6.3895331136609332e+00 -2.6074054971169442e+01 4.1415510999999999e-03 4.0376493999999999e-02
-1.4685298843801367e-01 -2.5393344570949571e+02 1.9869628219797267e-01 1.4845022890331637e+02 -2.8364199007249101e+02 1.7070421269108333e+01 7.5503209261054840e+00 -2.4715804076048624e+01 4.3947007000000003e-03 4.4644352999999998e-02
-1.4539445948416416e-01 -2.4174547714891580e+02 2.0248956372104790e-01 1.5872516967212761e+02 -2.5776553316600052e+02 1.6163890170549838e+01 8.5806083415204100e+00 -2.3346094934418218e+01 4.6508610999999997e-03 4.9166899000000000e-02
-1.4385288504227933e-01 -2.3038578946817492e+02 2.0649882650010548e-01 1.6656505964078471e+02 -2.3231739284553140e+02 1.5311181514801101e+01 9.4835554451150035e+00 -2.1972794532886120e+01 4.9096423000000002e-03 5.3946949000000001e-02
-1.4222748336814164e-01 -2.1979015313721681e+02 2.1072610366303665e-01 1.7207945852217696e+02 -2.0748069532447400e+02 1.4508245566291702e+01 1.0262818817184598e+01 -2.0603730766538241e+01 5.1706551000000002e-03 5.8986927000000001e-02
-1.4051759655820170e-01 -2.0990036109614462e+02 2.1517310625806668e-01 1.7539440126470151e+02 -1.8342879612178197e+02 1.3751404026310112e+01 1.0922588406374551e+01 -1.9246581566283361e+01 5.4335110000000002e-03 6.4288872999999996e-02
-1.3872269345209381e-01 -2.0066355314170679e+02 2.1984121570501275e-01 1.7665146526213260e+02 -1.6032254263209020e+02 1.3037305162063554e+01 1.1467598286558665e+01 -1.7908771863067059e+01 5.6978226000000002e-03 6.9854434000000007e-02
-1.3684236640761879e-01 -1.9203160316032617e+02 2.2473149218277522e-01 1.7600637032647339e+02 -1.3830769671199184e+02 1.2362887080755737e+01 1.1903118943916532e+01 -1.6597371313993893e+01 5.9632034000000004e-03 7.5684873999999999e-02
-1.3487633291325241e-01 -1.8396061925448726e+02 2.2984467043559204e-01 1.7362711509957398e+02 -1.1751277302147456e+02 1.1725345556354805e+01 1.2234929238458285e+01 -1.5319003494061652e+01 6.2292681999999997e-03 8.1781068999999998e-02
-1.3282443429813864e-01 -1.7641049768536348e+02 2.3518116312803514e-01 1.6969178019794361e+02 -9.8047213263586372e+01 1.1122106222774041e+01 1.2469273266776758e+01 -1.4079769650601186e+01 6.4956331999999999e-03 8.8143510999999994e-02
-1.3068663573208958e-01 -1.6934454073194007e+02 2.4074106084501062e-01 1.6438604246566885e+02 -7.9999980671346123e+01 1.0550800952707835e+01 1.2612802776389247e+01 -1.2885155934857966e+01 6.7619166000000000e-03 9.4772308000000000e-02
-1.2846302429057499e-01 -1.6272911644421123e+02 2.4652413712425333e-01 1.5790047989793581e+02 -6.3438599247042326e+01 1.0009246492012879e+01 1.2672506619512577e+01 -1.1740003201569140e+01 7.0277381999999996e-03 1.0166719000000000e-01
-1.2615380863222064e-01 -1.5653336718552097e+02 2.5252984929507616e-01 1.5042775940241131e+02 -4.8408669488959305e+01 9.4954265248780736e+00 1.2655640293312238e+01 -1.0648443613954271e+01 7.2927204000000001e-03 1.0882751000000000e-01
-1.2375932351383254e-01 -1.5072896188438878e+02 2.5875732673588209e-01 1.4215981204306749e+02 -3.4933869255098820e+01 9.0074769513063053e+00 1.2569632010951986e+01 -9.6138760149476994e+00 7.5564877000000004e-03 1.1625223000000000e-01
-1.2128002043784657e-01 -1.4528984339839513e+02 2.6520539519788910e-01 1.3328499852635110e+02 -2.3016321894441461e+01 8.5436694416491665e+00 1.2422001997845669e+01 -8.6389448040857069e+00 7.8186677999999999e-03 1.2393994999999999e-01
-1.1871646700732497e-01 -1.4019202891161180e+02 2.7187257848262830e-01 1.2398540644999609e+02 -1.2637478618637152e+01 8.1023995531183655e+00 1.2220272118808694e+01 -7.7255380482164382e+00 8.0788911000000008e-03 1.3188891000000000e-01
-1.1606935660100856e-01 -1.3541344921351345e+02 2.7875707327947008e-01 1.1443442975896502e+02 -3.7594173916872222e+00 7.6821773358505183e+00 1.1971879308630751e+01 -6.8747996222721612e+00 8.3367917000000003e-03 1.4009695999999999e-01
-1.1333949547324715e-01 -1.3093376112215725e+02 2.8585678271558940e-01 1.0479440465302160e+02 3.6735953819877549e+00 7.2816152313915232e+00 1.1684093582699809e+01 -6.0871595767558526e+00 8.5920070000000005e-03 1.4856159999999999e-01
-1.1052780920403428e-01 -1.2673421526498284e+02 2.9316929958098298e-01 9.5214716926794111e+01 9.7331570112826977e+00 6.8994204344700361e+00 1.1363930184552579e+01 -5.3623560207809344e+00 8.8441787999999997e-03 1.5727996000000000e-01
-1.0763533624897249e-01 -1.2279751684670946e+02 3.0069192310345205e-01 8.5830148697524564e+01 1.4504596355578885e+01 6.5343859867095855e+00 1.1018092481994950e+01 -4.6994909563904406e+00 9.0929527999999999e-03 1.6624881999999999e-01
-1.0466322793927327e-01 -1.1910770965053344e+02 3.0842165894860246e-01 7.6759628974037014e+01 1.8084620256823396e+01 6.1853838028835870e+00 1.0652896432476764e+01 -4.0970833301792293e+00 9.3379794999999995e-03 1.7546460999999999e-01
-1.0161274525673972e-01 -1.1565006785323062e+02 3.1635522760733570e-01 6.8105346817390071e+01 2.0578866783720137e+01 5.8513579322837650e+00 1.0274230283564503e+01 -3.5531313460067069e+00 9.5789143999999993e-03 1.8492342000000001e-01
-9.8485268508818627e-02 -1.1241101168452838e+02 3.2448903923337513e-01 5.9952301474511344e+01 2.2099405496382676e+01 5.5313196409999161e+00 9.8874971516616892e+00 -3.0651823318678666e+00 9.8154178999999998e-03 1.9462097000000000e-01
-9.5282281203513647e-02 -1.0937800257134649e+02 3.3281923558072268e-01 5.2368119966590108e+01 2.2762265973024967e+01 5.2243404858258717e+00 9.4975908783147034e+00 -2.6304014841907599e+00 1.0047156000000000e-02 2.0455266000000000e-01
-9.2005366824367760e-02 -1.0653946558292708e+02 3.4134169839114969e-01 4.5403371281357508e+01 2.2685032385817600e+01 4.9295472634567519e+00 9.1088723284190873e+00 -2.2456459779046711e+00 1.0273801000000001e-02 2.1471357999999999e-01
-8.8656224955550297e-02 -1.0388473336580583e+02 3.5005200745674098e-01 3.9092132737184052e+01 2.1984570441575272e+01 4.6461191340461490e+00 8.7251599393448771e+00 -1.9075404069546327e+00 1.0495031000000000e-02 2.2509846000000000e-01
-8.5236651931752630e-02 -1.0140396513415183e+02 3.5894549094484213e-01 3.3452869565357020e+01 2.0774939848374569e+01 4.3732817806766544e+00 8.3497292307086717e+00 -1.6125466786537104e+00 1.0710529999999999e-02 2.3570173000000000e-01
-8.1748544063205433e-02 -9.9088092832183619e+01 3.6801721701056855e-01 2.8489590611197197e+01 1.9165523263713141e+01 4.1103040768163694e+00 7.9853200288182293e+00 -1.3570336222512689e+00 1.0919989999999999e-02 2.4651751000000000e-01
-7.8193900860696192e-02 -9.6928770674549980e+01 3.7726198540931388e-01 2.4193218970931035e+01 1.7259408337823679e+01 3.8564948763621416e+00 7.6341560290177757e+00 -1.1373426037995731e+00 1.1123108000000000e-02 2.5753959999999998e-01
-7.4574815360516966e-02 -9.4918321077759160e+01 3.8667435265922429e-01 2.0543093830186091e+01 1.5152036304014363e+01 3.6111991491162905e+00 7.2979690094832064e+00 -9.4984311741244576e-01 1.1319591000000000e-02 2.6876150999999998e-01
-7.0893470899446975e-02 -9.3049691152117006e+01 3.9624864042868935e-01 1.7508620906613238e+01 1.2930134284033233e+01 3.3737949182681812e+00 6.9780304023991748e+00 -7.9099046123743588e-01 1.1509152000000000e-02 2.8017647000000001e-01
-6.7152144339770042e-02 -9.1316415458343130e+01 4.0597892714885087e-01 1.5050994183245480e+01 1.0670946230826978e+01 3.1436907222571975e+00 6.6751893872119510e+00 -6.5736827386650676e-01 1.1691511000000000e-02 2.9177742000000001e-01
-6.3353209294291932e-02 -8.9712582005305123e+01 4.1585903962611181e-01 1.3124879524765474e+01 8.4417367563071739e+00 2.9203232759489244e+00 6.3899126369689707e+00 -5.4573023690884181e-01 1.1866398000000000e-02 3.0355700000000002e-01
-5.9499110326201227e-02 -8.8232789322244514e+01 4.2588262014206646e-01 1.1680133251170805e+01 6.2995574226417643e+00 2.7031535610287079e+00 6.1223270997605814e+00 -4.5302746614956552e-01 1.2033550000000000e-02 3.1550762999999998e-01
-5.5592385524191046e-02 -8.6872128403552523e+01 4.3604306774106139e-01 1.0663438012489573e+01 4.2912842275719481e+00 2.4916659750900116e+00 5.8722663493874077e+00 -3.7643596648950367e-01 1.2192715000000000e-02 3.2762143999999999e-01
-5.1635650377372097e-02 -8.5626150581223882e+01 4.4633358016765190e-01 1.0019769361451099e+01 2.4538593786340783e+00 2.2853652920540894e+00 5.6393145086034728e+00 -3.1337167056267734e-01 1.2343646000000000e-02 3.3989032000000002e-01
-4.7631601000290111e-02 -8.4490846191774580e+01 4.5674714547911088e-01 9.6938741929138761e+00 8.1475528735602809e-01 2.0837748777627891e+00 5.4228509159152525e+00 -2.6150128923232446e-01 1.2486109000000000e-02 3.5230591000000000e-01
-4.3583001232856147e-02 -8.3462621036298998e+01 4.6727657559539393e-01 9.6314639043826080e+00 -6.0743368064855319e-01 1.8864341509252660e+00 5.2220924612258397e+00 -2.1874557568481459e-01 1.2619877000000000e-02 3.6485963999999999e-01
-3.9492692315398856e-02 -8.2538281894278185e+01 4.7791448113666524e-01 9.7802892454154868e+00 -1.8022118313272448e+00 1.6928972911137206e+00 5.0361341951206899e+00 -1.8327810575762049e-01 1.2744734000000001e-02 3.7754270000000001e-01
-3.5363583213612299e-02 -8.1715018687227484e+01 4.8865329658577195e-01 1.0091099807628222e+01 -2.7663623221902394e+00 1.5027310197024066e+00 4.8639862500806936e+00 -1.5351846657136395e-01 1.2860473000000001e-02 3.9034606999999999e-01
-3.1198644168521056e-02 -8.0990390615671657e+01 4.9948529706322631e-01 1.0518283883499048e+01 -3.5030140533688758e+00 1.3155126432576485e+00 4.7046072862997503e+00 -1.2812160417466814e-01 1.2966896000000000e-02 4.0326054000000000e-01
-2.7000913146515204e-02 -8.0362316817695529e+01 5.1040258155222340e-01 1.1020472582910466e+01 -4.0206959834893219e+00 1.1308287405607622e+00 4.5569347894470269e+00 -1.0596342106615936e-01 1.3063819000000001e-02 4.1627669000000000e-01
-2.2773476489245686e-02 -7.9829064246503634e+01 5.2139712322358867e-01 1.1560900865414284e+01 -4.3323766712270109e+00 9.4827270832678723e-01 4.4199106634150294e+00 -8.6124618407256173e-02 1.3151064000000001e-02 4.2938494999999999e-01
-1.8519488263728900e-02 -7.9389246611018763e+01 5.3246071911083026e-01 1.2107625334928215e+01 -4.4545232519596496e+00 7.6744404739836369e-01 4.2925014998474271e+00 -6.7871884829961329e-02 1.3228465999999999e-02 4.4257553999999999e-01
-1.4242144462207396e-02 -7.9041812855888537e+01 5.4358505721006956e-01 1.2633596113409583e+01 -4.4062031511618596e+00 5.8794569360915805e-01 4.1737200397966099e+00 -5.0638187265175688e-02 1.3295871000000001e-02 4.5583855000000001e-01
-9.9446959022195525e-03 -7.8786049087453506e+01 5.5476168293007566e-01 1.3116600806344925e+01 -4.2082366907160722e+00 4.0938301065766369e-01 4.0626350488167065e+00 -3.4003303930037622e-02 1.3353135000000000e-02 4.6916390000000002e-01
-5.6304321015124836e-03 -7.8621576562138102e+01 5.6598204102972205e-01 1.3539097857906935e+01 -3.8824298639307058e+00 2.3136155650402834e-01 3.9583833164774935e+00 -1.7672632104934530e-02 1.3400123999999999e-02 4.8254139000000001e-01
-1.3026877280769567e-03 -7.8548354658505488e+01 5.7723745884300426e-01 1.3887959395124453e+01 -3.4508869250724530e+00 5.3485753802084979e-02 3.8601765769698693e+00 -1.4558752825788621e-03 1.3436718000000000e-02 4.9596067999999999e-01
3.0351702999223684e-03 -7.8566681947294768e+01 5.8851917982900470e-01 1.4154132138249825e+01 -2.9354073212581135e+00 -1.2464328866673746e-01 3.7673049612348555e+00 1.4741171974871235e-02 1.3462807000000000e-02 5.0941133000000005e-01
7.3797299140771211e-03 -7.8677206236725283e+01 5.9981833002192730e-01 1.4332264842324813e+01 -2.3570022652015776e+00 -3.0342888980711313e-01 3.6791389438995417e+00 3.0954138217165299e-02 1.3478291000000000e-02 5.2288276000000000e-01
1.1727562920892026e-02 -7.8880933604318756e+01 6.1112599351851982e-01 1.4420276072790104e+01 -1.7354429667370368e+00 -4.8328178387828169e-01 3.5951276856785523e+00 4.7156648773088561e-02 1.3483083000000000e-02 5.3636434000000000e-01
1.6075208876697777e-02 -7.9179236308806708e+01 6.2243317054061686e-01 1.4418915816081663e+01 -1.0889814612373321e+00 -6.6462132401436635e-01 3.5147966101274668e+00 6.3284240405372769e-02 1.3477108000000000e-02 5.4984533999999996e-01
2.0419181537685877e-02 -7.9573869573934289e+01 6.3373079421012291e-01 1.4331317624555796e+01 -4.3409748816139537e-01 -8.4787757685198306e-01 3.4377436008163373e+00 7.9245011265821869e-02 1.3460300999999999e-02 5.6331494999999998e-01
2.4755978534960865e-02 -8.0066988707258076e+01 6.4500975571148533e-01 1.4162557438600427e+01 2.1465273788287742e-01 -1.0334939013339550e+00 3.3636330255049049e+00 9.4930744594329347e-02 1.3432611000000001e-02 5.7676231000000000e-01
2.9082087824575054e-02 -8.0661171047296506e+01 6.5626092106667833e-01 1.3919230429768000e+01 8.4471976123716874e-01 -1.2219293712109320e+00 3.2921900742632300e+00 1.1022578336391185e-01 1.3393997000000000e-02 5.9017653000000003e-01
3.3393978012476344e-02 -8.1359435964591910e+01 6.6747510597272774e-01 1.3609052970298896e+01 1.4455761440642221e+00 -1.4136607500376850e+00 3.2231943077074128e+00 1.2501505399418866e-01 1.3344429999999999e-02 6.0354666000000001e-01
3.7688111254577855e-02 -8.2165277586441135e+01 6.7864310935167693e-01 1.3240499650213291e+01 2.0086816374876300e+00 -1.6091855929810053e+00 3.1564726641280632e+00 1.3918985289646277e-01 1.3283893999999999e-02 6.1686173000000000e-01
4.1960956156827517e-02 -8.3082696955458829e+01 6.8975574690055208e-01 1.2822474095558368e+01 2.5274050246721136e+00 -1.8090256302268237e+00 3.0918930751144904e+00 1.5264646716163641e-01 1.3212384000000001e-02 6.3011079000000003e-01
4.6208968425103636e-02 -8.4116235549857649e+01 7.0080380076641402e-01 1.2364023546592067e+01 2.9969021980873118e+00 -2.0137289397346310e+00 3.0293573708726864e+00 1.6530540146591499e-01 1.3129907000000000e-02 6.4328284999999996e-01
5.0428613440336806e-02 -8.5271021468677162e+01 7.1177807825879746e-01 1.1874091039054923e+01 3.4139778178237790e+00 -2.2238742932642079e+00 2.9687955625184728e+00 1.7709515501566112e-01 1.3036481000000001e-02 6.5636695000000000e-01
5.4616369483527077e-02 -8.6552819005351623e+01 7.2266942023720238e-01 1.1361309002351879e+01 3.7769145652226443e+00 -2.4400750493209373e+00 2.9101603806473202e+00 1.8796303510626225e-01 1.2932137999999999e-02 6.6935217000000002e-01
5.8768718060692005e-02 -8.7968080437721525e+01 7.3346867594861986e-01 1.0833846442326983e+01 4.0853102457771238e+00 -2.6629827215978161e+00 2.8534215196832964e+00 1.9787344388494377e-01 1.2816919000000000e-02 6.8222760000000005e-01
6.2882163252970830e-02 -8.9524014069956948e+01 7.4416675335248039e-01 1.0299262654300831e+01 4.3398865116583414e+00 -2.8932925075711786e+00 2.7985609639441398e+00 2.0680777827639907e-01 1.2690879000000000e-02 6.9498240000000000e-01
6.6953225266589922e-02 -9.1228653696426377e+01 7.5475460234567082e-01 9.7644333180612524e+00 4.5423158600688156e+00 -3.1317480002586731e+00 2.7455694203632497e+00 2.1476175128731886e-01 1.2554085000000000e-02 7.0760577999999996e-01
7.0978443657880003e-02 -9.3090940023497780e+01 7.6522322315002578e-01 9.2354825297808034e+00 4.6950447587389075e+00 -3.3791469746781932e+00 2.6944427150890378e+00 2.2174741201811021e-01 1.2406611999999999e-02 7.2008700999999997e-01
7.4954393458363133e-02 -9.5120820414109517e+01 7.7556370824978427e-01 8.7177502711577031e+00 4.8011292852562280e+00 -3.6363487048559127e+00 2.6451787341908450e+00 2.2778827096590587e-01 1.2248551000000000e-02 7.3241546999999996e-01
7.8877675499700622e-02 -9.7329350831032770e+01 7.8576721722911558e-01 8.2157935593621669e+00 4.8640799029094417e+00 -3.9042805708236221e+00 2.5977755224856272e+00 2.3291919826168506e-01 1.2080001999999999e-02 7.4458062000000003e-01
8.2744922863727699e-02 -9.9728818861604381e+01 7.9582499354710201e-01 7.7333846692237058e+00 4.8877221799299146e+00 -4.1839464423493160e+00 2.5522290718648293e+00 2.3718419354629777e-01 1.1901076999999999e-02 7.5657202000000001e-01
8.6552807332488463e-02 -1.0233288630611460e+02 8.0572838131272162e-01 7.2735547983835254e+00 4.8760704689146817e+00 -4.4764363837341419e+00 2.5085323429992896e+00 2.4063463199603399e-01 1.1711898000000000e-02 7.6837935000000002e-01
9.0298049063287950e-02 -1.0515675523650600e+02 8.1546885044732187e-01 6.8386272341540151e+00 4.8332189238445098e+00 -4.7829377902251231e+00 2.4666742349816326e+00 2.4332739706428091e-01 1.1512599000000000e-02 7.7999244000000001e-01
9.3977400463605282e-02 -1.0821733971044524e+02 8.2503795474716324e-01 6.4302745321085748e+00 4.7632469870829608e+00 -5.1047460761847976e+00 2.4266390497011434e+00 2.4532323041908269e-01 1.1303326000000001e-02 7.9140122000000002e-01
9.7587678441267395e-02 -1.1153350255710576e+02 8.3442741575833212e-01 6.0495730552896756e+00 4.6701408274867404e+00 -5.4432810692786493e+00 2.3884060455884035e+00 2.4668531204719199e-01 1.1084235000000000e-02 8.0259581999999996e-01
1.0112573537929273e-01 -1.1512627673479014e+02 8.4362904728931942e-01 5.6970715129886100e+00 4.5577299829036821e+00 -5.8001002636159891e+00 2.3519498418311375e+00 2.4747762886776362e-01 1.0855490000000001e-02 8.1356647999999998e-01
1.0458848816104779e-01 -1.1901917543126383e+02 8.5263483089844194e-01 5.3728464888720397e+00 4.4296371656873967e+00 -6.1769196724095980e+00 2.3172402585326148e+00 2.4776404069085226e-01 1.0617270000000000e-02 8.2430364000000000e-01
1.0797291172021203e-01 -1.2323852022596645e+02 8.6143689911885979e-01 5.0765800312363707e+00 4.2892535211554073e+00 -6.5756346791194336e+00 2.2842427342668570e+00 2.4760685900693058e-01 1.0369760000000000e-02 8.3479791999999997e-01
1.1127604226579565e-01 -1.2781383451434661e+02 8.7002754384606795e-01 4.8076108726195157e+00 4.1396574204820533e+00 -6.9983450248884456e+00 2.2529191847761156e+00 2.4706647914276209e-01 1.0113159000000000e-02 8.4504013000000000e-01
1.1449498050715687e-01 -1.3277830561545827e+02 8.7839922472538734e-01 4.5649980850985266e+00 3.9837028184839016e+00 -7.4473843848269130e+00 2.2232279752267479e+00 2.4620038482010800e-01 9.8476710000000005e-03 8.5502127999999999e-01
1.1762689165400184e-01 -1.3816932485225732e+02 8.8654456915196489e-01 4.3475805966005332e+00 3.8239153898381097e+00 -7.9253545067325035e+00 2.1951245172505733e+00 2.4506265581921641e-01 9.5735140000000000e-03 8.6473257999999997e-01
1.2066902154147155e-01 -1.4402915857923693e+02 8.9445641420823008e-01 4.1540248101633548e+00 3.6625315846879203e+00 -8.4351684317739526e+00 2.1685623619760941e+00 2.4370359475894299e-01 9.2909130999999992e-03 8.7416548999999999e-01
1.2361868050505523e-01 -1.5040568990919598e+02 9.0212776472643819e-01 3.9828746617877551e+00 3.5015088146411961e+00 -8.9800966050545341e+00 2.1434935845999821e+00 2.4216953907877309e-01 9.0001030000000006e-03 8.8331166999999999e-01
1.2647326273069434e-01 -1.5735337938626003e+02 9.0955184361361874e-01 3.8325896620578321e+00 3.3425264071461949e+00 -9.5638284521109416e+00 2.1198691454180327e+00 2.4050270323980810e-01 8.7013270999999996e-03 8.9216304000000002e-01
1.2923023657973046e-01 -1.6493436640024308e+02 9.1672206668910061e-01 3.7015827317431413e+00 3.1870067378681504e+00 -1.0190541393200208e+01 2.0976397091389076e+00 2.3874123567090599e-01 8.3948374000000006e-03 9.0071175000000003e-01
1.3188716071399251e-01 -1.7321986705883288e+02 9.2363208462196955e-01 3.5882585154698003e+00 3.0361284795888364e+00 -1.0864990263528009e+01 2.0767560289298386e+00 2.3691942245536793e-01 8.0808944000000001e-03 9.0895022999999997e-01
1.3444167119572684e-01 -1.8229183714839834e+02 9.3027574938110236e-01 3.4910244751230599e+00 2.8908490150542563e+00 -1.1592610954455893e+01 2.0571688011588010e+00 2.3506594890481952e-01 7.7597663000000001e-03 9.1687114999999997e-01
1.3689149438766715e-01 -1.9224507321311830e+02 9.3664714778513225e-01 3.4083254714041167e+00 2.7519233703357715e+00 -1.2379654685450458e+01 2.0388321413764654e+00 2.3320830391859387e-01 7.4317293999999999e-03 9.2446746000000002e-01
1.3923445017805150e-01 -2.0318985355647246e+02 9.4274060988994013e-01 3.3386600983585906e+00 2.6199281501245384e+00 -1.3233355048827290e+01 2.0216977783392460e+00 2.3136870734151768e-01 7.0970672000000004e-03 9.3173240000000002e-01
1.4146844553058788e-01 -2.1525522007369750e+02 9.4855069221367194e-01 3.2805903859979271e+00 2.4952799794086178e+00 -1.4162135478659902e+01 2.0057216221728176e+00 2.2956644842400903e-01 6.7560703000000000e-03 9.3865947999999999e-01
1.4359149060954099e-01 -2.2859331249024515e+02 9.5407221967419542e-01 3.2327524810212953e+00 2.3782566188297567e+00 -1.5175885489573560e+01 1.9908606302731862e+00 2.2781778421222490e-01 6.4090362999999996e-03 9.4524253000000003e-01
1.4560167942962796e-01 -2.4338478591778335e+02 9.5930023526415187e-01 3.1938685600619916e+00 2.2690186475179619e+00 -1.6286303051832249e+01 1.9770741524340125e+00 2.2613621639877973e-01 6.0562691999999996e-03 9.5147563999999996e-01
1.4749722210619223e-01 -2.5984634389251130e+02 9.6423008392586973e-01 3.1627465339753940e+00 2.1676263766739701e+00 -1.7507377338729665e+01 1.9643235145968265e+00 2.2453277553891302e-01 5.6980790999999996e-03 9.5735325999999998e-01
1.4927641260502963e-01 -2.7824034040375528e+02 9.6885732867645091e-01 3.1382832908311578e+00 2.0740591287478085e+00 -1.8855997705961705e+01 1.9525724438992991e+00 2.2301633190068057e-01 5.3347821999999998e-03 9.6287009999999995e-01
1.5093766099256242e-01 -2.9888856789910699e+02 9.7317783448268458e-01 3.1194750248499536e+00 1.9882307907088237e+00 -2.0352838772741872e+01 1.9417871024479032e+00 2.2159374926821615e-01 4.9667000000000001e-03 9.6802122999999995e-01
1.5247947086071742e-01 -3.2219097239721270e+02 9.7718770954860712e-01 3.1054011076899339e+00 1.9100042908147357e+00 -2.2023557319414909e+01 1.9319362032099741e+00 2.2027057559455926e-01 4.5941591999999996e-03 9.7280200999999999e-01
1.5390046512706509e-01 -3.4865356940694477e+02 9.8088337241543333e-01 3.0952278875751342e+00 1.8392074521946915e+00 -2.3900576409421621e+01 1.9229908712662263e+00 2.1905049583238836e-01 4.2174915999999996e-03 9.7720817000000004e-01
1.5519936023468064e-01 -3.7892862512278123e+02 9.8426148486162546e-01 3.0882144218378782e+00 1.7756410014255326e+00 -2.6025679091560814e+01 1.9149247355577188e+00 2.1793645202086478e-01 3.8370333000000002e-03 9.8123572999999997e-01
1.5637499195228291e-01 -4.1387832934108729e+02 9.8731901900282437e-01 3.0837013850637751e+00 1.7190935036393584e+00 -2.8454102627147037e+01 1.9077139715413431e+00 2.1693006301049397e-01 3.4531249000000000e-03 9.8488107999999996e-01
1.5742630569918245e-01 -4.5467675086312346e+02 9.9005323212937457e-01 3.0811011287665906e+00 1.6693483856036508e+00 -3.1261112585669398e+01 1.9013373158973728e+00 2.1603261876819693e-01 3.0661112999999999e-03 9.8814095000000002e-01
1.5835235009524642e-01 -5.0298392641304270e+02 9.9246164993134256e-01 3.0799106194401764e+00 1.6261937642107951e+00 -3.4553247586376379e+01 1.8957757602884722e+00 2.1524459040230864e-01 2.6763420000000000e-03 9.9101238999999997e-01
1.5915229631100333e-01 -5.6126689676474666e+02 9.9454211682346416e-01 3.0796930826399511e+00 1.5894276298046468e+00 -3.8489086952071389e+01 1.8910128462555389e+00 2.1456608226422011e-01 2.2841723000000002e-03 9.9349282999999999e-01
1.5982543161760795e-01 -6.3344558877865586e+02 9.9629277917016190e-01 3.0800819888152104e+00 1.5588650189545374e+00 -4.3321110970384879e+01 1.8870343745636819e+00 2.1399697534658435e-01 1.8899688000000000e-03 9.9558005999999999e-01
1.6037115616182399e-01 -7.2637711387124034e+02 9.9771207689805386e-01 3.0807749233435837e+00 1.5343428800419878e+00 -4.9491797081326830e+01 1.8838285623588953e+00 2.1353693770976215e-01 1.4941295000000000e-03 9.9727222000000004e-01
1.6078902811626775e-01 -8.5404387190881846e+02 9.9879886092083203e-01 3.0815311340057376e+00 1.5157225791926983e+00 -5.7905531603527905e+01 1.8813856016017030e+00 2.1318553525057832e-01 1.0971916000000000e-03 9.9856794000000004e-01
1.6107888623006936e-01 -1.0547108782508153e+03 9.9955271186393124e-01 3.0821694033858358e+00 1.5028876176990884e+00 -7.1042705986999238e+01 1.8796970147882825e+00 2.1294223072199769e-01 7.0085733000000002e-04 9.9946672000000003e-01
