-2.2889618280370244e-01 -1.7561572525542861e+03 2.2889744008123022e-01 -1.6742857405432956e+03 -4.9306534699008222e+02 1.1642628688138039e+02 -1.1109991378327157e+02 -3.2082092992702727e+01 5.5301730000000003e-06 1.0230946000000001e-06
-2.2888753013013668e-01 -1.2903571916189144e+03 2.2891201457484733e-01 -1.2079756376312637e+03 -4.9295265518607386e+02 8.6114687405048656e+01 -8.0764639337167566e+01 -3.2077007647354264e+01 3.5894988000000002e-05 1.9923924999999999e-05
-2.2886038347256887e-01 -1.0742188425989707e+03 2.2895774018606344e-01 -9.9053836148442508e+02 -4.9259923160194467e+02 7.2042021522321505e+01 -6.6631330424959813e+01 -3.2061057734963164e+01 8.5619985000000003e-05 7.9222864999999994e-05
-2.2880664190136607e-01 -9.3241605833034589e+02 2.2904826205546203e-01 -8.4654123936516874e+02 -4.9190016037620217e+02 6.2799732914599502e+01 -5.7285980569411635e+01 -3.2029503129373801e+01 1.5173507999999999e-04 1.9661552000000001e-04
-2.2871921543431695e-01 -8.2713414337180382e+02 2.2919552249193748e-01 -7.3813281628888058e+02 -4.9076459653417396e+02 5.5927132250687812e+01 -5.0265705402409708e+01 -3.1978229978699911e+01 2.3255418000000001e-04 3.8758918999999998e-04
-2.2859165590397523e-01 -7.4373946051721009e+02 2.2941038273676662e-01 -6.5068277369762916e+02 -4.8911148251276614e+02 5.0472090714477133e+01 -4.4618017182170739e+01 -3.1903552387876456e+01 3.2689763000000001e-04 6.6622920000000002e-04
-2.2841798899329710e-01 -6.7500723393039334e+02 2.2970290588142755e-01 -5.7699637385297274e+02 -4.8686793636347068e+02 4.5964701725869439e+01 -3.9873890298614775e+01 -3.1802134217703621e+01 4.3385032000000002e-04 1.0455858000000000e-03
-2.2819262023465336e-01 -6.1683029890293392e+02 2.3008251520210568e-01 -5.1301593406683389e+02 -4.8396863691414887e+02 4.2138016896263935e+01 -3.5768142415665594e+01 -3.1670955596869081e+01 5.5265518999999999e-04 1.5378795000000000e-03
-2.2791027690212565e-01 -5.6664470554396166e+02 2.3055809203584182e-01 -4.5624212204948071e+02 -4.8035569340974087e+02 3.8825559970929127e+01 -3.2136766999915196e+01 -3.1507301267543212e+01 6.8265765000000004e-04 2.1546280000000000e-03
-2.2756596877404253e-01 -5.2273850639517775e+02 2.3113804187180026e-01 -4.0503938402717330e+02 -4.7597876142971239e+02 3.5916330543813388e+01 -2.8871780928670017e+01 -3.1308760109875053e+01 8.2327310000000005e-04 2.9067318999999999e-03
-2.2715496139785052e-01 -4.8390884309116268e+02 2.3183033938370426e-01 -3.5829077614289429e+02 -4.7079530688710378e+02 3.3332474809707847e+01 -2.5898793414045862e+01 -3.1073231744323298e+01 9.7396649000000004e-04 3.8045331000000002e-03
-2.2667275654234015e-01 -4.4927595743383387e+02 2.3264256135594907e-01 -3.1520999178965445e+02 -4.6477093225543535e+02 3.1017180308402992e+01 -2.3164810789672959e+01 -3.0798936360214945e+01 1.1342389000000000e-03 4.8578574999999999e-03
-2.2611507791449495e-01 -4.1817516972238570e+02 2.3358191074202647e-01 -2.7523169195994183e+02 -4.5787972562080444e+02 2.8927621444575724e+01 -2.0631118410117157e+01 -3.0484426355610591e+01 1.3036180000000001e-03 6.0760461999999999e-03
-2.2547786081336280e-01 -3.9009066159366193e+02 2.3465523409146039e-01 -2.3794377378149306e+02 -4.5010459850438201e+02 2.7030655000392780e+01 -1.8268909389721546e+01 -3.0128598309897928e+01 1.4816515000000000e-03 7.4679780999999997e-03
-2.2475724375243844e-01 -3.6461300326544045e+02 2.3586903566099821e-01 -2.0304349685402281e+02 -4.4143757377458218e+02 2.5300048346218549e+01 -1.6056456092270452e+01 -2.9730703780323836e+01 1.6679024999999999e-03 9.0420881999999994e-03
-2.2394956278302661e-01 -3.4141094871884746e+02 2.3722948697629229e-01 -1.7030795978717825e+02 -4.3188001913981589e+02 2.3714640099853238e+01 -1.3977217768479910e+01 -2.9290358834735052e+01 1.8619452999999999e-03 1.0806380000000001e-02
-2.2305134622961903e-01 -3.2021205475281664e+02 2.3874243569958850e-01 -1.3957336921941695e+02 -4.2144278322474173e+02 2.2257077515012877e+01 -1.2018525334857660e+01 -2.8807550576382905e+01 2.0633631000000000e-03 1.2768437000000001e-02
-2.2205931226358988e-01 -3.0078907140405266e+02 2.4041340971657393e-01 -1.1072020547222778e+02 -4.1014625816895983e+02 2.0912923164329225e+01 -1.0170644898842239e+01 -2.8282641687563238e+01 2.2717459999999998e-03 1.4935428000000001e-02
-2.2097036482883545e-01 -2.8295006917226698e+02 2.4224762399919672e-01 -8.3662091700216024e+01 -3.9802028788424582e+02 1.9670019932365374e+01 -8.4260849130662265e+00 -2.7716370155985576e+01 2.4866887000000002e-03 1.7314116000000001e-02
-2.1978159373333278e-01 -2.6653124284238186e+02 2.4424998045144539e-01 -5.8337404589542565e+01 -3.8510402628331968e+02 1.8518015607315533e+01 -6.7790847849848719e+00 -2.7109847087234765e+01 2.7077901999999999e-03 1.9910858000000000e-02
-2.1849026961341331e-01 -2.5139141743605202e+02 2.4642507639148564e-01 -3.4702601948240826e+01 -3.7144557765628076e+02 1.7448006951484881e+01 -5.2252057788548232e+00 -2.6464547477281503e+01 2.9346520999999999e-03 2.2731616000000000e-02
-2.1709384668052270e-01 -2.3740797224975117e+02 2.4877719992504035e-01 -1.2727061885442923e+01 -3.5710160612055131e+02 1.6452274338660590e+01 -3.7610281001883550e+00 -2.5782298743161434e+01 3.1668782999999998e-03 2.5781951000000001e-02
-2.1558995997446112e-01 -2.2447360605708715e+02 2.5131033457200957e-01 7.6112058252872279e+00 -3.4213675088073080e+02 1.5524071372644173e+01 -2.3838981845587552e+00 -2.5065268401256777e+01 3.4040742000000001e-03 2.9067029000000001e-02
-2.1397642353220989e-01 -2.1249381861427261e+02 2.5402816235088393e-01 2.6329042425421836e+01 -3.2662292463504895e+02 1.4657461594998210e+01 -1.0917257682211916e+00 -2.4315944591022230e+01 3.6458464000000000e-03 3.2591624999999999e-02
-2.1225123313469135e-01 -2.0138494029076091e+02 2.5693405915212464e-01 4.3440957174749002e+01 -3.1063855204182778e+02 1.3847189865020978e+01 1.1717676980258740e-01 -2.3537101747221485e+01 3.8918026000000000e-03 3.6360116999999997e-02
-2.1041256264442249e-01 -1.9107250236736047e+02 2.6003110090699022e-01 5.8961518951702821e+01 -2.9426761027420707e+02 1.3088581739513494e+01 1.2442333553427931e+00 -2.2731780986558483e+01 4.1415510999999999e-03 4.0376493999999999e-02
-2.0845876537889477e-01 -1.8148994741053571e+02 2.6332206127422636e-01 7.2907293284604904e+01 -2.7759862785165342e+02 1.2377453304396870e+01 2.2907145700999409e+00 -2.1903257819879929e+01 4.3947007000000003e-03 4.4644352999999998e-02
-2.0638837411057420e-01 -1.7257755937819650e+02 2.6680941164006611e-01 8.5298363709323866e+01 -2.6072369505167421e+02 1.1710047318731155e+01 3.2578303382765208e+00 -2.1055006790158323e+01 4.6508610999999997e-03 4.9166899000000000e-02
-2.0420009923572813e-01 -1.6428157138948526e+02 2.7049532420264305e-01 9.6159625724790615e+01 -2.4373715652473965e+02 1.1082975115170068e+01 4.1468067204250199e+00 -2.0190662469670389e+01 4.9096423000000002e-03 5.3946949000000001e-02
-2.0189283106339162e-01 -1.5655343583953749e+02 2.7438166811647480e-01 1.0552165193696192e+02 -2.2673455297637591e+02 1.0493170077392252e+01 4.9589463031118024e+00 -1.9313984031315034e+01 5.1706551000000002e-03 5.8986927000000001e-02
-1.9946563569522796e-01 -1.4934918785705662e+02 2.7847001643239294e-01 1.1342142292820448e+02 -2.0981134678892340e+02 9.9378468008232854e+00 5.6956787064211252e+00 -1.8428802591026223e+01 5.4335110000000002e-03 6.4288872999999996e-02
-1.9691775914566817e-01 -1.4262893018712131e+02 2.8276163915761310e-01 1.1990269441342114e+02 -1.9306175234812054e+02 9.4144702423925839e+00 6.3585968075776984e+00 -1.7538994047741820e+01 5.6978226000000002e-03 6.9854434000000007e-02
-1.9424862276397808e-01 -1.3635637260362401e+02 2.8725751096676805e-01 1.2501619066123946e+02 -1.7657751893102991e+02 8.9207242346976656e+00 6.9494867389642030e+00 -1.6648433797545874e+01 5.9632034000000004e-03 7.5684873999999999e-02
-1.9145782552322488e-01 -1.3049844357735731e+02 2.9195830734639144e-01 1.2881955454997527e+02 -1.6044680587798979e+02 8.4544892483158254e+00 7.4703363306893449e+00 -1.5760945287594259e+01 6.2292681999999997e-03 8.1781068999999998e-02
-1.8854514218910379e-01 -1.2502495773262069e+02 2.9686440767933087e-01 1.3137712463903571e+02 -1.4475309904284512e+02 8.0138207664262264e+00 7.9233645052228994e+00 -1.4880268170163900e+01 6.4956331999999999e-03 8.8143510999999994e-02
-1.8551052331993817e-01 -1.1990832399933076e+02 3.0197589524474805e-01 1.3275950661669822e+02 -1.2957420965750595e+02 7.5969312868363854e+00 8.3110030452007368e+00 -1.4010017252718670e+01 6.7619166000000000e-03 9.4772308000000000e-02
-1.8235409251991963e-01 -1.1512327520755970e+02 3.0729256184473880e-01 1.3304301498965677e+02 -1.1498138756602297e+02 7.2021741773914032e+00 8.6359024173581993e+00 -1.3153645746443022e+01 7.0277381999999996e-03 1.0166719000000000e-01
-1.7907614598131483e-01 -1.1064666224666728e+02 3.1281390857543639e-01 1.3230896346579127e+02 -1.0103853279942406e+02 6.8280300235677522e+00 8.9009187073771479e+00 -1.2314411994491653e+01 7.2927204000000001e-03 1.0882751000000000e-01
-1.7567715889357155e-01 -1.0645725296544576e+02 3.1853913503156472e-01 1.3064285478375291e+02 -8.7801594497753911e+01 6.4730951633881482e+00 9.1090964371909688e+00 -1.1495351408108139e+01 7.5564877000000004e-03 1.1625223000000000e-01
-1.7215777216731307e-01 -1.0253554236032818e+02 3.2446716166843553e-01 1.2813347573002699e+02 -7.5317972231806223e+01 6.1360696417404634e+00 9.2636496795372398e+00 -1.0699246875944928e+01 7.8186677999999999e-03 1.2393994999999999e-01
-1.6851879151875154e-01 -9.8863596939042509e+01 3.3059663134415473e-01 1.2487192389349073e+02 -6.3626215425774376e+01 5.8157477077908606e+00 9.3679369075172545e+00 -9.9286076357405157e+00 8.0788911000000008e-03 1.3188891000000000e-01
-1.6476120120348695e-01 -9.5424941681477492e+01 3.3692588618652247e-01 1.2095060812554668e+02 -5.2755853187341451e+01 5.5110108437302516e+00 9.4254324245873633e+00 -9.1856560393639004e+00 8.3367917000000003e-03 1.4009695999999999e-01
-1.6088614570477516e-01 -9.2204401418456087e+01 3.4345299843716659e-01 1.1646222758182788e+02 -4.2727216632646233e+01 5.2208183149482252e+00 9.4396989529440560e+00 -8.4723064034056144e+00 8.5920070000000005e-03 1.4856159999999999e-01
-1.5689493888939393e-01 -8.9188006700221308e+01 3.5017575502947595e-01 1.1149875541283576e+02 -3.3551637731678007e+01 4.9442017595773349e+00 9.4143547086289541e+00 -7.7901659167654733e+00 8.8441787999999997e-03 1.5727996000000000e-01
-1.5278905485177674e-01 -8.6362896283935896e+01 3.5709167301066735e-01 1.0615044544524829e+02 -2.5231591847699654e+01 4.6802579600784551e+00 9.3530428541963389e+00 -7.1405249723932087e+00 9.0929527999999999e-03 1.6624881999999999e-01
-1.4857012791401292e-01 -8.3717206341925674e+01 3.6419799954178544e-01 1.0050488815511915e+02 -1.7761089663917247e+01 4.4281437180781369e+00 9.2593997838338957e+00 -6.5243596985342540e+00 9.3379794999999995e-03 1.7546460999999999e-01
-1.4423994804791465e-01 -8.1240008902395701e+01 3.7149171960873628e-01 9.4646051279339119e+01 -1.1126140329737142e+01 4.1870706489731635e+00 9.1370231998686204e+00 -5.9423368669767411e+00 9.5789143999999993e-03 1.8492342000000001e-01
-1.3980047460881595e-01 -7.8921237931726978e+01 3.7896953288918700e-01 8.8654010912944756e+01 -5.3053602418116856e+00 3.9563014579683067e+00 8.9894443237870423e+00 -5.3948244247181849e+00 9.8154178999999998e-03 1.9462097000000000e-01
-1.3525381344590759e-01 -7.6751606338297947e+01 3.8662789230773276e-01 8.2603202341773283e+01 -2.7059408304545346e-01 3.7351445888298218e+00 8.8200985228902038e+00 -4.8819041109875281e+00 1.0047156000000000e-02 2.0455266000000000e-01
-1.3060221232430402e-01 -7.4722554346222125e+01 3.9446301174693099e-01 7.6562860465195627e+01 4.0123136403271342e+00 3.5229504574316550e+00 8.6322997254906895e+00 -4.4033837665741773e+00 1.0273801000000001e-02 2.1471357999999999e-01
-1.2584808381470858e-01 -7.2826197548002256e+01 4.0247082749213325e-01 7.0596028000575259e+01 7.5826980530124288e+00 3.3191092143505720e+00 8.4292183283562583e+00 -3.9588216641636951e+00 1.0495031000000000e-02 2.2509846000000000e-01
-1.2099397782581531e-01 -7.1055280174568821e+01 4.1064704449768663e-01 6.4759331777632795e+01 1.0484275806522655e+01 3.1230461137571162e+00 8.2138602173741369e+00 -3.5475446581622374e+00 1.0710529999999999e-02 2.3570173000000000e-01
-1.1604258618224195e-01 -6.9403113818846293e+01 4.1898712867589993e-01 5.9102674730044463e+01 1.2764265498341148e+01 2.9342190636567418e+00 7.9890500423546174e+00 -3.1686716166666433e+00 1.0919989999999999e-02 2.4651751000000000e-01
-1.1099674720246300e-01 -6.7863551792480251e+01 4.2748629918601044e-01 5.3669164520601477e+01 1.4472527998033112e+01 2.7521169703753041e+00 7.7574178654351318e+00 -2.8211385293147431e+00 1.1123108000000000e-02 2.5753959999999998e-01
-1.0585943196501066e-01 -6.6430943666864451e+01 4.3613955156728429e-01 4.8495004073288378e+01 1.5660717891940882e+01 2.5762552148684015e+00 7.5213882564472359e+00 -2.5037232866009762e+00 1.1319591000000000e-02 2.6876150999999998e-01
-1.0063373973054174e-01 -6.5100108788731163e+01 4.4494166545004987e-01 4.3609719723851704e+01 1.6381480085096115e+01 2.4061745634553482e+00 7.2831731400866619e+00 -2.2150711338193880e+00 1.1509152000000000e-02 2.8017647000000001e-01
-9.5322902519770769e-02 -6.3866296667850634e+01 4.5388719684466439e-01 3.9036213610066021e+01 1.6687653465035723e+01 2.2414388006925843e+00 7.0447683118132662e+00 -1.9537205173256171e+00 1.1691511000000000e-02 2.9177742000000001e-01
-8.9930289691402959e-02 -6.2725169181045210e+01 4.6297047043048045e-01 3.4791110399416588e+01 1.6631560773445170e+01 2.0816329664958428e+00 6.8079527173198251e+00 -1.7181284857014709e+00 1.1866398000000000e-02 3.0355700000000002e-01
-8.4459371318670068e-02 -6.1672765159359273e+01 4.7218564124411400e-01 3.0885066465129245e+01 1.6264346023328308e+01 1.9263605035602018e+00 6.5742898049965328e+00 -1.5066932913041418e+00 1.2033550000000000e-02 3.1550762999999998e-01
-7.8913750234861441e-02 -6.0705487491493685e+01 4.8152664070220969e-01 2.7323214670112037e+01 1.5635388459202559e+01 1.7752425142934380e+00 6.3451323401915722e+00 -1.3177786590079983e+00 1.2192715000000000e-02 3.2762143999999999e-01
-7.3297139143659096e-02 -5.9820078173378469e+01 4.9098721515660854e-01 2.4105605783027219e+01 1.4791791186263696e+01 1.6279148000341879e+00 6.1216299612056115e+00 -1.1497349200774256e+00 1.2343646000000000e-02 3.3989032000000002e-01
-6.7613365197070618e-02 -5.9013603490062565e+01 5.0056091818331427e-01 2.1227732984332008e+01 1.3777950915401544e+01 1.4840300105147350e+00 5.9047373414670155e+00 -1.0009180943033802e+00 1.2486109000000000e-02 3.5230591000000000e-01
-6.1866351683696974e-02 -5.8283431043033133e+01 5.1024114142662746e-01 1.8681047791972684e+01 1.2635206564898338e+01 1.3432486998388322e+00 5.6952258597200647e+00 -8.6970724823310364e-01 1.2619877000000000e-02 3.6485963999999999e-01
-5.6060131762531829e-02 -5.7627227159269729e+01 5.2002109146604492e-01 1.6453518039499102e+01 1.1401577199379323e+01 1.2052453989181866e+00 5.4936949530651198e+00 -7.5452130057256250e-01 1.2744734000000001e-02 3.7754270000000001e-01
-5.0198834729162256e-02 -5.7042935020488983e+01 5.2989381294936011e-01 1.4530174831312481e+01 1.0111565758900998e+01 1.0697035394866341e+00 5.3005852854115325e+00 -6.5383171935552797e-01 1.2860473000000001e-02 3.9034606999999999e-01
-4.4286676859902813e-02 -5.6528770096712115e+01 5.3985220401473044e-01 1.2893652226591616e+01 8.7960490211917701e+00 9.3631419791062243e-01 5.1161934360821171e+00 -5.6617404037396812e-01 1.2966896000000000e-02 4.0326054000000000e-01
-3.8327970567661518e-02 -5.6083209871740145e+01 5.4988900086860970e-01 1.1524721697999563e+01 7.4822362065718790e+00 8.0477565961426611e-01 4.9406857833170825e+00 -4.9015728977373552e-01 1.3063819000000001e-02 4.1627669000000000e-01
-3.2327096934341798e-02 -5.5704985812924043e+01 5.5999682405194984e-01 1.0402787151236502e+01 6.1936807383834180e+00 6.7479188643293098e-01 4.7741124796852166e+00 -4.2447105030924598e-01 1.3151064000000001e-02 4.2938494999999999e-01
-2.6288533178440487e-02 -5.5393080413914504e+01 5.7016813217399920e-01 9.5063631347525739e+00 4.9503710736199942e+00 5.4607088717722707e-01 4.6164234462748599e+00 -3.6789106282874051e-01 1.3228465999999999e-02 4.4257553999999999e-01
-2.0216816031583762e-02 -5.5146721585035927e+01 5.8039528360057080e-01 8.8135023968480652e+00 3.7688521575647913e+00 4.1832354295613028e-01 4.4674811782659773e+00 -3.1928236523987702e-01 1.3295871000000001e-02 4.5583855000000001e-01
-1.4116560050259214e-02 -5.4965381611510693e+01 5.9067050560990864e-01 8.3021932691197655e+00 2.6623962493421134e+00 2.9126285540678065e-01 4.3270751880279406e+00 -2.7760135888784238e-01 1.3353135000000000e-02 4.6916390000000002e-01
-7.9924347261507156e-03 -5.4848776115928750e+01 6.0098593294785441e-01 7.9507070633266235e+00 1.6412094497668941e+00 1.6460144968781165e-01 4.1949343997706725e+00 -2.4189581898456577e-01 1.3400123999999999e-02 4.8254139000000001e-01
-1.8491736420044314e-03 -5.4796865629220328e+01 6.1133359240578122e-01 7.7378958642483830e+00 7.1266576706877260e-01 3.8051744926539843e-02 4.0707402844943621e+00 -2.1130412277364771e-01 1.3436718000000000e-02 4.9596067999999999e-01
4.3084438401032044e-03 -5.4809858470341439e+01 6.2170543366472741e-01 7.6434618870087432e+00 -1.1844238292885614e-01 -8.8676228706530580e-02 3.9541366681397196e+00 -1.8505279213436016e-01 1.3462807000000000e-02 5.0941133000000005e-01
1.0475574267033438e-02 -5.4888215018996036e+01 6.3209329845126228e-01 7.6481564081188829e+00 -8.4963516614465662e-01 -2.1587567406778208e-01 3.8447416652953867e+00 -1.6245343378632154e-01 1.3478291000000000e-02 5.2288276000000000e-01
1.6647351295982410e-02 -5.5032654314422416e+01 6.4248898993678782e-01 7.7339536336604935e+00 -1.4804798240281496e+00 -3.4384534637549136e-01 3.7421555377663878e+00 -1.4289857236991302e-01 1.3483083000000000e-02 5.3636434000000000e-01
2.2818862804815987e-02 -5.5244162774797985e+01 6.5288423418237085e-01 7.8841741850818678e+00 -2.0123141874135331e+00 -4.7289001072074432e-01 3.6459700058864470e+00 -1.2585712755304423e-01 1.3477108000000000e-02 5.4984533999999996e-01
2.8985160047935998e-02 -5.5524010462300545e+01 6.6327069556081097e-01 8.0835703981289111e+00 -2.4479811021529678e+00 -6.0332297985636929e-01 3.5557744684616961e+00 -1.1086925643945610e-01 1.3460300999999999e-02 5.6331494999999998e-01
3.5141271390078943e-02 -5.5873732650991677e+01 6.7363999988973955e-01 8.3183771968366891e+00 -2.7915711763705122e+00 -7.3546669792686892e-01 3.4711627822881850e+00 -9.7540885302509511e-02 1.3432611000000001e-02 5.7676231000000000e-01
4.1282211462182361e-02 -5.6295208376259779e+01 6.8398374985368782e-01 8.5763307280885979e+00 -3.0481782481810646e+00 -8.6965562094119253e-01 3.3917379819494586e+00 -8.5538024921564398e-02 1.3393997000000000e-02 5.9017653000000003e-01
4.7402967427585652e-02 -5.6790614353456768e+01 6.9429350187098615e-01 8.8466562992426958e+00 -3.2236690305610916e+00 -1.0062366770893894e+00 3.3171167524546190e+00 -7.4581519098716881e-02 1.3344429999999999e-02 6.0354666000000001e-01
5.3498517293762149e-02 -5.7362477533262791e+01 7.0456079693789786e-01 9.1200338220325392e+00 -3.3244735438732915e+00 -1.1455727804245734e+00 3.2469327000409374e+00 -6.4440409581515132e-02 1.3283893999999999e-02 6.1686173000000000e-01
5.9563848224051252e-02 -5.8013693762810945e+01 7.1477719147275343e-01 9.3885437932842812e+00 -3.3573924746951631e+00 -1.2880443993292721e+00 3.1808386036506571e+00 -5.4927537933814191e-02 1.3212384000000001e-02 6.3011079000000003e-01
6.5593929070060175e-02 -5.8747555253390971e+01 7.2493421104974876e-01 9.6455933031159002e+00 -3.3294280208433618e+00 -1.4340519510112619e+00 3.1185086317812964e+00 -4.5893599206782792e-02 1.3129907000000000e-02 6.4328284999999996e-01
7.1583742417195451e-02 -5.9567778742199977e+01 7.3502340437618119e-01 9.8858324532683870e+00 -3.2476339780204189e+00 -1.5840182175761925e+00 3.0596392127831180e+00 -3.7222535601661715e-02 1.3036481000000001e-02 6.5636695000000000e-01
7.7528289162595354e-02 -6.0478550501487398e+01 7.4503635100348120e-01 1.0105060227641072e+01 -3.1189802130738280e+00 -1.7383917833504525e+00 3.0039497096689223e+00 -2.8826303054645699e-02 1.2932137999999999e-02 6.6935217000000002e-01
8.3422574781331527e-02 -6.1484556444001321e+01 7.5496463819411330e-01 1.0300122284531096e+01 -2.9502540444563481e+00 -1.8976496220585481e+00 2.9511825589861171e+00 -2.0640895687941408e-02 1.2816919000000000e-02 6.8222760000000005e-01
8.9261636794006449e-02 -6.2591037668990694e+01 7.6479990718777580e-01 1.0468806219670439e+01 -2.7479691265759647e+00 -2.0623011599784449e+00 2.9011027990848524e+00 -1.2622259316308565e-02 1.2690879000000000e-02 6.9498240000000000e-01
9.5040535610887988e-02 -6.3803840612976238e+01 7.7453383777933493e-01 1.0609738435303694e+01 -2.5182859668030644e+00 -2.2328918562686848e+00 2.8534977819700318e+00 -4.7428737861588783e-03 1.2554085000000000e-02 7.0760577999999996e-01
1.0075435910984204e-01 -6.5129478666955450e+01 7.8415815602985783e-01 1.0722278237713038e+01 -2.2669668162885537e+00 -2.4100075408189237e+00 2.8081758933120802e+00 3.0122577556195257e-03 1.2406611999999999e-02 7.2008700999999997e-01
1.0639824552599769e-01 -6.6575206668839229e+01 7.9366467282177999e-01 1.0806416213291707e+01 -1.9993326768263302e+00 -2.5942799073176608e+00 2.7649658832390260e+00 1.0647049196418389e-02 1.2248551000000000e-02 7.3241546999999996e-01
1.1196736971794846e-01 -6.8149091211612713e+01 8.0304526072580473e-01 1.0862684686358831e+01 -1.7202389365984194e+00 -2.7863914496564988e+00 2.7237153093815993e+00 1.8158229012458650e-02 1.2080001999999999e-02 7.4458062000000003e-01
1.1745695232361769e-01 -6.9860112758034717e+01 8.1229186942297016e-01 1.0892033384990036e+01 -1.4340638519588966e+00 -2.9870817438923849e+00 2.6842887751293731e+00 2.5536602415992728e-02 1.1901076999999999e-02 7.5657202000000001e-01
1.2286226891612545e-01 -7.1718264761201240e+01 8.2139654112671634e-01 1.0895809049001025e+01 -1.1447059210355994e+00 -3.1971551291551896e+00 2.6465675027571169e+00 3.2769238929684238e-02 1.1711898000000000e-02 7.6837935000000002e-01
1.2817866373758680e-01 -7.3734680499830588e+01 8.3035143371598563e-01 1.0875613248985859e+01 -8.5558924871103170e-01 -3.4174878788613081e+00 2.6104471391075608e+00 3.9840905176402978e-02 1.1512599000000000e-02 7.7999244000000001e-01
1.3340152680944728e-01 -7.5921763972555226e+01 8.3914878218005540e-01 1.0833264569179683e+01 -5.6967981746612739e-01 -3.6490378813097277e+00 2.5758367324878022e+00 4.6735249971544213e-02 1.1303326000000001e-02 7.9140122000000002e-01
1.3852633971181272e-01 -7.8293356558535834e+01 8.4778097572887257e-01 1.0770726630270172e+01 -2.8950326834841977e-01 -3.8928560976332127e+00 2.5426570128470471e+00 5.3435913584611028e-02 1.1084235000000000e-02 8.0259581999999996e-01
1.4354863438205234e-01 -8.0864917256836321e+01 8.5624048839375266e-01 1.0690059722527474e+01 -1.7171559087857294e-02 -4.1500965605947719e+00 2.5108394715593869e+00 5.9927220743754714e-02 1.0855490000000001e-02 8.1356647999999998e-01
1.4846403431619581e-01 -8.3653751950995954e+01 8.6451994842668101e-01 1.0593363816845965e+01 2.4559004843478044e-01 -4.4220322786186035e+00 2.4803247723143391e+00 6.6194816251837346e-02 1.0617270000000000e-02 8.2430364000000000e-01
1.5326824541306716e-01 -8.6679253923088524e+01 8.7261212287824530e-01 1.0482742926801642e+01 4.9741307934150691e-01 -4.7100708719272708e+00 2.4510617479102415e+00 7.2225913604141212e-02 1.0369760000000000e-02 8.3479791999999997e-01
1.5795706055221787e-01 -8.9963204737479515e+01 8.8050992530867012e-01 1.0360270963975941e+01 7.3725253577585426e-01 -5.0157735501102554e+00 2.4230062882130379e+00 7.8009977196631081e-02 1.0113159000000000e-02 8.4504013000000000e-01
1.6252636417185995e-01 -9.3530121136478357e+01 8.8820642349884893e-01 1.0227959418260257e+01 9.6435651426882685e-01 -5.3408773708721293e+00 2.3961203712934487e+00 8.3538453671265014e-02 9.8476710000000005e-03 8.5502127999999999e-01
1.6697213226886581e-01 -9.7407664644513957e+01 8.9569483945034611e-01 1.0087741535505986e+01 1.1782318911949337e+00 -5.6873211017358622e+00 2.3703712206366099e+00 8.8805049967821015e-02 9.5735140000000000e-03 8.6473257999999997e-01
1.7129045528843345e-01 -1.0162713804344270e+02 9.0296858794056223e-01 9.9414507313672971e+00 1.3786147641842805e+00 -6.0572777802613311e+00 2.3457305156671500e+00 9.3805642535035830e-02 9.2909130999999992e-03 8.7416548999999999e-01
1.7547751523442146e-01 -1.0622405664879778e+02 9.1002123796756829e-01 9.7908086860578294e+00 1.5654389215457347e+00 -6.4531896930282446e+00 2.3221735119892735e+00 9.8538259797735894e-02 9.0001030000000006e-03 8.8331166999999999e-01
1.7952961313694682e-01 -1.1123886786362843e+02 9.1684655901630552e-01 9.6374178665289243e+00 1.7388076617810935e+00 -6.8778148806249551e+00 2.2996783899792601e+00 1.0300288629559377e-01 8.7013270999999996e-03 8.9216304000000002e-01
1.8344315531858629e-01 -1.1671778100273215e+02 9.2343849792548593e-01 9.4827564545697509e+00 1.8989656881158461e+00 -7.3342791804571537e+00 2.2782263852440492e+00 1.0720139018227161e-01 8.3948374000000006e-03 9.0071175000000003e-01
1.8721467628404098e-01 -1.2271382967071294e+02 9.2979121744275850e-01 9.3281750787605908e+00 2.0462760020748489e+00 -7.8261441842485473e+00 2.2578003814991341e+00 1.1113707870695361e-01 8.0808944000000001e-03 9.0895022999999997e-01
1.9084082040840494e-01 -1.2928811197884420e+02 9.3589906538057654e-01 9.1748992735533985e+00 2.1811949451711650e+00 -8.3574852330040486e+00 2.2383856909495101e+00 1.1481494697496103e-01 7.7597663000000001e-03 9.1687114999999997e-01
1.9431836024889665e-01 -1.3651140258116146e+02 9.4175660546033058e-01 9.0240315911200017e+00 2.3042520816417946e+00 -8.9330002959463553e+00 2.2199684856453201e+00 1.1824103312868992e-01 7.4317293999999999e-03 9.2446746000000002e-01
1.9764420112279218e-01 -1.4446612340833460e+02 9.4735862502338297e-01 8.8765578390650024e+00 2.4160314551853364e+00 -9.5581007181525983e+00 2.2025362390242100e+00 1.2142244741290789e-01 7.0970672000000004e-03 9.3173240000000002e-01
2.0081537195155941e-01 -1.5324883556480435e+02 9.5270011960899925e-01 8.7333445705028971e+00 2.5171545209537203e+00 -1.0239139057134331e+01 2.1860774852586418e+00 1.2436708171538688e-01 6.7560703000000000e-03 9.3865947999999999e-01
2.0382904815052294e-01 -1.6297350912914771e+02 9.5777633150951758e-01 8.5951583953995510e+00 2.6082658901316518e+00 -1.0983545796576287e+01 2.1705815226432019e+00 1.2708338384231305e-01 6.4090362999999996e-03 9.4524253000000003e-01
2.0668252416126587e-01 -1.7377561667468512e+02 9.6258270350414588e-01 8.4626637912040579e+00 2.6900191497650194e+00 -1.1800125711414976e+01 2.1560384307732985e+00 1.2958030318879166e-01 6.0562691999999996e-03 9.5147563999999996e-01
2.0937325923096028e-01 -1.8581781451444485e+02 9.6711495596929886e-01 8.3364387987025630e+00 2.7630679807974348e+00 -1.2699413269417821e+01 2.1424387866481469e+00 1.3186700359217102e-01 5.6980790999999996e-03 9.5735325999999998e-01
2.1189883163303680e-01 -1.9929719654837041e+02 9.7136900976826057e-01 8.2169742933640801e+00 2.8280541000157404e+00 -1.3694133570291683e+01 2.1297738394402828e+00 1.3395270661584069e-01 5.3347821999999998e-03 9.6287009999999995e-01
2.1425698444651492e-01 -2.1445568723054652e+02 9.7534106336152138e-01 8.1046914465139608e+00 2.8856010347646954e+00 -1.4799870441895878e+01 2.1180352157409468e+00 1.3584660928552164e-01 4.9667000000000001e-03 9.6802122999999995e-01
2.1644559351047171e-01 -2.3159419294598158e+02 9.7902753882954308e-01 7.9999290481309391e+00 2.9363058607408252e+00 -1.6035965837495997e+01 2.1072151470335378e+00 1.3755768973961674e-01 4.5941591999999996e-03 9.7280200999999999e-01
2.1846270404750628e-01 -2.5109351082017446e+02 9.8242514356102584e-01 7.9029904722517195e+00 2.9807356357156105e+00 -1.7426871390454103e+01 2.0973062587695135e+00 1.3909465306670979e-01 4.2174915999999996e-03 9.7720817000000004e-01
2.2030649404027519e-01 -2.7344473636355355e+02 9.8553080856464126e-01 7.8141119271548201e+00 3.0194204498037092e+00 -1.9004099648791346e+01 2.0883017214931789e+00 1.4046577277297034e-01 3.8370333000000002e-03 9.8123572999999997e-01
2.2197531085495709e-01 -2.9929732223613257e+02 9.8834175015730041e-01 7.7334884184504400e+00 3.0528517629140670e+00 -2.0809309992928238e+01 2.0801951830323433e+00 1.4167882664858364e-01 3.4531249000000000e-03 9.8488107999999996e-01
2.2346765750745329e-01 -3.2953537489808696e+02 9.9085544683105220e-01 7.6612765610078934e+00 3.0814784175020558e+00 -2.2899259781880584e+01 2.0729807638854556e+00 1.4274104023886772e-01 3.0661112999999999e-03 9.8814095000000002e-01
2.2478218350752188e-01 -3.6540908311449715e+02 9.9306962383101793e-01 7.5976008620958924e+00 3.1057044461908272e+00 -2.5354278341077070e+01 2.0666532431631350e+00 1.4365898952375136e-01 2.6763420000000000e-03 9.9101238999999997e-01
2.2591771232637597e-01 -4.0877589232320742e+02 9.9498229942159089e-01 7.5425579300185825e+00 3.1258879427966888e+00 -2.8293893847597555e+01 2.0612078373322724e+00 1.4443857837989632e-01 2.2841723000000002e-03 9.9349282999999999e-01
2.2687323224081724e-01 -4.6258605833701876e+02 9.9659176946437023e-01 7.4962217813248948e+00 3.1423394072359163e+00 -3.1908321210711545e+01 2.0566403741736887e+00 1.4508496337692742e-01 1.8899688000000000e-03 9.9558005999999999e-01
2.2764789175530342e-01 -5.3199804699220135e+02 9.9789659970712719e-01 7.4586485375402125e+00 3.1553207591166972e+00 -3.6530875366674437e+01 2.0529473302356802e+00 1.4560254946400567e-01 1.4941295000000000e-03 9.9727222000000004e-01
2.2824106369301023e-01 -6.2752481148179447e+02 9.9889573373827378e-01 7.4298755572279980e+00 3.1650457323482790e+00 -4.2842423012226078e+01 2.0501254402590412e+00 1.4599496149142349e-01 1.0971916000000000e-03 9.9856794000000004e-01
2.2865251915728657e-01 -7.7792057924548715e+02 9.9958878600613565e-01 7.4099165440288974e+00 3.1716821252222851e+00 -5.2709491585869337e+01 2.0481710664201618e+00 1.4626542391932920e-01 7.0085733000000002e-04 9.9946672000000003e-01
