-2.4419922160648580e-01 -2.1155183417799872e+03 2.4420049454050197e-01 -2.0298231812426347e+03 -6.1610082997655741e+02 1.4223101125327250e+02 -1.3661791407011654e+02 -4.0363986350455320e+01 5.5301730000000003e-06 1.0230946000000001e-06
-2.4418999045145431e-01 -1.5335836103418258e+03 2.4421477979338624e-01 -1.4470335052139806e+03 -6.1591095021724198e+02 1.0409909706092051e+02 -9.8446069136738743e+01 -4.0355395351294639e+01 3.5894988000000002e-05 1.9923924999999999e-05
-2.4416102888221328e-01 -1.2637581062721636e+03 2.4425959794876573e-01 -1.1750517016783213e+03 -6.1531553048138210e+02 8.6405214239126991e+01 -8.0650701323702464e+01 -4.0328452935207906e+01 8.5619985000000003e-05 7.9222864999999994e-05
-2.4410369437494941e-01 -1.0869787918918762e+03 2.4434832335013376e-01 -9.9465941215794578e+02 -6.1413815109329073e+02 7.4796450340922519e+01 -6.8870687096376244e+01 -4.0275163730610359e+01 1.5173507999999999e-04 1.9661552000000001e-04
-2.4401042294097575e-01 -9.5599515116538043e+02 2.4449266130314692e-01 -8.5857001772442470e+02 -6.1222664847165379e+02 6.6177033347481853e+01 -6.0007569236804159e+01 -4.0188609398266067e+01 2.3255418000000001e-04 3.8758918999999998e-04
-2.4387433531541386e-01 -8.5251564239136269e+02 2.4470325750036601e-01 -7.4852290252842829e+02 -6.0944621103175621e+02 5.9348875699388948e+01 -5.2863684881785723e+01 -4.0062624509032055e+01 3.2689763000000001e-04 6.6622920000000002e-04
-2.4368905776343835e-01 -7.6750257118557886e+02 2.4498997532437825e-01 -6.5555606986964551e+02 -6.0567700213623129e+02 5.3720412874545133e+01 -4.6849970179272759e+01 -3.9891676299934780e+01 4.3385032000000002e-04 1.0455858000000000e-03
-2.4344862179477733e-01 -6.9581161930362168e+02 2.4536205104004774e-01 -5.7463337961411173e+02 -6.0081347339348883e+02 4.8955307812027186e+01 -4.1634098942970560e+01 -3.9670820436473981e+01 5.5265518999999999e-04 1.5378795000000000e-03
-2.4314740217117106e-01 -6.3422565607838419e+02 2.4582818972824461e-01 -5.0267059380102449e+02 -5.9476448961116751e+02 4.4843572578550635e+01 -3.7011248743316436e+01 -3.9395693573022797e+01 6.8265765000000004e-04 2.1546280000000000e-03
-2.4278007504565585e-01 -5.8059156518980672e+02 2.4639663006548698e-01 -4.3766664991953729e+02 -5.8745384884975977e+02 4.1244974207921452e+01 -3.2847255931939507e+01 -3.9062524397317965e+01 8.2327310000000005e-04 2.9067318999999999e-03
-2.4234158944003661e-01 -5.3339233177290578e+02 2.4707518846267737e-01 -3.7827143929539665e+02 -5.7882101739500274e+02 3.8060969477469271e+01 -2.9050362429958550e+01 -3.8668155536090481e+01 9.7396649000000004e-04 3.8045331000000002e-03
-2.4182714639023056e-01 -4.9151493644419486e+02 2.4787129133777436e-01 -3.2355007441944377e+02 -5.6882191912179962e+02 3.5219476896195530e+01 -2.5555831603648219e+01 -3.8210069581264790e+01 1.1342389000000000e-03 4.8578574999999999e-03
-2.4123218370820471e-01 -4.5411562020124802e+02 2.4879199869676141e-01 -2.7284492253188040e+02 -5.5742969764869565e+02 3.2666033509224206e+01 -2.2316971596676709e+01 -3.7686416136145020e+01 1.3036180000000001e-03 6.0760461999999999e-03
-2.4055236494414842e-01 -4.2053729531398557e+02 2.4984402121473329e-01 -2.2569003064660785e+02 -5.4463538144663005e+02 3.0358373122629583e+01 -1.9299592917123313e+01 -3.7096037042216622e+01 1.4816515000000000e-03 7.4679780999999997e-03
-2.3978357044876361e-01 -3.9025659023725660e+02 2.5103373406704088e-01 -1.8175528923658837e+02 -5.3044837155806727e+02 2.8262948881200426e+01 -1.6478417129966832e+01 -3.6438486908561650e+01 1.6679024999999999e-03 9.0420881999999994e-03
-2.3892189131711167e-01 -3.6284866864667168e+02 2.5236718630121491e-01 -1.4080848482277011e+02 -5.1489673532481982e+02 2.6352623199259160e+01 -1.3834659491938613e+01 -3.5714048268755704e+01 1.8619452999999999e-03 1.0806380000000001e-02
-2.3796362377201985e-01 -3.3796305242682791e+02 2.5385010952866899e-01 -1.0268838808451879e+02 -4.9802722760479463e+02 2.4605080325006153e+01 -1.1354336608930371e+01 -3.4923738229818120e+01 2.0633631000000000e-03 1.2768437000000001e-02
-2.3690526657556427e-01 -3.1530662302298106e+02 2.5548792193044118e-01 -6.7285129005673838e+01 -4.7990506437821102e+02 2.3001711072873054e+01 -9.0270512388540762e+00 -3.4069308096503669e+01 2.2717459999999998e-03 1.4935428000000001e-02
-2.3574351668231480e-01 -2.9463128458185236e+02 2.5728573498381646e-01 -3.4525265157418147e+01 -4.6061335432462329e+02 2.1526803993405306e+01 -6.8450836437635161e+00 -3.3153231411669047e+01 2.4866887000000002e-03 1.7314116000000001e-02
-2.3447526933701504e-01 -2.7572493762667295e+02 2.5924835331116658e-01 -4.3603338807511705e+00 -4.4025224840511800e+02 2.0166954590772058e+01 -4.8027086060732449e+00 -3.2178684250887024e+01 2.7077901999999999e-03 1.9910858000000000e-02
-2.3309761270218837e-01 -2.5840460103988556e+02 2.6138028299375327e-01 2.3242373431683021e+01 -4.1893774494768377e+02 1.8910615494963462e+01 -2.8956533007200695e+00 -3.1149510507765402e+01 2.9346520999999999e-03 2.2731616000000000e-02
-2.3160783078853467e-01 -2.4251126418428842e+02 2.6368572703692639e-01 4.8307039046038824e+01 -3.9680021997299497e+02 1.7747761378665075e+01 -1.1206801932887069e+00 -3.0070184192415454e+01 3.1668782999999998e-03 2.5781951000000001e-02
-2.3000340052453361e-01 -2.2790580481892826e+02 2.6616858990492587e-01 7.0855312957741859e+01 -3.7398263015398652e+02 1.6669623380813142e+01 5.2475706061154104e-01 -2.8945754718416858e+01 3.4040742000000001e-03 2.9067029000000001e-02
-2.2828198980284692e-01 -2.1446579439629943e+02 2.6883248054408254e-01 9.0911133749569899e+01 -3.5063844036912394e+02 1.5668482250372643e+01 2.0427905743626114e+00 -2.7781784013757544e+01 3.6458464000000000e-03 3.2591624999999999e-02
-2.2644146041071503e-01 -2.0208298360109407e+02 2.7168070784801657e-01 1.0850454551193987e+02 -3.2692938477417471e+02 1.4737506122714333e+01 3.4353594578097360e+00 -2.6584278647695125e+01 3.8918026000000000e-03 3.6360116999999997e-02
-2.2447986412276150e-01 -1.9066121359381813e+02 2.7471628670403980e-01 1.2367477463353720e+02 -3.0302293905025005e+02 1.3870616678765998e+01 4.7043953072219677e+00 -2.5359608727634917e+01 4.1415510999999999e-03 4.0376493999999999e-02
-2.2239544416619142e-01 -1.8011475764337692e+02 2.7794193572575476e-01 1.3647249293644515e+02 -2.7908972972364518e+02 1.3062382791807185e+01 5.8519664893473102e+00 -2.4114424432763986e+01 4.3947007000000003e-03 4.4644352999999998e-02
-2.2018663522079135e-01 -1.7036693021594473e+02 2.8136007725305473e-01 1.4696143643407112e+02 -2.5530082937526410e+02 1.2307932525639083e+01 6.8803934507465110e+00 -2.2855566537715031e+01 4.6508610999999997e-03 4.9166899000000000e-02
-2.1785206146533159e-01 -1.6134892639160529e+02 2.8497284037532489e-01 1.5521937628654652e+02 -2.3182500766376819e+02 1.1602879510168325e+01 7.7923360633681087e+00 -2.1589972540416412e+01 4.9096423000000002e-03 5.3946949000000001e-02
-2.1539053901956332e-01 -1.5299886175289149e+02 2.8878205715244071e-01 1.6133853027843253e+02 -2.0882606151856788e+02 1.0943262840181493e+01 8.5908557048996617e+00 -2.0324584143514780e+01 5.1706551000000002e-03 5.8986927000000001e-02
-2.1280107154862371e-01 -1.4526093555604530e+02 2.9278926941697092e-01 1.6542543275811096e+02 -1.8646017346201413e+02 1.0325494536359118e+01 9.2794562604105604e+00 -1.9066251496782758e+01 5.4335110000000002e-03 6.4288872999999996e-02
-2.1008285465863083e-01 -1.3808474465129558e+02 2.9699572197197449e-01 1.6760029278101726e+02 -1.6487351031235801e+02 9.7463171703185534e+00 9.8621010779943834e+00 -1.7821644234634785e+01 5.6978226000000002e-03 6.9854434000000007e-02
-2.0723527101268929e-01 -1.3142466665267821e+02 3.0140237014900373e-01 1.6799592309583454e+02 -1.4419994777423091e+02 9.2027655241256170e+00 1.0343216118445181e+01 -1.6597162341242914e+01 5.9632034000000004e-03 7.5684873999999999e-02
-2.0425789277288739e-01 -1.2523934783713543e+02 3.0600987602910279e-01 1.6675631241452280e+02 -1.2455912572221405e+02 8.6921352179906108e+00 1.0727672769518890e+01 -1.5398856392242930e+01 6.2292681999999997e-03 8.1781068999999998e-02
-2.0115047964669941e-01 -1.1949124574265139e+02 3.1081861146600875e-01 1.6403484023018157e+02 -1.0605477240820296e+02 8.2119546277831041e+00 1.1020758071318735e+01 -1.4232353259385823e+01 6.4956331999999999e-03 8.8143510999999994e-02
-1.9791297888698550e-01 -1.1414623520328703e+02 3.1582865808615179e-01 1.5999224712156251e+02 -8.8773387311475673e+01 7.7599608995266101e+00 1.1228131744665818e+01 -1.3102791590912020e+01 6.7619166000000000e-03 9.4772308000000000e-02
-1.9454552236159517e-01 -1.0917325765176254e+02 3.2103981182345664e-01 1.5479440526549843e+02 -7.2783288484312976e+01 7.3340785505025394e+00 1.1355773064194544e+01 -1.2014766580868192e+01 7.0277381999999996e-03 1.0166719000000000e-01
-1.9104842606496780e-01 -1.0454401690529923e+02 3.2645158367514293e-01 1.4860996775111713e+02 -5.8134002745076593e+01 6.9324010428800520e+00 1.1409918859196544e+01 -1.0972286405468953e+01 7.2927204000000001e-03 1.0882751000000000e-01
-1.8742219695572473e-01 -1.0023271826170003e+02 3.3206318912052146e-01 1.4160797500330040e+02 -4.4856218465620707e+01 6.5531752572854085e+00 1.1396995953255324e+01 -9.9787419732420819e+00 7.5564877000000004e-03 1.1625223000000000e-01
-1.8366751879308563e-01 -9.6215811325213721e+01 3.3787357003920188e-01 1.3395543814279631e+02 -3.2961842634924054e+01 6.1947854749120363e+00 1.1323549462763255e+01 -9.0368826427423077e+00 7.8186677999999999e-03 1.2393994999999999e-01
-1.7978525116006933e-01 -9.2471779991458760e+01 3.4388139622269370e-01 1.2581501563137438e+02 -2.2444647842746743e+01 5.8557407974569671e+00 1.1196168361617547e+01 -8.1488094624048184e+00 8.0788911000000008e-03 1.3188891000000000e-01
-1.7577644411547741e-01 -8.8980969202977690e+01 3.5008504270039775e-01 1.1734285043502918e+02 -1.3281231715399768e+01 5.5346650532435664e+00 1.1021412391164876e+01 -7.3159806141452179e+00 8.3367917000000003e-03 1.4009695999999999e-01
-1.7164231865791629e-01 -8.5725394830304495e+01 3.5648261997161723e-01 1.0868654852768127e+02 -5.4322047904449731e+00 5.2302847192534028e+00 1.0805739623766033e+01 -6.5392228053095556e+00 8.5920070000000005e-03 1.4856159999999999e-01
-1.6738427649378618e-01 -8.2688603270402950e+01 3.6307195888955213e-01 9.9983421158201665e+01 1.1562745201426305e+00 4.9414212757183575e+00 1.0555439243342841e+01 -5.8187574274106968e+00 8.8441787999999997e-03 1.5727996000000000e-01
-1.6300389026929210e-01 -7.9855528120612476e+01 3.6985062577730510e-01 9.1358973230274913e+01 6.5507824261600653e+00 4.6669810515400787e+00 1.0276566394552605e+01 -5.1542335003493323e+00 9.0929527999999999e-03 1.6624881999999999e-01
-1.5850290357044405e-01 -7.7212369352583465e+01 3.7681592242788109e-01 8.2925696240039841e+01 1.0828724224961499e+01 4.4059491222726201e+00 9.9748870340818474e+00 -4.5447697199066690e+00 9.3379794999999995e-03 1.7546460999999999e-01
-1.5388322603906249e-01 -7.4746482241101802e+01 3.8396489366219033e-01 7.4782191801761840e+01 1.4076310467990686e+01 4.1573817755561517e+00 9.6558280724488448e+00 -3.9890033913396494e+00 9.5789143999999993e-03 1.8492342000000001e-01
-1.4914694802476161e-01 -7.2446285947403425e+01 3.9129430465503989e-01 6.7012594969700316e+01 1.6386467715405839e+01 3.9204013487175216e+00 9.3244361840679044e+00 -3.4851460425980818e+00 9.8154178999999998e-03 1.9462097000000000e-01
-1.4429631616497723e-01 -7.0301161950883426e+01 3.9880067872514768e-01 5.9686312103503568e+01 1.7856761287049590e+01 3.6941893865682012e+00 8.9853448011681181e+00 -3.0310386038667869e+00 1.0047156000000000e-02 2.0455266000000000e-01
-1.3933372850097242e-01 -6.8301374024970855e+01 4.0648030489314524e-01 5.2858053233589992e+01 1.8587338595198307e+01 3.4779815968507588e+00 8.6427496058782971e+00 -2.6242120898924175e+00 1.0273801000000001e-02 2.1471357999999999e-01
-1.3426175889780947e-01 -6.6438006459445972e+01 4.1432920009156382e-01 4.6568237864597869e+01 1.8678960303479055e+01 3.2710643906300132e+00 8.3003959026590728e+00 -2.2619509747247659e+00 1.0495031000000000e-02 2.2509846000000000e-01
-1.2908312774038352e-01 -6.4702887083789037e+01 4.2234315451285082e-01 4.0843540701944747e+01 1.8231170148210218e+01 3.0727694027769985e+00 7.9615695163182654e+00 -1.9413516382768119e+00 1.0710529999999999e-02 2.3570173000000000e-01
-1.2380070681741688e-01 -6.3088531147399593e+01 4.3051772405136746e-01 3.5697751734316768e+01 1.7340648107897476e+01 2.8824699934731575e+00 7.6291002660176854e+00 -1.6593819324760326e+00 1.0919989999999999e-02 2.4651751000000000e-01
-1.1841752420545351e-01 -6.1588090085405206e+01 4.3884822274538582e-01 3.1132814652941221e+01 1.6099692827034822e+01 2.6995778986153951e+00 7.3053710698752603e+00 -1.4129376744235058e+00 1.1123108000000000e-02 2.5753959999999998e-01
-1.1293674961687566e-01 -6.0195299266588883e+01 4.4732974545109683e-01 2.7140001066321794e+01 1.4595009690051652e+01 2.5235395172714528e+00 6.9923333622421344e+00 -1.1988946737312081e+00 1.1319591000000000e-02 2.6876150999999998e-01
-1.0736168951590955e-01 -5.8904434341472182e+01 4.5595717540061387e-01 2.3701219733197789e+01 1.2906658581067243e+01 2.3538328462865081e+00 6.6915294178430376e+00 -1.0141558913238506e+00 1.1509152000000000e-02 2.8017647000000001e-01
-1.0169579200261972e-01 -5.7710274148798256e+01 4.6472517664396895e-01 2.0790397473785610e+01 1.1107253047736300e+01 2.1899649197856821e+00 6.4041188536862856e+00 -8.5569468831940987e-01 1.1691511000000000e-02 2.9177742000000001e-01
-9.5942651696903497e-02 -5.6608066354071504e+01 4.7362818649111083e-01 1.8374894171875816e+01 9.2614199231840857e+00 2.0314693886299708e+00 6.1309102059974947e+00 -7.2058994523263542e-01 1.1866398000000000e-02 3.0355700000000002e-01
-9.0105970666535584e-02 -5.5593488702011399e+01 4.8266047597592682e-01 1.6416910522586065e+01 7.4254410816198213e+00 1.8779030986021743e+00 5.8723926131992314e+00 -6.0606036248321515e-01 1.2033550000000000e-02 3.1550762999999998e-01
-8.4189592615128983e-02 -5.4662628030611494e+01 4.9181609695022355e-01 1.4874870326901602e+01 5.6471489323580828e+00 1.7288448752478645e+00 5.6287729716255379e+00 -5.0948526808116412e-01 1.2192715000000000e-02 3.2762143999999999e-01
-7.8197478462162934e-02 -5.3811950818051002e+01 5.0108891987374049e-01 1.3704729673294851e+01 3.9659934548499596e+00 1.5838928042627121e+00 5.4000112895184547e+00 -4.2842617737298494e-01 1.2343646000000000e-02 3.3989032000000002e-01
-7.2133711226977398e-02 -5.3038281873272318e+01 5.1047262625614775e-01 1.2861197669207137e+01 2.4132949753585065e+00 1.4426624626293312e+00 5.1858576812188550e+00 -3.6064016651735903e-01 1.2486109000000000e-02 3.5230591000000000e-01
-6.6002476492795115e-02 -5.2338782443606632e+01 5.1996073888905658e-01 1.2298843293084534e+01 1.0126496381845069e+00 1.3047846401409098e+00 4.9858869692490284e+00 -3.0408629929396036e-01 1.2619877000000000e-02 3.6485963999999999e-01
-5.9808077058705167e-02 -5.1710934970459689e+01 5.2954659917201163e-01 1.1973086231285167e+01 -2.1956136086309155e-01 1.1699039841616758e+00 4.7995340367168842e+00 -2.5693061407934964e-01 1.2744734000000001e-02 3.7754270000000001e-01
-5.3554918287679582e-02 -5.1152526607989401e+01 5.3922338978649886e-01 1.1841032547117921e+01 -1.2735232007249111e+00 1.0376770092371919e+00 4.6261254355133516e+00 -2.1754406950592595e-01 1.2860473000000001e-02 3.9034606999999999e-01
-4.7247498338584354e-02 -5.0661635575915774e+01 5.4898414981195121e-01 1.1862185172006793e+01 -2.1453183539621969e+00 9.0777036485429319e-01 4.4649092382177820e+00 -1.8449786920299099e-01 1.2966896000000000e-02 4.0326054000000000e-01
-4.0890417934168588e-02 -5.0236621541298881e+01 5.5882175960974334e-01 1.1999000482907675e+01 -2.8361527896363841e+00 7.7985950718539332e-01 4.3150823840018226e+00 -1.5655526160399355e-01 1.3063819000000001e-02 4.1627669000000000e-01
-3.4488351057097605e-02 -4.9876114963731979e+01 5.6872898617120782e-01 1.2217311101440808e+01 -3.3516205271180830e+00 6.5362664981130614e-01 4.1758141009056118e+00 -1.3266089001939360e-01 1.3151064000000001e-02 4.2938494999999999e-01
-2.8046074253919806e-02 -4.9579012000267404e+01 5.7869843776961893e-01 1.2486609686643607e+01 -3.7009185166159995e+00 5.2875991731390348e-01 4.0462674951494648e+00 -1.1192808479075658e-01 1.3228465999999999e-02 4.4257553999999999e-01
-2.1568427563111031e-02 -4.9344467540613181e+01 5.8872262442421452e-01 1.2780214710128392e+01 -3.8961088341026207e+00 4.0495115291017880e-01 3.9256166552946272e+00 -9.3624560032502316e-02 1.3295871000000001e-02 4.5583855000000001e-01
-1.5060334051052393e-02 -4.9171893297477602e+01 5.9879392766818529e-01 1.3075318415644560e+01 -3.9514038438441221e+00 2.8189489720557503e-01 3.8130617611432642e+00 -7.7157412069041656e-02 1.3353135000000000e-02 4.6916390000000002e-01
-8.5267753920581224e-03 -4.9060955444931110e+01 6.0890463833868813e-01 1.3352940178744875e+01 -3.8825024013898717e+00 1.5928651391027771e-01 3.7078402856483064e+00 -6.2057759533789676e-02 1.3400123999999999e-02 4.8254139000000001e-01
-1.9728016363644296e-03 -4.9011575988470291e+01 6.1904694146084127e-01 1.3597796162941673e+01 -3.7059832786423068e+00 3.6820941431479071e-02 3.6092362350321672e+00 -4.7964445574738834e-02 1.3436718000000000e-02 4.9596067999999999e-01
4.5964883258483302e-03 -4.9023934895126082e+01 6.2921294647973491e-01 1.3798083990301789e+01 -3.4387704155679262e+00 -8.5809120783179704e-02 3.5165858746389835e+00 -3.4610454260297130e-02 1.3462807000000000e-02 5.0941133000000005e-01
1.1175927228477656e-02 -4.9098474683800106e+01 6.3939465702842013e-01 1.3945250811231313e+01 -3.0976621685590904e+00 -2.0891435604657183e-01 3.4292829512702721e+00 -2.1806228796388698e-02 1.3478291000000000e-02 5.2288276000000000e-01
1.7760323385449084e-02 -4.9235907237744080e+01 6.4958403894993455e-01 1.4033671705785093e+01 -2.6989304380390471e+00 -3.3281120345270709e-01 3.3467780706372672e+00 -9.4280317627606029e-03 1.3483083000000000e-02 5.3636434000000000e-01
2.4344436270743841e-02 -4.9437222875378048e+01 6.5977298250728711e-01 1.4060336762677796e+01 -2.2580083442861705e+00 -4.5782304080035807e-01 3.2685816633192557e+00 2.5960205279694742e-03 1.3477108000000000e-02 5.4984533999999996e-01
3.0922986286387677e-02 -4.9703701251202133e+01 6.6995331749946518e-01 1.4024508965944763e+01 -1.7892255623039877e+00 -5.8428207919789221e-01 3.1942613181747479e+00 1.4296704052443560e-02 1.3460300999999999e-02 5.6331494999999998e-01
3.7490669414434352e-02 -5.0036925610905769e+01 6.8011683593544192e-01 1.3927382878307856e+01 -1.3056274727871620e+00 -7.1253146977975890e-01 3.1234394099397971e+00 2.5673967562475378e-02 1.3432611000000001e-02 5.7676231000000000e-01
4.4042166984954279e-02 -5.0438800305211160e+01 6.9025530715018191e-01 1.3771745766335876e+01 -8.1884515627594989e-01 -8.4292746721794520e-01 3.0557901031887620e+00 3.6705857797962746e-02 1.3393997000000000e-02 5.9017653000000003e-01
5.0572131024051226e-02 -5.0911569089475393e+01 7.0036045513063350e-01 1.3561653671973357e+01 -3.3902711204532732e-01 -9.7584123692028513e-01 2.9910353039676156e+00 4.7356039490396885e-02 1.3344429999999999e-02 6.0354666000000001e-01
5.7075203789840212e-02 -5.1457839366652728e+01 7.1042398874773893e-01 1.3302127307943465e+01 1.2518645117612665e-01 -1.1116615416179472e+00 2.9289400093406499e+00 5.7579816223001130e-02 1.3283893999999999e-02 6.1686173000000000e-01
6.3546037308425118e-02 -5.2080610621657847e+01 7.2043763198844646e-01 1.2998864675891408e+01 5.6664473056424980e-01 -1.2507976365955957e+00 2.8693081178485773e+00 6.7329830498325874e-02 1.3212384000000001e-02 6.3011079000000003e-01
6.9979264069932101e-02 -5.2783302693385309e+01 7.3039307860769298e-01 1.2658008424250388e+01 9.7963239548897485e-01 -1.3936814098183827e+00 2.8119768178566313e+00 7.6559641618285296e-02 1.3129907000000000e-02 6.4328284999999996e-01
7.6369531216470554e-02 -5.3569794375605902e+01 7.4028204503442374e-01 1.2285902765991070e+01 1.3597911401867588e+00 -1.5407710942107045e+00 2.7568137338078955e+00 8.5227095097960864e-02 1.3036481000000001e-02 6.5636695000000000e-01
8.2711505426127652e-02 -5.4444465408579376e+01 7.5009627792959521e-01 1.1888914632755968e+01 1.7040189744862664e+00 -1.6925547475251657e+00 2.7037104200833886e+00 9.3296627033379445e-02 1.2932137999999999e-02 6.6935217000000002e-01
8.8999858260984888e-02 -5.5412241548018464e+01 7.5982753151216653e-01 1.1473264859580356e+01 2.0103517784037006e+00 -1.8495536093449347e+00 2.6525795346115872e+00 1.0074036122003907e-01 1.2816919000000000e-02 6.8222760000000005e-01
9.5229295471084829e-02 -5.6478652416801246e+01 7.6946761290711652e-01 1.1044900811210979e+01 2.2778413392660197e+00 -2.0123269485779085e+00 2.6033503786654282e+00 1.0753909365960541e-01 1.2690879000000000e-02 6.9498240000000000e-01
1.0139454722644214e-01 -5.7649892196174712e+01 7.7900836702943788e-01 1.0609402297365857e+01 2.5064231296539523e+00 -2.1814764517766347e+00 2.5559658589974847e+00 1.1368286044310032e-01 1.2554085000000000e-02 7.0760577999999996e-01
1.0749037300103803e-01 -5.8932890888087535e+01 7.8844168414214000e-01 1.0171892652594089e+01 2.6967865326658380e+00 -2.3576515299127476e+00 2.5103788959175581e+00 1.1917044199493888e-01 1.2406611999999999e-02 7.2008700999999997e-01
1.1351158599279243e-01 -6.0335400945706816e+01 7.9775953764626273e-01 9.7369911828129769e+00 2.8502470173801386e+00 -2.5415558981691819e+00 2.4665502174080904e+00 1.2400902262058730e-01 1.2248551000000000e-02 7.3241546999999996e-01
1.1945303847158062e-01 -6.1866088236673775e+01 8.0695396140686881e-01 9.3087835620883368e+00 2.9686254693845457e+00 -2.7339538147161360e+00 2.4244458374767017e+00 1.2821356780163884e-01 1.2080001999999999e-02 7.4458062000000003e-01
1.2530963154722213e-01 -6.3534641753445243e+01 8.1601706486904790e-01 8.8908057244891019e+00 3.0541329829168586e+00 -2.9356778373261072e+00 2.3840352890126013e+00 1.3180586421383167e-01 1.1901076999999999e-02 7.5657202000000001e-01
1.3107632493746968e-01 -6.5351900402058192e+01 8.2494104817392411e-01 8.4860483518549099e+00 3.1092672234789154e+00 -3.1476380034746594e+00 2.3452899005508741e+00 1.3481344695696193e-01 1.1711898000000000e-02 7.6837935000000002e-01
1.3674815161999232e-01 -6.7330001837257910e+01 8.3371822483266289e-01 8.0969689050664631e+00 3.1367187299108079e+00 -3.3708317259965903e+00 2.3081817164784688e+00 1.3726873292485434e-01 1.1512599000000000e-02 7.7999244000000001e-01
1.4232019341240337e-01 -6.9482541469682445e+01 8.4234098393645729e-01 7.7255182404387659e+00 3.1392869088028412e+00 -3.6063546486346585e+00 2.2726826129370847e+00 1.3920775294040583e-01 1.1303326000000001e-02 7.9140122000000002e-01
1.4778762981220456e-01 -7.1824782972101417e+01 8.5080186573655681e-01 7.3731725678362841e+00 3.1198074261121849e+00 -3.8554153882341726e+00 2.2387636490829323e+00 1.4066939054709465e-01 1.1084235000000000e-02 8.0259581999999996e-01
1.5314569404083656e-01 -7.4373867809149516e+01 8.5909349362224074e-01 7.0409740946254908e+00 3.0810990611616522e+00 -4.1193487533685724e+00 2.2063945310164481e+00 1.4169428479135765e-01 1.0855490000000001e-02 8.1356647999999998e-01
1.5838971699962828e-01 -7.7149096183593542e+01 8.6720864214284488e-01 6.7295693847841358e+00 3.0258969837137464e+00 -4.3996351399435616e+00 2.1755434830987084e+00 1.4232394493737657e-01 1.0617270000000000e-02 8.2430364000000000e-01
1.6351511750180847e-01 -8.0172233949894590e+01 8.7514022189175478e-01 6.4392538725221646e+00 2.9568307376296086e+00 -4.6979205388691012e+00 2.1461768708440432e+00 1.4260019633406720e-01 1.0369760000000000e-02 8.3479791999999997e-01
1.6851740715649988e-01 -8.3467879219656197e+01 8.8288128706440916e-01 6.1700179300878517e+00 2.8763835201478707e+00 -5.0160406465623630e+00 2.1182600146401294e+00 1.4256404284397992e-01 1.0113159000000000e-02 8.4504013000000000e-01
1.7339219525271377e-01 -8.7063896670006471e+01 8.9042504301630210e-01 5.9215893263747663e+00 2.7868695056293631e+00 -5.3560491940145987e+00 2.0917561844252592e+00 1.4225556460763150e-01 9.8476710000000005e-03 8.5502127999999999e-01
1.7813518875934997e-01 -9.0991927300813359e+01 8.9776484626298392e-01 5.6934982337136031e+00 2.6904220026723413e+00 -5.7202510351691132e+00 2.0666275827995197e+00 1.4171325522325437e-01 9.5735140000000000e-03 8.6473257999999997e-01
1.8274221674516899e-01 -9.5288020453869080e+01 9.0489424227007453e-01 5.4850011725860917e+00 2.5889819050064053e+00 -6.1112434416277930e+00 2.0428357518334406e+00 1.4097360866787551e-01 9.2909130999999992e-03 8.7416548999999999e-01
1.8720920595881968e-01 -9.9993344737154445e+01 9.1180692766324922e-01 5.2953488284971266e+00 2.4842952636536544e+00 -6.5319614109206059e+00 2.0203413726031458e+00 1.4007087188805925e-01 9.0001030000000006e-03 8.8331166999999999e-01
1.9153221013280614e-01 -1.0515510107433219e+02 9.1849679557625596e-01 5.1235952302156385e+00 2.3779146106899178e+00 -6.9857368289324304e+00 1.9991046176509606e+00 1.3903695942236918e-01 8.7013270999999996e-03 8.9216304000000002e-01
1.9570739533150416e-01 -1.1082758067535553e+02 9.2495791297690699e-01 4.9687360325530312e+00 2.2712031857351529e+00 -7.4763659102146809e+00 1.9790857681587530e+00 1.3790107037580296e-01 8.3948374000000006e-03 9.0071175000000003e-01
1.9973106437113347e-01 -1.1707351086176996e+02 9.3118455845709214e-01 4.8297083783445451e+00 2.1653454883745384e+00 -8.0081958471995236e+00 1.9602452039747198e+00 1.3669005373507923e-01 8.0808944000000001e-03 9.0895022999999997e-01
2.0359963728378011e-01 -1.2396564831481641e+02 9.3717119200076904e-01 4.7054311345707349e+00 2.0613511605289871e+00 -8.5862258605140660e+00 1.9425438724764303e+00 1.3542786649107658e-01 7.7597663000000001e-03 9.1687114999999997e-01
2.0730967085337387e-01 -1.3158881966626694e+02 9.4291248521597204e-01 4.5948030844402341e+00 1.9600756519323481e+00 -9.2162378397748252e+00 1.9259434775832653e+00 1.3413618814903119e-01 7.4317293999999999e-03 9.2446746000000002e-01
2.1085786349968300e-01 -1.4004246414145942e+02 9.4840332889281753e-01 4.4967449043912415e+00 1.8622264488936286e+00 -9.9049585330137759e+00 1.9104067380617411e+00 1.3283394522811670e-01 7.0970672000000004e-03 9.3173240000000002e-01
2.1424104551032519e-01 -1.4944381792871582e+02 9.5363881788749638e-01 4.4101939723153158e+00 1.7683792076150493e+00 -1.0660261886974947e+01 1.8958977110731667e+00 1.3153807838909740e-01 6.7560703000000000e-03 9.3865947999999999e-01
2.1745620346073979e-01 -1.5993209564042161e+02 9.5861428891228906e-01 4.3341240510862908e+00 1.6789915998690466e+00 -1.1491436543351709e+01 1.8823814405193438e+00 1.3026312561899828e-01 6.4090362999999996e-03 9.4524253000000003e-01
2.2050045091022125e-01 -1.7167375584240420e+02 9.6332527518754829e-01 4.2675508121517227e+00 1.5944168511212098e+00 -1.2409520041715407e+01 1.8698250687408966e+00 1.2902160219950276e-01 6.0562691999999996e-03 9.5147563999999996e-01
2.2337107724186328e-01 -1.8486974590154492e+02 9.6776758202172730e-01 4.2095455759848148e+00 1.5149171320906003e+00 -1.3427763824120330e+01 1.8581969905648967e+00 1.2782418041138116e-01 5.6980790999999996e-03 9.5735325999999998e-01
2.2606549882261467e-01 -1.9976482469978205e+02 9.7193721123135157e-01 4.1592308996051086e+00 1.4406757628729723e+00 -1.4562225894667025e+01 1.8474676839354560e+00 1.2667993196437649e-01 5.3347821999999998e-03 9.6287009999999995e-01
2.2858130784322356e-01 -2.1666079774305689e+02 9.7583043672104730e-01 4.1157919659797253e+00 1.3718148688164422e+00 -1.5832621960071885e+01 1.8376093329847858e+00 1.2559632440735399e-01 4.9667000000000001e-03 9.6802122999999995e-01
2.3091623813027640e-01 -2.3593461300278139e+02 9.7944375157752073e-01 4.0784751356539672e+00 1.3083947270091560e+00 -1.7263483101998638e+01 1.8285959624806170e+00 1.2457953245157118e-01 4.5941591999999996e-03 9.7280200999999999e-01
2.3306820421815344e-01 -2.5806493683201751e+02 9.8277392853358236e-01 4.0465904998400477e+00 1.2504398562935422e+00 -1.8885868119745787e+01 1.8204036914473967e+00 1.2363468144370772e-01 4.2174915999999996e-03 9.7720817000000004e-01
2.3503526227707322e-01 -2.8367088810215773e+02 9.8581795950412232e-01 4.0195116627332332e+00 1.1979262511712154e+00 -2.0739856317942348e+01 1.8130105860777541e+00 1.2276536226024781e-01 3.8370333000000002e-03 9.8123572999999997e-01
2.3681564918504805e-01 -3.1357263345455385e+02 9.8857311605013498e-01 3.9966688812144824e+00 1.1508258554990767e+00 -2.2878465571161776e+01 1.8063967285690761e+00 1.2197510200640295e-01 3.4531249000000000e-03 9.8488107999999996e-01
2.3840776787590084e-01 -3.4888843569679960e+02 9.9103692670470855e-01 3.9775641502517241e+00 1.1090764973959668e+00 -2.5373935979522422e+01 1.8005441062008871e+00 1.2126618208908994e-01 3.0661112999999999e-03 9.8814095000000002e-01
2.3981017757127582e-01 -3.9119992862520445e+02 9.9320716185702107e-01 3.9617524411649554e+00 1.0726110026640943e+00 -2.8328456062687444e+01 1.7954368036944148e+00 1.2064045221309574e-01 2.6763420000000000e-03 9.9101238999999997e-01
2.4102162308460578e-01 -4.4285593375997524e+02 9.9508187910035617e-01 3.9488497964860043e+00 1.0413557435857079e+00 -3.1893929993076853e+01 1.7910608347136807e+00 1.2009922016100685e-01 2.2841723000000002e-03 9.9349282999999999e-01
2.4204102505312247e-01 -5.0758237870434391e+02 9.9665940811609777e-01 3.9385280310411748e+00 1.0152396273075932e+00 -3.6311731083468942e+01 1.7874041472073561e+00 1.1964347634134714e-01 1.8899688000000000e-03 9.9558005999999999e-01
2.4286747505386280e-01 -5.9188100323957883e+02 9.9793834311572760e-01 3.9305157832346258e+00 9.9419422030004534e-01 -4.2004025154858589e+01 1.7844566554758341e+00 1.1927387895639063e-01 1.4941295000000000e-03 9.9727222000000004e-01
2.4350030397959044e-01 -7.0896855659082541e+02 9.9891764865286392e-01 3.9245940439773541e+00 9.7815849301601310e-01 -4.9831357009200019e+01 1.7822098995935765e+00 1.1899077480688165e-01 1.0971916000000000e-03 9.9856794000000004e-01
2.4393926763058410e-01 -8.9489196066619877e+02 9.9959694682736711e-01 3.9205941989042445e+00 9.6707638735033963e-01 -6.2147644227372922e+01 1.7806567800650455e+00 1.1879445754873644e-01 7.0085733000000002e-04 9.9946672000000003e-01
