-2.7277775563520268e-01 -1.9308963818476154e+03 2.7277905780782252e-01 -1.8792473936411332e+03 -5.6392298315700600e+02 1.2994769379546295e+02 -1.2656325631486163e+02 -3.6964236259476905e+01 5.5301730000000003e-06 1.0230946000000001e-06
-2.7276744416191112e-01 -1.3982552342922645e+03 2.7279280290157676e-01 -1.3458621914268863e+03 -5.6376882380629786e+02 9.5027961626210754e+01 -9.1608769859637917e+01 -3.6957260320770402e+01 3.5894988000000002e-05 1.9923924999999999e-05
-2.7273509323218553e-01 -1.1513022979227244e+03 2.7283592637671394e-01 -1.0970287407386600e+03 -5.6328538750646692e+02 7.8825370989496989e+01 -7.5317677862208612e+01 -3.6935381944476163e+01 8.5619985000000003e-05 7.9222864999999994e-05
-2.7267104889122079e-01 -9.8952840232303765e+02 2.7292129686123157e-01 -9.3209761417348523e+02 -5.6232931950623856e+02 6.8195992831497207e+01 -6.4538679856680417e+01 -3.6892104468012789e+01 1.5173507999999999e-04 1.9661552000000001e-04
-2.7256686193985852e-01 -8.6968466690139246e+02 2.7306017705555041e-01 -8.0778275022522530e+02 -5.6077676979900548e+02 6.0304812352489314e+01 -5.6434175347380055e+01 -3.6821799081044531e+01 2.3255418000000001e-04 3.8758918999999998e-04
-2.7241484803569338e-01 -7.7502803153203320e+02 2.7326281011346787e-01 -7.0736156652824002e+02 -5.5851767980138936e+02 5.4054634756347888e+01 -4.9907064249576933e+01 -3.6719437794736095e+01 3.2689763000000001e-04 6.6622920000000002e-04
-2.7220788752834624e-01 -6.9728527568502250e+02 2.7353868645979429e-01 -6.2261950301027423e+02 -5.5545373647670340e+02 4.8903688455190363e+01 -4.4417445780095029e+01 -3.6580491661650505e+01 4.3385032000000002e-04 1.0455858000000000e-03
-2.7193931343759409e-01 -6.3174664499397454e+02 2.7389669311441822e-01 -5.4893299728440843e+02 -5.5149769565402710e+02 4.4543920852799623e+01 -3.9660426182665049e+01 -3.6400890505415070e+01 5.5265518999999999e-04 1.5378795000000000e-03
-2.7160284220586756e-01 -5.7546628021390597e+02 2.7434520599855494e-01 -4.8346316112952042e+02 -5.4657336591884496e+02 4.0782982390052176e+01 -3.5447789879594374e+01 -3.6177012617923559e+01 6.8265765000000004e-04 2.1546280000000000e-03
-2.7119252693859192e-01 -5.2647219872180847e+02 2.7489215226491714e-01 -4.2436101721598970e+02 -5.4061592232067653e+02 3.7492400455857080e+01 -3.1655959477244313e+01 -3.5905689638944608e+01 8.2327310000000005e-04 2.9067318999999999e-03
-2.7070272554368041e-01 -4.8337465675908908e+02 2.7554505276746138e-01 -3.7037228541585824e+02 -5.3357240598678231e+02 3.4581880152123325e+01 -2.8200135392509750e+01 -3.5584220635828700e+01 9.7396649000000004e-04 3.8045331000000002e-03
-2.7012807743626605e-01 -4.4515374013176017e+02 2.7631105311375420e-01 -3.2062191504381622e+02 -5.2540228763402251e+02 3.1985360065975307e+01 -2.5020223748378623e+01 -3.5210390088582706e+01 1.1342389000000000e-03 4.8578574999999999e-03
-2.6946348651733498e-01 -4.1103604644833410e+02 2.7719694635428865e-01 -2.7448826995566350e+02 -5.1607803400611238e+02 2.9652916011530969e+01 -2.2072625814727623e+01 -3.4782487422779418e+01 1.3036180000000001e-03 6.0760461999999999e-03
-2.6870410884414647e-01 -3.8041910647172460e+02 2.7820918941769440e-01 -2.3152516728630999e+02 -5.0558562178032741e+02 2.7545791148205289e+01 -1.9325183387073430e+01 -3.4299326159323257e+01 1.4816515000000000e-03 7.4679780999999997e-03
-2.6784534264654697e-01 -3.5282291995908776e+02 2.7935391641889468e-01 -1.9141121595696345e+02 -4.9392494343535378e+02 2.5633222670671330e+01 -1.6753899943851426e+01 -3.3760259363015592e+01 1.6679024999999999e-03 9.0420881999999994e-03
-2.6688282156206755e-01 -3.2785775945483829e+02 2.8063694767665492e-01 -1.5391552080858241e+02 -4.8111011591003148e+02 2.3890315771798370e+01 -1.4340745069123155e+01 -3.3165193703380183e+01 1.8619452999999999e-03 1.0806380000000001e-02
-2.6581240836202291e-01 -3.0520204045888948e+02 2.8206379807663262e-01 -1.1887350226946410e+02 -4.6716948185411394e+02 2.2296595550584883e+01 -1.2072120611678415e+01 -3.2514595896807229e+01 2.0633631000000000e-03 1.2768437000000001e-02
-2.6463019206006133e-01 -2.8458676278815176e+02 2.8363968092565184e-01 -8.6169378971956078e+01 -4.5214570910085149e+02 2.0834984698175994e+01 -9.9377636267339469e+00 -3.1809496454734326e+01 2.2717459999999998e-03 1.4935428000000001e-02
-2.6333248305671042e-01 -2.6578421618760490e+02 2.8536951442397640e-01 -5.5722925826542081e+01 -4.3609538430517244e+02 1.9491062610799844e+01 -7.9299308508783692e+00 -3.1051483617473043e+01 2.4866887000000002e-03 1.7314116000000001e-02
-2.6191581324848862e-01 -2.4859971477857113e+02 2.8725792151986546e-01 -2.7479410828195565e+01 -4.1908857785382941e+02 1.8252524760464183e+01 -6.0427879378174474e+00 -3.0242694316880971e+01 2.7077901999999999e-03 1.9910858000000000e-02
-2.6037693002678231e-01 -2.3286529558981897e+02 2.8930923790901231e-01 -1.4014962794023569e+00 -4.0120807576355713e+02 1.7108769925122196e+01 -4.2719275294916796e+00 -2.9385792478291577e+01 2.9346520999999999e-03 2.2731616000000000e-02
-2.5871279955118548e-01 -2.1843500581963136e+02 2.9152750767121394e-01 2.2537058850956871e+01 -3.8254850072562078e+02 1.6050593929426018e+01 -2.6140003191802652e+00 -2.8483946947768779e+01 3.1668782999999998e-03 2.5781951000000001e-02
-2.5692060347616008e-01 -2.0518115903264109e+02 2.9391648763370121e-01 4.4356646786928145e+01 -3.6321513319150750e+02 1.5069945919189234e+01 -1.0664105693880124e+00 -2.7540797085289622e+01 3.4040742000000001e-03 2.9067029000000001e-02
-2.5499773676880932e-01 -1.9299140556473736e+02 2.9647965028002587e-01 6.4076059453154429e+01 -3.4332254678648229e+02 1.4159738791815402e+01 3.7292838533132344e-01 -2.6560410956031699e+01 3.6458464000000000e-03 3.2591624999999999e-02
-2.5294181098221780e-01 -1.8176642683336340e+02 2.9922017938673007e-01 8.1715890327909193e+01 -3.2299312135263051e+02 1.3313700669427796e+01 1.7057900417463956e+00 -2.5547241454729413e+01 3.8918026000000000e-03 3.6360116999999997e-02
-2.5075064989099793e-01 -1.7141802001253609e+02 3.0214097584112015e-01 9.7301369159053863e+01 -3.0235530935770942e+02 1.2526251822605373e+01 2.9338013599926525e+00 -2.4506071540659875e+01 4.1415510999999999e-03 4.0376493999999999e-02
-2.4842229112796035e-01 -1.6186757158448660e+02 3.0524465545960133e-01 1.1086453576321755e+02 -2.8154184654223798e+02 1.1792407403761898e+01 4.0585743505692866e+00 -2.3441957409272629e+01 4.3947007000000003e-03 4.4644352999999998e-02
-2.4595498618411371e-01 -1.5304478435886037e+02 3.0853354898767804e-01 1.2244591102292786e+02 -2.6068784466496771e+02 1.1107696528251806e+01 5.0818129853263123e+00 -2.2360166399262251e+01 4.6508610999999997e-03 4.9166899000000000e-02
-2.4334719822643805e-01 -1.4488660185532729e+02 3.1200970500884018e-01 1.3209570076778490e+02 -2.3992881188885423e+02 1.0468094717113484e+01 6.0053998838064331e+00 -2.1266110902128659e+01 4.9096423000000002e-03 5.3946949000000001e-02
-2.4059760482566814e-01 -1.3733633557894413e+02 3.1567488630845525e-01 1.3987453200145418e+02 -2.1939871657374340e+02 9.8699687110695429e+00 6.8314602728592391e+00 -2.0165282299690613e+01 5.1706551000000002e-03 5.8986927000000001e-02
-2.3770509304628368e-01 -1.3034289563314206e+02 3.1953057641876303e-01 1.4585380475649919e+02 -1.9922796623411179e+02 9.3100281914064116e+00 7.5624115369167662e+00 -1.9063180752333484e+01 5.4335110000000002e-03 6.4288872999999996e-02
-2.3466876435651909e-01 -1.2386014755754438e+02 3.2357797307388070e-01 1.5011563609855412e+02 -1.7954158725242033e+02 8.7852868284521737e+00 8.2009924740577258e+00 -1.7965249379013713e+01 5.6978226000000002e-03 6.9854434000000007e-02
-2.3148792917279706e-01 -1.1784635561754484e+02 3.2781799548201973e-01 1.5275248232459825e+02 -1.6045739760690284e+02 8.2930270106621702e+00 8.7502831264423673e+00 -1.6876806040185784e+01 5.9632034000000004e-03 7.5684873999999999e-02
-2.2816210958751187e-01 -1.1226370580865918e+02 3.3225128068937709e-01 1.5386644521897099e+02 -1.4208439238157465e+02 7.8307710218885704e+00 9.2137052589632447e+00 -1.5802981432039701e+01 6.2292681999999997e-03 8.1781068999999998e-02
-2.2469103718680269e-01 -1.0707788710912007e+02 3.3687818648902251e-01 1.5356829377123441e+02 -1.2452126866213933e+02 7.3962551956145273e+00 9.5950170144088816e+00 -1.4748658054918117e+01 6.4956331999999999e-03 8.8143510999999994e-02
-2.2107465305055379e-01 -1.0225772585216605e+02 3.4169879142089810e-01 1.5197626226826779e+02 -1.0785517410949289e+02 6.9874078385499221e+00 9.8982928707495166e+00 -1.3718416960545573e+01 6.7619166000000000e-03 9.4772308000000000e-02
-2.1731310447905464e-01 -9.7774865691200986e+01 3.4671289913514847e-01 1.4921465729235564e+02 -9.2160672443945217e+01 6.6023295152523982e+00 1.0127896558321400e+01 -1.2716487948915098e+01 7.0277381999999996e-03 1.0166719000000000e-01
-2.1340674444744323e-01 -9.3603485566012694e+01 3.5192003911934278e-01 1.4541230977207070e+02 -7.7498971286731404e+01 6.2392761231997511e+00 1.0288445400481587e+01 -1.1746708261109339e+01 7.2927204000000001e-03 1.0882751000000000e-01
-2.0935613924349900e-01 -8.9720058660414935e+01 3.5731945651737068e-01 1.4070094299533457e+02 -6.3917443474463049e+01 5.8966445449160023e+00 1.0384768407901792e+01 -1.0812490119283856e+01 7.5564877000000004e-03 1.1625223000000000e-01
-2.0516205264650056e-01 -8.6103116879598588e+01 3.6291013321887144e-01 1.3521345945518743e+02 -5.1449317095264348e+01 5.5729579387001440e+00 1.0421860450895236e+01 -9.9167904876877984e+00 7.8186677999999999e-03 1.2393994999999999e-01
-2.0082544483611250e-01 -8.2733057218585799e+01 3.6869078931367744e-01 1.2908222182662811e+02 -4.0113712534394310e+01 5.2668541465066294e+00 1.0404831702611574e+01 -9.0620932084188190e+00 8.0788911000000008e-03 1.3188891000000000e-01
-1.9634748875908409e-01 -7.9591980124492309e+01 3.7465986127516321e-01 1.2243739930555009e+02 -2.9915967363421931e+01 4.9770763607543795e+00 1.0338855836541731e+01 -8.2504023127798654e+00 8.3367917000000003e-03 1.4009695999999999e-01
-1.9172954830698430e-01 -7.6663518215679488e+01 3.8081553104911331e-01 1.1540533187601007e+02 -2.0848102019231892e+01 4.7024621701765064e+00 1.0229118139376961e+01 -7.4832356274671072e+00 8.5920070000000005e-03 1.4856159999999999e-01
-1.8697318922733425e-01 -7.3932702872326999e+01 3.8715571150928829e-01 1.0810704702314396e+02 -1.2889594355207945e+01 4.4419358976088299e+00 1.0080762239738212e+01 -6.7616327959444016e+00 8.8441787999999997e-03 1.5727996000000000e-01
-1.8208016821247480e-01 -7.1385835172364665e+01 3.9367806100185859e-01 1.0065688514451088e+02 -6.0083105120256741e+00 4.1945004262806407e+00 9.8988412412586921e+00 -6.0861666189292150e+00 9.0929527999999999e-03 1.6624881999999999e-01
-1.7705243289956643e-01 -6.9010374168469781e+01 4.0037998334540437e-01 9.3161307967734416e+01 -1.6162652060595567e-01 3.9592304229780950e+00 9.6882696472162841e+00 -5.4569632955133951e+00 9.3379794999999995e-03 1.7546460999999999e-01
-1.7189211641502294e-01 -6.6794833817375164e+01 4.0725863510313265e-01 8.5717888494087532e+01 4.7023203521091634e+00 3.7352659885167649e+00 9.4537798675211935e+00 -4.8737276380427277e+00 9.5789143999999993e-03 1.8492342000000001e-01
-1.6660155374121041e-01 -6.4728699633834992e+01 4.1431090376622637e-01 7.8414532573421951e+01 8.6432545074481695e+00 3.5218077647001591e+00 9.1998842043076507e+00 -4.3357762721196176e+00 9.8154178999999998e-03 1.9462097000000000e-01
-1.6118325443861575e-01 -6.2802335255593540e+01 4.2153344411492905e-01 7.1328853338106626e+01 1.1727356466951949e+01 3.3181106687204482e+00 8.9308392747771244e+00 -3.8420697240670805e+00 1.0047156000000000e-02 2.0455266000000000e-01
-1.5563989719028032e-01 -6.1006909053989496e+01 4.2892268549076129e-01 6.4527790456632346e+01 1.4025796287305782e+01 3.1234792437098182e+00 8.6506187462382460e+00 -3.3912512849264806e+00 1.0273801000000001e-02 2.1471357999999999e-01
-1.4997435707963153e-01 -5.9334337171329608e+01 4.3647479543543694e-01 5.8067485757488242e+01 1.5613247015771844e+01 2.9372644686502243e+00 8.3628909156631313e+00 -2.9816907123729228e+00 1.0495031000000000e-02 2.2509846000000000e-01
-1.4418967285708498e-01 -5.7777212900918649e+01 4.4418572332416367e-01 5.1993284978389795e+01 1.6566480727630644e+01 2.7588587399019180e+00 8.0710018613504495e+00 -2.6115240289640362e+00 1.0710529999999999e-02 2.3570173000000000e-01
-1.3828905239561090e-01 -5.6328755505874483e+01 4.5205119309342667e-01 4.6339980487726180e+01 1.6962966886974716e+01 2.5876926356993684e+00 7.7779645859399329e+00 -2.2786970594150171e+00 1.0919989999999999e-02 2.4651751000000000e-01
-1.3227587814630029e-01 -5.4982762847230603e+01 4.6006669596877131e-01 4.1132222142585540e+01 1.6879610498850209e+01 2.4232318603095009e+00 7.4864550822871063e+00 -1.9810092861266329e+00 1.1123108000000000e-02 2.5753959999999998e-01
-1.2615369077166613e-01 -5.3733563652389670e+01 4.6822751228145421e-01 3.6385067481252264e+01 1.6391565285057819e+01 2.2649738228063687e+00 7.1988120431655016e+00 -1.7161539478433192e+00 1.1319591000000000e-02 2.6876150999999998e-01
-1.1992618369007715e-01 -5.2575977761323074e+01 4.7652871874065977e-01 3.2104668014093306e+01 1.5571185004906260e+01 2.1124448327096674e+00 6.9170425481043214e+00 -1.4817573092153635e+00 1.1509152000000000e-02 2.8017647000000001e-01
-1.1359720853132413e-01 -5.1505281771876994e+01 4.8496518116128329e-01 2.8289077036860274e+01 1.4487114727541675e+01 1.9651977471565303e+00 6.6428326925070555e+00 -1.2754178995362024e+00 1.1691511000000000e-02 2.9177742000000001e-01
-1.0717078059218602e-01 -5.0517177785036658e+01 4.9353154719171421e-01 2.4929128036481927e+01 1.3203534283215628e+01 1.8228097567773274e+00 6.3775620912745010e+00 -1.0947389193669084e+00 1.1866398000000000e-02 3.0355700000000002e-01
-1.0065103519189997e-01 -4.9607757931681057e+01 5.0222230449157113e-01 2.2009340697767509e+01 1.1779548486583732e+01 1.6848792456779151e+00 6.1223197926181658e+00 -9.3735894014334520e-01 1.2033550000000000e-02 3.1550762999999998e-01
-9.4042265861124991e-02 -4.8773485249128619e+01 5.1103172982618372e-01 1.9508916593314357e+01 1.0268730914604710e+01 1.5510246805421513e+00 5.8779262532603518e+00 -8.0097990974641686e-01 1.2192715000000000e-02 3.2762143999999999e-01
-8.7348897064110781e-02 -4.8011166571450005e+01 5.1995392542767660e-01 1.7402689020226820e+01 8.7188285982752252e+00 1.4208821316613962e+00 5.6449549941256443e+00 -6.8339002028983165e-01 1.2343646000000000e-02 3.3989032000000002e-01
-8.0575489654263976e-02 -4.7317933189162119e+01 5.2898281172275319e-01 1.5662082710889214e+01 7.1716016855516509e+00 1.2941036325171269e+00 5.4237563807844902e+00 -5.8248289732520353e-01 1.2486109000000000e-02 3.5230591000000000e-01
-7.3726719051882911e-02 -4.6691220792189455e+01 5.3811215642156263e-01 1.4256031068602475e+01 5.6627883353037323e+00 1.1703551233771381e+00 5.2144822044866457e+00 -4.9627301006527530e-01 1.2619877000000000e-02 3.6485963999999999e-01
-6.6807391610856609e-02 -4.6128755634103364e+01 5.4733555270104950e-01 1.3151847712220405e+01 4.2222018541498256e+00 1.0493151963717555e+00 5.0171111445418539e+00 -4.2290765207283681e-01 1.2744734000000001e-02 3.7754270000000001e-01
-5.9822428251965848e-02 -4.5628539073825827e+01 5.5664644102160410e-01 1.2316028922390723e+01 2.8739325354256846e+00 9.3067329554136080e-01 4.8314732948451038e+00 -3.6067469141535852e-01 1.2860473000000001e-02 3.9034606999999999e-01
-5.2776853551750685e-02 -4.5188835883992944e+01 5.6603812367149653e-01 1.1714979906485656e+01 1.6366349359123977e+00 8.1412811140553920e-01 4.6572740428764190e+00 -3.0800737803220696e-01 1.2966896000000000e-02 4.0326054000000000e-01
-4.5675806653642903e-02 -4.4808164591822568e+01 5.7550375022244271e-01 1.1315661561934455e+01 5.2388637206973487e-01 6.9938638880715853e-01 4.4941175894790613e+00 -2.6348619052888517e-01 1.3063819000000001e-02 4.1627669000000000e-01
-3.8524508534568541e-02 -4.4485288187606386e+01 5.8503636116290547e-01 1.1086144405312934e+01 -4.5538509970185487e-01 5.8616105741972513e-01 4.3415281454539176e+00 -2.2583744244913850e-01 1.3151064000000001e-02 4.2938494999999999e-01
-3.1328294738345308e-02 -4.4219209524292310e+01 5.9462884426479379e-01 1.0996073137687082e+01 -1.2964383689692105e+00 4.7417044625159788e-01 4.1989706139998138e+00 -1.9393031088633864e-01 1.3228465999999999e-02 4.4257553999999999e-01
-2.4092571731152507e-02 -4.4009164732524717e+01 6.0427399276119753e-01 1.1017039769326512e+01 -1.9982310116379816e+00 3.6313631232900923e-01 4.0658682635743348e+00 -1.6677112666335728e-01 1.3295871000000001e-02 4.5583855000000001e-01
-1.6822838723796252e-02 -4.3854621367639943e+01 6.1396447625751938e-01 1.1122872748247390e+01 -2.5629151335818836e+00 2.5278289043502689e-01 3.9416194709771291e+00 -1.4349658737066476e-01 1.3353135000000000e-02 4.6916390000000002e-01
-9.5246603938778374e-03 -4.3755276530258378e+01 6.2369287709256005e-01 1.1289837304466696e+01 -2.9953346827913774e+00 1.4283519295512104e-01 3.8256117420733173e+00 -1.2336521438697329e-01 1.3400123999999999e-02 4.8254139000000001e-01
-2.2036777969264842e-03 -4.3711057688683617e+01 6.3345167579408446e-01 1.1496759698884041e+01 -3.3025327162835385e+00 3.3017883013777283e-02 3.7172341123535064e+00 -1.0574849821958728e-01 1.3436718000000000e-02 4.9596067999999999e-01
5.1344134558659049e-03 -4.3722124929351828e+01 6.4323328016768833e-01 1.1725083596191860e+01 -3.4932834885333146e+00 -7.6946390946400545e-02 3.6158875404773929e+00 -9.0120768974505022e-02 1.3462807000000000e-02 5.0941133000000005e-01
1.2483841375379390e-02 -4.3788874823500159e+01 6.5302999620793156e-01 1.1958858797653036e+01 -3.5776515588459659e+00 -1.8733802599828087e-01 3.5209936820312406e+00 -7.6049370615039316e-02 1.3478291000000000e-02 5.2288276000000000e-01
1.9838806694662869e-02 -4.3911946593450807e+01 6.6283409354828970e-01 1.2184682255701150e+01 -3.5665791039315460e+00 -2.9844261804408490e-01 3.4320006682221811e+00 -6.3184094467797075e-02 1.3483083000000000e-02 5.3636434000000000e-01
2.7193455591102311e-02 -4.4092230352233557e+01 6.7263776910007000e-01 1.2391590753651737e+01 -3.4715264097487308e+00 -4.1055203974398413e-01 3.3483891203857765e+00 -5.1247376909029342e-02 1.3477108000000000e-02 5.4984533999999996e-01
3.4541890597553637e-02 -4.4330877029025196e+01 6.8243316159684442e-01 1.2570912525843228e+01 -3.3041431624975930e+00 -5.2396617536106849e-01 3.2696749497592403e+00 -4.0024887019886060e-02 1.3460300999999999e-02 5.6331494999999998e-01
4.1878186969041220e-02 -4.4629311203105466e+01 6.9221237341110053e-01 1.2716102193616740e+01 -3.0759890005596651e+00 -6.3899481344860609e-01 3.1954119784360566e+00 -2.9355613474329845e-02 1.3432611000000001e-02 5.7676231000000000e-01
4.9196403593890770e-02 -4.4989246733089615e+01 7.0196748509867590e-01 1.2822544490300592e+01 -2.7982943092485835e+00 -7.5595963568618751e-01 3.1251926616741326e+00 -1.9123118529397569e-02 1.3393997000000000e-02 5.9017653000000003e-01
5.6490566627030170e-02 -4.5412703724440156e+01 7.1169053358210621e-01 1.2887347626715240e+01 -2.4817689350231293e+00 -8.7519585718007220e-01 3.0586484605448554e+00 -9.2492416847190333e-03 1.3344429999999999e-02 6.0354666000000001e-01
6.3754691312254863e-02 -4.5902030402128908e+01 7.2137354123949371e-01 1.2909143218350170e+01 -2.1364489663171251e+00 -9.9705465771278412e-01 2.9954487847201587e+00 3.1510203022730400e-04 1.3283893999999999e-02 6.1686173000000000e-01
7.0982803804492900e-02 -4.6459928435591763e+01 7.3100854499337475e-01 1.2887854300216286e+01 -1.7715785883605468e+00 -1.1219058387711183e+00 2.9352995057923028e+00 9.5952831643291298e-03 1.3212384000000001e-02 6.3011079000000003e-01
7.8168908436407003e-02 -4.7089479180615811e+01 7.4058755267741772e-01 1.2824507969836079e+01 -1.3955350698390845e+00 -1.2501397445805977e+00 2.8779415271538653e+00 1.8599031291727339e-02 1.3129907000000000e-02 6.4328284999999996e-01
8.5307025907359002e-02 -4.7794178462556971e+01 7.5010259394194168e-01 1.2721029563684537e+01 -1.0157775478952833e+00 -1.3821706676497374e+00 2.8231476542739800e+00 2.7320044359508706e-02 1.3036481000000001e-02 6.5636695000000000e-01
9.2391198738975666e-02 -4.8577974565304480e+01 7.5954572752613347e-01 1.2580053573989792e+01 -6.3883059488571303e-01 -1.5184400042135069e+00 2.7707205449649388e+00 3.5745838118113861e-02 1.2932137999999999e-02 6.6935217000000002e-01
9.9415474908449986e-02 -4.9445309275501657e+01 7.6890901944139622e-01 1.2404756140403119e+01 -2.7028396965263396e-01 -1.6594193326699695e+00 2.7204898734723639e+00 4.3855583296102015e-02 1.2816919000000000e-02 6.8222760000000005e-01
1.0637394058193905e-01 -5.0401170464645155e+01 7.7818458660465173e-01 1.2198692172798332e+01 8.5178363695635667e-02 -1.8056148008687125e+00 2.6723095126294556e+00 5.1627758943436297e-02 1.2690879000000000e-02 6.9498240000000000e-01
1.1326070920343123e-01 -5.1451147083053428e+01 7.8736458229390549e-01 1.1965663080707934e+01 4.2374345763617532e-01 -1.9575711577005905e+00 2.6260548185861676e+00 5.9039981551645304e-02 1.2554085000000000e-02 7.0760577999999996e-01
1.2006992695031254e-01 -5.2601494184118685e+01 7.9644120342046487e-01 1.1709592632658779e+01 7.4241515269339431e-01 -2.1158765929528607e+00 2.5816193179535070e+00 6.6071962742545218e-02 1.2406611999999999e-02 7.2008700999999997e-01
1.2679580001119811e-01 -5.3859211512325516e+01 8.0540672689002202e-01 1.1434417668605040e+01 1.0389493386151571e+00 -2.2811687111333172e+00 2.5389135507367286e+00 7.2705443414278106e-02 1.2248551000000000e-02 7.3241546999999996e-01
1.3343257821923321e-01 -5.5232126365673253e+01 8.1425348778600459e-01 1.1144006163750127e+01 1.3117881710583057e+00 -2.4541402662071716e+00 2.4978612077699394e+00 7.8926286047076563e-02 1.2080001999999999e-02 7.4458062000000003e-01
1.3997456596322583e-01 -5.6728993386849304e+01 8.2297389391400833e-01 1.0842087359776921e+01 1.5599868920065674e+00 -2.6355462807941219e+00 2.4583977083091857e+00 8.4724359469095498e-02 1.1901076999999999e-02 7.5657202000000001e-01
1.4641613309877932e-01 -5.8359610166612825e+01 8.3156044034623156e-01 1.0532172425825291e+01 1.7831406644663816e+00 -2.8262121894599463e+00 2.4204680703512711e+00 9.0094611799475907e-02 1.1711898000000000e-02 7.6837935000000002e-01
1.5275173131499120e-01 -6.0134952958455145e+01 8.4000573123812572e-01 1.0217560080383823e+01 1.9813090516371610e+00 -3.0270433607264868e+00 2.3840249520678141e+00 9.5034252131395922e-02 1.1512599000000000e-02 7.7999244000000001e-01
1.5897586685662168e-01 -6.2067321093144088e+01 8.4830244346731032e-01 9.9012576913377597e+00 2.1549561318629022e+00 -3.2390345614045861e+00 2.3490274739231949e+00 9.9548098845881144e-02 1.1303326000000001e-02 7.9140122000000002e-01
1.6508315507975657e-01 -6.4170529656789540e+01 8.5644339935574298e-01 9.5859840793392657e+00 2.3048609605993664e+00 -3.4632836501362059e+00 2.3154393573181569e+00 1.0364273919406761e-01 1.1084235000000000e-02 8.0259581999999996e-01
1.7106827135171060e-01 -6.6460100185213051e+01 8.6442150121976580e-01 9.2741602277768660e+00 2.4320750464878849e+00 -3.7010036601045622e+00 2.2832282840353559e+00 1.0732927911579833e-01 1.0855490000000001e-02 8.1356647999999998e-01
1.7692600015112420e-01 -6.8953517409107334e+01 8.7222979682005919e-01 8.9679011502879966e+00 2.5378556896775120e+00 -3.9535405241914545e+00 2.2523646458569391e+00 1.1062170681066064e-01 1.0617270000000000e-02 8.2430364000000000e-01
1.8265122415683049e-01 -7.1670509319494371e+01 8.7986146481720584e-01 8.6690243105525369e+00 2.6236113591799435e+00 -4.2223914004491885e+00 2.2228207786000445e+00 1.1353690018491125e-01 1.0369760000000000e-02 8.3479791999999997e-01
1.8823892970342210e-01 -7.4633382551470589e+01 8.8730982204391018e-01 8.3790622174775109e+00 2.6908582503918104e+00 -4.5092267474700840e+00 2.1945704766065495e+00 1.1609405065693283e-01 1.0113159000000000e-02 8.4504013000000000e-01
1.9368421223681703e-01 -7.7867418339430600e+01 8.9456833077721276e-01 8.0992714522058193e+00 2.7411769204558438e+00 -4.8159162854994735e+00 2.1675883604601456e+00 1.1831416142577901e-01 9.8476710000000005e-03 8.5502127999999999e-01
1.9898227631425880e-01 -8.1401340320213123e+01 9.0163059873849183e-01 7.8306565325611102e+00 2.7761761584493025e+00 -5.1445593061968751e+00 2.1418496677873620e+00 1.2021941552320464e-01 9.5735140000000000e-03 8.6473257999999997e-01
2.0412846288214787e-01 -8.5267890850152099e+01 9.0849041545454723e-01 7.5739856515670176e+00 2.7974636448612582e+00 -5.4975225152688791e+00 2.1173298088888370e+00 1.2183293387416634e-01 9.2909130999999992e-03 8.7416548999999999e-01
2.0911822199821029e-01 -8.9504483805663455e+01 9.1514171589651605e-01 7.3298117717734446e+00 2.8066199884602478e+00 -5.8774815739926218e+00 2.0940043559258679e+00 1.2317831672474085e-01 9.0001030000000006e-03 8.8331166999999999e-01
2.1394714556489508e-01 -9.4154038095597741e+01 9.2157862411317382e-01 7.0985090406171238e+00 2.8051784806060147e+00 -6.2874753203554468e+00 2.0718488980956393e+00 1.2427925456996115e-01 8.7013270999999996e-03 8.9216304000000002e-01
2.1861095096267574e-01 -9.9265948294663588e+01 9.2779543141428333e-01 6.8802647705754456e+00 2.7946090153007876e+00 -6.7309676448587794e+00 2.0508390509490422e+00 1.2515924664074821e-01 8.3948374000000006e-03 9.0071175000000003e-01
2.2310550832788145e-01 -1.0489731663796789e+02 9.3378663273168039e-01 6.6751317663151903e+00 2.7763052734652738e+00 -7.2119269132334649e+00 2.0309503252818146e+00 1.2584130409728117e-01 8.0808944000000001e-03 9.0895022999999997e-01
2.2742681873043208e-01 -1.1111441335885227e+02 9.3954689753040510e-01 6.4830346885223511e+00 2.7515774812045004e+00 -7.7349186875176930e+00 2.0121584365297078e+00 1.2634772596980448e-01 7.7597663000000001e-03 9.1687114999999997e-01
2.3157103599610324e-01 -1.1799454698848034e+02 9.4507109889756968e-01 6.3037943012512319e+00 2.7216450947361048e+00 -8.3052255522591221e+00 1.9944391213480559e+00 1.2669995959818220e-01 7.4317293999999999e-03 9.2446746000000002e-01
2.3553447216209228e-01 -1.2562839539927390e+02 9.5035432081457505e-01 6.1371423181384479e+00 2.6876347212807814e+00 -8.9289958221589760e+00 1.9777685111688796e+00 1.2691835965699305e-01 7.0970672000000004e-03 9.3173240000000002e-01
2.3931358656588636e-01 -1.3412292510391902e+02 9.5539184361267804e-01 5.9827471352557406e+00 2.6505770279221732e+00 -9.6134294176079624e+00 1.9621229580695303e+00 1.2702221705611441e-01 6.7560703000000000e-03 9.3865947999999999e-01
2.4290501312309326e-01 -1.4360522654913788e+02 9.6017918033407468e-01 5.8402176664774750e+00 2.6114117126768086e+00 -1.0367022808525867e+01 1.9474793121539191e+00 1.2702960679807132e-01 6.4090362999999996e-03 9.4524253000000003e-01
2.4630552759404395e-01 -1.5422733844485427e+02 9.6471203309859921e-01 5.7091293264216496e+00 2.5709889668494963e+00 -1.1199876026671225e+01 1.9338150789089734e+00 1.2695736686856551e-01 6.0562691999999996e-03 9.5147563999999996e-01
2.4951210213945524e-01 -1.6617289750212558e+02 9.6898636582589348e-01 5.5890303091133910e+00 2.5300695056279272e+00 -1.2124118918253359e+01 1.9211084368221578e+00 1.2682094573907593e-01 5.6980790999999996e-03 9.5735325999999998e-01
2.5252185076476746e-01 -1.7966568757808960e+02 9.7299833151323756e-01 5.4794564627292877e+00 2.4893301150375464e+00 -1.3154454956745344e+01 1.9093384718219819e+00 1.2663459068996330e-01 5.3347821999999998e-03 9.6287009999999995e-01
2.5533208387580636e-01 -1.9498177362399946e+02 9.7674434495771800e-01 5.3799386226932988e+00 2.4493720936316095e+00 -1.4308941584077630e+01 1.8984850028757383e+00 1.2641146451379512e-01 4.9667000000000001e-03 9.6802122999999995e-01
2.5794027008982018e-01 -2.1246609188538184e+02 9.8022103185071119e-01 5.2900138952560178e+00 2.4107235886922540e+00 -1.5610052125296260e+01 1.8885291733681853e+00 1.2616290559404958e-01 4.5941591999999996e-03 9.7280200999999999e-01
2.6034407988000902e-01 -2.3255681863216532e+02 9.8342528695561682e-01 5.2092333538841489e+00 2.3738464893576481e+00 -1.7086245412521404e+01 1.8794530255005268e+00 1.2589998049130449e-01 4.2174915999999996e-03 9.7720817000000004e-01
2.6254134193099515e-01 -2.5582087356871097e+02 9.8635421593012373e-01 5.1371593824847848e+00 2.3391399963744033e+00 -1.8774251341666172e+01 1.8712399255936893e+00 1.2563199317455975e-01 3.8370333000000002e-03 9.8123572999999997e-01
2.6453008678335294e-01 -2.8300945508300708e+02 9.8900519350394478e-01 5.0733909754988833e+00 2.3069491273432123e+00 -2.0722662294461223e+01 1.8638743488894272e+00 1.2536730283939521e-01 3.4531249000000000e-03 9.8488107999999996e-01
2.6630853046691033e-01 -3.1514696234038803e+02 9.9137584166216608e-01 5.0175481842659861e+00 2.2775669579331104e+00 -2.2997691277186597e+01 1.8573425689948451e+00 1.2511328506536243e-01 3.0661112999999999e-03 9.8814095000000002e-01
2.6787506358961571e-01 -3.5368240979548949e+02 9.9346401510081339e-01 4.9692836989641807e+00 2.2512418538425440e+00 -2.5693001446770786e+01 1.8516316254064522e+00 1.2487631897595322e-01 2.6763420000000000e-03 9.9101238999999997e-01
2.6922828407093641e-01 -4.0076770071111542e+02 9.9526784486015307e-01 4.9282968729485122e+00 2.2281813000131740e+00 -2.8947816283422640e+01 1.8467303778281963e+00 1.2466188770352483e-01 2.2841723000000002e-03 9.9349282999999999e-01
2.7036698623072536e-01 -4.5981616778147492e+02 9.9678572378025843e-01 4.8943092922933396e+00 2.2085551653929891e+00 -3.2983337156917827e+01 1.8426290565417465e+00 1.2447454144514591e-01 1.8899688000000000e-03 9.9558005999999999e-01
2.7129015533365547e-01 -5.3678325128300889e+02 9.9801629922879354e-01 4.8670927133700683e+00 2.1925005313958925e+00 -3.8186393396517389e+01 1.8393194486507740e+00 1.2431822773106932e-01 1.4941295000000000e-03 9.9727222000000004e-01
2.7199704396714658e-01 -6.4377275194859089e+02 9.9895857491204798e-01 4.8464575120359106e+00 2.1801220512915402e+00 -4.5345362346743741e+01 1.8367944628885935e+00 1.2419579320585354e-01 1.0971916000000000e-03 9.9856794000000004e-01
2.7248737935288520e-01 -8.1378826925786996e+02 9.9961218721917877e-01 4.8322498049033360e+00 2.1714936108645193e+00 -5.6616350119289905e+01 1.8350477207996576e+00 1.2410952023775143e-01 7.0085733000000002e-04 9.9946672000000003e-01
