-2.6944277318239224e-01 -5.6939304355718639e+02 2.6944407194300257e-01 -5.5606688097363428e+02 -1.3755650608583923e+02 3.4498865652895461e+01 -3.3664086452948894e+01 -8.6172573215181565e+00 5.5301730000000003e-06 1.0230946000000001e-06
-2.6943258777723411e-01 -4.3940251879327326e+02 2.6945788007082350e-01 -4.2604604089604675e+02 -1.3755148826804461e+02 2.6355330048303340e+01 -2.5519244556558181e+01 -8.6170346815791294e+00 3.5894988000000002e-05 1.9923924999999999e-05
-2.6940063237016659e-01 -3.7899803132099396e+02 2.6950120130728972e-01 -3.6556110235282375e+02 -1.3753574640470515e+02 2.2570592189918354e+01 -2.1731058817142586e+01 -8.6163362092604725e+00 8.5619985000000003e-05 7.9222864999999994e-05
-2.6933737103569305e-01 -3.3925865116545168e+02 2.6958696329505294e-01 -3.2568070929537146e+02 -1.3750458664437261e+02 2.0079891385793559e+01 -1.9234342194252967e+01 -8.6149536040669297e+00 1.5173507999999999e-04 1.9661552000000001e-04
-2.6923445787461397e-01 -3.0963190020781292e+02 2.6972648038451341e-01 -2.9584599749452570e+02 -1.3745390754357936e+02 1.8222099083566420e+01 -1.7367714078948318e+01 -8.6127047969900001e+00 2.3255418000000001e-04 3.8758918999999998e-04
-2.6908430249333976e-01 -2.8603531818015182e+02 2.6993004270387633e-01 -2.7197041897726461e+02 -1.3737998958405714e+02 1.6741420919812331e+01 -1.5875228457956451e+01 -8.6094245801900176e+00 3.2689763000000001e-04 6.6622920000000002e-04
-2.6887987228637877e-01 -2.6645519931878124e+02 2.7020718420039580e-01 -2.5203772755360706e+02 -1.3727940174644758e+02 1.5511673023686779e+01 -1.4630614073536497e+01 -8.6049604283617160e+00 4.3385032000000002e-04 1.0455858000000000e-03
-2.6861458178404773e-01 -2.4974878359775397e+02 2.7056683264923032e-01 -2.3490375884433547e+02 -1.3714895127345716e+02 1.4461240726785469e+01 -1.3562218831997207e+01 -8.5991702269594334e+00 5.5265518999999999e-04 1.5378795000000000e-03
-2.6828222425158921e-01 -2.3520465540179461e+02 2.7101740238300104e-01 -2.1985657230475539e+02 -1.3698565444449096e+02 1.3545537985099902e+01 -1.2625456312239072e+01 -8.5919209489161297e+00 6.8265765000000004e-04 2.1546280000000000e-03
-2.6787692550119668e-01 -2.2234960126845925e+02 2.7156685690780480e-01 -2.0642314001246925e+02 -1.3678671856609361e+02 1.2734906237428122e+01 -1.1790697303618039e+01 -8.5830877939883159e+00 8.2327310000000005e-04 2.9067318999999999e-03
-2.6739311242103464e-01 -2.1085277521975345e+02 2.7222275156772374e-01 -1.9427338416132736e+02 -1.3654953097654550e+02 1.2008609763331412e+01 -1.1037260282412703e+01 -8.5725536876011752e+00 9.7396649000000004e-04 3.8045331000000002e-03
-2.6682548996477834e-01 -2.0047365662522583e+02 2.7299226473959559e-01 -1.8316804976023610e+02 -1.3627165265262991e+02 1.1351574813622550e+01 -1.0350146072127966e+01 -8.5602089357643738e+00 1.1342389000000000e-03 4.8578574999999999e-03
-2.6616902433835055e-01 -1.9103180948625399e+02 2.7388222062638173e-01 -1.7292838473721079e+02 -1.3595081456320324e+02 1.0752493957608868e+01 -9.7181395459260731e+00 -8.5459510301346207e+00 1.3036180000000001e-03 6.0760461999999999e-03
-2.6541893082108325e-01 -1.8238832300373301e+02 2.7489910576774806e-01 -1.6341752830117062e+02 -1.3558491623942828e+02 1.0202663604183137e+01 -9.1326439435718658e+00 -8.5296845466042583e+00 1.4816515000000000e-03 7.4679780999999997e-03
-2.6457066390409179e-01 -1.7443389810251261e+02 2.7604908240925236e-01 -1.5452854117693536e+02 -1.3517202546690882e+02 9.6952368098826867e+00 -8.5869320063622450e+00 -8.5113210911981092e+00 1.6679024999999999e-03 9.0420881999999994e-03
-2.6361991060808077e-01 -1.6708092899343890e+02 2.7733799756124683e-01 -1.4617645684779217e+02 -1.3471037909902512e+02 9.2247269768129438e+00 -8.0756478495178001e+00 -8.4907793074544688e+00 1.8619452999999999e-03 1.0806380000000001e-02
-2.6256258428614720e-01 -1.6025805915902717e+02 2.7877139140028007e-01 -1.3829279423407058e+02 -1.3419838419118651e+02 8.7866664028731485e+00 -7.5944639151399151e+00 -8.4679848874838903e+00 2.0633631000000000e-03 1.2768437000000001e-02
-2.6139482176768158e-01 -1.5390635523426280e+02 2.8035450114104726e-01 -1.3082170257182997e+02 -1.3363462009678290e+02 8.3773664641816179e+00 -7.1398398610525042e+00 -8.4428706338661019e+00 2.2717459999999998e-03 1.4935428000000001e-02
-2.6011297856227650e-01 -1.4797653317931056e+02 2.8209226753834471e-01 -1.2371715995781854e+02 -1.3301783958419520e+02 7.9937434515034012e+00 -6.7088471459543637e+00 -8.4153764949556926e+00 2.4866887000000002e-03 1.7314116000000001e-02
-2.5871362896750411e-01 -1.4242693615530337e+02 2.8398933474095850e-01 -1.1694092524733789e+02 -1.3234697172719757e+02 7.6331917321678944e+00 -6.2990411564301407e+00 -8.3854496602498578e+00 2.7077901999999999e-03 1.9910858000000000e-02
-2.5719356014116285e-01 -1.3722198840741677e+02 2.8605005832778785e-01 -1.1046096823920016e+02 -1.3162112157318055e+02 7.2934869366635988e+00 -5.9083632723473372e+00 -8.3530445441210794e+00 2.9346520999999999e-03 2.2731616000000000e-02
-2.5554977533459750e-01 -1.3233106132927381e+02 2.8827850092450519e-01 -1.0425031395763084e+02 -1.3083957370225198e+02 6.9727143531985165e+00 -5.5350685159292663e+00 -8.3181229010124209e+00 3.1668782999999998e-03 2.5781951000000001e-02
-2.5377949065937916e-01 -1.2772756503263268e+02 2.9067843658689602e-01 -9.8286110462197101e+01 -1.3000179206731136e+02 6.6692120616063004e+00 -5.1776677904523210e+00 -8.2806538452997192e+00 3.4040742000000001e-03 2.9067029000000001e-02
-2.5188013293175876e-01 -1.2338824345804943e+02 2.9325335372308581e-01 -9.2548907861768640e+01 -1.2910742014803799e+02 6.3815268496353248e+00 -4.8348828622897795e+00 -8.2406138332141339e+00 3.6458464000000000e-03 3.2591624999999999e-02
-2.4984934290598684e-01 -1.1929263637086696e+02 2.9600645071019988e-01 -8.7022100422652215e+01 -1.2815628265507095e+02 6.1083799923150348e+00 -4.5056117345543063e+00 -8.1979867557463013e+00 3.8918026000000000e-03 3.6360116999999997e-02
-2.4768497096322040e-01 -1.1542262462513168e+02 2.9894064173881663e-01 -8.1691452112143764e+01 -1.2714838331339983e+02 5.8486389322010854e+00 -4.1888991137453662e+00 -8.1527638422934494e+00 4.1415510999999999e-03 4.0376493999999999e-02
-2.4538507872818288e-01 -1.1176207900841199e+02 3.0205855462129788e-01 -7.6544730466436789e+01 -1.2608390494969825e+02 5.6012951329477172e+00 -3.8839141348354964e+00 -8.1049436803688728e+00 4.3947007000000003e-03 4.4644352999999998e-02
-2.4294793906916418e-01 -1.0829657033544390e+02 3.0536253079178854e-01 -7.1571400816105523e+01 -1.2496320778799308e+02 5.3654457818206263e+00 -3.5899311256182482e+00 -8.0545321722145466e+00 4.6508610999999997e-03 4.9166899000000000e-02
-2.4037203394247392e-01 -1.0501312873671650e+02 3.0885462822844340e-01 -6.6762363568557504e+01 -1.2378682670507483e+02 5.1402786288755173e+00 -3.3063139705881031e+00 -8.0015424196570741e+00 4.9096423000000002e-03 5.3946949000000001e-02
-2.3765605708687493e-01 -1.0190005083628922e+02 3.1253661780064390e-01 -6.2109754677445338e+01 -1.2255546969948229e+02 4.9250599046538390e+00 -3.0325034767143730e+00 -7.9459947026324329e+00 5.1706551000000002e-03 5.8986927000000001e-02
-2.3479890917360313e-01 -9.8946730617734630e+01 3.1640998984400803e-01 -5.7606754471595323e+01 -1.2127001206933227e+02 4.7191235598743848e+00 -2.7680060297524105e+00 -7.8879162637075551e+00 5.4335110000000002e-03 6.4288872999999996e-02
-2.3179970265634761e-01 -9.6143528073399992e+01 3.2047594758538023e-01 -5.3247447184973218e+01 -1.1993149499008459e+02 4.5218630544734744e+00 -2.5123850012169742e+00 -7.8273412801552533e+00 5.6978226000000002e-03 6.9854434000000007e-02
-2.2865775638238398e-01 -9.3481648409705002e+01 3.2473541444839843e-01 -4.9026683142743074e+01 -1.1854111857173720e+02 4.3327236664184037e+00 -2.2652525225487854e+00 -7.7643105926836151e+00 5.9632034000000004e-03 7.5684873999999999e-02
-2.2537259828700770e-01 -9.0953047082477141e+01 3.2918903040071029e-01 -4.4939973077958946e+01 -1.1710023760789703e+02 4.1511965422962636e+00 -2.0262631101516169e+00 -7.6988716050246992e+00 6.2292681999999997e-03 8.1781068999999998e-02
-2.2194396323798743e-01 -8.8550345119204806e+01 3.3383715487620014e-01 -4.0983391110890359e+01 -1.1561035526218215e+02 3.9768132888149594e+00 -1.7951079083094714e+00 -7.6310780433058998e+00 6.4956331999999999e-03 8.8143510999999994e-02
-2.1837179303556511e-01 -8.6266757618708425e+01 3.3867986677498901e-01 -3.7153490734598833e+01 -1.1407311642136422e+02 3.8091413215983589e+00 -1.5715098177904683e+00 -7.5609897839838780e+00 6.7619166000000000e-03 9.4772308000000000e-02
-2.1465623317913593e-01 -8.4096030391376829e+01 3.4371696884677438e-01 -3.3447230002274829e+01 -1.1249030021802605e+02 3.6477806568861864e+00 -1.3552190972948341e+00 -7.4886723437375853e+00 7.0277381999999996e-03 1.0166719000000000e-01
-2.1079763232836185e-01 -8.2032389797849660e+01 3.4894798842138736e-01 -2.9861911964329202e+01 -1.1086381196518496e+02 3.4923589615786934e+00 -1.1460097457771652e+00 -7.4141969689206944e+00 7.2927204000000001e-03 1.0882751000000000e-01
-2.0679654984758455e-01 -8.0070496710944795e+01 3.5437216718099873e-01 -2.6395133286038899e+01 -1.0919567896849954e+02 3.3425305400046090e+00 -9.4367673347834624e-01 -7.3376402715953581e+00 7.5564877000000004e-03 1.1625223000000000e-01
-2.0265374017811266e-01 -7.8205401901486653e+01 3.5998848234626279e-01 -2.3044723764894197e+01 -1.0748803574173927e+02 3.1979723669936737e+00 -7.4803239063711469e-01 -7.2590837142467359e+00 7.8186677999999999e-03 1.2393994999999999e-01
-1.9837015176044848e-01 -7.6432508904319491e+01 3.6579564813743071e-01 -1.9808704671758466e+01 -1.0574311661634651e+02 3.0583820950474534e+00 -5.5890393150550555e-01 -7.1786133079399654e+00 8.0788911000000008e-03 1.3188891000000000e-01
-1.9394694320088746e-01 -7.4747554013549802e+01 3.7179209385765016e-01 -1.6685265092267102e+01 -1.0396324959735692e+02 2.9234766518839628e+00 -3.7613245387452765e-01 -7.0963195982615899e+00 8.3367917000000003e-03 1.4009695999999999e-01
-1.8938546171605208e-01 -7.3146568372476764e+01 3.7797599311523244e-01 -1.3672712198143751e+01 -1.0215084455970904e+02 2.7929897986706762e+00 -1.9956966542723698e-01 -7.0122969579093297e+00 8.5920070000000005e-03 1.4856159999999999e-01
-1.8468725391062513e-01 -7.1625859100238912e+01 3.8434524921251900e-01 -1.0769451324978345e+01 -1.0030838443516599e+02 2.6666709792966414e+00 -2.9077015985457866e-02 -6.9266434636544041e+00 8.8441787999999997e-03 1.5727996000000000e-01
-1.7985405499961646e-01 -7.0181984903734744e+01 3.9089750975701465e-01 -7.9739545861896710e+00 -9.8438412796546430e+01 2.5442836667041497e+00 1.3547629499015490e-01 -6.8394603675472938e+00 9.0929527999999999e-03 1.6624881999999999e-01
-1.7488778880836309e-01 -6.8811738182624083e+01 3.9763016666138795e-01 -5.2847398162707284e+00 -9.6543526603994351e+01 2.4256042034085570e+00 2.9421419517735814e-01 -6.7508517575816915e+00 9.3379794999999995e-03 1.7546460999999999e-01
-1.6979056238366275e-01 -6.7512127218024361e+01 4.0454036344903782e-01 -2.7003495414306387e+00 -9.4626359165743878e+01 2.3104206160805987e+00 4.4725537225628220e-01 -6.6609241136149677e+00 9.5789143999999993e-03 1.8492342000000001e-01
-1.6456468216037326e-01 -6.6280346428670370e+01 4.1162497333739306e-01 -2.1934125138193791e-01 -9.2689585674168910e+01 2.1985320193835083e+00 5.9471351602959854e-01 -6.5697863990816421e+00 9.8154178999999998e-03 1.9462097000000000e-01
-1.5921262701708017e-01 -6.5113852927519105e+01 4.1888063576574652e-01 2.1597314127887044e+00 -9.0735895884184742e+01 2.0897471450333382e+00 7.3669867877488970e-01 -6.4775490044750583e+00 1.0047156000000000e-02 2.0455266000000000e-01
-1.5373704288723017e-01 -6.4010161862660453e+01 4.2630376370082151e-01 4.4383481375526861e+00 -8.8767987574449066e+01 1.9838835011245375e+00 8.7331927091026262e-01 -6.3843235148657245e+00 1.0273801000000001e-02 2.1471357999999999e-01
-1.4814076970346371e-01 -6.2967034453454161e+01 4.3389050710893828e-01 6.6180007198556829e+00 -8.6788566658684488e+01 1.8807672310105870e+00 1.0046801895971647e+00 -6.2902227811866762e+00 1.0495031000000000e-02 2.2509846000000000e-01
-1.4242680906441582e-01 -6.1982365765140919e+01 4.4163679678941437e-01 8.7002304554604120e+00 -8.4800326710970666e+01 1.7802318154909105e+00 1.1308852804654297e+00 -6.1953600657058727e+00 1.0710529999999999e-02 2.3570173000000000e-01
-1.3659832962358284e-01 -6.1054197171646557e+01 4.4953833706899782e-01 1.0686615347580542e+01 -8.2805944024252341e+01 1.6821176349797087e+00 1.2520373778568163e+00 -6.0998488310036461e+00 1.0919989999999999e-02 2.4651751000000000e-01
-1.3065867247818871e-01 -6.0180709790183293e+01 4.5759059849630079e-01 1.2578786160761537e+01 -8.0808067791875359e+01 1.5862715294863636e+00 1.3682383658263031e+00 -6.0038025134327047e+00 1.1123108000000000e-02 2.5753959999999998e-01
-1.2461133500258564e-01 -5.9360215371545245e+01 4.6578883975849927e-01 1.4378428441969794e+01 -7.8809312164347077e+01 1.4925460307358496e+00 1.4795900649687614e+00 -5.9073339603616848e+00 1.1319591000000000e-02 2.6876150999999998e-01
-1.1845996545938756e-01 -5.8591149909108687e+01 4.7412811498690022e-01 1.6087287050869016e+01 -7.6812245246766736e+01 1.4007988639027604e+00 1.5861943516231998e+00 -5.8105550675364102e+00 1.1509152000000000e-02 2.8017647000000001e-01
-1.1220836838833659e-01 -5.7872069318771388e+01 4.8260326645137475e-01 1.7707163786786118e+01 -7.4819383343714080e+01 1.3108926049490204e+00 1.6881532641868469e+00 -5.7135767720361210e+00 1.1691511000000000e-02 2.9177742000000001e-01
-1.0586050999516960e-01 -5.7201644459534840e+01 4.9120891725479127e-01 1.9239917177085438e+01 -7.2833187355101131e+01 1.2226943771274001e+00 1.7855690316666677e+00 -5.6165086033510807e+00 1.1866398000000000e-02 3.0355700000000002e-01
-9.9420475040686268e-02 -5.6578655044271052e+01 4.9993952977754957e-01 2.0687471100379852e+01 -7.0856043831697264e+01 1.1360748675930310e+00 1.8785449632725277e+00 -5.5194579501482330e+00 1.2033550000000000e-02 3.1550762999999998e-01
-9.2892504562814393e-02 -5.6001986977080627e+01 5.0878935453861363e-01 2.2051803013471432e+01 -6.8890270296750899e+01 1.0509085499999384e+00 1.9671846534278512e+00 -5.4225304309575781e+00 1.2192715000000000e-02 3.2762143999999999e-01
-8.6280968932277602e-02 -5.5470626381088884e+01 5.1775246672334529e-01 2.3334947816240955e+01 -6.6938105194511508e+01 9.6707297790955038e-01 2.0515925484351500e+00 -5.3258292966979290e+00 1.2343646000000000e-02 3.3989032000000002e-01
-7.9590373241461815e-02 -5.4983660746572617e+01 5.2682275887793728e-01 2.4538992204816154e+01 -6.5001703195016162e+01 8.8444856150336615e-01 2.1318738026832929e+00 -5.2294553088882658e+00 1.2486109000000000e-02 3.5230591000000000e-01
-7.2825335748949171e-02 -5.4540272394027724e+01 5.3599397013168104e-01 2.5666075334286145e+01 -6.3083126140981108e+01 8.0291801024592924e-01 2.2081344756936057e+00 -5.1335062808080680e+00 1.2619877000000000e-02 3.6485963999999999e-01
-6.5990604046117618e-02 -5.4139738480345699e+01 5.4525966428026529e-01 2.6718380819807674e+01 -6.1184345396231443e+01 7.2236626518213920e-01 2.2804812265295191e+00 -5.0380771839187606e+00 1.2744734000000001e-02 3.7754270000000001e-01
-5.9091038890541431e-02 -5.3781428343924965e+01 5.5461325170247711e-01 2.7698134023930638e+01 -5.9307234572446831e+01 6.4268002202698682e-01 2.3490214176898334e+00 -4.9432598238331336e+00 1.2860473000000001e-02 3.9034606999999999e-01
-5.2131603428258122e-02 -5.3464801781544139e+01 5.6404800397133559e-01 2.8607599349823094e+01 -5.7453564961510956e+01 5.6374735878601978e-01 2.4138631117827702e+00 -4.8491431315500968e+00 1.2966896000000000e-02 4.0326054000000000e-01
-4.5117373971501590e-02 -5.3189408651626323e+01 5.7355703924295720e-01 2.9449071516584617e+01 -5.5625008065598678e+01 4.8545759362932284e-01 2.4751148171211743e+00 -4.7558103780062435e+00 1.3063819000000001e-02 4.1627669000000000e-01
-3.8053507665503000e-02 -5.2954887820599112e+01 5.8313336608995792e-01 3.0224874665890475e+01 -5.3823125538138221e+01 4.0770067721847214e-01 2.5328855378467208e+00 -4.6633445192461194e+00 1.3151064000000001e-02 4.2938494999999999e-01
-3.0945274821689850e-02 -5.2760967052602616e+01 5.9276983966805141e-01 3.0937352994916949e+01 -5.2049378899114537e+01 3.3036729665468512e-01 2.5872844127699115e+00 -4.5718227269131209e+00 1.3228465999999999e-02 4.4257553999999999e-01
-2.3798015806754030e-02 -5.2607462625352824e+01 6.0245922016058340e-01 3.1588868776759863e+01 -5.0305117965474658e+01 2.5334813939429734e-01 2.6384209978240030e+00 -4.4813187481532593e+00 1.3295871000000001e-02 4.5583855000000001e-01
-1.6617162598117741e-02 -5.2494280331944715e+01 6.1219414355626534e-01 3.2181794044966516e+01 -4.8591588002773200e+01 1.7653388983646767e-01 2.6864046404809354e+00 -4.3919026215678052e+00 1.3353135000000000e-02 4.6916390000000002e-01
-9.4082118396011660e-03 -5.2421415868767895e+01 6.2196715817700698e-01 3.2718507760669191e+01 -4.6909924639257582e+01 9.9814654480910647e-02 2.7313447430572912e+00 -4.3036403366505551e+00 1.3400123999999999e-02 4.8254139000000001e-01
-2.1767356191551013e-03 -5.2388956405455644e+01 6.3177071006678398e-01 3.3201388142622775e+01 -4.5261158518634453e+01 2.3079829313144451e-02 2.7733503580817196e+00 -4.2165940438164267e+00 1.3436718000000000e-02 4.9596067999999999e-01
5.0716400866044897e-03 -5.2397082052596929e+01 6.4159717221390422e-01 3.3632808772249518e+01 -4.3646212908565175e+01 -5.3782434662956735e-02 2.8125302243103070e+00 -4.1308218330937754e+00 1.3462807000000000e-02 5.0941133000000005e-01
1.2331213856930867e-02 -5.2446068004617253e+01 6.5143881532874104e-01 3.4015132218645569e+01 -4.2065911167218552e+01 -1.3088525223167213e-01 2.8489924111608427e+00 -4.0463780828408700e+00 1.3478291000000000e-02 5.2288276000000000e-01
1.9596257326744915e-02 -5.2536287119309094e+01 6.6128787359383401e-01 3.4350706715414404e+01 -4.0520968878518630e+01 -2.0834386327325705e-01 2.8828443266199262e+00 -3.9633129605058204e+00 1.3483083000000000e-02 5.3636434000000000e-01
2.6860988242302486e-02 -5.2668213114853721e+01 6.7113650813605519e-01 3.4641858975312594e+01 -3.9012005845611924e+01 -2.8627565818528922e-01 2.9141925833923628e+00 -3.8816728776054346e+00 1.3477108000000000e-02 5.4984533999999996e-01
3.4119581238927665e-02 -5.2842423885702082e+01 6.8097682163774254e-01 3.4890891208432649e+01 -3.7539544116642091e+01 -3.6480062440949279e-01 2.9431426672667538e+00 -3.8015004656386626e+00 1.3460300999999999e-02 5.6331494999999998e-01
4.1366184007611939e-02 -5.3059605868657187e+01 6.9080088025340047e-01 3.5100076349369672e+01 -3.6104011149426007e+01 -4.4404188816277301e-01 2.9697989720551710e+00 -3.7228345419286208e+00 1.3432611000000001e-02 5.7676231000000000e-01
4.8594928072747401e-02 -5.3320559522469644e+01 7.0060072822083286e-01 3.5271654166905407e+01 -3.4705741663455093e+01 -5.2412624053459922e-01 2.9942646272396809e+00 -3.6457101028257259e+00 1.3393997000000000e-02 5.9017653000000003e-01
5.5799912625527137e-02 -5.3626203062537719e+01 7.1036836594444286e-01 3.5407824902824878e+01 -3.3344985416084050e+01 -6.0518437169885431e-01 3.0166413574683948e+00 -3.5701587273308246e+00 1.3344429999999999e-02 6.0354666000000001e-01
6.2975226079411417e-02 -5.3977580420892167e+01 7.2009577921750068e-01 3.5510749926021042e+01 -3.2021908335588542e+01 -6.8735157019537696e-01 3.0370292743889360e+00 -3.4962084460963019e+00 1.3283893999999999e-02 6.1686173000000000e-01
7.0114967625593272e-02 -5.4375868499435789e+01 7.2977496844440992e-01 3.5582544725506203e+01 -3.0736592662622414e+01 -7.7076847752629840e-01 3.0555268587035567e+00 -3.4238837105254647e+00 1.3212384000000001e-02 6.3011079000000003e-01
7.7213214899799876e-02 -5.4822383369667250e+01 7.3939790480730649e-01 3.5625279409330517e+01 -2.9489049045749457e+01 -8.5558126567349069e-01 3.0722307996609359e+00 -3.3532059128225504e+00 1.3129907000000000e-02 6.4328284999999996e-01
8.4264061704357962e-02 -5.5318590900671794e+01 7.4895658140502741e-01 3.5640971956636697e+01 -2.8279214460979865e+01 -9.4194266817805627e-01 3.0872358821668930e+00 -3.2841931936167268e+00 1.3036481000000001e-02 6.5636695000000000e-01
9.1261623397060065e-02 -5.5866117226861085e+01 7.5844302055867652e-01 3.5631588298966975e+01 -2.7106959238513088e+01 -1.0300127330550346e+00 3.1006350543366898e+00 -3.2168605962279035e+00 1.2932137999999999e-02 6.6935217000000002e-01
9.8200020724565296e-02 -5.6466757959534441e+01 7.6784925189492381e-01 3.5599039834502761e+01 -2.5972083187940559e+01 -1.1199593522479849e+00 3.1125190310053710e+00 -3.1512203720559127e+00 1.2816919000000000e-02 6.8222760000000005e-01
1.0507341215559812e-01 -5.7122495741251079e+01 7.7716735617940735e-01 3.5545181544785336e+01 -2.4874339413766634e+01 -1.2119594891112335e+00 3.1229765152588826e+00 -3.0872819212048275e+00 1.2690879000000000e-02 6.9498240000000000e-01
1.1187598310321561e-01 -5.7835510359359915e+01 7.8638945070559862e-01 3.5471810416469943e+01 -2.3813417908973179e+01 -1.3061999583138890e+00 3.1320938717670859e+00 -3.0250520850754805e+00 1.2554085000000000e-02 7.0760577999999996e-01
1.1860195131367363e-01 -5.8608195000245679e+01 7.9550769660036957e-01 3.5380664483071548e+01 -2.2788961418084810e+01 -1.4028785190054536e+00 3.1399552786195932e+00 -2.9645352826065787e+00 1.2406611999999999e-02 7.2008700999999997e-01
1.2524559381075956e-01 -5.9443180597523067e+01 8.0451433535182659e-01 3.5273421746312366e+01 -2.1800564664569340e+01 -1.5022053927107069e+00 3.1466425961943090e+00 -2.9057334846334948e+00 1.2248551000000000e-02 7.3241546999999996e-01
1.3180123072919264e-01 -6.0343352164403797e+01 8.1340166689261018e-01 3.5151698311726761e+01 -2.0847781833094583e+01 -1.6044043531332275e+00 3.1522352979860941e+00 -2.8486465599953275e+00 1.2080001999999999e-02 7.4458062000000003e-01
1.3826323609235686e-01 -6.1311873828284803e+01 8.2216206421102800e-01 3.5017050473546220e+01 -1.9930130280390173e+01 -1.7097143290855736e+00 3.1568104280624998e+00 -2.7932723855804356e+00 1.1901076999999999e-02 7.5657202000000001e-01
1.4462604859003442e-01 -6.2352216921472746e+01 8.3078798796218922e-01 3.4870972149329013e+01 -1.9047093613341882e+01 -1.8183912406778124e+00 3.1604426455791623e+00 -2.7396069514392409e+00 1.1711898000000000e-02 7.6837935000000002e-01
1.5088418774500456e-01 -6.3468193336216324e+01 8.3927200838470417e-01 3.4714897359870214e+01 -1.8198124553221763e+01 -1.9307101817465935e+00 3.1632041209245161e+00 -2.6876444232569461e+00 1.1512599000000000e-02 7.7999244000000001e-01
1.5703222696871166e-01 -6.4663985905765415e+01 8.4760676877285068e-01 3.4550197676247095e+01 -1.7382653645900568e+01 -2.0469671263516345e+00 3.1651645622994780e+00 -2.6373775703572466e+00 1.1303326000000001e-02 7.9140122000000002e-01
1.6306484744992972e-01 -6.5944179174538732e+01 8.5578505853224152e-01 3.4378184349813893e+01 -1.6600086250927554e+01 -2.1674823955977596e+00 3.1663912163389178e+00 -2.5887974896388015e+00 1.1084235000000000e-02 8.0259581999999996e-01
1.6897678965496432e-01 -6.7313892601302300e+01 8.6379974742972432e-01 3.4200108779407827e+01 -1.5849813637101734e+01 -2.2926026310741898e+00 3.1669488367508456e+00 -2.5418942609540314e+00 1.0855490000000001e-02 8.1356647999999998e-01
1.7476290182745069e-01 -6.8778652277350389e+01 8.7164385134348110e-01 3.4017163704640012e+01 -1.5131210948277323e+01 -2.4227050621640651e+00 3.1668997139213340e+00 -2.4966566346224033e+00 1.0617270000000000e-02 8.2430364000000000e-01
1.8041812921062089e-01 -7.0344644169034225e+01 8.7931051765189594e-01 3.3830482479887117e+01 -1.4443642519488293e+01 -2.5582012204359579e+00 3.1663036827519746e+00 -2.4530723933998715e+00 1.0369760000000000e-02 8.3479791999999997e-01
1.8593751943617043e-01 -7.2018692946265489e+01 8.8679303253912123e-01 3.3641142326938947e+01 -1.3786465911200841e+01 -2.6995416122515801e+00 3.1652181350141952e+00 -2.4111284586144404e+00 1.0113159000000000e-02 8.4504013000000000e-01
1.9131622791312447e-01 -7.3808369171974320e+01 8.9408482830064417e-01 3.3450164775416717e+01 -1.3159033986127174e+01 -2.8472211926370568e+00 3.1636980485604695e+00 -2.3708108320101058e+00 9.8476710000000005e-03 8.5502127999999999e-01
1.9654951782783808e-01 -7.5722091480843318e+01 9.0117948334328735e-01 3.3258515312749509e+01 -1.2560699234031919e+01 -3.0017856852226243e+00 3.1617959571271905e+00 -2.3321052385782122e+00 9.5735140000000000e-03 8.6473257999999997e-01
2.0163278708832860e-01 -7.7769258048625062e+01 9.0807075871304210e-01 3.3067107391009912e+01 -1.1990814086733906e+01 -3.1638399002907529e+00 3.1595621041396456e+00 -2.2949965633006078e+00 9.2909130999999992e-03 8.7416548999999999e-01
2.0656154137994309e-01 -7.9960382233341178e+01 9.1475256156723495e-01 3.2876802673167234e+01 -1.1448736529507803e+01 -3.3340559772183447e+00 3.1570443552154615e+00 -2.2594694773234520e+00 9.0001030000000006e-03 8.8331166999999999e-01
2.1133142649855735e-01 -8.2307283445341355e+01 9.2121898900792776e-01 3.2688412066735978e+01 -1.0933830691667039e+01 -3.5131853027350139e+00 3.1542882819489448e+00 -2.2255082912654154e+00 8.7013270999999996e-03 8.9216304000000002e-01
2.1593821218397657e-01 -8.4823289961540638e+01 9.2746430616521813e-01 3.2502698365601205e+01 -1.0445470680783563e+01 -3.7020711903652597e+00 3.1513371840796163e+00 -2.1930971959759962e+00 8.3948374000000006e-03 9.0071175000000003e-01
2.2037781906426757e-01 -8.7523517683110896e+01 9.3348298272507269e-01 3.2320376964814557e+01 -9.9830406271669982e+00 -3.9016661693910129e+00 3.1482321521821270e+00 -2.1622202491284472e+00 8.0808944000000001e-03 9.0895022999999997e-01
2.2464629710029299e-01 -9.0425177565963011e+01 9.3926966370705989e-01 3.2142117998880401e+01 -9.5459396566003090e+00 -4.1130511299410442e+00 3.1450121046938020e+00 -2.1328615864993776e+00 7.7597663000000001e-03 9.1687114999999997e-01
2.2873984714117718e-01 -9.3547994092932058e+01 9.4481919868661790e-01 3.1968547774387748e+01 -9.1335525742450425e+00 -4.3374612354932136e+00 3.1417138131999041e+00 -2.1050054563852170e+00 7.4317293999999999e-03 9.2446746000000002e-01
2.3265482631317258e-01 -9.6914714712227521e+01 9.5012664910062017e-01 3.1800250404319829e+01 -8.7453984937560350e+00 -4.5763178160776796e+00 3.1383719439405642e+00 -2.0786362634164468e+00 7.0970672000000004e-03 9.3173240000000002e-01
2.3638773724192719e-01 -1.0055174799323051e+02 9.5518727363624278e-01 3.1637770881091100e+01 -8.3808399577698296e+00 -4.8312679240903043e+00 3.1350191270946581e+00 -2.0537387584480342e+00 6.7560703000000000e-03 9.3865947999999999e-01
2.3993525499681645e-01 -1.0449002126429205e+02 9.5999656475879824e-01 3.1481611123956139e+01 -8.0393763755545660e+00 -5.1042380105647140e+00 3.1316859790318845e+00 -2.0302979657169846e+00 6.4090362999999996e-03 9.4524253000000003e-01
2.4329419475774450e-01 -1.0876603768285344e+02 9.6455020487833421e-01 3.1332241339732668e+01 -7.7205018757221735e+00 -5.3974995062056284e+00 3.1284011710262072e+00 -2.0082994846636679e+00 6.0562691999999996e-03 9.5147563999999996e-01
2.4646156570380928e-01 -1.1342338951294349e+02 9.6884413940530179e-01 3.1190091554245019e+01 -7.4237311015873013e+00 -5.7137636115653905e+00 3.1251914096828530e+00 -1.9877291830528578e+00 5.6980790999999996e-03 9.5735325999999998e-01
2.4943451712463749e-01 -1.1851465139998987e+02 9.7287450369488770e-01 3.1055559521979688e+01 -7.1486058689048031e+00 -6.0562990515551096e+00 3.1220815776496846e+00 -1.9685738420727703e+00 5.3347821999999998e-03 9.6287009999999995e-01
2.5221039230904929e-01 -1.2410416750400029e+02 9.7663769610268170e-01 3.0929009028657404e+01 -6.8946917090547917e+00 -6.4291064117674797e+00 3.1190946926018643e+00 -1.9508205188876180e+00 4.9667000000000001e-03 9.6802122999999995e-01
2.5478669082299332e-01 -1.3027181676695503e+02 9.8013032684570978e-01 3.0810772973210629e+01 -6.6615822142889600e+00 -6.8371530583577425e+00 3.1162519593687072e+00 -1.9344571519210838e+00 4.5941591999999996e-03 9.7280200999999999e-01
2.5716111162047828e-01 -1.3711865958259631e+02 9.8334927644696735e-01 3.0701152883443179e+01 -6.4488965381179923e+00 -7.2867264894012322e+00 3.1135728467946642e+00 -1.9194722788082241e+00 4.2174915999999996e-03 9.7720817000000004e-01
2.5933150993264076e-01 -1.4477515272007724e+02 9.8629163729088609e-01 3.0600422406947089e+01 -6.2562843314939860e+00 -7.7859471516059857e+00 3.1110750963245186e+00 -1.9058553457251086e+00 3.8370333000000002e-03 9.8123572999999997e-01
2.6129594037867798e-01 -1.5341417720871809e+02 9.8895477206786742e-01 3.0508826052344176e+01 -6.0834228475487562e+00 -8.3455840900486287e+00 3.1087747449227665e+00 -1.8935965071351131e+00 3.4531249000000000e-03 9.8488107999999996e-01
2.6305264079924762e-01 -1.6327200857658212e+02 9.9133629185758265e-01 3.0426581304204863e+01 -5.9300186777863786e+00 -8.9803660671760834e+00 3.1066861710959985e+00 -1.8826867506342368e+00 3.0661112999999999e-03 9.8814095000000002e-01
2.6460002147873485e-01 -1.7468424886827245e+02 9.9343404151783898e-01 3.0353880691168282e+01 -5.7958102614108489e+00 -9.7112305947883275e+00 3.1048221317151019e+00 -1.8731180664462932e+00 2.6763420000000000e-03 9.9101238999999997e-01
2.6593669747845194e-01 -1.8815238369439300e+02 9.9524614351798046e-01 3.0290890325290384e+01 -5.6805651142748017e+00 -1.0569490057394916e+01 3.1031937597597818e+00 -1.8648832356417011e+00 2.2841723000000002e-03 9.9349282999999999e-01
2.6706147785890444e-01 -2.0447804375327001e+02 9.9677098332775427e-01 3.0237751743488509e+01 -5.5840816126154582e+00 -1.1605237545972294e+01 3.1018106090246591e+00 -1.8579759472619668e+00 1.8899688000000000e-03 9.9558005999999999e-01
2.6797336029092511e-01 -2.2507237330442149e+02 9.9800720211174399e-01 3.0194582761973930e+01 -5.5061897826939639e+00 -1.2906719722985100e+01 3.1006806653014829e+00 -1.8523908747262079e+00 1.4941295000000000e-03 9.9727222000000004e-01
2.6867160649980470e-01 -2.5283098014084004e+02 9.9895379900730419e-01 3.0161474495316384e+01 -5.4467452985848865e+00 -1.4655137057703884e+01 3.0998102682424467e+00 -1.8481232196759019e+00 1.0971916000000000e-03 9.9856794000000004e-01
2.6915594704221879e-01 -2.9572458485069484e+02 9.9961040873609708e-01 3.0138482103067712e+01 -5.4056125701148039e+00 -1.7349562505829223e+01 3.0992038955393841e+00 -1.8451675008069817e+00 7.0085733000000002e-04 9.9946672000000003e-01
