-4.9784021061007974e-02 -4.2647482149131274e+03 4.9785095089475311e-02 -3.4838037302844518e+03 -1.0873990849384311e+03 2.6898802579196689e+02 -2.1925290618616393e+02 -6.9255329307744375e+01 5.5301730000000003e-06 1.0230946000000001e-06
-4.9782139138479800e-02 -3.2372054232739492e+03 4.9803054958611225e-02 -2.4547932330219010e+03 -1.0868978408063820e+03 2.0354210461354367e+02 -1.5374107943945361e+02 -6.9232939513510445e+01 3.5894988000000002e-05 1.9923924999999999e-05
-4.9776234847042793e-02 -2.7598709916732760e+03 4.9859401752892718e-02 -1.9737877941280412e+03 -1.0853264109592949e+03 1.7313282636674592e+02 -1.2316671370098503e+02 -6.9162735720876697e+01 8.5619985000000003e-05 7.9222864999999994e-05
-4.9764546266307885e-02 -2.4460285098718655e+03 4.9970950117525267e-02 -1.6538468284725252e+03 -1.0822206722310807e+03 1.5312980067698572e+02 -1.0288898939458034e+02 -6.9023939698658992e+01 1.5173507999999999e-04 1.9661552000000001e-04
-4.9745531352981022e-02 -2.2122659485290637e+03 5.0152416330861836e-02 -1.4115478199833340e+03 -1.0771829596571101e+03 1.3822006908750430e+02 -8.7594002456135556e+01 -6.8798670774310196e+01 2.3255418000000001e-04 3.8758918999999998e-04
-4.9717787655959612e-02 -2.0263134954727902e+03 5.0417184492351129e-02 -1.2147359170394884e+03 -1.0698652198703946e+03 1.2634808417071784e+02 -7.5230757673575241e+01 -6.8471152458249946e+01 3.2689763000000001e-04 6.6622920000000002e-04
-4.9680015784743153e-02 -1.8722521577207483e+03 5.0777655156742894e-02 -1.0476952835372706e+03 -1.0599642112317204e+03 1.1649981288171068e+02 -6.4793585769668880e+01 -6.8027454927950515e+01 4.3385032000000002e-04 1.0455858000000000e-03
-4.9630998964587461e-02 -1.7410457467571846e+03 5.1245440446665055e-02 -9.0166046528000811e+02 -1.0472211880079494e+03 1.0809968659206096e+02 -5.5718162545322627e+01 -6.7455436821431434e+01 5.5265518999999999e-04 1.5378795000000000e-03
-4.9569590398307224e-02 -1.6270663362877599e+03 5.1831484663524933e-02 -7.7132814736434182e+02 -1.0314232534077937e+03 1.0078928274131322e+02 -4.7659584341170508e+01 -6.6744781151433855e+01 6.8265765000000004e-04 2.1546280000000000e-03
-4.9494704732281652e-02 -1.5265678709936749e+03 5.2546145730512146e-02 -6.5332011663765036e+02 -1.0124080876653626e+03 9.4330091504750314e+01 -4.0394677084798417e+01 -6.5887075559386460e+01 8.2327310000000005e-04 2.9067318999999999e-03
-4.9405312241668907e-02 -1.4369288636178330e+03 5.3399250685205776e-02 -5.4541670188968976e+02 -9.9006285484493867e+02 8.8555269639205449e+01 -3.3773368735659297e+01 -6.4875914351290760e+01 9.7396649000000004e-04 3.8045331000000002e-03
-4.9300434578842013e-02 -1.3562412491441303e+03 5.4400136253792329e-02 -4.4613686231942467e+02 -9.6433117689728624e+02 8.3343443849405460e+01 -2.7692145202042685e+01 -6.3707001368662219e+01 1.1342389000000000e-03 4.8578574999999999e-03
-4.9179141666859605e-02 -1.2830714882619316e+03 5.5557678497801126e-02 -3.5449053902949163e+02 -9.3521349299503447e+02 7.8603487306635785e+01 -2.2078492090752903e+01 -6.2378243713431608e+01 1.3036180000000001e-03 6.0760461999999999e-03
-4.9040549449223529e-02 -1.2163140004783022e+03 5.6880314288983089e-02 -2.6982327335743474e+02 -9.0276918351498580e+02 7.4265178346902744e+01 -1.6881224831266746e+01 -6.0889826133818772e+01 1.4816515000000000e-03 7.4679780999999997e-03
-4.8883818067779979e-02 -1.1550971076176381e+03 5.8376058698261311e-02 -1.9171307372087148e+02 -8.6711732016692702e+02 7.0273204411516559e+01 -1.2064161330017290e+01 -5.9244256563306628e+01 1.6679024999999999e-03 9.0420881999999994e-03
-4.8708150628073231e-02 -1.0987205354713446e+03 6.0052516778407936e-02 -1.1989877189314022e+02 -8.2843635050551961e+02 6.6583176813096685e+01 -7.6018043343969861e+00 -5.7446379362542821e+01 1.8619452999999999e-03 1.0806380000000001e-02
-4.8512792054310833e-02 -1.0466124469224856e+03 6.1916894491526736e-02 -5.4227916817315553e+01 -7.8696251982685260e+02 6.3158890449327345e+01 -3.4762753105789113e+00 -5.5503347458309719e+01 2.0633631000000000e-03 1.2768437000000001e-02
-4.8297028561651877e-02 -9.9829926902590023e+02 6.3976003745197255e-02 5.3824408669579347e+00 -7.4298705333840314e+02 5.9970399381461021e+01 3.2493533809876318e-01 -5.3424556021393087e+01 2.2717459999999998e-03 1.4935428000000001e-02
-4.8060186770049626e-02 -9.5338381528414152e+02 6.6236270849396137e-02 5.8976182175098600e+01 -6.9685189566468421e+02 5.6992619883797630e+01 3.8106767161380453e+00 -5.1221526611272466e+01 2.4866887000000002e-03 1.7314116000000001e-02
-4.7801633724165168e-02 -9.1152933111512152e+02 6.8703736326453907e-02 1.0658208579821148e+02 -6.4894428021668114e+02 5.4204312917135340e+01 6.9874479045796756e+00 -4.8907753480608555e+01 2.7077901999999999e-03 1.9910858000000000e-02
-4.7520775798116699e-02 -8.7244735403031495e+02 7.1384065363429672e-02 1.4823314501136252e+02 -5.9968983969191277e+02 5.1587308337216051e+01 9.8604445167797188e+00 -4.6498495754032909e+01 2.9346520999999999e-03 2.2731616000000000e-02
-4.7217059292889003e-02 -8.3588871085659252e+02 7.4282542110815822e-02 1.8398162107198652e+02 -5.4954481671396047e+02 4.9125930418614260e+01 1.2434369628878358e+01 -4.4010542534455418e+01 3.1668782999999998e-03 2.5781951000000001e-02
-4.6889969838923989e-02 -8.0163639624207235e+02 7.7404075383833315e-02 2.1391101013959181e+02 -4.9898715257359243e+02 4.6806542633432720e+01 1.4714090800088332e+01 -4.1461929589795851e+01 3.4040742000000001e-03 2.9067029000000001e-02
-4.6539031997847681e-02 -7.6950003626046566e+02 8.0753202463295162e-02 2.3814490022600515e+02 -4.4850681886084590e+02 4.4617194013194386e+01 1.6705150467650647e+01 -3.8871628334248165e+01 3.6458464000000000e-03 3.2591624999999999e-02
-4.6163809859879716e-02 -7.3931160414176202e+02 8.4334083394311171e-02 2.5685304333636560e+02 -3.9859580454337140e+02 4.2547345380060285e+01 1.8414149409189427e+01 -3.6259215207820212e+01 3.8918026000000000e-03 3.6360116999999997e-02
-4.5763906247287364e-02 -7.1092186287718869e+02 8.8150508588015000e-02 2.7025494817787921e+02 -3.4973764064847603e+02 4.0587641924425533e+01 1.9849031324217023e+01 -3.3644516578081550e+01 4.1415510999999999e-03 4.0376493999999999e-02
-4.5338963013090282e-02 -6.8419759139519158e+02 9.2205895970916468e-02 2.7862099419767281e+02 -3.0239716679810334e+02 3.8729735909484873e+01 2.1019262391714122e+01 -3.1047252145594747e+01 4.3947007000000003e-03 4.4644352999999998e-02
-4.4888661041060499e-02 -6.5901929292782154e+02 9.6503290984901569e-02 2.8227133384674357e+02 -2.5701060630495670e+02 3.6966140302686973e+01 2.1935929642063662e+01 -2.8486678220982220e+01 4.6508610999999997e-03 4.9166899000000000e-02
-4.4412719847449426e-02 -6.3527929382302079e+02 1.0104537038809604e-01 2.8157275959364375e+02 -2.1397627503573702e+02 3.5290107115228992e+01 2.2611749898278617e+01 -2.5981239540130286e+01 4.9096423000000002e-03 5.3946949000000001e-02
-4.3910898078829107e-02 -6.1288021613550688e+02 1.0583443750378588e-01 2.7693368701652150e+02 -1.7364633128920516e+02 3.3695533376134428e+01 2.3061016130090977e+01 -2.3548246059205052e+01 5.1706551000000002e-03 5.8986927000000001e-02
-4.3382992615978000e-02 -5.9173364013110222e+02 1.1087243077236031e-01 2.6879761396699689e+02 -1.3631961050707218e+02 3.2176861978267759e+01 2.3299473332299403e+01 -2.1203570458651292e+01 5.4335110000000002e-03 6.4288872999999996e-02
-4.2828839469995161e-02 -5.7175905762986531e+02 1.1616091519936891e-01 2.5763524144558431e+02 -1.0223603587879883e+02 3.0729032740328680e+01 2.3344139844345221e+01 -1.8961394669841312e+01 5.6978226000000002e-03 6.9854434000000007e-02
-4.2248312786617850e-02 -5.5288291425964519e+02 1.2170109185768024e-01 2.4393561441102420e+02 -7.1572493405485957e+01 2.9347417056532304e+01 2.3213083912135630e+01 -1.6833985864466946e+01 5.9632034000000004e-03 7.5684873999999999e-02
-4.1641325344062674e-02 -5.3503784764025067e+02 1.2749379313640266e-01 2.2819666349601476e+02 -4.4440531922906708e+01 2.8027763373092142e+01 2.2925162933526330e+01 -1.4831532044107190e+01 6.2292681999999997e-03 8.1781068999999998e-02
-4.1007828154752686e-02 -5.1816201162880941e+02 1.3353948654174766e-01 2.1091527882016820e+02 -2.0885771071978969e+01 2.6766150325642560e+01 2.2499737219166487e+01 -1.2962025861842781e+01 6.4956331999999999e-03 8.8143510999999994e-02
-4.0347810465317324e-02 -5.0219850333422443e+02 1.3983827469702997e-01 1.9257772129559677e+02 -8.8911531078709416e-01 2.5558963340458945e+01 2.1956368843854104e+01 -1.1231201353748760e+01 6.7619166000000000e-03 9.4772308000000000e-02
-3.9661299159182976e-02 -4.8709485523844893e+02 1.4638990104396282e-01 1.7365010912628227e+02 1.5630348914415455e+01 2.4402851796917041e+01 2.1314514852204034e+01 -9.6425309979235401e+00 7.0277381999999996e-03 1.0166719000000000e-01
-3.8948358657004703e-02 -4.7280261023946770e+02 1.5319375079287367e-01 1.5456974148506288e+02 2.8810856746855958e+01 2.3294707587621971e+01 2.0593226374703029e+01 -8.1972719356015471e+00 7.2927204000000001e-03 1.0882751000000000e-01
-3.8209092310621716e-02 -4.5927697348499839e+02 1.6024883761968217e-01 1.3573741049122350e+02 3.8842046340592326e+01 2.2231640628127458e+01 1.9810864634938646e+01 -6.8945668936107909e+00 7.5564877000000004e-03 1.1625223000000000e-01
-3.7443639515578213e-02 -4.4647642872302214e+02 1.6755383122216042e-01 1.1751078422270631e+02 4.5957966719336206e+01 2.1210954538108716e+01 1.8984834833781779e+01 -5.7315835025044422e+00 7.8186677999999999e-03 1.2393994999999999e-01
-3.6652175511986892e-02 -4.3436246161311692e+02 1.7510705922036476e-01 1.0019924618156836e+02 5.0429056071224984e+01 2.0230128717360735e+01 1.8131350996052166e+01 -4.7037002559901344e+00 8.0788911000000008e-03 1.3188891000000000e-01
-3.5834914371576362e-02 -4.2289935296765447e+02 1.8290647865015949e-01 8.4060309466475900e+01 5.2553527182331734e+01 1.9286806266374292e+01 1.7265262517507058e+01 -3.8047269546826614e+00 8.3367917000000003e-03 1.4009695999999999e-01
-3.4992105014961264e-02 -4.1205388720899236e+02 1.9094971397185195e-01 6.9297430969841415e+01 5.2648462470640141e+01 1.8378774732706209e+01 1.6399857762382922e+01 -3.0271423473734895e+00 8.5920070000000005e-03 1.4856159999999999e-01
-3.4124033203007192e-02 -4.0179520012067672e+02 1.9923403806587492e-01 5.6059524185725820e+01 5.1040848731763646e+01 1.7503956023741356e+01 1.5546792164236063e+01 -2.3623539357851069e+00 8.8441787999999997e-03 1.5727996000000000e-01
-3.3231019545465826e-02 -3.9209456322634651e+02 2.0775639123710424e-01 4.4441948290947252e+01 4.8058856873698957e+01 1.6660393103321642e+01 1.4716005121237259e+01 -1.8009645200812703e+00 9.0929527999999999e-03 1.6624881999999999e-01
-3.2313419500974876e-02 -3.8292523685063628e+02 2.1651338121485875e-01 3.4488844735792014e+01 4.4023680528822368e+01 1.5846240185093816e+01 1.3915699009860969e+01 -1.3330387411417819e+00 9.3379794999999995e-03 1.7546460999999999e-01
-3.1371622381375627e-02 -3.7426232080830204e+02 2.2550129265505914e-01 2.6196881969191178e+01 3.9242097335162711e+01 1.5059752988629885e+01 1.3152361405461685e+01 -9.4836153121130740e-01 9.5789143999999993e-03 1.8492342000000001e-01
-3.0406054338760376e-02 -3.6608265451211651e+02 2.3471605863375153e-01 1.9519923380694021e+01 3.4000017497507287e+01 1.4299283063572993e+01 1.2430825037884652e+01 -6.3668555010398442e-01 9.8154178999999998e-03 1.9462097000000000e-01
-2.9417173387060049e-02 -3.5836463925822738e+02 2.4415330815790134e-01 1.4374596817523090e+01 2.8557090299510257e+01 1.3563266296023558e+01 1.1754360113531712e+01 -3.8794897007755208e-01 1.0047156000000000e-02 2.0455266000000000e-01
-2.8405468406361808e-02 -3.5108823107458147e+02 2.5380837566755221e-01 1.0646446197735930e+01 2.3142516483527036e+01 1.2850215963952410e+01 1.1124797430434926e+01 -1.9247615331995979e-01 1.0273801000000001e-02 2.1471357999999999e-01
-2.7371464121321326e-02 -3.4423469481381517e+02 2.6367625352503199e-01 8.1965371926633708e+00 1.7952150316922367e+01 1.2158720323093855e+01 1.0542678362189292e+01 -4.1146541442295480e-02 1.0495031000000000e-02 2.2509846000000000e-01
-2.6315715127068030e-02 -3.3778666927402816e+02 2.7375164902790533e-01 6.8680652511542739e+00 1.3146786524599362e+01 1.1487432812264309e+01 1.0007415829578960e+01 7.4472442891720864e-02 1.0710529999999999e-02 2.3570173000000000e-01
-2.5238806884887558e-02 -3.3172800671930884e+02 2.8402897490681506e-01 6.4929399912755130e+00 8.8516812866087466e+00 1.0835067834872559e+01 9.5174696835149071e+00 1.6201776794377187e-01 1.0919989999999999e-02 2.4651751000000000e-01
-2.4141356717904228e-02 -3.2604373088900138e+02 2.9450233982332341e-01 6.8980335255480369e+00 5.1571869697063706e+00 1.0200396802313936e+01 9.0705267970255647e+00 2.2826374278900588e-01 1.1123108000000000e-02 2.5753959999999998e-01
-2.3024010824033655e-02 -3.2071995971428800e+02 3.0516557687638812e-01 7.9109761411172634e+00 2.1203770114964149e+00 9.5822419876214848e+00 8.6636783975863612e+00 2.7908381891856754e-01 1.1319591000000000e-02 2.6876150999999998e-01
-2.1887443280300293e-02 -3.1574384723523156e+02 3.1601225310452147e-01 9.3651607618757016e+00 -2.3248310920473700e-01 8.9794721744717130e+00 8.2935912723866956e+00 3.1943702177122096e-01 1.1509152000000000e-02 2.8017647000000001e-01
-2.0732357038519899e-02 -3.1110354164441532e+02 3.2703565998363127e-01 1.1104367702778772e+01 -1.9027654915195233e+00 8.3909995693223909e+00 7.9566708488505675e+00 3.5339162229240129e-01 1.1691511000000000e-02 2.9177742000000001e-01
-1.9559484920981980e-02 -3.0678814248496042e+02 3.3822880392486232e-01 1.2986093301564782e+01 -2.9158033339127436e+00 7.8157767539486045e+00 7.6492056353467177e+00 3.8416144376861405e-01 1.1866398000000000e-02 3.0355700000000002e-01
-1.8369581654990148e-02 -3.0278763194721478e+02 3.4958448229186634e-01 1.4884376155621460e+01 -3.3169100978882176e+00 7.2527896539322985e+00 7.3674955776603310e+00 4.1416723297330860e-01 1.2033550000000000e-02 3.1550762999999998e-01
-1.7163430842639278e-02 -2.9909286691899064e+02 3.6109521688569091e-01 1.6691654764048113e+01 -3.1671688349137033e+00 6.7010576079213546e+00 7.1079637877542883e+00 4.4510957753970537e-01 1.2192715000000000e-02 3.2762143999999999e-01
-1.5941839982403290e-02 -2.9569553019856335e+02 3.7275330145557295e-01 1.8319776201794728e+01 -2.5392798046892593e+00 6.1596277853197119e+00 6.8672449078932996e+00 4.7805621819010174e-01 1.2343646000000000e-02 3.3989032000000002e-01
-1.4705641464817558e-02 -2.9258810668426958e+02 3.8455079219678007e-01 1.9700281849658332e+01 -1.5135331127212863e+00 5.6275765929172579e+00 6.6422540888362835e+00 5.1353025513537032e-01 1.2486109000000000e-02 3.5230591000000000e-01
-1.3455688589749069e-02 -2.8976384952795848e+02 3.9647954575924582e-01 2.0783990042405563e+01 -1.7401172260755685e-01 5.1039976837262078e+00 6.4302365583591232e+00 5.5160780871256265e-01 1.2619877000000000e-02 3.6485963999999999e-01
-1.2192858553443833e-02 -2.8721676828253754e+02 4.0853119074109323e-01 2.1539990728860548e+01 1.3947809609650226e+00 4.5880082246758107e+00 6.2287977148905798e+00 5.9200859129811345e-01 1.2744734000000001e-02 3.7754270000000001e-01
-1.0918049461479486e-02 -2.8494160421221585e+02 4.2069715619511100e-01 2.1954146400505060e+01 3.1109278941651644e+00 4.0787415589348281e+00 6.0359166942848237e+00 6.3418594681174667e-01 1.2860473000000001e-02 3.9034606999999999e-01
-9.6321783374003628e-03 -2.8293381407926591e+02 4.3296869063307147e-01 2.2027290180877856e+01 4.8975670888389145e+00 3.5753447551987314e+00 5.8499464252338251e+00 6.7741104490933213e-01 1.2966896000000000e-02 4.0326054000000000e-01
-8.3361831140824558e-03 -2.8118956254438564e+02 4.4533684302141252e-01 2.1773029049410535e+01 6.6848853055066080e+00 3.0769770482739478e+00 5.6695949900053497e+00 7.2084589769950880e-01 1.3063819000000001e-02 4.1627669000000000e-01
-7.0310166596386156e-03 -2.7970570630004761e+02 4.5779251979419061e-01 2.1215543262094872e+01 8.4115721172987339e+00 2.5828052392455234e+00 5.4939055464215194e+00 7.6361192507838993e-01 1.3151064000000001e-02 4.2938494999999999e-01
-5.7176527515133274e-03 -2.7847979824294731e+02 4.7032642784012796e-01 2.0387254279623537e+01 1.0025790797467373e+01 2.0920036777948443e+00 5.3222226722779133e+00 8.0484226797994474e-01 1.3228465999999999e-02 4.4257553999999999e-01
-4.3970781110230436e-03 -2.7751007482935171e+02 4.8292915051988283e-01 1.9326550634087059e+01 1.1485694297120084e+01 1.6037487109959141e+00 5.1541529861993194e+00 8.4372839197875693e-01 1.3295871000000001e-02 4.5583855000000001e-01
-3.0702963860859966e-03 -2.7679546490051672e+02 4.9559110965741432e-01 1.8075635149008452e+01 1.2759502247616638e+01 1.1172190278856302e+00 4.9895288266137943e+00 8.7955277144832411e-01 1.3353135000000000e-02 4.6916390000000002e-01
-1.7383231728099469e-03 -2.7633558855788976e+02 5.0830261305077629e-01 1.6678538469917505e+01 1.3825233904032666e+01 6.3158910275821611e-01 4.8283600944881977e+00 9.1171537819414250e-01 1.3400123999999999e-02 4.8254139000000001e-01
-4.0218800685706130e-04 -2.7613076825766660e+02 5.2105383546779982e-01 1.5179351232049719e+01 1.4670156627180843e+01 1.4602985837649030e-01 4.6707997954957108e+00 9.3974622482186898e-01 1.3436718000000000e-02 4.9596067999999999e-01
9.3706961928593374e-04 -2.7618203879096114e+02 5.3383485665472841e-01 1.3620723096703136e+01 1.5289933818795586e+01 -3.4029643977825152e-01 4.5170967808582176e+00 9.6331326593091537e-01 1.3462807000000000e-02 5.0941133000000005e-01
2.2783962735778290e-03 -2.7649116240229171e+02 5.4663562332758242e-01 1.2042611218939809e+01 1.5687662309547813e+01 -8.2823713222878759e-01 4.3675668981973503e+00 9.8222456399093616e-01 1.3478291000000000e-02 5.2288276000000000e-01
3.6207335455651843e-03 -2.7706064864671225e+02 5.5944603469158871e-01 1.0481313971506179e+01 1.5872793004404388e+01 -1.3186550922226719e+00 4.2225569282247495e+00 9.9641766114283048e-01 1.3483083000000000e-02 5.3636434000000000e-01
4.9630130679699444e-03 -2.7789376689635850e+02 5.7225589493038631e-01 8.9687643100649286e+00 1.5859943066214679e+01 -1.8124298289306768e+00 4.0824172764302560e+00 1.0059521357555314e+00 1.3477108000000000e-02 5.4984533999999996e-01
6.3041585080543874e-03 -2.7899462593719369e+02 5.8505493221034410e-01 7.5320883298567862e+00 1.5667760605865931e+01 -2.3104611846218805e+00 3.9474793738892822e+00 1.0109949784717351e+00 1.3460300999999999e-02 5.6331494999999998e-01
7.6430885546685048e-03 -2.8036810301568869e+02 5.9783282718703712e-01 6.1933736422298900e+00 1.5317787108460557e+01 -2.8136736736178580e+00 3.8180382577327885e+00 1.0118042280916131e+00 1.3432611000000001e-02 5.7676231000000000e-01
8.9787189096149009e-03 -2.8201998872367182e+02 6.1057923200956388e-01 4.9696548130716316e+00 1.4833401227077342e+01 -3.3230206686366763e+00 3.6943367516504950e+00 1.0087116305495796e+00 1.3393997000000000e-02 5.9017653000000003e-01
1.0309959300601440e-02 -2.8395697376742618e+02 6.2328374181407065e-01 3.8730407804515710e+00 1.4238857868971383e+01 -3.8394869995825491e+00 3.5765591817344422e+00 1.0021057954614341e+00 1.3344429999999999e-02 6.0354666000000001e-01
1.1635717463971067e-02 -2.8618671235317316e+02 6.3593593273238580e-01 2.9111293975805368e+00 1.3558438985723791e+01 -4.3640944532010533e+00 3.4648248960784800e+00 9.9241106844599725e-01 1.3283893999999999e-02 6.1686173000000000e-01
1.2954903127431645e-02 -2.8871788508048871e+02 6.4852539990065550e-01 2.0871484256606951e+00 1.2815730951071199e+01 -4.8979077024010600e+00 3.3591864963912847e+00 9.8007703745426011e-01 1.3212384000000001e-02 6.3011079000000003e-01
1.4266422035961186e-02 -2.9156025211438367e+02 6.6104170044639066e-01 1.4007004391584901e+00 1.2033037111403004e+01 -5.4420367244911958e+00 3.2596319789446446e+00 9.6555953924189009e-01 1.3129907000000000e-02 6.4328284999999996e-01
1.5569182921585108e-02 -2.9472473633044638e+02 6.7347442000357882e-01 8.4813187591835759e-01 1.1230913594150101e+01 -5.9976440174677066e+00 3.1660876494346306e+00 9.4930914742286499e-01 1.3036481000000001e-02 6.5636695000000000e-01
1.6862098499058641e-02 -2.9822350862238204e+02 6.8581318221484200e-01 4.2311631236289088e-01 1.0427830997148586e+01 -6.5659545316809993e+00 3.0784240655461881e+00 9.3175967919581437e-01 1.2932137999999999e-02 6.6935217000000002e-01
1.8144082478819497e-02 -3.0207007139827238e+02 6.9804762022496158e-01 1.1720356044407819e-01 9.6399591112923684e+00 -7.1482531068139377e+00 2.9964627177895098e+00 9.1331936490270638e-01 1.2816919000000000e-02 6.8222760000000005e-01
1.9414055541082546e-02 -3.0627937810077742e+02 7.1016743369383006e-01 -7.9649578855608180e-02 8.8810474002475619e+00 -7.7459018109477906e+00 2.9199837505709798e+00 8.9436431590325305e-01 1.2690879000000000e-02 6.9498240000000000e-01
2.0670943344474994e-02 -3.1086794540003734e+02 7.2216236979213377e-01 -1.7862291705544844e-01 8.1624000448247109e+00 -8.3603432806451412e+00 2.8487338652137488e+00 8.7523272232495319e-01 1.2554085000000000e-02 7.0760577999999996e-01
2.1913677521718820e-02 -3.1585398696067864e+02 7.3402223270351186e-01 -1.9151038752234084e-01 7.4929342841491096e+00 -8.9931099781431776e+00 2.7824347087646273e+00 8.5622200743519861e-01 1.2406611999999999e-02 7.2008700999999997e-01
2.3141200658042989e-02 -3.2125758336139978e+02 7.4573693113534978e-01 -1.3039406428397118e-01 6.8792847890524707e+00 -9.6458369270757629e+00 2.7207884688956678e+00 8.3758945866515899e-01 1.2248551000000000e-02 7.3241546999999996e-01
2.4352463304136186e-02 -3.2710084233735489e+02 7.5729644981230326e-01 -7.2528443833318251e-03 6.3259747755673521e+00 -1.0320271131453753e+01 2.6634942803119843e+00 8.1954814023386702e-01 1.2080001999999999e-02 7.4458062000000003e-01
2.5546425967511631e-02 -3.3340809922744791e+02 7.6869086848061552e-01 1.6628952167918731e-01 5.8356566807064603e+00 -1.1018284896612254e+01 2.6102383000100655e+00 8.0227102339502765e-01 1.1901076999999999e-02 7.5657202000000001e-01
2.6722061103872090e-02 -3.4020614725353937e+02 7.7991038091243525e-01 3.7925125200707566e-01 5.4091039314892351e+00 -1.1741890971314099e+01 2.5607145862097669e+00 7.8589215825555392e-01 1.1711898000000000e-02 7.6837935000000002e-01
2.7878356104157197e-02 -3.4752450971693145e+02 7.9094532341229273e-01 6.2140181910941827e-01 5.0458943726866980e+00 -1.2493260473398790e+01 2.5146235996333095e+00 7.7050956059668596e-01 1.1512599000000000e-02 7.7999244000000001e-01
2.9014308316131159e-02 -3.5539569900806629e+02 8.0178612730630572e-01 8.8343641429043229e-01 4.7442017971739938e+00 -1.3274737897052480e+01 2.4716787215169651e+00 7.5618823212750863e-01 1.1303326000000001e-02 7.9140122000000002e-01
3.0128935001207356e-02 -3.6385561477310398e+02 8.1242341396376760e-01 1.1570408557830236e+00 4.5012406925102724e+00 -1.4088868628975176e+01 2.4316057828766944e+00 7.4296413823575380e-01 1.1084235000000000e-02 8.0259581999999996e-01
3.1221264373306239e-02 -3.7294386633509754e+02 8.2284790927771823e-01 1.4349413419385266e+00 4.3134480872037662e+00 -1.4938416856133177e+01 2.3941506452220054e+00 7.3084816240616202e-01 1.0855490000000001e-02 8.1356647999999998e-01
3.2290344559997401e-02 -3.8270428307056210e+02 8.3305052918437261e-01 1.7108920009997253e+00 4.1766821090622175e+00 -1.5826399771709179e+01 2.3590775331642391e+00 7.1982950968796622e-01 1.0617270000000000e-02 8.2430364000000000e-01
3.3335241611134693e-02 -3.9318542207657509e+02 8.4302236065880398e-01 1.9796813922272778e+00 4.0864078740076062e+00 -1.6756118688575164e+01 2.3261706575232273e+00 7.0987948970608750e-01 1.0369760000000000e-02 8.3479791999999997e-01
3.4355040494538684e-02 -4.0444118251181283e+02 8.5275467121710202e-01 2.2370693787957436e+00 4.0378580558916699e+00 -1.7731197678219797e+01 2.2952351768143027e+00 7.0095557568036759e-01 1.0113159000000000e-02 8.4504013000000000e-01
3.5348846091679119e-02 -4.1653152720885379e+02 8.6223891841853173e-01 2.4797344520709204e+00 4.0261837975019796e+00 -1.8755628838960618e+01 2.2660969841836964e+00 6.9300427741640602e-01 9.8476710000000005e-03 8.5502127999999999e-01
3.6315783197674915e-02 -4.2952331992527718e+02 8.7146674986553385e-01 2.7051998248609386e+00 4.0465613498795916e+00 -1.9833824483779502e+01 2.2386020279705341e+00 6.8596393215441620e-01 9.5735140000000000e-03 8.6473257999999997e-01
3.7255001499706460e-02 -4.4349138894392286e+02 8.8043005071451808e-01 2.9117524622469024e+00 4.0942939110735823e+00 -2.0970684945958041e+01 2.2126156135776816e+00 6.7976818239023951e-01 9.2909130999999992e-03 8.7416548999999999e-01
3.8165670598603270e-02 -4.5851965360563327e+02 8.8912089616506973e-01 3.0983373329620059e+00 4.1648974300583719e+00 -2.2171667448689657e+01 2.1880211669718124e+00 6.7434766891388187e-01 9.0001030000000006e-03 8.8331166999999999e-01
3.9046985982938841e-02 -4.7470264296347210e+02 8.9753160847290192e-01 3.2645087373324322e+00 4.2541491934921023e+00 -2.3442882911254877e+01 2.1647190389582525e+00 6.6963193525601483e-01 8.7013270999999996e-03 8.9216304000000002e-01
3.9898166041983187e-02 -4.9214718842356206e+02 9.0565472844337980e-01 3.4103262444306224e+00 4.3581356843378352e+00 -2.4791200656652762e+01 2.1426252591795958e+00 6.6555139640186700e-01 8.3948374000000006e-03 9.0071175000000003e-01
4.0718457044115149e-02 -5.1097464075046634e+02 9.1348306294231374e-01 3.5362395346916240e+00 4.4732748471539523e+00 -2.6224388338140990e+01 2.1216696737439715e+00 6.6203866903556852e-01 8.0808944000000001e-03 9.0895022999999997e-01
4.1507129154092624e-02 -5.3132340524344534e+02 9.2100964688732501e-01 3.6430594399710365e+00 4.5963390711752146e+00 -2.7751272276871454e+01 2.1017950836124673e+00 6.5902936965683745e-01 7.7597663000000001e-03 9.1687114999999997e-01
4.2263480415782310e-02 -5.5335227760713133e+02 9.2822778125648020e-01 3.7318614320460655e+00 4.7244490205764276e+00 -2.9381942448725493e+01 2.0829537575479020e+00 6.5646264808758581e-01 7.4317293999999999e-03 9.2446746000000002e-01
4.2986837747842184e-02 -5.7724457398754112e+02 9.3513104259045021e-01 3.8039231371369389e+00 4.8550655708807557e+00 -3.1128022834141365e+01 2.0651100365515078e+00 6.5428354242196951e-01 7.0970672000000004e-03 9.3173240000000002e-01
4.3676554952356651e-02 -6.0321327103446765e+02 9.4171326398819299e-01 3.8606657568243459e+00 4.9860140882942332e+00 -3.3002981151638899e+01 2.0482349566839853e+00 6.5243959424254505e-01 6.7560703000000000e-03 9.3865947999999999e-01
4.4332017693248772e-02 -6.3150788317143292e+02 9.4796858261774697e-01 3.9036063769160081e+00 5.1153903792981179e+00 -3.5022563538011084e+01 2.0323069665250597e+00 6.5088476395419836e-01 6.4090362999999996e-03 9.4524253000000003e-01
4.4952637522185514e-02 -6.6242296821348521e+02 9.5389138270327856e-01 3.9343061036494218e+00 5.2416165382918178e+00 -3.7205352713428894e+01 2.0173105157538012e+00 6.4957748185182307e-01 6.0562691999999996e-03 9.5147563999999996e-01
4.5537861835402392e-02 -6.9631020324769236e+02 9.5947639054667011e-01 3.9543438221927847e+00 5.3633671912253034e+00 -3.9573503767424299e+01 2.0032346325393835e+00 6.4848106117747284e-01 5.6980790999999996e-03 9.5735325999999998e-01
4.6087163916878802e-02 -7.3359357614770681e+02 9.6471857950593187e-01 3.9652731950440985e+00 5.4795720286564489e+00 -4.2153716734929183e+01 1.9900728057950654e+00 6.4756294784908719e-01 5.3347821999999998e-03 9.6287009999999995e-01
4.6600052895162662e-02 -7.7479158520109831e+02 9.6961326501678990e-01 3.9686132422619860e+00 5.5893490370231866e+00 -4.4978641647160380e+01 1.9778213772741351e+00 6.4679540014156811e-01 4.9667000000000001e-03 9.6802122999999995e-01
4.7076066773593224e-02 -8.2054736622624739e+02 9.7415603807757467e-01 3.9657950601910308e+00 5.6920626845707831e+00 -4.8088779425004205e+01 1.9664790470599796e+00 6.4615459279127563e-01 4.5941591999999996e-03 9.7280200999999999e-01
4.7514780395760646e-02 -8.7167329021166620e+02 9.7834284126649107e-01 3.9581896867701785e+00 5.7871657672341232e+00 -5.1535332740621584e+01 1.9560464551904033e+00 6.4562013622169756e-01 4.2174915999999996e-03 9.7720817000000004e-01
4.7915797480046408e-02 -9.2921696334904232e+02 9.8216989272434807e-01 3.9470688081136105e+00 5.8742942628717714e+00 -5.5384347890715766e+01 1.9465255724374071e+00 6.4517498696224163e-01 3.8370333000000002e-03 9.8123572999999997e-01
4.8278758585082994e-02 -9.9456408359479110e+02 9.8563376217182974e-01 3.9335960598062365e+00 5.9531804336983711e+00 -5.9723288996885429e+01 1.9379193886141566e+00 6.4480508820340232e-01 3.4531249000000000e-03 9.8488107999999996e-01
4.8603338122706431e-02 -1.0696051286816833e+03 9.8873134240301808e-01 3.9188297474250260e+00 6.0236518597178783e+00 -6.4671604281825324e+01 1.9302310214693572e+00 6.4449874125130713e-01 3.0661112999999999e-03 9.8814095000000002e-01
4.8889242366591444e-02 -1.1570203158571626e+03 9.9145983028107554e-01 3.9037153337705059e+00 6.0856017428484428e+00 -7.0398840538951930e+01 1.9234641771516725e+00 6.4424661736542355e-01 2.6763420000000000e-03 9.9101238999999997e-01
4.9136215426346198e-02 -1.2608068758758709e+03 9.9381678375119820e-01 3.8890834825859906e+00 6.1389792692807195e+00 -7.7158175957917592e+01 1.9176223786829218e+00 6.4404130986186425e-01 2.2841723000000002e-03 9.9349282999999999e-01
4.9344037256147312e-02 -1.3873421847762609e+03 9.9580010283629761e-01 3.8756477666961144e+00 6.1837705505986635e+00 -8.5354053943890733e+01 1.9127091186275398e+00 6.4387691049876838e-01 1.8899688000000000e-03 9.9558005999999999e-01
4.9512522659057513e-02 -1.5478321128483481e+03 9.9740802013484264e-01 3.8640070216166147e+00 6.2199867530914492e+00 -9.5697999653344297e+01 1.9087272744492245e+00 6.4374889834953919e-01 1.4941295000000000e-03 9.9727222000000004e-01
4.9641535226579984e-02 -1.7652318727224367e+03 9.9863923385108133e-01 3.8546455113431963e+00 6.2476516534880862e+00 -1.0964922357868728e+02 1.9056791481301223e+00 6.4365394626542605e-01 1.0971916000000000e-03 9.9856794000000004e-01
4.9731025174591763e-02 -2.1026378450497373e+03 9.9949326887707546e-01 3.8479194238058292e+00 6.2668049536418167e+00 -1.3122257296732710e+02 1.9035645289534298e+00 6.4358956660050626e-01 7.0085733000000002e-04 9.9946672000000003e-01
