-2.8080492783715350e-01 -1.0075645299007191e+03 2.8080623822234668e-01 -9.8641269058660532e+02 -2.6854413411942107e+02 6.5202155319846042e+01 -6.3840874035243829e+01 -1.7285403358739465e+01 5.5301730000000003e-06 1.0230946000000001e-06
-2.8079431292280033e-01 -7.5383014741791715e+02 2.8081983159557006e-01 -7.3253102588891943e+02 -2.6851734525480134e+02 4.8868817905269317e+01 -4.7500802759172196e+01 -1.7284200643879736e+01 3.5894988000000002e-05 1.9923924999999999e-05
-2.8076100998552117e-01 -6.3600777953698139e+02 2.8086247906693051e-01 -6.1432679925332059e+02 -2.6843331220001551e+02 4.1281796060158293e+01 -3.9896255742202420e+01 -1.7280427763385767e+01 8.5619985000000003e-05 7.9222864999999994e-05
-2.8069508097858614e-01 -5.5860067647756443e+02 2.8094690721846299e-01 -5.3626364774372564e+02 -2.6826701512920425e+02 3.6293947344019145e+01 -3.4878197833494106e+01 -1.7272960847665114e+01 1.5173507999999999e-04 1.9661552000000001e-04
-2.8058782806388011e-01 -5.0101172259885425e+02 2.8108425443110996e-01 -4.7772481332745116e+02 -2.6799665588966769e+02 3.2579350862961505e+01 -3.1119725294644859e+01 -1.7260819852947442e+01 2.3255418000000001e-04 3.8758918999999998e-04
-2.8043134076787629e-01 -4.5527199796584233e+02 2.8128465079310810e-01 -4.3073293643124623e+02 -2.6760257085905681e+02 2.9625013517520642e+01 -2.8107375160639698e+01 -1.7243119176811586e+01 3.2689763000000001e-04 6.6622920000000002e-04
-2.8021828992655889e-01 -4.1744945484970293e+02 2.8155748197244934e-01 -3.9135507425406485e+02 -2.6706677084477826e+02 2.7177841138585805e+01 -2.5587925365998867e+01 -1.7219046437833569e+01 4.3385032000000002e-04 1.0455858000000000e-03
-2.7994181236702714e-01 -3.8531113681930805e+02 2.8191153689268350e-01 -3.5736277585516740e+02 -2.6637271203795797e+02 2.5094140985384968e+01 -2.3417803929111148e+01 -1.7187851700328416e+01 5.5265518999999999e-04 1.5378795000000000e-03
-2.7959543962221062e-01 -3.5746530070457061e+02 2.8235509902027522e-01 -3.2737298236977006e+02 -2.6550518421932338e+02 2.3284393614165793e+01 -2.1507803127293641e+01 -1.7148841770642253e+01 6.8265765000000004e-04 2.1546280000000000e-03
-2.7917304979519003e-01 -3.3298461288143585e+02 2.8289600800676495e-01 -3.0047035672784148e+02 -2.6445025728930074e+02 2.1688991442939425e+01 -1.9798778521545771e+01 -1.7101377196054173e+01 8.2327310000000005e-04 2.9067318999999999e-03
-2.7866883476111443e-01 -3.1121925451996162e+02 2.8354170168972714e-01 -2.7601974490354166e+02 -2.6319526668211893e+02 2.0266201973568371e+01 -1.8249584090350705e+01 -1.7044871001721049e+01 9.7396649000000004e-04 3.8045331000000002e-03
-2.7807727618641143e-01 -2.9169544641117710e+02 2.8429924680237567e-01 -2.5356424295449250e+02 -2.6172882074376338e+02 1.8985633156793217e+01 -1.6830515928910724e+01 -1.6978788418660951e+01 1.1342389000000000e-03 4.8578574999999999e-03
-2.7739312800652377e-01 -2.7405652028373407e+02 2.8517536141243183e-01 -2.3276586586056754e+02 -2.6004082214333062e+02 1.7824436534556099e+01 -1.5519498261277777e+01 -1.6902647281164132e+01 1.3036180000000001e-03 6.0760461999999999e-03
-2.7661140373350052e-01 -2.5802677220569541e+02 2.8617643117592018e-01 -2.1336911939330022e+02 -2.5812249811267998e+02 1.6764978040310602e+01 -1.4299740278414923e+01 -1.6816018868316448e+01 1.4816515000000000e-03 7.4679780999999997e-03
-2.7572736617851595e-01 -2.4338826150985537e+02 2.8730852249842792e-01 -1.9517748110311166e+02 -2.5596643307903989e+02 1.5793343190350630e+01 -1.3158229164106503e+01 -1.6718528894369918e+01 1.6679024999999999e-03 9.0420881999999994e-03
-2.7473652048789282e-01 -2.2996543769772904e+02 2.8857739145311634e-01 -1.7803779046844940e+02 -2.5356660387710889e+02 1.4898343819420941e+01 -1.2084726536249519e+01 -1.6609858684576981e+01 1.8619452999999999e-03 1.0806380000000001e-02
-2.7363460768457598e-01 -2.1761450489289174e+02 2.8998849205145794e-01 -1.6182943016945799e+02 -2.5091841041436408e+02 1.4070835326543905e+01 -1.1071076218507329e+01 -1.6489746225849185e+01 2.0633631000000000e-03 1.2768437000000001e-02
-2.7241760169159396e-01 -2.0621602106587278e+02 2.9154698005496693e-01 -1.4645669375981009e+02 -2.4801870725993240e+02 1.3303237279462280e+01 -1.0110716401643263e+01 -1.6357987361377710e+01 2.2717459999999998e-03 1.4935428000000001e-02
-2.7108170433372103e-01 -1.9566949995848418e+02 2.9325771937603046e-01 -1.3184320620552342e+02 -2.4486582301275504e+02 1.2589185448342755e+01 -9.1983236565747859e+00 -1.6214436501412475e+01 2.4866887000000002e-03 1.7314116000000001e-02
-2.6962334544979938e-01 -1.8588948235241057e+02 2.9512528193406962e-01 -1.1792781727853502e+02 -2.4145958193074480e+02 1.1923278331985740e+01 -8.3295525840415134e+00 -1.6059007592395428e+01 2.7077901999999999e-03 1.9910858000000000e-02
-2.6803917671501831e-01 -1.7680254394089900e+02 2.9715395556667906e-01 -1.0466143109000581e+02 -2.3780130261559279e+02 1.1300884221184219e+01 -7.5008349430858337e+00 -1.5891674086745988e+01 2.9346520999999999e-03 2.2731616000000000e-02
-2.6632607501057981e-01 -1.6834508005748316e+02 2.9934773971445983e-01 -9.2004636645566023e+01 -2.3389381014903853e+02 1.0717998028350010e+01 -6.7092308418003022e+00 -1.5712469640012534e+01 3.1668782999999998e-03 2.5781951000000001e-02
-2.6448113905403292e-01 -1.6046154697727943e+02 3.0171034973618638e-01 -7.9925785992755948e+01 -2.2974141568440714e+02 1.0171127896663791e+01 -5.9523085218206386e+00 -1.5521487659690672e+01 3.4040742000000001e-03 2.9067029000000001e-02
-2.6250168715282962e-01 -1.5310309975955579e+02 3.0424521978558472e-01 -6.8399480465305089e+01 -2.2534989561803209e+02 9.6572072293402851e+00 -5.2280502075478026e+00 -1.5318880691059434e+01 3.6458464000000000e-03 3.2591624999999999e-02
-2.6038526057399058e-01 -1.4622653001661428e+02 3.0695549849616521e-01 -5.7405359863149798e+01 -2.2072646818513468e+02 9.1735263694987470e+00 -4.5347784818096653e+00 -1.5104859928520726e+01 3.8918026000000000e-03 3.6360116999999997e-02
-2.5812961905121767e-01 -1.3979338993247794e+02 3.0984405473477877e-01 -4.6927102489187646e+01 -2.1587974215107198e+02 8.7176759874373175e+00 -3.8710934788134477e+00 -1.4879693610701453e+01 4.1415510999999999e-03 4.0376493999999999e-02
-2.5573274246972644e-01 -1.3376930291345792e+02 3.1291347544403314e-01 -3.6951586441039552e+01 -2.1081966836577442e+02 8.2875027978866811e+00 -3.2358244164622141e+00 -1.4643705618409230e+01 4.3947007000000003e-03 4.4644352999999998e-02
-2.5319283086624633e-01 -1.2812339573603285e+02 3.1616606564229310e-01 -2.7468208892676785e+01 -2.0555747613962563e+02 7.8810730124982999e+00 -2.6279866114625756e+00 -1.4397273525913011e+01 4.6508610999999997e-03 4.9166899000000000e-02
-2.5050830218257675e-01 -1.2282782555941650e+02 3.1960385130045832e-01 -1.8468294557518171e+01 -2.0010559514565870e+02 7.4966419457808495e+00 -2.0467477489804056e+00 -1.4140826076198817e+01 4.9096423000000002e-03 5.3946949000000001e-02
-2.4767779507364196e-01 -1.1785739798441612e+02 3.2322857574599090e-01 -9.9446090835194116e+00 -1.9447757775496797e+02 7.1326295915271869e+00 -1.4913986123716543e+00 -1.3874840796639683e+01 5.1706551000000002e-03 5.8986927000000001e-02
-2.4470016385299215e-01 -1.1318923332056758e+02 3.2704170613566602e-01 -1.8909268813163891e+00 -1.8868799619875617e+02 6.7875991531583795e+00 -9.6132754832734113e-01 -1.3599840522756901e+01 5.4335110000000002e-03 6.4288872999999996e-02
-2.4157448354730232e-01 -1.0880250249563476e+02 3.3104442698282111e-01 5.6983138082624158e+00 -1.8275235288005058e+02 6.4602402616429497e+00 -4.5600028878147070e-01 -1.3316390581755060e+01 5.6978226000000002e-03 6.9854434000000007e-02
-2.3830004428026236e-01 -1.0467818595813408e+02 3.3523764734930112e-01 1.2828330302926794e+01 -1.7668695773023546e+02 6.1493536250066843e+00 2.5058518207029090e-02 -1.3025094744737252e+01 5.9632034000000004e-03 7.5684873999999999e-02
-2.3487635408063201e-01 -1.0079888102628824e+02 3.3962199724948594e-01 1.9504251369824573e+01 -1.7050882243425059e+02 5.8538386649368617e+00 4.8228105123872467e-01 -1.2726591231968680e+01 6.2292681999999997e-03 8.1781068999999998e-02
-2.3130313663579694e-01 -9.7148628961500961e+01 3.4419783052706837e-01 2.5731332912017056e+01 -1.6423553450149529e+02 5.5726826450163873e+00 9.1606886894816841e-01 -1.2421549323760161e+01 6.4956331999999999e-03 8.8143510999999994e-02
-2.2758033129176855e-01 -9.3712768637088729e+01 3.4896522485505421e-01 3.1515150129697950e+01 -1.5788513444661018e+02 5.3049512967270926e+00 1.3268045205391858e+00 -1.2110664223485081e+01 6.7619166000000000e-03 9.4772308000000000e-02
-2.2370808968351821e-01 -9.0477806624464549e+01 3.5392398605092901e-01 3.6861747865059570e+01 -1.5147598086956791e+02 5.0497810157002743e+00 1.7148612982857263e+00 -1.1794652852044925e+01 7.0277381999999996e-03 1.0166719000000000e-01
-2.1968677517336604e-01 -8.7431307765748429e+01 3.5907364879585296e-01 4.1777764785654256e+01 -1.4502662442977623e+02 4.8063710476472394e+00 2.0806110889651812e+00 -1.1474249234640599e+01 7.2927204000000001e-03 1.0882751000000000e-01
-2.1551697071353504e-01 -8.4561797471553305e+01 3.6441346656593743e-01 4.6270517178248923e+01 -1.3855569031252094e+02 4.5739786958845938e+00 2.4244308489557578e+00 -1.1150200558748413e+01 7.5564877000000004e-03 1.1625223000000000e-01
-2.1119946255943201e-01 -8.1858676560021792e+01 3.6994243248888592e-01 5.0348090751669091e+01 -1.3208172495172997e+02 4.3519125813725115e+00 2.7467085972803540e+00 -1.0823261365217572e+01 7.8186677999999999e-03 1.2393994999999999e-01
-2.0673523914642544e-01 -7.9312134773891003e+01 3.7565928078238264e-01 5.4019384633461470e+01 -1.2562307142563161e+02 4.1395281018397245e+00 3.0478485320305304e+00 -1.0494188870470630e+01 8.0788911000000008e-03 1.3188891000000000e-01
-2.0212550793817574e-01 -7.6913100008414304e+01 3.8156246517825776e-01 5.7294124819166633e+01 -1.1919777372764646e+02 3.9362241025654301e+00 3.3282727852627900e+00 -1.0163739963326039e+01 8.3367917000000003e-03 1.4009695999999999e-01
-1.9737167296219499e-01 -7.4653164444243558e+01 3.8765018769026738e-01 6.0182891811346742e+01 -1.1282342700725013e+02 3.7414380617753080e+00 3.5884256190821802e+00 -9.8326649446028611e+00 8.5920070000000005e-03 1.4856159999999999e-01
-1.9247534604206706e-01 -7.2524537805531025e+01 3.9392038423020348e-01 6.2697103024697967e+01 -1.0651708710913314e+02 3.5546433099892054e+00 3.8287743474775873e+00 -9.5017042739155908e+00 8.8441787999999997e-03 1.5727996000000000e-01
-1.8743833556522754e-01 -7.0519994698525181e+01 4.0037073899178371e-01 6.4848995604982647e+01 -1.0029514151957090e+02 3.3753456615771054e+00 4.0498109634767872e+00 -9.1715836785106770e+00 9.0929527999999999e-03 1.6624881999999999e-01
-1.8226264648296375e-01 -6.8632832617690866e+01 4.0699868445065179e-01 6.6651587443306099e+01 -9.4173236995093774e+01 3.2030807652938540e+00 4.2520523502143526e+00 -8.8430104510112475e+00 9.3379794999999995e-03 1.7546460999999999e-01
-1.7695047469430450e-01 -6.6856831603277385e+01 4.1380140855632219e-01 6.8118627926565082e+01 -8.8166165788303900e+01 3.0374115861039592e+00 4.4360402440455626e+00 -8.5166695701873554e+00 9.5789143999999993e-03 1.8492342000000001e-01
-1.7150422389435055e-01 -6.5186226416783711e+01 4.2077583315634520e-01 6.9264533320538789e+01 -8.2287821551203933e+01 2.8779265357259511e+00 4.6023398450274602e+00 -8.1932213828831557e+00 9.8154178999999998e-03 1.9462097000000000e-01
-1.6592647749372413e-01 -6.3615663603609391e+01 4.2791864995603202e-01 7.0104325644648256e+01 -7.6551095344795911e+01 2.7242374866436068e+00 4.7515396385862116e+00 -7.8732969750472046e+00 1.0047156000000000e-02 2.0455266000000000e-01
-1.6021999300245904e-01 -6.2140175273334570e+01 4.3522632771039949e-01 7.0653553613134989e+01 -7.0967820205802980e+01 2.5759764363441180e+00 4.8842470419933193e+00 -7.5574951241130686e+00 1.0273801000000001e-02 2.1471357999999999e-01
-1.5438773011055071e-01 -6.0755159854324489e+01 4.4269507626444526e-01 7.0928204939100667e+01 -6.5548752429880849e+01 2.4327957769926796e+00 5.0010990197421421e+00 -7.2463817161050654e+00 1.0495031000000000e-02 2.2509846000000000e-01
-1.4843281699129607e-01 -5.9456350407141393e+01 4.5032088970481798e-01 7.0944620257815458e+01 -6.0303507043688697e+01 2.2943656670729817e+00 5.1027340654252171e+00 -6.9404858893223480e+00 1.0710529999999999e-02 2.3570173000000000e-01
-1.4235855591740362e-01 -5.8239795816338287e+01 4.5809953916787172e-01 7.0719421818037830e+01 -5.5240539207431283e+01 2.1603726941318033e+00 5.1898161310447142e+00 -6.6402986667814741e+00 1.0919989999999999e-02 2.4651751000000000e-01
-1.3616842887710331e-01 -5.7101842488047019e+01 4.6602656564772160e-01 7.0269378194446219e+01 -5.0367138469408012e+01 2.0305187970630070e+00 5.2630185599130499e+00 -6.3462720850259142e+00 1.1123108000000000e-02 2.5753959999999998e-01
-1.2986608072581651e-01 -5.6039114425906959e+01 4.7409730157207819e-01 6.9611355829453117e+01 -4.5689413337125970e+01 1.9045197149318986e+00 5.3230242318117185e+00 -6.0588173356009571e+00 1.1319591000000000e-02 2.6876150999999998e-01
-1.2345531357004599e-01 -5.5048496339671352e+01 4.8230687799419292e-01 6.8762203882472278e+01 -4.1212296782646739e+01 1.7821038347067528e+00 5.3705226407707656e+00 -5.7783041596250539e+00 1.1509152000000000e-02 2.8017647000000001e-01
-1.1694009238348593e-01 -5.4127121386046149e+01 4.9065021740091291e-01 6.7738669536305082e+01 -3.6939569909871238e+01 1.6630112941046198e+00 5.4062069264760142e+00 -5.5050607970682872e+00 1.1691511000000000e-02 2.9177742000000001e-01
-1.1032455062313185e-01 -5.3272358442710775e+01 4.9912202652073590e-01 6.6557314726840261e+01 -3.2873891914391912e+01 1.5469931187905492e+00 5.4307710291548510e+00 -5.2393743869647595e+00 1.1866398000000000e-02 3.0355700000000002e-01
-1.0361294530040052e-01 -5.2481794887711978e+01 5.0771685385937015e-01 6.5234424533845655e+01 -2.9016808303458802e+01 1.4338095422151702e+00 5.4449069233755134e+00 -4.9814895132332078e+00 1.2033550000000000e-02 3.1550762999999998e-01
-9.6809696293899877e-02 -5.1753232100134291e+01 5.1642903935611983e-01 6.3785938029379899e+01 -2.5368819690251573e+01 1.3232298852341000e+00 5.4493017063240643e+00 -4.7316105506524790e+00 1.2192715000000000e-02 3.2762143999999999e-01
-8.9919358268879229e-02 -5.1084671617775705e+01 5.2525275034360952e-01 6.2227370718536477e+01 -2.1929413224946202e+01 1.2150312754100832e+00 5.4446349466997459e+00 -4.4899016505733327e+00 1.2343646000000000e-02 3.3989032000000002e-01
-8.2946626293339015e-02 -5.0474309305805306e+01 5.3418197435583947e-01 6.0573751040772706e+01 -1.8697126302866028e+01 1.1089979929764997e+00 5.4315760946846403e+00 -4.2564881484885548e+00 1.2486109000000000e-02 3.5230591000000000e-01
-7.5896313373590651e-02 -4.9920525209194004e+01 5.4321054789596523e-01 5.8839555142459595e+01 -1.5669595380773778e+01 1.0049204116948243e+00 5.4107820910555935e+00 -4.0314573238632319e+00 1.2619877000000000e-02 3.6485963999999999e-01
-6.8773367302586735e-02 -4.9421879254610531e+01 5.5233213486046329e-01 5.7038660357114807e+01 -1.2843628733381236e+01 9.0259458164731821e-01 5.3828950977409731e+00 -3.8148606748586316e+00 1.2744734000000001e-02 3.7754270000000001e-01
-6.1582853811590954e-02 -4.8977104425128033e+01 5.6154024811496539e-01 5.5184295237712362e+01 -1.0215273575513447e+01 8.0182128778667061e-01 5.3485404466141153e+00 -3.6067152373067999e+00 1.2860473000000001e-02 3.9034606999999999e-01
-5.4329945337957791e-02 -4.8585101783097912e+01 5.7082826387814878e-01 5.3289000595260347e+01 -7.7798723464679114e+00 7.0240527412592391e-01 5.3083247158000395e+00 -3.4070053058448386e+00 1.2966896000000000e-02 4.0326054000000000e-01
-4.7019932257352820e-02 -4.8244937555735696e+01 5.8018940733784641e-01 5.1364601591715676e+01 -5.5321516728474931e+00 6.0415475705781452e-01 5.2628341536372627e+00 -3.2156848175016206e+00 1.3063819000000001e-02 4.1627669000000000e-01
-3.9658189187092380e-02 -4.7955838958063531e+01 5.8961679580271609e-01 4.9422175641778715e+01 -3.4662782543261348e+00 5.0688035276419718e-01 5.2126329816414820e+00 -3.0326788878563198e+00 1.3151064000000001e-02 4.2938494999999999e-01
-3.2250208682803733e-02 -4.7717193417240658e+01 5.9910339555057179e-01 4.7472047968761402e+01 -1.5759462588539646e+00 4.1039490328863959e-01 5.1582625635643620e+00 -2.8578867862306798e+00 1.3228465999999999e-02 4.4257553999999999e-01
-2.4801556309544781e-02 -4.7528545939637752e+01 6.0864207936394232e-01 4.5523768591189523e+01 1.4556503610367189e-01 3.1451227803217474e-01 5.1002399931335738e+00 -2.6911833131382230e+00 1.3295871000000001e-02 4.5583855000000001e-01
-1.7317893106244320e-02 -4.7389599465718867e+01 6.1822559776229213e-01 4.3586117655321708e+01 1.7053123419845229e+00 2.1904704245102025e-01 5.0390575104419186e+00 -2.5324216737806178e+00 1.3353135000000000e-02 4.6916390000000002e-01
-9.8049475051517065e-03 -4.7300214923530362e+01 6.2784661496174587e-01 4.1667101423799863e+01 3.1106259542030203e+00 1.2381345736940119e-01 4.9751817883966583e+00 -2.3814352184476402e+00 1.3400123999999999e-02 4.8254139000000001e-01
-2.2685265640569052e-03 -4.7260412895602968e+01 6.3749769449119831e-01 3.9773965622036087e+01 4.3690401635808440e+00 2.8625001293340446e-02 4.9090536002238530e+00 -2.2380401962175465e+00 1.3436718000000000e-02 4.9596067999999999e-01
5.2855064981496280e-03 -4.7270375658472574e+01 6.4717132796009524e-01 3.7913202750106230e+01 5.4882349691982908e+00 -6.6706574058378099e-02 4.8410874296543476e+00 -2.1020373231735130e+00 1.3462807000000000e-02 5.0941133000000005e-01
1.2851209837036581e-02 -4.7330450439292520e+01 6.5685990629065172e-01 3.6090580673144267e+01 6.4759704840113610e+00 -1.6237164946878746e-01 4.7716718164560055e+00 -1.9732148120772655e+00 1.3478291000000000e-02 5.2288276000000000e-01
2.0422613527622646e-02 -4.7441153787626149e+01 6.6655578444535868e-01 3.4311151028492006e+01 7.3400399494700759e+00 -2.5856409563058014e-01 4.7011689908057877e+00 -1.8513494480479331e+00 1.3483083000000000e-02 5.3636434000000000e-01
2.7993691483825911e-02 -4.7603177041598826e+01 6.7625124546725690e-01 3.2579286834342561e+01 8.0882125088417087e+00 -3.5548165048037905e-01 4.6299156023268084e+00 -1.7362092578461314e+00 1.3477108000000000e-02 5.4984533999999996e-01
3.5558372690684126e-02 -4.7817392314394020e+01 6.8593851486382795e-01 3.0898707968522160e+01 8.7281868183583899e+00 -4.5332686531444955e-01 4.5582228749514808e+00 -1.6275553269406386e+00 1.3460300999999999e-02 5.6331494999999998e-01
4.3110558052684711e-02 -4.8084860952685887e+01 6.9560978218282754e-01 2.9272511802395851e+01 9.2675500396722938e+00 -5.5230814030357811e-01 4.4863773340056827e+00 -1.5251434220583389e+00 1.3432611000000001e-02 5.7676231000000000e-01
5.0644131625985023e-02 -4.8406842676159386e+01 7.0525721539617747e-01 2.7703207502075514e+01 9.7137387109322084e+00 -6.5264077580266777e-01 4.4146415031678865e+00 -1.4287256613273180e+00 1.3393997000000000e-02 5.9017653000000003e-01
5.8152943770082011e-02 -4.8784805246361181e+01 7.1487293932412888e-01 2.6192755640406538e+01 1.0074003280574681e+01 -7.5454773076676185e-01 4.3432544220105473e+00 -1.3380524120989756e+00 1.3344429999999999e-02 6.0354666000000001e-01
6.5630833612252748e-02 -4.9220437467517193e+01 7.2444906440304357e-01 2.4742602807222866e+01 1.0355379570556151e+01 -8.5826093141117066e-01 4.2724327686178345e+00 -1.2528735228902927e+00 1.3283893999999999e-02 6.1686173000000000e-01
7.3071651511994240e-02 -4.9715664267020024e+01 7.3397771545317281e-01 2.3353715057670886e+01 1.0564663868298760e+01 -9.6402274105713115e-01 4.2023716600181480e+00 -1.1729395023840734e+00 1.3212384000000001e-02 6.3011079000000003e-01
8.0469225364363239e-02 -5.0272660151526104e+01 7.4345098852698832e-01 2.2026625621616557e+01 1.0708389699138646e+01 -1.0720866859807285e+00 4.1332458606368077e+00 -1.0980031889718895e+00 1.3129907000000000e-02 6.4328284999999996e-01
8.7817399912746841e-02 -5.0893869486950422e+01 7.5286100125279654e-01 2.0761465393594538e+01 1.0792812165643191e+01 -1.1827194164986246e+00 4.0652105273812840e+00 -1.0278205057548842e+00 1.3036481000000001e-02 6.5636695000000000e-01
9.5110042364972225e-02 -5.1582027473233097e+01 7.6219990002668392e-01 1.9558001393640303e+01 1.0823893576757659e+01 -1.2962022261133483e+00 3.9984024488772349e+00 -9.6215144863662316e-01 1.2932137999999999e-02 6.6935217000000002e-01
1.0234102554497654e-01 -5.2340181372478824e+01 7.7145983843668176e-01 1.8415678441151318e+01 1.0807293563924006e+01 -1.4128324651926909e+00 3.9329410963870028e+00 -9.0076118324658727e-01 1.2816919000000000e-02 6.8222760000000005e-01
1.0950426158946741e-01 -5.3171720550394269e+01 7.8063302041443627e-01 1.7333648090632753e+01 1.0748362525842579e+01 -1.5329258722276036e+00 3.8689297141106458e+00 -8.4342053184188304e-01 1.2690879000000000e-02 6.9498240000000000e-01
1.1659369071570264e-01 -5.4080403757592229e+01 7.8971168585131868e-01 1.6310810721016153e+01 1.0652137610033849e+01 -1.6568184265548407e+00 3.8064564365409730e+00 -7.8990678351050103e-01 1.2554085000000000e-02 7.0760577999999996e-01
1.2360328683760036e-01 -5.5070393762211793e+01 7.9868811779036974e-01 1.5345842551182788e+01 1.0523342261972966e+01 -1.7848686830825307e+00 3.7455954537698211e+00 -7.4000422524344134e-01 1.2406611999999999e-02 7.2008700999999997e-01
1.3052708564628918e-01 -5.6146299162241199e+01 8.0755467838602524e-01 1.4437230127850521e+01 1.0366387564180222e+01 -1.9174608008667064e+00 3.6864078478296602e+00 -6.9350444283141854e-01 1.2248551000000000e-02 7.3241546999999996e-01
1.3735916776177814e-01 -5.7313215552380441e+01 8.1630378732828102e-01 1.3583299039348990e+01 1.0185376466125668e+01 -2.0550071039929727e+00 3.6289429314378170e+00 -6.5020680696879873e-01 1.2080001999999999e-02 7.4458062000000003e-01
1.4409366996517670e-01 -5.8576776427608785e+01 8.2492793622658156e-01 1.2782249656670471e+01 9.9841101295290411e+00 -2.1979514803767985e+00 3.5732391571143687e+00 -6.0991870497861078e-01 1.1901076999999999e-02 7.5657202000000001e-01
1.5072479643091496e-01 -5.9943211212811683e+01 8.3341970299371249e-01 1.2032166530096061e+01 9.7660949510140842e+00 -2.3467732391254397e+00 3.5193252908972434e+00 -5.7245572947197398e-01 1.1711898000000000e-02 7.6837935000000002e-01
1.5724683557507374e-01 -6.1419414042923563e+01 8.4177177342163301e-01 1.1331057914375277e+01 9.5345529025774507e+00 -2.5019916432406708e+00 3.4672203487609590e+00 -5.3764169560030828e-01 1.1512599000000000e-02 7.7999244000000001e-01
1.6365413197483436e-01 -6.3013011148521677e+01 8.4997690522175273e-01 1.0676875862198736e+01 9.2924279151049891e+00 -2.6641699102805996e+00 3.4169365836172769e+00 -5.0530887921102263e-01 1.1303326000000001e-02 7.9140122000000002e-01
1.6994114252957904e-01 -6.4732459738732260e+01 8.5802799994438050e-01 1.0067522178313336e+01 9.0424058651920252e+00 -2.8339223132487623e+00 3.3684782298186158e+00 -4.7529778965656877e-01 1.1084235000000000e-02 8.0259581999999996e-01
1.7610238591590061e-01 -6.6587133267944907e+01 8.6591803825121971e-01 9.5008937868812851e+00 8.7869182946940381e+00 -3.0119182653184549e+00 3.3218435705691625e+00 -4.4745733741239402e-01 1.0855490000000001e-02 8.1356647999999998e-01
1.8213249313259283e-01 -6.8587450045376755e+01 8.7364014464287365e-01 8.9748733278583153e+00 8.5281596627200358e+00 -3.1988924760160393e+00 3.2770251645236281e+00 -4.2164452272575348e-01 1.0617270000000000e-02 8.2430364000000000e-01
1.8802619626843031e-01 -7.0745001652072020e+01 8.8118757307495477e-01 8.4873582831788443e+00 8.2681003787978238e+00 -3.3956507660077415e+00 3.2340108530241114e+00 -3.9772434968984738e-01 1.0369760000000000e-02 8.3479791999999997e-01
1.9377833411827861e-01 -7.3072712261915086e+01 8.8855371415003059e-01 8.0362684736596321e+00 8.0084992056846556e+00 -3.6030819956047582e+00 3.1927842673327889e+00 -3.7556973566552460e-01 1.0113159000000000e-02 8.4504013000000000e-01
1.9938385779920420e-01 -7.5585021587850520e+01 8.9573210230956790e-01 7.6195604774969556e+00 7.7509181025953016e+00 -3.8221687347869611e+00 3.1533256216623231e+00 -3.5505954698839393e-01 9.8476710000000005e-03 8.5502127999999999e-01
2.0483783075047463e-01 -7.8298099590397285e+01 9.0271641583393269e-01 7.2352368102504512e+00 7.4967359467404178e+00 -4.0540008928738676e+00 3.1156121190867978e+00 -3.3608664902758534e-01 9.5735140000000000e-03 8.6473257999999997e-01
2.1013545681410861e-01 -8.1230115532656228e+01 9.0950051280211563e-01 6.8813493209207239e+00 7.2471610331295064e+00 -4.2997928742904241e+00 3.0796186043890375e+00 -3.1854116168614494e-01 9.2909130999999992e-03 8.7416548999999999e-01
2.1527205215432577e-01 -8.4401528788470117e+01 9.1607839513200706e-01 6.5560209175455899e+00 7.0032459726618308e+00 -4.5609015242948194e+00 3.0453180530802371e+00 -3.0232670625929786e-01 9.0001030000000006e-03 8.8331166999999999e-01
2.2024307895420697e-01 -8.7835474275087066e+01 9.2244425173206657e-01 6.2574295625812137e+00 6.7658993851674634e+00 -4.8388506204457222e+00 3.0126819110118577e+00 -2.8735183131411168e-01 8.7013270999999996e-03 8.9216304000000002e-01
2.2504412856736439e-01 -9.1558189049547593e+01 9.2859243692548787e-01 5.9838316722388925e+00 6.5358995801834885e+00 -5.1353578569557392e+00 2.9816805972410014e+00 -2.7353144754198500e-01 8.3948374000000006e-03 9.0071175000000003e-01
2.2967094959849127e-01 -9.5599586197755883e+01 9.3451750640992426e-01 5.7335566744016946e+00 6.3139056933244317e+00 -5.4523704619332101e+00 2.9522840930852410e+00 -2.6078646839602476e-01 8.0808944000000001e-03 9.0895022999999997e-01
2.3411942543892222e-01 -9.9993889269884548e+01 9.4021418848970884e-01 5.5050127019170940e+00 6.1004704223177653e+00 -5.7921056481064266e+00 2.9244616330231392e+00 -2.4904359137597326e-01 7.7597663000000001e-03 9.1687114999999997e-01
2.3838559673107312e-01 -1.0478048225839940e+02 9.4567741284363338e-01 5.2966875494017041e+00 5.8960511812379597e+00 -6.1571040344730141e+00 2.8981827522410644e+00 -2.3823496920537671e-01 7.4317293999999999e-03 9.2446746000000002e-01
2.4246566698455135e-01 -1.1000495280749169e+02 9.5090231771689426e-01 5.1071495707925232e+00 5.7010169825256103e+00 -6.5502956619004458e+00 2.8734170581739189e+00 -2.2829798940195625e-01 7.0970672000000004e-03 9.3173240000000002e-01
2.4635599134393543e-01 -1.1572039383488303e+02 9.5588423553720236e-01 4.9350493295816706e+00 5.5156657878793691e+00 -6.9750820833667611e+00 2.8501347079090116e+00 -2.1917485469101994e-01 6.7560703000000000e-03 9.3865947999999999e-01
2.5005310466932557e-01 -1.2198913340418156e+02 9.6061872887450717e-01 4.7791184576027836e+00 5.3402262390915309e+00 -7.4354461796117270e+00 2.8283064677369958e+00 -2.1081249068812014e-01 6.4090362999999996e-03 9.4524253000000003e-01
2.5355368783968307e-01 -1.2888488432499844e+02 9.6510154728932851e-01 4.6381706271319718e+00 5.1748714614298885e+00 -7.9360879727109719e+00 2.8079040835992939e+00 -2.0316224208524800e-01 6.0562691999999996e-03 9.5147563999999996e-01
2.5685462391393127e-01 -1.3649576559629691e+02 9.6932869925220433e-01 4.5110988346109178e+00 5.0197238572468299e+00 -8.4826173316961260e+00 2.7889001942903220e+00 -1.9617952786901741e-01 5.6980790999999996e-03 9.5735325999999998e-01
2.5995294196985436e-01 -1.4492812734576313e+02 9.7329638022424270e-01 4.3968764110183773e+00 4.8748655603009343e+00 -9.0817961503731564e+00 2.7712687302925887e+00 -1.8982375168401525e-01 5.3347821999999998e-03 9.6287009999999995e-01
2.6284587326519876e-01 -1.5431209467327551e+02 9.7700104457657067e-01 4.2945538168124706e+00 4.7403425867549380e+00 -9.7418924012960133e+00 2.7549848524837399e+00 -1.8405795859812105e-01 4.9667000000000001e-03 9.6802122999999995e-01
2.6553081192490186e-01 -1.6480909137470275e+02 9.8043935524671899e-01 4.2032586891888926e+00 4.6161736097643322e+00 -1.0473159101301814e+01 2.7400251926663390e+00 -1.7884872807647004e-01 4.5941591999999996e-03 9.7280200999999999e-01
2.6800535986997304e-01 -1.7662303239048936e+02 9.8360824127418356e-01 4.1221924147813400e+00 4.5023530818308952e+00 -1.1288550027857410e+01 2.7263677629536742e+00 -1.7416587187348945e-01 4.2174915999999996e-03 9.7720817000000004e-01
2.7026728188861310e-01 -1.9001661710104065e+02 9.8650484026486351e-01 4.0506304156655260e+00 4.3988604261115460e+00 -1.2204760367628593e+01 2.7139922834285444e+00 -1.6998238014043712e-01 3.8370333000000002e-03 9.8123572999999997e-01
2.7231455056509440e-01 -2.0533705525654952e+02 9.8912655592662269e-01 3.9879186916465437e+00 4.3056602517491260e+00 -1.3243874499266026e+01 2.7028799995160324e+00 -1.6627412314379678e-01 3.4531249000000000e-03 9.8488107999999996e-01
2.7414532943143138e-01 -2.2305738645112689e+02 9.9147103649345425e-01 3.9334728584945569e+00 4.2227089780230989e+00 -1.4436013693361758e+01 2.6930138820251184e+00 -1.6301979351326748e-01 3.0661112999999999e-03 9.8814095000000002e-01
2.7575796173515960e-01 -2.4384718634414276e+02 9.9353616034159020e-01 3.8867772028699683e+00 4.1499596749168504e+00 -1.5823870983959889e+01 2.6843786994066257e+00 -1.6020076952691478e-01 2.6763420000000000e-03 9.9101238999999997e-01
2.7715100413599675e-01 -2.6870320239334842e+02 9.9532007914117160e-01 3.8473816426172212e+00 4.0873624117725926e+00 -1.7471099286509485e+01 2.6769609074850860e+00 -1.5780092481023225e-01 2.2841723000000002e-03 9.9349282999999999e-01
2.7832321547362199e-01 -2.9921248850115666e+02 9.9682120347235892e-01 3.8149010414146045e+00 4.0348688300066300e+00 -1.9479214541170244e+01 2.6707487431883496e+00 -1.5580654461260587e-01 1.8899688000000000e-03 9.9558005999999999e-01
2.7927355115156643e-01 -3.3815802952432011e+02 9.9803819563338680e-01 3.7890140487223589e+00 3.9924344081299696e+00 -2.2026536158838972e+01 2.6657323007043758e+00 -1.5420628119854909e-01 1.4941295000000000e-03 9.9727222000000004e-01
2.8000124176275348e-01 -3.9122931504819110e+02 9.9897007032779328e-01 3.7694598610855707e+00 3.9600171596249822e+00 -2.5478209824627093e+01 2.6619031151378314e+00 -1.5299089895017862e-01 1.0971916000000000e-03 9.9856794000000004e-01
2.8050600650168050e-01 -4.7403620393663994e+02 9.9961646795832970e-01 3.7560319127529072e+00 3.9375697736041113e+00 -3.0837554504739163e+01 2.6592530946945474e+00 -1.5215289031041201e-01 7.0085733000000002e-04 9.9946672000000003e-01
