-2.0208807140624857e-01 -8.8041369370453970e+02 2.0208930125648619e-01 -8.3318103292650903e+02 -2.1814254309647723e+02 5.4436745301821723e+01 -5.1452820842984600e+01 -1.3781642348359716e+01 5.5301730000000003e-06 1.0230946000000001e-06
-2.0208043212589014e-01 -6.7427488798210948e+02 2.0210438244670698e-01 -6.2696698361905749e+02 -2.1812729353705328e+02 4.1412975113203132e+01 -3.8425737261906562e+01 -1.3780963569753277e+01 3.5894988000000002e-05 1.9923924999999999e-05
-2.0205646486000650e-01 -5.7849757433526236e+02 2.0215169775376518e-01 -5.3099224190099517e+02 -2.1807945528904469e+02 3.5360694157498351e+01 -3.2364780571574443e+01 -1.3778834177353504e+01 8.5619985000000003e-05 7.9222864999999994e-05
-2.0200901745242769e-01 -5.1550237409948886e+02 2.0224536670497578e-01 -4.6765432497644292e+02 -2.1798477476980250e+02 3.1378480628957199e+01 -2.8367533697874102e+01 -1.3774619515635914e+01 1.5173507999999999e-04 1.9661552000000001e-04
-2.0193183029316883e-01 -4.6855546036767697e+02 2.0239774679534633e-01 -4.2020644627523495e+02 -2.1783081629300992e+02 2.8409028990009844e+01 -2.5376142420781544e+01 -1.3767765525082201e+01 2.3255418000000001e-04 3.8758918999999998e-04
-2.0181921041825221e-01 -4.3118301586514565e+02 2.0262007686788802e-01 -3.8216758015417940e+02 -2.1760633258616713e+02 2.6043269175560695e+01 -2.2981241181809356e+01 -1.3757770536013908e+01 3.2689763000000001e-04 6.6622920000000002e-04
-2.0166588321717729e-01 -4.0019167340895223e+02 2.0292276986735058e-01 -3.5034106654996464e+02 -2.1730099217541988e+02 2.4079405211552565e+01 -2.0980908880018738e+01 -1.3744172927192155e+01 4.3385032000000002e-04 1.0455858000000000e-03
-2.0146690944124240e-01 -3.7376904875738313e+02 2.0331557667938313e-01 -3.2291407415546735e+02 -2.1690523864074382e+02 2.2402905830137165e+01 -1.9260611386051497e+01 -1.3726544645871881e+01 5.5265518999999999e-04 1.5378795000000000e-03
-2.0121763390136210e-01 -3.5078669700658816e+02 2.0380768740944297e-01 -2.9875988694118240e+02 -2.1641021463812450e+02 2.0942459972203707e+01 -1.7749134597347680e+01 -1.3704487581961528e+01 6.8265765000000004e-04 2.1546280000000000e-03
-2.0091365082605897e-01 -3.3049380077747537e+02 2.0440779977179141e-01 -2.7713126568322156e+02 -2.1580771947266462e+02 1.9650625426162161e+01 -1.6399208210265918e+01 -1.3677631460520011e+01 8.2327310000000005e-04 2.9067318999999999e-03
-2.0055078025752870e-01 -3.1236522000862163e+02 2.0512416568752628e-01 -2.5750814879923956e+02 -2.1509018948702760e+02 1.8494226367538378e+01 -1.5177892717987005e+01 -1.3645632720875941e+01 9.7396649000000004e-04 3.8045331000000002e-03
-2.0012505079328338e-01 -2.9601903121832402e+02 2.0596462535540361e-01 -2.3951491730443576e+02 -2.1425069056454939e+02 1.7449139164695886e+01 -1.4061354149224695e+01 -1.3608173956305155e+01 1.1342389000000000e-03 4.8578574999999999e-03
-1.9963268697583009e-01 -2.8116854195122710e+02 2.0693663214667696e-01 -2.2287226786290461e+02 -2.1328291962480350e+02 1.6497261851158058e+01 -1.3031825378245752e+01 -1.3564963754737937e+01 1.3036180000000001e-03 6.0760461999999999e-03
-1.9907010015827134e-01 -2.6759288220350425e+02 2.0804727063789760e-01 -2.0736764112306105e+02 -2.1218121213508215e+02 1.5624652825648838e+01 -1.2075739937325256e+01 -1.3515736819525062e+01 1.4816515000000000e-03 7.4679780999999997e-03
-1.9843388110786661e-01 -2.5511812146324291e+02 2.0930327121269524e-01 -1.9283620922300946e+02 -2.1094055185794198e+02 1.4820345648663558e+01 -1.1182532361552099e+01 -1.3460254201461266e+01 1.6679024999999999e-03 9.0420881999999994e-03
-1.9772079499423778e-01 -2.4360471891197599e+02 2.1071101995588082e-01 -1.7914821473595796e+02 -2.0955658355334199e+02 1.4075538100886529e+01 -1.0343839882941248e+01 -1.3398303691556267e+01 1.8619452999999999e-03 1.0806380000000001e-02
-1.9692777674133413e-01 -2.3293889611240911e+02 2.1227656782942900e-01 -1.6620023830350436e+02 -2.0802562455770402e+02 1.3383063847688105e+01 -9.5529521430615780e+00 -1.3329700171084442e+01 2.0633631000000000e-03 1.2768437000000001e-02
-1.9605192888529432e-01 -2.2302657636379365e+02 2.1400563490140909e-01 -1.5390904829219474e+02 -2.0634467898400601e+02 1.2737000396548666e+01 -8.8044241111928976e+00 -1.3254286128464026e+01 2.2717459999999998e-03 1.4935428000000001e-02
-1.9509051797727134e-01 -2.1378898805354203e+02 2.1590361744739758e-01 -1.4220711585171830e+02 -2.0451144643720900e+02 1.2132392553321580e+01 -8.0937941156305886e+00 -1.3171931918197155e+01 2.4866887000000002e-03 1.7314116000000001e-02
-1.9404097466426792e-01 -2.0515946186119143e+02 2.1797558779089587e-01 -1.3103933110970397e+02 -2.0252433475361013e+02 1.1565049728496623e+01 -7.4173776932758200e+00 -1.3082536302003849e+01 2.7077901999999999e-03 1.9910858000000000e-02
-1.9290088924318996e-01 -1.9708098814027394e+02 2.2022630308035690e-01 -1.2036047688622828e+02 -2.0038246129683790e+02 1.1031391257838079e+01 -6.7721097894273425e+00 -1.2986026434063806e+01 2.9346520999999999e-03 2.2731616000000000e-02
-1.9166801408590817e-01 -1.8950441096564384e+02 2.2266020050171600e-01 -1.1013335510202059e+02 -1.9808566346621186e+02 1.0528332042023759e+01 -6.1554273073023982e+00 -1.2882358342240288e+01 3.1668782999999998e-03 2.5781951000000001e-02
-1.9034026121419639e-01 -1.8238699460117328e+02 2.2528140206586011e-01 -1.0032727476191664e+02 -1.9563449673567999e+02 1.0053191676099125e+01 -5.5651759690307685e+00 -1.2771516899926461e+01 3.4040742000000001e-03 2.9067029000000001e-02
-1.8891570068302366e-01 -1.7569131254617642e+02 2.2809371780027377e-01 -9.0916868966182207e+01 -1.9303023028130139e+02 9.6036241066111767e+00 -4.9995358579974010e+00 -1.2653515686632815e+01 3.6458464000000000e-03 3.2591624999999999e-02
-1.8739256300561605e-01 -1.6938438623237855e+02 2.3110064096156993e-01 -8.1881169549423987e+01 -1.9027484627609050e+02 9.1775629303095485e+00 -4.4569656080261622e+00 -1.2528397099582618e+01 3.8918026000000000e-03 3.6360116999999997e-02
-1.8576923592004085e-01 -1.6343697043174410e+02 2.3430535441878236e-01 -7.3202821438005500e+01 -1.8737102458255410e+02 8.7731761363091021e+00 -3.9361537304144179e+00 -1.2396231823247502e+01 4.1415510999999999e-03 4.0376493999999999e-02
-1.8404426560173762e-01 -1.5782299602719382e+02 2.3771072825963074e-01 -6.4867462788747048e+01 -1.8432213198231537e+02 8.3888307860565181e+00 -3.4359811688070483e+00 -1.2257118567736283e+01 4.3947007000000003e-03 4.4644352999999998e-02
-1.8221635666351801e-01 -1.5251911156305226e+02 2.4131931979052093e-01 -5.6863202128954846e+01 -1.8113220439628660e+02 8.0230638032608397e+00 -2.9554897438198537e+00 -1.2111183819896034e+01 4.6508610999999997e-03 4.9166899000000000e-02
-1.8028437053885799e-01 -1.4750430088437562e+02 2.4513337672819091e-01 -4.9180178810628561e+01 -1.7780592294890960e+02 7.6745577592795442e+00 -2.4938558111244102e+00 -1.1958579458069044e+01 4.9096423000000002e-03 5.3946949000000001e-02
-1.7824732750278269e-01 -1.4275957748843913e+02 2.4915483321015328e-01 -4.1810199833803175e+01 -1.7434859241579130e+02 7.3421215234854520e+00 -2.0503687362975929e+00 -1.1799485355159089e+01 5.1706551000000002e-03 5.8986927000000001e-02
-1.7610440303427363e-01 -1.3826771686692595e+02 2.5338531697589872e-01 -3.4746414704140932e+01 -1.7076610549462603e+02 7.0246731491546379e+00 -1.6244119364892100e+00 -1.1634104880069094e+01 5.4335110000000002e-03 6.4288872999999996e-02
-1.7385493145386152e-01 -1.3401304743912118e+02 2.5782614218569266e-01 -2.7983060400046782e+01 -1.6706491682632810e+02 6.7212266791969100e+00 -1.2154478753154028e+00 -1.1462665766731567e+01 5.6978226000000002e-03 6.9854434000000007e-02
-1.7149840188185647e-01 -1.2998125916212112e+02 2.6247831739969013e-01 -2.1515216743317040e+01 -1.6325199981388519e+02 6.4308799044651304e+00 -8.2300406792526304e-01 -1.1285418252624970e+01 5.9632034000000004e-03 7.5684873999999999e-02
-1.6903446025923291e-01 -1.2615925257818034e+02 2.6734254158837834e-01 -1.5338625643729262e+01 -1.5933481109655469e+02 6.1528048133530868e+00 -4.4666202570388425e-01 -1.1102633964578892e+01 6.2292681999999997e-03 8.1781068999999998e-02
-1.6646290773092165e-01 -1.2253500338502863e+02 2.7241920732422276e-01 -9.4494922358119524e+00 -1.5532124617220683e+02 5.8862389868404890e+00 -8.6047258777634861e-02 -1.0914604341606756e+01 6.4956331999999999e-03 8.8143510999999994e-02
-1.6378370064580999e-01 -1.1909744945747575e+02 2.7770840078166692e-01 -3.8443606859070094e+00 -1.5121959441493297e+02 5.6304783459016843e+00 2.5917917477985153e-01 -1.0721639135978213e+01 6.7619166000000000e-03 9.4772308000000000e-02
-1.6099694813167978e-01 -1.1583639009649048e+02 2.8320990652460182e-01 1.4800300994513009e+00 -1.4703848925394976e+02 5.3848707738203050e+00 5.8932824545409002e-01 -1.0524064757905608e+01 7.0277381999999996e-03 1.0166719000000000e-01
-1.5810291169103050e-01 -1.1274240201839379e+02 2.8892320830427720e-01 6.5268544620922668e+00 -1.4278685877765636e+02 5.1488107420582701e+00 9.0468922833080723e-01 -1.0322222142913187e+01 7.2927204000000001e-03 1.0882751000000000e-01
-1.5510201085955683e-01 -1.0980677171016070e+02 2.9484747788854032e-01 1.1299288910245840e+01 -1.3847388472210395e+02 4.9217350709061840e+00 1.2055344749627956e+00 -1.0116466245434056e+01 7.5564877000000004e-03 1.1625223000000000e-01
-1.5199481148501653e-01 -1.0702141877523891e+02 3.0098159820127018e-01 1.5800591657110854e+01 -1.3410893415279290e+02 4.7031179126176763e+00 1.4921254245637021e+00 -9.9071626113181885e+00 7.8186677999999999e-03 1.2393994999999999e-01
-1.4878202491887654e-01 -1.0437884183719437e+02 3.0732416491820019e-01 2.0034184443095700e+01 -1.2970150778106151e+02 4.4924672740004752e+00 1.7647164020681352e+00 -9.6946858290532703e+00 8.0788911000000008e-03 1.3188891000000000e-01
-1.4546452014162198e-01 -1.0187207942875884e+02 3.1387346252957293e-01 2.4003717589829741e+01 -1.2526120546139983e+02 4.2893226776176840e+00 2.0235569409510581e+00 -9.4794187144747752e+00 8.3367917000000003e-03 1.4009695999999999e-01
-1.4204330759567743e-01 -9.9494653054518565e+01 3.2062749625660064e-01 2.7713077833232180e+01 -1.2079765258936004e+02 4.0932513539511852e+00 2.2688961960984924e+00 -9.2617491331693120e+00 8.5920070000000005e-03 1.4856159999999999e-01
-1.3851954726894633e-01 -9.7240535898553631e+01 3.2758397609323509e-01 3.1166451424010145e+01 -1.1632046080656896e+02 3.9038462742982274e+00 2.5009841039341292e+00 -9.0420687680628085e+00 8.8441787999999997e-03 1.5727996000000000e-01
-1.3489454061127160e-01 -9.5104113311117231e+01 3.3474033276439774e-01 3.4368348586384144e+01 -1.1183916840507879e+02 3.7207235403169405e+00 2.7200747038420454e+00 -8.8207708172821508e+00 9.0929527999999999e-03 1.6624881999999999e-01
-1.3116973053443542e-01 -9.3080153535529462e+01 3.4209371772597963e-01 3.7323620989317135e+01 -1.0736319282933943e+02 3.5435204903660895e+00 2.9264269730568979e+00 -8.5982482030634948e+00 9.3379794999999995e-03 1.7546460999999999e-01
-1.2734669737039001e-01 -9.1163778701961704e+01 3.4964101114395696e-01 4.0037471751935072e+01 -1.0290178015470964e+02 3.3718937915955620e+00 3.1203067719569164e+00 -8.3748916326862748e+00 9.5789143999999993e-03 1.8492342000000001e-01
-1.2342717099656612e-01 -8.9350447290850937e+01 3.5737879795704497e-01 4.2515451971559841e+01 -9.8463976004144570e+01 3.2055184042276892e+00 3.3019865174906506e+00 -8.1510886433366601e+00 9.8154178999999998e-03 1.9462097000000000e-01
-1.1941301062702508e-01 -8.7635922260741310e+01 3.6530340777227444e-01 4.4763471785639702e+01 -9.4058559825386851e+01 3.0440852690752220e+00 3.4717472791521051e+00 -7.9272207245422459e+00 1.0047156000000000e-02 2.0455266000000000e-01
-1.1530620077068875e-01 -8.6016251494542090e+01 3.7341092284410626e-01 4.6787790770833247e+01 -8.9694004395086566e+01 2.8872999630444558e+00 3.6298789880583548e+00 -7.7036617616792915e+00 1.0273801000000001e-02 2.1471357999999999e-01
-1.1110887144018816e-01 -8.4487759353789599e+01 3.8169713817885598e-01 4.8594995139848479e+01 -8.5378462361923027e+01 2.7348823274924814e+00 3.7766798580988139e+00 -7.4807776066181395e+00 1.0495031000000000e-02 2.2509846000000000e-01
-1.0682327390124530e-01 -8.3047020722847208e+01 3.9015760940938460e-01 5.0191982112178060e+01 -8.1119708641700100e+01 2.5865645105928223e+00 3.9124569385355814e+00 -7.2589234654834014e+00 1.0710529999999999e-02 2.3570173000000000e-01
-1.0245178471444279e-01 -8.1690850172715173e+01 3.9878764481598328e-01 5.1585955033248709e+01 -7.6925116461673070e+01 2.4420901557891765e+00 4.0375260263460389e+00 -7.0384429375541915e+00 1.0919989999999999e-02 2.4651751000000000e-01
-9.7996909776993602e-02 -8.0416287960847967e+01 4.0758229734725870e-01 5.2784376448539213e+01 -7.2801637204199608e+01 2.3012136765784144e+00 4.1522109400502663e+00 -6.8196671025981539e+00 1.1123108000000000e-02 2.5753959999999998e-01
-9.3461272197431985e-02 -7.9220580906213030e+01 4.1653638855747788e-01 5.3794952478215713e+01 -6.8755767861706744e+01 2.1636990484855558e+00 4.2568431376765172e+00 -6.6029126072239119e+00 1.1319591000000000e-02 2.6876150999999998e-01
-8.8847608253843705e-02 -7.8101225063659754e+01 4.2564451658568381e-01 5.4625601896441317e+01 -6.4793530725882462e+01 2.0293189687621367e+00 4.3517614123948372e+00 -6.3884818394194234e+00 1.1509152000000000e-02 2.8017647000000001e-01
-8.4158771435635799e-02 -7.7055833724828801e+01 4.3490104817657982e-01 5.5284421824880724e+01 -6.0920464158980344e+01 1.8978542961001028e+00 4.4373105814548799e+00 -6.1766607567817058e+00 1.1691511000000000e-02 2.9177742000000001e-01
-7.9397736485306264e-02 -7.6082260849578134e+01 4.4430011070141506e-01 5.5779653923417094e+01 -5.7141616218655059e+01 1.7690934851074425e+00 4.5138408232762668e+00 -5.9677193346934283e+00 1.1866398000000000e-02 3.0355700000000002e-01
-7.4567567064286466e-02 -7.5178520828515659e+01 4.5383565599090514e-01 5.6119656686616423e+01 -5.3461512304249752e+01 1.6428311236053412e+00 4.5817071470464992e+00 -5.7619094656129075e+00 1.2033550000000000e-02 3.1550762999999998e-01
-6.9671444045328962e-02 -7.4342792515490444e+01 4.6350140448142640e-01 5.6312856611790963e+01 -4.9884177447019376e+01 1.5188681303469420e+00 4.6412679710187366e+00 -5.5594661172312856e+00 1.2192715000000000e-02 3.2762143999999999e-01
-6.4712645303659139e-02 -7.3573454642932987e+01 4.7329088511059153e-01 5.6367733308240005e+01 -4.6413121443616241e+01 1.3970106837339773e+00 4.6928843342638356e+00 -5.3606062056588941e+00 1.2343646000000000e-02 3.3989032000000002e-01
-5.9694549758744830e-02 -7.2868991955897357e+01 4.8319742733813431e-01 5.6292767899330030e+01 -4.3051344743728777e+01 1.2770697976119396e+00 4.7369188282949635e+00 -5.1655278149549471e+00 1.2486109000000000e-02 3.5230591000000000e-01
-5.4620621207217501e-02 -7.2228078710747553e+01 4.9321419306237063e-01 5.6096417282642356e+01 -3.9801340996545868e+01 1.1588605040648088e+00 4.7737344806066346e+00 -4.9744109727824650e+00 1.2619877000000000e-02 3.6485963999999999e-01
-4.9494420448181392e-02 -7.1649532063206237e+01 5.0333415268285264e-01 5.5787080282601622e+01 -3.6665111342046252e+01 1.0422016144303239e+00 4.8036939605525468e+00 -4.7874173431906977e+00 1.2744734000000001e-02 3.7754270000000001e-01
-4.4319593157904430e-02 -7.1132316543411079e+01 5.1355010903771414e-01 5.5373065255454655e+01 -3.3644172945441603e+01 9.2691500033902496e-01 4.8271582189652866e+00 -4.6046902218007402e+00 1.2860473000000001e-02 3.9034606999999999e-01
-3.9099861806278807e-02 -7.0675541108196967e+01 5.2385471336190137e-01 5.4862560411785900e+01 -3.0739570550110503e+01 8.1282499094092042e-01 4.8444857649072528e+00 -4.4263545991684889e+00 1.2966896000000000e-02 4.0326054000000000e-01
-3.3839033740360347e-02 -7.0278455887659007e+01 5.3424044932894210e-01 5.4263606295858963e+01 -2.7951899976377682e+01 6.9975807299962778e-01 4.8560312988093779e+00 -4.2525179030700029e+00 1.3063819000000001e-02 4.1627669000000000e-01
-2.8540976933750378e-02 -6.9940458911776119e+01 5.4469968092563703e-01 5.3584067681877762e+01 -2.5281316011391400e+01 5.8754200133850620e-01 4.8621454345696931e+00 -4.0832696713378818e+00 1.3151064000000001e-02 4.2938494999999999e-01
-2.3209644237213917e-02 -6.9661082625762901e+01 5.5522460457736889e-01 5.2831611864427579e+01 -2.2727568236725364e+01 4.7600580680404514e-01 4.8631730862393923e+00 -3.9186829963234122e+00 1.3228465999999999e-02 4.4257553999999999e-01
-1.7849041044521952e-02 -6.9440004278049116e+01 5.6580731298102294e-01 5.2013683416787927e+01 -2.0290008319476524e+01 3.6497876270238194e-01 4.8594530713095558e+00 -3.7588141465099096e+00 1.3295871000000001e-02 4.5583855000000001e-01
-1.2463241459530511e-02 -6.9277035823323558e+01 5.7643976318852719e-01 5.1137499027956338e+01 -1.7967623269989790e+01 2.5429023157468000e-01 4.8513171825533288e+00 -3.6037038011065330e+00 1.3353135000000000e-02 4.6916390000000002e-01
-7.0563680873318435e-03 -6.9172137675001494e+01 5.8711381650242789e-01 5.0209969196717289e+01 -1.5759053833389741e+01 1.4376883805622986e-01 4.8390894928199035e+00 -3.4533772591929917e+00 1.3400123999999999e-02 4.8254139000000001e-01
-1.6326001177941196e-03 -6.9125409931338112e+01 5.9782122251765890e-01 4.9237801980358249e+01 -1.3662624424912698e+01 3.3242149307908253e-02 4.8230854857161223e+00 -3.3078455168978231e+00 1.3436718000000000e-02 4.9596067999999999e-01
3.8038428415176906e-03 -6.9137106526016225e+01 6.0855365103800318e-01 4.8227371279043751e+01 -1.1676364644304623e+01 -7.7464104641204568e-02 4.8036122766647615e+00 -3.1671057179086866e+00 1.3462807000000000e-02 5.0941133000000005e-01
9.2486845982626409e-03 -6.9207626161713506e+01 6.1930266015963054e-01 4.7184768260526759e+01 -9.7980428276664107e+00 -1.8852619453686392e-01 4.7809671200962338e+00 -3.0311424551775508e+00 1.3478291000000000e-02 5.2288276000000000e-01
1.4697628751251413e-02 -6.9337516483492522e+01 6.3005976808313613e-01 4.6115776805021120e+01 -8.0251811389805709e+00 -3.0012365962624621e-01 4.7554366506404078e+00 -2.8999277744691514e+00 1.3483083000000000e-02 5.3636434000000000e-01
2.0146338481597692e-02 -6.9527489038190325e+01 6.4081641321796301e-01 4.5025871120996712e+01 -6.3550907588061527e+00 -4.1243942366636244e-01 4.7272984950928176e+00 -2.7734226726871150e+00 1.3477108000000000e-02 5.4984533999999996e-01
2.5590444636257537e-02 -6.9778423345131060e+01 6.5156397014063305e-01 4.3920212103109051e+01 -4.7848957251985835e+00 -5.2566053176402550e-01 4.6968187957506240e+00 -2.6515778181850953e+00 1.3460300999999999e-02 5.6331494999999998e-01
3.1025557853338576e-02 -7.0091363611895233e+01 6.6229377353209262e-01 4.2803644235370498e+01 -3.3115562656252009e+00 -6.3997902811177987e-01 4.6642530307775099e+00 -2.5343342351654168e+00 1.3432611000000001e-02 5.7676231000000000e-01
3.6447276645639293e-02 -7.0467537396359972e+01 6.7299713413594231e-01 4.1680694718944430e+01 -1.9318926570448280e+00 -7.5559276552863253e-01 4.6298458359303032e+00 -2.4216240544566201e+00 1.3393997000000000e-02 5.9017653000000003e-01
4.1851175275339936e-02 -7.0908351846377329e+01 6.8366531482109194e-01 4.0555579254802993e+01 -6.4261398297112149e-01 -8.7270589627271900e-01 4.5938299961707436e+00 -2.3133717868900123e+00 1.3344429999999999e-02 6.0354666000000001e-01
4.7232819921081498e-02 -7.1415419140286446e+01 6.9428956249822116e-01 3.9432203467157983e+01 5.5966303523509364e-01 -9.9152990426591803e-01 4.5564277779545712e+00 -2.2094945431058761e+00 1.3283893999999999e-02 6.1686173000000000e-01
5.2587784845044228e-02 -7.1990558828189236e+01 7.0486114003623979e-01 3.8314166165569716e+01 1.6783975207958919e+00 -1.1122848971231680e+00 4.5178499430267873e+00 -2.1099041264175451e+00 1.3212384000000001e-02 6.3011079000000003e-01
5.7911628142329641e-02 -7.2635810796764417e+01 7.1537127838759706e-01 3.7204771419215987e+01 2.7170811938275921e+00 -1.2351998911697875e+00 4.4782961779512593e+00 -2.0145054325362066e+00 1.3129907000000000e-02 6.4328284999999996e-01
6.3199920033348400e-02 -7.3353451951784621e+01 7.2581123244208767e-01 3.6107035346966732e+01 3.6792502746221936e+00 -1.3605144966391860e+00 4.4379550577761311e+00 -1.9231996923057786e+00 1.3036481000000001e-02 6.5636695000000000e-01
6.8448246905589871e-02 -7.4146004099032766e+01 7.3617228900596698e-01 3.5023678828021211e+01 4.5684516054985060e+00 -1.4884800853208153e+00 4.3970042011775838e+00 -1.8358837942881376e+00 1.2932137999999999e-02 6.6935217000000002e-01
7.3652199188313172e-02 -7.5016295078631842e+01 7.4644574286460541e-01 3.3957173831763811e+01 5.3882181756959486e+00 -1.6193607711659364e+00 4.3556105873324000e+00 -1.7524515858098961e+00 1.2816919000000000e-02 6.8222760000000005e-01
7.8807395603165187e-02 -7.5967392749745329e+01 7.5662294465717927e-01 3.2909717662420768e+01 6.1420668848735893e+00 -1.7534352970196481e+00 4.3139306363332928e+00 -1.6727939106181633e+00 1.2690879000000000e-02 6.9498240000000000e-01
8.3909475080641560e-02 -7.7002716687852583e+01 7.6669528491844108e-01 3.1883262825175674e+01 6.8334784198080323e+00 -1.8909983861161139e+00 4.2721105761156561e+00 -1.5968001982724969e+00 1.2554085000000000e-02 7.0760577999999996e-01
8.8954100801855840e-02 -7.8126019466662143e+01 7.7665420205783398e-01 3.0879526524108300e+01 7.4658768983280854e+00 -2.0323624772936459e+00 4.2302867309507111e+00 -1.5243581440524097e+00 1.2406611999999999e-02 7.2008700999999997e-01
9.3936980407388404e-02 -7.9341416244878587e+01 7.8649122225506762e-01 2.9899999924282142e+01 8.0426457994843403e+00 -2.1778602012832180e+00 4.1885857372364388e+00 -1.4553546639315231e+00 1.2248551000000000e-02 7.3241546999999996e-01
9.8853853871977260e-02 -8.0653482258818940e+01 7.9619793552277329e-01 2.8945963893435831e+01 8.5670738377320976e+00 -2.3278461623445201e+00 4.1471249931638354e+00 -1.3896764579089846e+00 1.2080001999999999e-02 7.4458062000000003e-01
1.0370050158805727e-01 -8.2067161237722487e+01 8.0576601166473327e-01 2.8018501667767122e+01 9.0423831583658689e+00 -2.4826995610796212e+00 4.1060130132053736e+00 -1.3272104075892590e+00 1.1901076999999999e-02 7.5657202000000001e-01
1.0847275244929971e-01 -8.3587935044081291e+01 8.1518721623411206e-01 2.7118510724970527e+01 9.4717095924518748e+00 -2.6428271542411772e+00 4.0653497628398751e+00 -1.2678440693014701e+00 1.1711898000000000e-02 7.6837935000000002e-01
1.1316649597592143e-01 -8.5221824211088702e+01 8.2445343447080122e-01 2.6246715297545318e+01 9.8580905892296649e+00 -2.8086668048926717e+00 4.0252269695359519e+00 -1.2114658749384595e+00 1.1512599000000000e-02 7.7999244000000001e-01
1.1777766210583612e-01 -8.6975441840566944e+01 8.3355663140584391e-01 2.5403682619691494e+01 1.0204463753000548e+01 -2.9806902610147059e+00 3.9857287392354421e+00 -1.1579657007501882e+00 1.1303326000000001e-02 7.9140122000000002e-01
1.2230226161235153e-01 -8.8856075747599661e+01 8.4248893165258609e-01 2.4589829673897839e+01 1.0513658867135995e+01 -3.1594087473654864e+00 3.9469314452747803e+00 -1.1072356969602035e+00 1.1084235000000000e-02 8.0259581999999996e-01
1.2673634972824210e-01 -9.0871749998569868e+01 8.5124254759464091e-01 2.3805443580379144e+01 1.0788416099271027e+01 -3.3453762502963431e+00 3.9089054261841936e+00 -1.0591691250630657e+00 1.0855490000000001e-02 8.1356647999999998e-01
1.3107606252167620e-01 -9.3031326258023640e+01 8.5980985119792386e-01 2.3050686424061809e+01 1.1031343696740192e+01 -3.5391963553130168e+00 3.8717132283127995e+00 -1.0136622140190774e+00 1.0617270000000000e-02 8.2430364000000000e-01
1.3531760881267668e-01 -9.5344603000846234e+01 8.6818335805242353e-01 2.2325611056453901e+01 1.1244927138316108e+01 -3.7415282859036960e+00 3.8354119876898869e+00 -9.7061352692551717e-01 1.0369760000000000e-02 8.3479791999999997e-01
1.3945727421489096e-01 -9.7822436488836772e+01 8.7635573535131650e-01 2.1630170923942895e+01 1.1431578540765127e+01 -3.9530944593396398e+00 3.8000528616880014e+00 -9.2992441383192792e-01 1.0113159000000000e-02 8.4504013000000000e-01
1.4349142517736002e-01 -1.0047688211432977e+02 8.8431980987008196e-01 2.0964234501038149e+01 1.1593566271582365e+01 -4.1746893719477933e+00 3.7656816533704895e+00 -8.9149912492497141e-01 9.8476710000000005e-03 8.5502127999999999e-01
1.4741650898451913e-01 -1.0332135910911872e+02 8.9206856796650236e-01 2.0327587499171823e+01 1.1733052570990465e+01 -4.4071897883239339e+00 3.7323391558778676e+00 -8.5524503972467525e-01 9.5735140000000000e-03 8.6473257999999997e-01
1.5122907396504581e-01 -1.0637086121211105e+02 8.9959519547623901e-01 1.9719951664412473e+01 1.1852088037218630e+01 -4.6515681470401278e+00 3.7000614294968988e+00 -8.2107261822518907e-01 9.2909130999999992e-03 8.7416548999999999e-01
1.5492574928301173e-01 -1.0964217659404231e+02 9.0689303781725605e-01 1.9140990185413038e+01 1.1952611201960053e+01 -4.9089059635045702e+00 3.6688803394489025e+00 -7.8889622458493702e-01 9.0001030000000006e-03 8.8331166999999999e-01
1.5850326918850061e-01 -1.1315418938430660e+02 9.1395564786451167e-01 1.8590319731011462e+01 1.2036452227947274e+01 -5.1804129498589422e+00 3.6388237282762974e+00 -7.5863159953553949e-01 8.7013270999999996e-03 8.9216304000000002e-01
1.6195846089229921e-01 -1.1692821313074317e+02 9.2077676201261238e-01 1.8067513663523211e+01 1.2105333821297814e+01 -5.4674475502949882e+00 3.6099158793128789e+00 -7.3020086790328687e-01 8.3948374000000006e-03 9.0071175000000003e-01
1.6528826477474579e-01 -1.2098842508307436e+02 9.2735034007138895e-01 1.7572112240219290e+01 1.2160874793857426e+01 -5.7715446853790535e+00 3.5821777117554499e+00 -7.0352764316752892e-01 8.0808944000000001e-03 9.0895022999999997e-01
1.6848971821865161e-01 -1.2536237723691440e+02 9.3367053334943606e-01 1.7103632496428130e+01 1.2204592002439224e+01 -6.0944467132447180e+00 3.5556271989756261e+00 -6.7853961495670467e-01 7.7597663000000001e-03 9.1687114999999997e-01
1.7155997177637933e-01 -1.3008164666663254e+02 9.3973171657057231e-01 1.6661572606968107e+01 1.2237903940537302e+01 -6.4381450276487868e+00 3.5302796163079297e+00 -6.5516797548532801e-01 7.4317293999999999e-03 9.2446746000000002e-01
1.7449629321161275e-01 -1.3518266036093667e+02 9.4552849585295551e-01 1.6245418142194971e+01 1.2262133797653334e+01 -6.8049313552952455e+00 3.5061477594652892e+00 -6.3334743057412857e-01 7.0970672000000004e-03 9.3173240000000002e-01
1.7729605941581772e-01 -1.4070771223097228e+02 9.5105569275085311e-01 1.5854649912433896e+01 1.2278512372256426e+01 -7.1974614179537095e+00 3.4832422896310042e+00 -6.1301627124000280e-01 6.7560703000000000e-03 9.3865947999999999e-01
1.7995677661709031e-01 -1.4670633200793017e+02 9.5630838415021679e-01 1.5488746637200583e+01 1.2288182013197510e+01 -7.6188410316363502e+00 3.4615718776682352e+00 -5.9411620998242265e-01 6.4090362999999996e-03 9.4524253000000003e-01
1.8247605612953882e-01 -1.5323697297562055e+02 9.6128185439399250e-01 1.5147193950397160e+01 1.2292199496112762e+01 -8.0727315839920415e+00 3.4411436689053043e+00 -5.7659259099632865e-01 6.0562691999999996e-03 9.5147563999999996e-01
1.8485165477098070e-01 -1.6036942049643170e+02 9.6597167507327153e-01 1.4829483807617034e+01 1.2291539798148191e+01 -8.5635019410809541e+00 3.4219630315031497e+00 -5.6039404390351288e-01 5.6980790999999996e-03 9.5735325999999998e-01
1.8708143444524550e-01 -1.6818781240847972e+02 9.7037362523613913e-01 1.4535123801550103e+01 1.2287099042061612e+01 -9.0964175609410560e+00 3.4040343358084750e+00 -5.4547280305980772e-01 5.3347821999999998e-03 9.6287009999999995e-01
1.8916340255987191e-01 -1.7679507268911158e+02 9.7448377117882590e-01 1.4263636855804204e+01 1.2279698126088777e+01 -9.6779199255958179e+00 3.3873606917297971e+00 -5.3178435403848034e-01 4.9667000000000001e-03 9.6802122999999995e-01
1.9109568373371993e-01 -1.8631890500112198e+02 9.7829841059190192e-01 1.4014567919779411e+01 1.2270085200967761e+01 -1.0316003204503524e+01 3.3719443551544730e+00 -5.1928765046156344e-01 4.5941591999999996e-03 9.7280200999999999e-01
1.9287655213112831e-01 -1.9692077101747455e+02 9.8181413639319781e-01 1.3787483659415610e+01 1.2258939977430025e+01 -1.1020780171296073e+01 3.3577867980527127e+00 -5.0794481958827709e-01 4.2174915999999996e-03 9.7720817000000004e-01
1.9450439912775713e-01 -2.0880894650414865e+02 9.8502777289488330e-01 1.3581972020868026e+01 1.2246874685513252e+01 -1.1805304083653073e+01 3.3448888828609729e+00 -4.9772140244637847e-01 3.8370333000000002e-03 9.8123572999999997e-01
1.9597776564474534e-01 -2.2225922910175717e+02 9.8793643963638922e-01 1.3397669079360002e+01 1.2234438693786670e+01 -1.2686874531446907e+01 3.3332509384913269e+00 -4.8858632322624856e-01 3.4531249000000000e-03 9.8488107999999996e-01
1.9729533002340155e-01 -2.3764823042881648e+02 9.9053752744706114e-01 1.3234221113903017e+01 1.2222119594889850e+01 -1.3689136617955299e+01 3.3228729132690282e+00 -4.8051067022423011e-01 3.0661112999999999e-03 9.8814095000000002e-01
1.9845589994166468e-01 -2.5551044395685517e+02 9.9282868248792955e-01 1.3091315106805320e+01 1.2210346387803469e+01 -1.4845680879455589e+01 3.3137545744983301e+00 -4.7347029324684459e-01 2.6763420000000000e-03 9.9101238999999997e-01
1.9945843666472229e-01 -2.7664387760424972e+02 9.9480785412640071e-01 1.2968679237798064e+01 1.2199491063487885e+01 -1.6206710111294569e+01 3.3058954140136043e+00 -4.6744304157448191e-01 2.2841723000000002e-03 9.9349282999999999e-01
2.0030204696147114e-01 -3.0232311064605778e+02 9.9647327897802640e-01 1.2866053788407049e+01 1.2189870556710057e+01 -1.7852488937483663e+01 3.2992948062058844e+00 -4.6241009242985393e-01 1.8899688000000000e-03 9.9558005999999999e-01
2.0098597906274723e-01 -3.3479011652075530e+02 9.9782347292738838e-01 1.2783239417963035e+01 1.2181748329564503e+01 -1.9924336852781806e+01 3.2939521142474293e+00 -4.5835567652636899e-01 1.4941295000000000e-03 9.9727222000000004e-01
2.0150967924610191e-01 -3.7864210885970323e+02 9.9885734283571104e-01 1.2720060274405725e+01 1.2175335373899502e+01 -2.2712281549368981e+01 3.2898663097810918e+00 -4.5526673771102111e-01 1.0971916000000000e-03 9.9856794000000004e-01
2.0187294542305023e-01 -4.4652632927057903e+02 9.9957448974723684e-01 1.2676354728173571e+01 1.2170789085803461e+01 -2.7014802086375358e+01 3.2870348389601083e+00 -4.5313200549451105e-01 7.0085733000000002e-04 9.9946672000000003e-01
