-4.1792947686239479e-02 -3.8974635220128207e+03 4.1794013539066067e-02 -3.1587048129260484e+03 -9.5138509768046595e+02 2.3820408793520369e+02 -1.9175573096053645e+02 -5.9819127684138657e+01 5.5301730000000003e-06 1.0230946000000001e-06
-4.1791367840174551e-02 -2.9984013345957756e+03 4.1812124446433604e-02 -2.2586525772100117e+03 -9.5105660165762924e+02 1.8167324730194542e+02 -1.3518204598206563e+02 -5.9804532649362542e+01 3.5894988000000002e-05 1.9923924999999999e-05
-4.1786411275037939e-02 -2.5806417500622688e+03 4.1868945103865296e-02 -1.8383907088776052e+03 -9.5002654711577475e+02 1.5540126936259787e+02 -1.0880237524796773e+02 -5.9758762544543309e+01 8.5619985000000003e-05 7.9222864999999994e-05
-4.1776598884781607e-02 -2.3058281493995592e+03 4.1981431563737133e-02 -1.5593764419182544e+03 -9.4798987538334188e+02 1.3811315087571239e+02 -9.1334436162840916e+01 -5.9668243501384211e+01 1.5173507999999999e-04 1.9661552000000001e-04
-4.1760636146919307e-02 -2.1009774050417604e+03 4.2164423864805983e-02 -1.3485812329221139e+03 -9.4468372372641602e+02 1.2521950546035173e+02 -7.8187657403191139e+01 -5.9521237757147560e+01 2.3255418000000001e-04 3.8758918999999998e-04
-4.1737345724540249e-02 -1.9378533495793188e+03 4.2431418663616452e-02 -1.1778081134278932e+03 -9.3987561169080209e+02 1.1494469068660256e+02 -6.7588694896130903e+01 -5.9307309998855608e+01 3.2689763000000001e-04 6.6622920000000002e-04
-4.1705636798581323e-02 -1.8025284660726893e+03 4.2794920800636987e-02 -1.0332261260994844e+03 -9.3335947433783224e+02 1.0641276919939277e+02 -5.8666312700765026e+01 -5.9017098287426791e+01 4.3385032000000002e-04 1.0455858000000000e-03
-4.1664487904682176e-02 -1.6870987336907715e+03 4.3266640053687411e-02 -9.0707245864108893e+02 -9.2495462195036396e+02 9.9126614855761403e+01 -5.0929849830407456e+01 -5.8642349178245702e+01 5.5265518999999999e-04 1.5378795000000000e-03
-4.1612936323605750e-02 -1.5866432719801423e+03 4.3857612763149201e-02 -7.9460346179044302e+02 -9.1450610265625630e+02 9.2776711668188881e+01 -4.4077666227631312e+01 -5.8175759760146917e+01 6.8265765000000004e-04 2.1546280000000000e-03
-4.1550070917076604e-02 -1.4978885460522135e+03 4.4578283959884626e-02 -6.9275257596948336e+02 -9.0188574167360889e+02 8.7157161469994364e+01 -3.7912849542363716e+01 -5.7611083622629110e+01 8.2327310000000005e-04 2.9067318999999999e-03
-4.1475027246354566e-02 -1.4185455598930769e+03 4.5438563324523611e-02 -5.9946233754801563e+02 -8.8699353731725523e+02 8.2124000277022759e+01 -3.2301313188726944e+01 -5.6943240797952278e+01 9.7396649000000004e-04 3.8045331000000002e-03
-4.1386984003109757e-02 -1.3469499583494608e+03 4.6447866102901206e-02 -5.1331982699616822e+02 -8.6975913399058106e+02 7.7572562604861176e+01 -2.7148966613889570e+01 -5.6168228414523789e+01 1.1342389000000000e-03 4.8578574999999999e-03
-4.1285160401537263e-02 -1.2818528786618956e+03 4.7615143002114960e-02 -4.3334305852490922e+02 -8.5014320784757945e+02 7.3424327342796815e+01 -2.2388380979881692e+01 -5.5283263921269850e+01 1.3036180000000001e-03 6.0760461999999999e-03
-4.1168814289312093e-02 -1.2222926092174209e+03 4.8948901846002375e-02 -3.5884813952963708e+02 -8.2813869574331704e+02 6.9618843097905810e+01 -1.7970548452193984e+01 -5.4286808240921339e+01 1.4816515000000000e-03 7.4679780999999997e-03
-4.1037240617964106e-02 -1.1675122101374482e+03 5.0457225110328380e-02 -2.8936236376017251e+02 -8.0377160424936517e+02 6.6108546786576085e+01 -1.3859533252989889e+01 -5.3178601893141526e+01 1.6679024999999999e-03 9.0420881999999994e-03
-4.0889770406410827e-02 -1.1169047591061233e+03 5.2147781804551742e-02 -2.2456481908384237e+02 -7.7710151016886118e+02 6.2855315040893487e+01 -1.0028865830307717e+01 -5.1959689928560167e+01 1.8619452999999999e-03 1.0806380000000001e-02
-4.0725769779717674e-02 -1.0699757021684240e+03 5.4027838491205168e-02 -1.6424400935830886e+02 -7.4822171804064192e+02 5.9828094539190445e+01 -6.4590136337260518e+00 -5.0632430747855338e+01 2.0633631000000000e-03 1.2768437000000001e-02
-4.0544639526091802e-02 -1.0263164118772991e+03 5.6104264364392226e-02 -1.0826665923669430e+02 -7.1725791172318509e+02 5.7001244628138728e+01 -3.1355605129929831e+00 -4.9200490479448717e+01 2.2717459999999998e-03 1.4935428000000001e-02
-4.0345814352966108e-02 -9.8558499875452083e+02 5.8383539777829382e-02 -5.6553770536954914e+01 -6.8436824569546059e+02 5.4353319705495764e+01 -4.7843769899781563e-02 -4.7668815140402103e+01 2.4866887000000002e-03 1.7314116000000001e-02
-4.0128762903716454e-02 -9.4749232658429105e+02 6.0871756053204551e-02 -9.0621133997377683e+00 -6.4974064683693246e+02 5.1866193738234436e+01 2.8120712242507526e+00 -4.6043588131291187e+01 2.7077901999999999e-03 1.9910858000000000e-02
-3.9892986838214933e-02 -9.1179136058617246e+02 6.3574626020453801e-02 3.4230911737307991e+01 -6.1359138426834807e+02 4.9524387524302739e+01 5.4502058834215195e+00 -4.4332159742932305e+01 2.9346520999999999e-03 2.2731616000000000e-02
-3.9638021334346261e-02 -8.7826930070772642e+02 6.6497478268519455e-02 7.3339156580682754e+01 -5.7616113954662774e+02 4.7314571790308293e+01 7.8712950791233371e+00 -4.2542968416475318e+01 3.1668782999999998e-03 2.5781951000000001e-02
-3.9363434586491393e-02 -8.4674123145084354e+02 6.9645262894592025e-02 1.0827769320098783e+02 -5.3771228785367782e+02 4.5225172831306253e+01 1.0079302560951685e+01 -4.0685432409954586e+01 3.4040742000000001e-03 2.9067029000000001e-02
-3.9068827471183239e-02 -8.1704539684217787e+02 7.3022555336937939e-02 1.3907080837953981e+02 -4.9852475176703166e+02 4.3246066258379372e+01 1.2077833540243656e+01 -3.8769826544558846e+01 3.6458464000000000e-03 3.2591624999999999e-02
-3.8753834048623079e-02 -7.8903942200796246e+02 7.6633550625657854e-02 1.6575832863690042e+02 -4.5889172986621810e+02 4.1368339899217958e+01 1.3870462556904931e+01 -3.6807148354633071e+01 3.8918026000000000e-03 3.6360116999999997e-02
-3.8418120893992012e-02 -7.6259709824979245e+02 8.0482071048342332e-02 1.8840067285046587e+02 -4.1911494995033149e+02 3.9584097807445531e+01 1.5461003513251711e+01 -3.4808960517741916e+01 4.1415510999999999e-03 4.0376493999999999e-02
-3.8061387348209193e-02 -7.3760603420953305e+02 8.4571563275450928e-02 2.0708244322126049e+02 -3.7949974593478765e+02 3.7886305150764485e+01 1.6853716713251430e+01 -3.2787230494666431e+01 4.3947007000000003e-03 4.4644352999999998e-02
-3.7683365517931784e-02 -7.1396562652604507e+02 8.8905098360312212e-02 2.2191488977212481e+02 -3.4035004150372930e+02 3.6268662601609961e+01 1.8053466509065561e+01 -3.0754159171822000e+01 4.6508610999999997e-03 4.9166899000000000e-02
-3.7283819941210716e-02 -6.9158540666875160e+02 9.3485375571951690e-02 2.3303722167717439e+02 -3.0196321444652011e+02 3.4725500902599748e+01 1.9065847076776308e+01 -2.8722003468128616e+01 4.9096423000000002e-03 5.3946949000000001e-02
-3.6862548005421041e-02 -6.7038369192817663e+02 9.8314717604056856e-02 2.4061681922136114e+02 -2.6462517273128600e+02 3.3251696592165914e+01 1.9897233702063343e+01 -2.6702900903394024e+01 5.1706551000000002e-03 5.8986927000000001e-02
-3.6419379194987271e-02 -6.5028642949075891e+02 1.0339507919883996e-01 2.4484853567396300e+02 -2.2860552304650699e+02 3.1842597805800768e+01 2.0554843008049772e+01 -2.4708696521428507e+01 5.4335110000000002e-03 6.4288872999999996e-02
-3.5954175843658051e-02 -6.3122627641348947e+02 1.0872803852317536e-01 2.4595302913005887e+02 -1.9415320577653691e+02 3.0493967165812066e+01 2.1046723705375140e+01 -2.2750770693503537e+01 5.6978226000000002e-03 6.9854434000000007e-02
-3.5466832298645432e-02 -6.1314177357962501e+02 1.1431480675066905e-01 2.4417433475179888e+02 -1.6149243602871655e+02 2.9201928006518600e+01 2.1381730590121769e+01 -2.0839885754132997e+01 5.9632034000000004e-03 7.5684873999999999e-02
-3.4957275338555256e-02 -5.9597668360103228e+02 1.2015622327062395e-01 2.3977674793388138e+02 -1.3081927935456875e+02 2.7962923799535169e+01 2.1569470717347610e+01 -1.8986040178110347e+01 6.2292681999999997e-03 8.1781068999999998e-02
-3.4425463839042846e-02 -5.7967940475622913e+02 1.2625275952086773e-01 2.3304112449604767e+02 -1.0229877677182462e+02 2.6773680223640334e+01 2.1620223989248807e+01 -1.7198339487735744e+01 6.4956331999999999e-03 8.8143510999999994e-02
-3.3871388772813024e-02 -5.6420247707132717e+02 1.3260451898775283e-01 2.2426073156455016e+02 -7.6062787094196096e+01 2.5631173941923411e+01 2.1544843039436007e+01 -1.5484887593316444e+01 6.7619166000000000e-03 9.4772308000000000e-02
-3.3295072708103730e-02 -5.4950214711864203e+02 1.3921124295539819e-01 2.1373677461308390e+02 -5.2208499993292399e+01 2.4532604863125400e+01 2.1354639166275156e+01 -1.3852696337658216e+01 7.0277381999999996e-03 1.0166719000000000e-01
-3.2696569725099919e-02 -5.3553800092617382e+02 1.4607231146389629e-01 2.0177375589546546e+02 -3.0797771531865891e+01 2.3475372831964197e+01 2.1061252348014868e+01 -1.2307619875701374e+01 7.2927204000000001e-03 1.0882751000000000e-01
-3.2075966586138531e-02 -5.2227267366657486e+02 1.5318672989441559e-01 1.8867480469207891e+02 -1.1857193242395157e+01 2.2457059423311652e+01 2.0676515901247157e+01 -1.0854315142185069e+01 7.5564877000000004e-03 1.1625223000000000e-01
-3.1433380311712521e-02 -5.0967151583643016e+02 1.6055315675720258e-01 1.7473700422317813e+02 4.6211791234124426e+00 2.1475406081178534e+01 2.0212314737352909e+01 -9.4962155572110269e+00 7.8186677999999999e-03 1.2393994999999999e-01
-3.0768958013298767e-02 -4.9770235898508184e+02 1.6816990560799569e-01 1.6024700498459768e+02 1.8678338574044869e+01 2.0528299057126798e+01 1.9680442068948487e+01 -8.2355367166111186e+00 8.0788911000000008e-03 1.3188891000000000e-01
-3.0082879400940045e-02 -4.8633534843720884e+02 1.7603491630181634e-01 1.4547695517915682e+02 3.0386113009734313e+01 1.9613759555583094e+01 1.9092463280111627e+01 -7.0733076529061263e+00 8.3367917000000003e-03 1.4009695999999999e-01
-2.9375353439802368e-02 -4.7554269754722685e+02 1.8414579332124748e-01 1.3068076425988900e+02 3.9844549746810628e+01 1.8729926869221359e+01 1.8459582544429466e+01 -6.0094116407751850e+00 8.5920070000000005e-03 1.4856159999999999e-01
-2.8646620021896309e-02 -4.6529855218182217e+02 1.9249978661229447e-01 1.1609094934017169e+02 4.7178675858832321e+01 1.7875050345448287e+01 1.7792520477590699e+01 -5.0426563440438743e+00 8.8441787999999997e-03 1.5727996000000000e-01
-2.7896948294355704e-02 -4.5557882127752691e+02 2.0109381074852417e-01 1.0191599307889312e+02 5.2534951196660181e+01 1.7047477861577999e+01 1.7101405162997899e+01 -4.1708546292686588e+00 9.0929527999999999e-03 1.6624881999999999e-01
-2.7126636659437618e-02 -4.4636104983598989e+02 2.0992444493106513e-01 8.8338315483428232e+01 5.6077391701231186e+01 1.6245647686443959e+01 1.6395674102630363e+01 -3.3909224868533778e+00 9.3379794999999995e-03 1.7546460999999999e-01
-2.6336011938661696e-02 -4.3762429695313534e+02 2.1898794257067716e-01 7.5512896518333449e+01 5.7983529483047164e+01 1.5468080324040036e+01 1.5683997204174830e+01 -2.6989863970506787e+00 9.5789143999999993e-03 1.8492342000000001e-01
-2.5525431880392153e-02 -4.2934906056066762e+02 2.2828020254154241e-01 6.3566558489331285e+01 5.8440307382450776e+01 1.4713374123955269e+01 1.4974217049484716e+01 -2.0905050871437525e+00 9.8154178999999998e-03 1.9462097000000000e-01
-2.4695280980534452e-02 -4.2151713853101882e+02 2.3779681709161354e-01 5.2597806445282984e+01 5.7640018089559298e+01 1.3980195266422266e+01 1.4273301883049584e+01 -1.5603835120660612e+00 1.0047156000000000e-02 2.0455266000000000e-01
-2.3845969646674646e-02 -4.1411155018924677e+02 2.4753308142468364e-01 4.2677305128076846e+01 5.5776363048628944e+01 1.3267271853800903e+01 1.3587320017923822e+01 -1.1030998497390223e+00 1.0273801000000001e-02 2.1471357999999999e-01
-2.2977938377382687e-02 -4.0711649459908546e+02 2.5748394579003769e-01 3.3848983699289818e+01 5.3040754268586831e+01 1.2573392721330507e+01 1.2921434034618756e+01 -7.1282993268844008e-01 1.0495031000000000e-02 2.2509846000000000e-01
-2.2091652747048458e-02 -4.0051724643040228e+02 2.6764407297487053e-01 2.6131489002573662e+01 4.9618897343122931e+01 1.1897398530529539e+01 1.2279911573423597e+01 -3.8356425656390475e-01 1.0710529999999999e-02 2.3570173000000000e-01
-2.1187604241742417e-02 -3.9430010193422163e+02 2.7800782872221752e-01 1.9520199677084747e+01 4.5687779263631434e+01 1.1238178736399211e+01 1.1666142799917241e+01 -1.0922108691917846e-01 1.0919989999999999e-02 2.4651751000000000e-01
-2.0266311095076286e-02 -3.8845233899172274e+02 2.8856927214888445e-01 1.3989508118985498e+01 4.1413052482291107e+01 1.0594668294642663e+01 1.1082686856804528e+01 1.1624643083979909e-01 1.1123108000000000e-02 2.5753959999999998e-01
-1.9328315780621028e-02 -3.8296214815427800e+02 2.9932218449165682e-01 9.4954093621725306e+00 3.6946871781900668e+01 9.9658425283720504e+00 1.0531317332497968e+01 2.9875853802242169e-01 1.1319591000000000e-02 2.6876150999999998e-01
-1.8374184176046207e-02 -3.7781859052234995e+02 3.1026007868936945e-01 5.9782409350767747e+00 3.2426214438256849e+01 9.3507134723926644e+00 1.0013083902604606e+01 4.4402330851409233e-01 1.1509152000000000e-02 2.8017647000000001e-01
-1.7404506398980654e-02 -3.7301156230436646e+02 3.2137618980083665e-01 3.3656065622908482e+00 2.7971696725075343e+01 8.7483275586706775e+00 9.5283816362817699e+00 5.5746545623056254e-01 1.1691511000000000e-02 2.9177742000000001e-01
-1.6419897642873105e-02 -3.6853177485171869e+02 3.3266346542278291e-01 1.5751624727567013e+00 2.3686830656121781e+01 8.1577633534120562e+00 9.0770251118308263e+00 6.4416705164611243e-01 1.1866398000000000e-02 3.0355700000000002e-01
-1.5420991490106919e-02 -3.6437067850910358e+02 3.4411464234639977e-01 5.1752780708168533e-01 1.9657753199847839e+01 7.5781248541094612e+00 8.6583234455710194e+00 7.0882298944134825e-01 1.2033550000000000e-02 3.1550762999999998e-01
-1.4408445763024698e-02 -3.6052047598114336e+02 3.5572217948285867e-01 9.8967663924958968e-02 1.5953360836833660e+01 7.0085428790217836e+00 8.2711618977305434e+00 7.5570702284384472e-01 1.2192715000000000e-02 3.2762143999999999e-01
-1.3382938344624989e-02 -3.5697407766133733e+02 3.6747830577365886e-01 2.2393270060874468e-01 1.2625848292541303e+01 6.4481701458563752e+00 7.9140791638104639e+00 7.8865129819181179e-01 1.2343646000000000e-02 3.3989032000000002e-01
-1.2345168014422956e-02 -3.5372508649707453e+02 3.7937501060855783e-01 7.9736521056526477e-01 9.7115251825975548e+00 5.8961797370396685e+00 7.5853438196487826e+00 8.1103641432857243e-01 1.2486109000000000e-02 3.5230591000000000e-01
-1.1295851105007679e-02 -3.5076776977817354e+02 3.9140408215385014e-01 1.7267644935699693e+00 7.2319512890807998e+00 5.3517612319750985e+00 7.2830250019143978e+00 8.2579334269979343e-01 1.2619877000000000e-02 3.6485963999999999e-01
-1.0235724009624192e-02 -3.4809705457834468e+02 4.0355707860615847e-01 2.9239410043830665e+00 5.1952761978654767e+00 4.8141200545737721e+00 7.0050626659351742e+00 8.3541265719749491e-01 1.2744734000000001e-02 3.7754270000000001e-01
-9.1655406745914728e-03 -3.4570850808000449e+02 4.1582535693864209e-01 4.3064935600957668e+00 3.5977253932735045e+00 4.2824743131308658e+00 6.7493266562992478e+00 8.4196364230224086e-01 1.2860473000000001e-02 3.9034606999999999e-01
-8.0860709275811168e-03 -3.4359832570285914e+02 4.2820009206513687e-01 5.7989750057145057e+00 2.4252206335417656e+00 3.7560520552567915e+00 6.5136724145285312e+00 8.4711930335024532e-01 1.2966896000000000e-02 4.0326054000000000e-01
-6.9981021493386586e-03 -3.4176332880534380e+02 4.4067225767601570e-01 7.3337232534415691e+00 1.6550396272557355e+00 3.2340902919822909e+00 6.2959884439562401e+00 8.5218545954518654e-01 1.3063819000000001e-02 4.1627669000000000e-01
-5.9024342585196066e-03 -3.4020095180637190e+02 4.5323268373060616e-01 8.8514659873778658e+00 1.2574776932840972e+00 2.7158308053805449e+00 6.0942357485036602e+00 8.5813592542747852e-01 1.3151064000000001e-02 4.2938494999999999e-01
-4.7998847268533942e-03 -3.3890924875805962e+02 4.6587199896477305e-01 1.0301589044160178e+01 1.1974768092614727e+00 2.2005209066832396e+00 5.9064815214267137e+00 8.6564743206981887e-01 1.3228465999999999e-02 4.4257553999999999e-01
-3.6912818922581053e-03 -3.3788688500317318e+02 4.7858070754747539e-01 1.1642203200547183e+01 1.4361719457457875e+00 1.6874080062973622e+00 5.7309239503358729e+00 8.7513886640921701e-01 1.3295871000000001e-02 4.5583855000000001e-01
-2.5774683022831008e-03 -3.3713314478691092e+02 4.9134915075248792e-01 1.2839969922901112e+01 1.9323615509287075e+00 1.1757397651658881e+00 5.5659109723269466e+00 8.8680853455857889e-01 1.3353135000000000e-02 4.6916390000000002e-01
-1.4592965348057194e-03 -3.3664793463718502e+02 5.0416755486874920e-01 1.3869748807318453e+01 2.6437815238574887e+00 6.6475942555373990e-01 5.4099516704486632e+00 9.0067153567416225e-01 1.3400123999999999e-02 4.8254139000000001e-01
-3.3763086975260176e-04 -3.3643179266264423e+02 5.1702601203622256e-01 1.4714076569276818e+01 3.5283168066317048e+00 1.5370841721015260e-01 5.2617252858902956e+00 9.1659593531876715e-01 1.3436718000000000e-02 4.9596067999999999e-01
7.8665605434299901e-04 -3.3648589949565758e+02 5.2991451857417482e-01 1.5362557660086521e+01 4.5449831081161705e+00 -3.5818466525987702e-01 5.1200797658518189e+00 9.3433549187174791e-01 1.3462807000000000e-02 5.0941133000000005e-01
1.9126798968984934e-03 -3.3681209212994628e+02 5.4282293665289705e-01 1.5811138313537910e+01 5.6547755997586551e+00 -8.7169711697973185e-01 4.9840274982378343e+00 9.5356110455348908e-01 1.3478291000000000e-02 5.2288276000000000e-01
3.0395521380280066e-03 -3.3741288288921373e+02 5.5574108053233229e-01 1.6061319201851479e+01 6.8213600072439533e+00 -1.3876214022463191e+00 4.8527478005875162e+00 9.7388842026820677e-01 1.3483083000000000e-02 5.3636434000000000e-01
4.1663758992390026e-03 -3.3829147952881215e+02 5.6865866865172676e-01 1.6119352476042785e+01 8.0115708869292312e+00 -1.9067648240145800e+00 4.7255622179091077e+00 9.9490204236056079e-01 1.3477108000000000e-02 5.4984533999999996e-01
5.2922476151536502e-03 -3.3945180962178273e+02 5.8156534279376948e-01 1.5995436193059572e+01 9.1957918115281672e+00 -2.4299527237224279e+00 4.6019358177123264e+00 1.0161764736856891e+00 1.3460300999999999e-02 5.6331494999999998e-01
6.4162595410907700e-03 -3.4089855119725411e+02 5.9445069683080098e-01 1.5702919737141213e+01 1.0348180707657903e+01 -2.9580321931174556e+00 4.4814580043802952e+00 1.0372938003881549e+00 1.3432611000000001e-02 5.7676231000000000e-01
7.5375014247872213e-03 -3.4263717899509464e+02 6.0730429588895274e-01 1.5257528627811526e+01 1.1446771672236631e+01 -3.4918758753741539e+00 4.3638288167547339e+00 1.0578578488156611e+00 1.3393997000000000e-02 5.9017653000000003e-01
8.6550579988158571e-03 -3.4467393893442375e+02 6.2011564760193838e-01 1.4676666472468797e+01 1.2473457668093141e+01 -4.0323830465933028e+00 4.2488451772650073e+00 1.0775048788677055e+00 1.3344429999999999e-02 6.0354666000000001e-01
9.7680123240282066e-03 -3.4701601237265652e+02 6.3287424043933227e-01 1.3978767125115862e+01 1.3413892440838323e+01 -4.5804854844196718e+00 4.1363853261981127e+00 1.0959118577449272e+00 1.3283893999999999e-02 6.1686173000000000e-01
1.0875449132997143e-02 -3.4967145416550591e+02 6.4556958203484782e-01 1.3182707863349076e+01 1.4257308832095214e+01 -5.1371519487250552e+00 4.0263943964179436e+00 1.1128037138728237e+00 1.3212384000000001e-02 6.3011079000000003e-01
1.1976449814852859e-02 -3.5264929360902153e+02 6.5819114169391990e-01 1.2307318638661419e+01 1.4996275720088885e+01 -5.7033898132753453e+00 3.9188718119780503e+00 1.1279513383099196e+00 1.3129907000000000e-02 6.4328284999999996e-01
1.3070098266307562e-02 -3.5595959631721587e+02 6.7072841746819256e-01 1.1370932045761963e+01 1.5626401675488220e+01 -6.2802521868074539e+00 3.8138578090249311e+00 1.1411784434741084e+00 1.3036481000000001e-02 6.5636695000000000e-01
1.4155481727516100e-02 -3.5961353724050986e+02 6.8317094573758830e-01 1.0391045881090653e+01 1.6146022149771152e+01 -6.8688431034248136e+00 3.7114224911645675e+00 1.1523574932167466e+00 1.2932137999999999e-02 6.6935217000000002e-01
1.5231688274493997e-02 -3.6362346945728660e+02 6.9550827246409941e-01 9.3840410263330316e+00 1.6555849072131878e+01 -7.4703213456991833e+00 3.6116554003702390e+00 1.1614090081600772e+00 1.2816919000000000e-02 6.8222760000000005e-01
1.6297811834281403e-02 -3.6800302850550241e+02 7.0773001068420560e-01 8.3649673289651165e+00 1.6858656437117094e+01 -8.0859089928594710e+00 3.5146567631949717e+00 1.1682975813490810e+00 1.2690879000000000e-02 6.9498240000000000e-01
1.7352950513221811e-02 -3.7276722530758798e+02 7.1982582134473538e-01 7.3473913925343499e+00 1.7058892644121752e+01 -8.7168968424079267e+00 3.4205299585467106e+00 1.1730285351048890e+00 1.2554085000000000e-02 7.0760577999999996e-01
1.8396207432822699e-02 -3.7793256257652109e+02 7.3178542288493498e-01 6.3433218899820094e+00 1.7162381709293872e+01 -9.3646521504837352e+00 3.3293756582265952e+00 1.1756435096763058e+00 1.2406611999999999e-02 7.2008700999999997e-01
1.9426694909058836e-02 -3.8351717036891739e+02 7.4359863914681690e-01 5.3631638154564074e+00 1.7176002859387253e+01 -1.0030629080936594e+01 3.2412861919324367e+00 1.1762147535493293e+00 1.2248551000000000e-02 7.3241546999999996e-01
2.0443531944790309e-02 -3.8954095473573949e+02 7.5525537062895121e-01 4.4156997112689940e+00 1.7107397961950255e+01 -1.0716376462836715e+01 3.1563420685498231e+00 1.1748399753764445e+00 1.2080001999999999e-02 7.4458062000000003e-01
2.1445845901483844e-02 -3.9602575678213748e+02 7.6674561365060445e-01 3.5081737260309236e+00 1.6964713381664790e+01 -1.1423548972173897e+01 3.0746096370900302e+00 1.1716440931792045e+00 1.1901076999999999e-02 7.5657202000000001e-01
2.2432774170934151e-02 -4.0299555197305040e+02 7.7805947951587928e-01 2.6463304773495104e+00 1.6756359652689852e+01 -1.2153919906917880e+01 2.9961388328772642e+00 1.1667596010564318e+00 1.1711898000000000e-02 7.6837935000000002e-01
2.3403466682845868e-02 -4.1047668042621081e+02 7.8918722325992341e-01 1.8345110662284421e+00 1.6490817092636856e+01 -1.2909396482437367e+01 2.9209618846896199e+00 1.1603373492886209e+00 1.1512599000000000e-02 7.7999244000000001e-01
2.4357081725530298e-02 -4.1849806347718464e+02 8.0011919573858115e-01 1.0757779951233470e+00 1.6176459205623221e+01 -1.3692031754334181e+01 2.8490927418379677e+00 1.1525346206864784e+00 1.1303326000000001e-02 7.9140122000000002e-01
2.5292794304512013e-02 -4.2709154586936415e+02 8.1084593944909034e-01 3.7202428980707869e-01 1.5821406530662275e+01 -1.4504048695288873e+01 2.7805297380527114e+00 1.1435134186600229e+00 1.1084235000000000e-02 8.0259581999999996e-01
2.6209788619782924e-02 -4.3629215669621385e+02 8.2135810229145489e-01 -2.7589687155755116e-01 1.5433404397309387e+01 -1.5347854208306620e+01 2.7152532954816353e+00 1.1334366297028156e+00 1.0855490000000001e-02 8.1356647999999998e-01
2.7107265588548167e-02 -4.4613855557694518e+02 8.3164652380707227e-01 -8.6803692761418572e-01 1.5019757234103023e+01 -1.6226068684434580e+01 2.6532289430223561e+00 1.1224653688847863e+00 1.0617270000000000e-02 8.2430364000000000e-01
2.7984441173504869e-02 -4.5667345678271010e+02 8.4170221601459383e-01 -1.4052317385965432e+00 1.4587241104201510e+01 -1.7141552077201531e+01 2.5944075776753452e+00 1.1107567381680050e+00 1.0369760000000000e-02 8.3479791999999997e-01
2.8840547218702779e-02 -4.6794415072773597e+02 8.5151637299199490e-01 -1.8889671824400296e+00 1.4142058385680340e+01 -1.8097436318314998e+01 2.5387227846128999e+00 1.0984617797205523e+00 1.0113159000000000e-02 8.4504013000000000e-01
2.9674832285404885e-02 -4.8000311702801207e+02 8.6108038045864388e-01 -2.3212691295807004e+00 1.3689828753893346e+01 -1.9097163667150596e+01 2.4861184823569955e+00 1.0857239529104059e+00 9.8476710000000005e-03 8.5502127999999999e-01
3.0486561652087511e-02 -4.9290873369618987e+02 8.7038581577530250e-01 -2.7045761731238160e+00 1.3235573924216981e+01 -2.0144530603098421e+01 2.4364975776721969e+00 1.0726781054532111e+00 9.5735140000000000e-03 8.6473257999999997e-01
3.1275021493743525e-02 -5.0672619087727827e+02 8.7942449585447457e-01 -3.0416665605326791e+00 1.2783716759835913e+01 -2.1243745881982512e+01 2.3897768954402663e+00 1.0594492966193874e+00 9.2909130999999992e-03 8.7416548999999999e-01
3.2039514702579146e-02 -5.2152844115210951e+02 8.8818842925005670e-01 -3.3355345032370098e+00 1.2338105251150264e+01 -2.2399488015282625e+01 2.3458622729219289e+00 1.0461527028886435e+00 9.0001030000000006e-03 8.8331166999999999e-01
3.2779365903177780e-02 -5.3739750481092483e+02 8.9666987364975748e-01 -3.5893483365794498e+00 1.1902032708552150e+01 -2.3616988117889981e+01 2.3046554686739738e+00 1.0328931440789331e+00 8.7013270999999996e-03 8.9216304000000002e-01
3.3493918944918162e-02 -5.5442590827961101e+02 9.0486130712888724e-01 -3.8063226951566023e+00 1.1478274234964001e+01 -2.4902118386476531e+01 2.2660555084186558e+00 1.0197652566850195e+00 8.3948374000000006e-03 9.0071175000000003e-01
3.4182541081277600e-02 -5.7271859326771619e+02 9.1275547606070750e-01 -3.9897229979569633e+00 1.1069118198995776e+01 -2.6261512194343261e+01 2.2299604473396140e+00 1.0068532972733106e+00 8.0808944000000001e-03 9.0895022999999997e-01
3.4844619626389343e-02 -5.9239508000630246e+02 9.2034535678815166e-01 -4.1427570425704676e+00 1.0676412894695533e+01 -2.7702697710950090e+01 2.1962680273628044e+00 9.9423250438134469e-01 7.7597663000000001e-03 9.1687114999999997e-01
3.5479565298485234e-02 -6.1359233842873073e+02 9.2762419395210371e-01 -4.2685699159750907e+00 1.0301607784149862e+01 -2.9234277829832372e+01 2.1648772119778639e+00 9.8196806330238839e-01 7.4317293999999999e-03 9.2446746000000002e-01
3.6086813055756374e-02 -6.3646834365845314e+02 9.3458551007346813e-01 -4.3701930669185067e+00 9.9457900117462632e+00 -3.0866152031736387e+01 2.1356887787988597e+00 9.7011652316315067e-01 7.0970672000000004e-03 9.3173240000000002e-01
3.6665820424631783e-02 -6.6120649390053336e+02 9.4122308638903041e-01 -4.4505264584737034e+00 9.6097350566198934e+00 -3.2609792267586450e+01 2.1086064944594507e+00 9.5872677257130934e-01 6.7560703000000000e-03 9.3865947999999999e-01
3.7216071679081759e-02 -6.8802156557184298e+02 9.4753101076180546e-01 -4.5123078412706628e+00 9.2939483528168729e+00 -3.4478614953344028e+01 2.0835372259724045e+00 9.4784000338397034e-01 6.4090362999999996e-03 9.4524253000000003e-01
3.7737072825453834e-02 -7.1716702724219454e+02 9.5350362018861934e-01 -4.5581129666259637e+00 8.9987001400870721e+00 -3.6488437907367747e+01 2.0603922901781440e+00 9.3749067851646850e-01 6.0562691999999996e-03 9.5147563999999996e-01
3.8228359961079449e-02 -7.4894553947331053e+02 9.5913559662080661e-01 -4.5903328889757118e+00 8.7240649372976211e+00 -3.8658138646189691e+01 2.0390872677293710e+00 9.2770729612950698e-01 5.6980790999999996e-03 9.5735325999999998e-01
3.8689490915667334e-02 -7.8372206030977065e+02 9.6442187114351263e-01 -4.6111759078649213e+00 8.4699607947592721e+00 -4.1010473010895609e+01 2.0195426173370965e+00 9.1851294873804390e-01 5.3347821999999998e-03 9.6287009999999995e-01
3.9120053609910103e-02 -8.2194316077306655e+02 9.6935771979639118e-01 -4.6226713078341426e+00 8.2361762637337605e+00 -4.3573287012326496e+01 2.0016837153356515e+00 9.0992645020483376e-01 4.9667000000000001e-03 9.6802122999999995e-01
3.9519660204459649e-02 -8.6416311527869459e+02 9.7393869649911646e-01 -4.6266567310512476e+00 8.0224054138491070e+00 -4.6381147734103671e+01 1.9854412796766421e+00 9.0196121089122716e-01 4.5941591999999996e-03 9.7280200999999999e-01
3.9887953786812404e-02 -9.1108289403598326e+02 9.7816070970794011e-01 -4.6247972998028244e+00 7.8282699781282714e+00 -4.9477799279111075e+01 1.9707512907525424e+00 8.9462920296363924e-01 4.2174915999999996e-03 9.7720817000000004e-01
4.0224601684424079e-02 -9.6360723120536090e+02 9.8201994575913432e-01 -4.6185869628391432e+00 7.6533475642727735e+00 -5.2919724275150074e+01 1.9575552280143034e+00 8.8793819249226025e-01 3.8370333000000002e-03 9.8123572999999997e-01
4.0529302151594941e-02 -1.0229346172890092e+03 9.8551294552554880e-01 -4.6093504178206448e+00 7.4972006056934122e+00 -5.6781808889018407e+01 1.9457999645035478e+00 8.8189384797820791e-01 3.4531249000000000e-03 9.8488107999999996e-01
4.0801781861887869e-02 -1.0907024716114174e+03 9.8863657567040242e-01 -4.5982513336591193e+00 7.3593436614238472e+00 -6.1166447759414538e+01 1.9354378375309533e+00 8.7650006656828494e-01 3.0661112999999999e-03 9.8814095000000002e-01
4.1041794236406949e-02 -1.1692358150642444e+03 9.9138800948314287e-01 -4.5863076925555060e+00 7.2393658012804547e+00 -6.6219161591007250e+01 1.9264264918574665e+00 8.7175912444503612e-01 2.6763420000000000e-03 9.9101238999999997e-01
4.1249124458961527e-02 -1.2620077306014637e+03 9.9376478437186555e-01 -4.5743883044109888e+00 7.1368376177386681e+00 -7.2157524999169013e+01 1.9187287113907507e+00 8.6767227553374382e-01 2.2841723000000002e-03 9.9349282999999999e-01
4.1423587804344832e-02 -1.3745682010247906e+03 9.9576478269917390e-01 -4.5632324756246128e+00 7.0513757163608854e+00 -7.9329526599734280e+01 1.9123134986930554e+00 8.6423992978490893e-01 1.8899688000000000e-03 9.9558005999999999e-01
4.1565028802473376e-02 -1.5166841946765558e+03 9.9738622220010964e-01 -4.5534419095736354e+00 6.9826432195677723e+00 -8.8348067987557982e+01 1.9071535862199578e+00 8.6146200786562999e-01 1.4941295000000000e-03 9.9727222000000004e-01
4.1673332940436160e-02 -1.7083917206075726e+03 9.9862779013112823e-01 -4.5455005171442862e+00 6.9303521170196021e+00 -1.0047140346501969e+02 1.9032272727856041e+00 8.5933789861740784e-01 1.0971916000000000e-03 9.9856794000000004e-01
4.1748458425199995e-02 -2.0048312277925831e+03 9.9948900738874635e-01 -4.5397677528859770e+00 6.8942541550758500e+00 -1.1916453035195045e+02 1.9005163750686194e+00 8.5786609609191167e-01 7.0085733000000002e-04 9.9946672000000003e-01
