-2.2908028745685807e-01 -1.0932407236987221e+03 2.2908154492274271e-01 -1.0458537074371814e+03 -2.8602357952318783e+02 7.0035875359676069e+01 -6.6998805983539455e+01 -1.8332730659344701e+01 5.5301730000000003e-06 1.0230946000000001e-06
-2.2907162782381640e-01 -8.2297939525910670e+02 2.2909611593662188e-01 -7.7544079032137893e+02 -2.8599287517722297e+02 5.2712367242064822e+01 -4.9668413184351742e+01 -1.8331355024638246e+01 3.5894988000000002e-05 1.9923924999999999e-05
-2.2904445933178236e-01 -6.9745905147693941e+02 2.2914183063060484e-01 -6.4952718118605469e+02 -2.8589656088853383e+02 4.4664298142591470e+01 -4.1602432640316344e+01 -1.8327039740466546e+01 8.5619985000000003e-05 7.9222864999999994e-05
-2.2899067453542304e-01 -6.1496473640154306e+02 2.2923233088742520e-01 -5.6635689450363247e+02 -2.8570596441850472e+02 3.9371942520948394e+01 -3.6279212316168447e+01 -1.8318499534503296e+01 1.5173507999999999e-04 1.9661552000000001e-04
-2.2890317774994748e-01 -5.5355779644635697e+02 2.2937955616468741e-01 -5.0397085162144907e+02 -2.8539611481430740e+02 3.5428986682081877e+01 -3.2291445006852179e+01 -1.8304613916614802e+01 2.3255418000000001e-04 3.8758918999999998e-04
-2.2877551562155105e-01 -5.0475056884018045e+02 2.2959436511048920e-01 -4.5387261986972368e+02 -2.8494449877810678e+02 3.2291338502749973e+01 -2.9094572870800093e+01 -1.8284370854939979e+01 3.2689763000000001e-04 6.6622920000000002e-04
-2.2860170902795657e-01 -4.6435555812838913e+02 2.2988681841369196e-01 -4.1187374615452489e+02 -2.8433053797751262e+02 2.9690576271941310e+01 -2.6420061540077953e+01 -1.8256842686598130e+01 4.3385032000000002e-04 1.0455858000000000e-03
-2.2837615900182015e-01 -4.2999525332805371e+02 2.3026633710062375e-01 -3.7560148958028674e+02 -2.8353533371925482e+02 2.7474324452329306e+01 -2.4115681664564409e+01 -1.8221173969551295e+01 5.5265518999999999e-04 1.5378795000000000e-03
-2.2809358857629042e-01 -4.0018834930109455e+02 2.3074180038785888e-01 -3.4358374199356729e+02 -2.8254154258344630e+02 2.5547674552162572e+01 -2.2086870714599808e+01 -1.8176575173359474e+01 6.8265765000000004e-04 2.1546280000000000e-03
-2.2774900351598534e-01 -3.7394833520829445e+02 2.3132161175770632e-01 -3.1484673760748836e+02 -2.8133332057268683e+02 2.3847450245985019e+01 -2.0270958191726741e+01 -1.8122319431263719e+01 8.2327310000000005e-04 2.9067318999999999e-03
-2.2733766556035984e-01 -3.5058436532377499e+02 2.3201374397989358e-01 -2.8871529786395695e+02 -2.7989631179922088e+02 2.2329438812842636e+01 -1.8624368436835940e+01 -1.8057741291698147e+01 9.7396649000000004e-04 3.8045331000000002e-03
-2.2685507286020920e-01 -3.2959315766727809e+02 2.3282577202981827e-01 -2.6470417135357997e+02 -2.7821766244773642e+02 2.0961458929636020e+01 -1.7115666178505428e+01 -1.7982236597324391e+01 1.1342389000000000e-03 4.8578574999999999e-03
-2.2629694568303002e-01 -3.1059619180771705e+02 2.3376489714122867e-01 -2.4245496702525460e+02 -2.7628604750405333e+02 1.9719332199568523e+01 -1.5721510567074217e+01 -1.7895263127608924e+01 1.3036180000000001e-03 6.0760461999999999e-03
-2.2565921605856981e-01 -2.9330118526296366e+02 2.3483796422899858e-01 -2.2169716686256263e+02 -2.7409171323530535e+02 1.8584411784314408e+01 -1.4424169285473537e+01 -1.7796341714270330e+01 1.4816515000000000e-03 7.4679780999999997e-03
-2.2493801939447150e-01 -2.7747737294087761e+02 2.3605147599694942e-01 -2.0222317830823519e+02 -2.7162651565114794e+02 1.7541996178875703e+01 -1.3209919521274717e+01 -1.7685057512517744e+01 1.6679024999999999e-03 9.0420881999999994e-03
-2.2412968879507059e-01 -2.6293908650265206e+02 2.3741160249724896e-01 -1.8387164142028786e+02 -2.6888396456438664e+02 1.6580275080831459e+01 -1.2067982875858362e+01 -1.7561061479567382e+01 1.8619452999999999e-03 1.0806380000000001e-02
-2.2323074979253785e-01 -2.4953446698057897e+02 2.3892418999598258e-01 -1.6651589515562026e+02 -2.6585926072108936e+02 1.5689604737828205e+01 -1.0989790518562240e+01 -1.7424071671462269e+01 2.0633631000000000e-03 1.2768437000000001e-02
-2.2223791791862313e-01 -2.3713753787759566e+02 2.4059476505902522e-01 -1.5005584267428338e+02 -2.6254933257792567e+02 1.4861998930001786e+01 -9.9684650285794110e+00 -1.7273874673761956e+01 2.2717459999999998e-03 1.4935428000000001e-02
-2.2114809462701812e-01 -2.2564245800515127e+02 2.4242854141322273e-01 -1.3441195943395363e+02 -2.5895286078174223e+02 1.4090759713826717e+01 -8.9984421288908951e+00 -1.7110326425370133e+01 2.4866887000000002e-03 1.7314116000000001e-02
-2.1995836738498850e-01 -2.1495933686158972e+02 2.4443041979220792e-01 -1.1952094129458746e+02 -2.5507029960614312e+02 1.3370208402188769e+01 -8.0751938410589617e+00 -1.6933353355596775e+01 2.7077901999999999e-03 1.9910858000000000e-02
-2.1866600463359734e-01 -2.0501103632170401e+02 2.4660499641651235e-01 -1.0533227681968604e+02 -2.5090387497818514e+02 1.2695480491914104e+01 -7.1950148093278825e+00 -1.6742952281807472e+01 2.9346520999999999e-03 2.2731616000000000e-02
-2.1726845853667417e-01 -1.9573081629978185e+02 2.4895655836805075e-01 -9.1805718164950036e+01 -2.4645759194787664e+02 1.2062373842321993e+01 -6.3548635793759498e+00 -1.6539191138614253e+01 3.1668782999999998e-03 2.5781951000000001e-02
-2.1576336223184597e-01 -1.8706066433245866e+02 2.5148908821563665e-01 -7.8909212849312880e+01 -2.4173721315533302e+02 1.1467228216297437e+01 -5.5522345504339938e+00 -1.6322208373722798e+01 3.4040742000000001e-03 2.9067029000000001e-02
-2.1414852799789102e-01 -1.7894881987888016e+02 2.5420626709865918e-01 -6.6617269400327530e+01 -2.3675022550417879e+02 1.0906831996012468e+01 -4.7850572891798508e+00 -1.6092211927218180e+01 3.6458464000000000e-03 3.2591624999999999e-02
-2.1242195000370803e-01 -1.7135067278910068e+02 2.5711147010156765e-01 -5.4909663612098178e+01 -2.3150580708308311e+02 1.0378349617723503e+01 -4.0516179626273079e+00 -1.5849478754947599e+01 3.8918026000000000e-03 3.6360116999999997e-02
-2.1058180064302406e-01 -1.6422583647387427e+02 2.6020777242122567e-01 -4.3770330602582440e+01 -2.2601476122035453e+02 9.8792615627138129e+00 -3.3504921724102683e+00 -1.5594352509615609e+01 4.1415510999999999e-03 4.0376493999999999e-02
-2.0862643190887900e-01 -1.5753837891897894e+02 2.6349794705415314e-01 -3.3186479316480479e+01 -2.2028945213964329e+02 9.4073173844957889e+00 -2.6804920651951027e+00 -1.5327241692423483e+01 4.3947007000000003e-03 4.4644352999999998e-02
-2.0655437539362559e-01 -1.5125604725512989e+02 2.6698446479652649e-01 -2.3147841870653622e+01 -2.1434372196844959e+02 8.9604969808854076e+00 -2.0406219603475302e+00 -1.5048617224010414e+01 4.6508610999999997e-03 4.9166899000000000e-02
-2.0436434045628346e-01 -1.4534975956823340e+02 2.7066949732785539e-01 -1.3646031097479861e+01 -2.0819279214040873e+02 8.5369784368534098e+00 -1.4300403430014728e+00 -1.4759009136386968e+01 4.9096423000000002e-03 5.3946949000000001e-02
-2.0205521651334649e-01 -1.3979320076448457e+02 2.7455491335638693e-01 -4.6740132037079629e+00 -2.0185316227009031e+02 8.1351121046213315e+00 -8.4802925782307881e-01 -1.4459003457691669e+01 5.1706551000000002e-03 5.8986927000000001e-02
-1.9962606891532944e-01 -1.3456246934620984e+02 2.7864228555737836e-01 3.7743642804230184e+00 -1.9534248197138814e+02 7.7533979993576114e+00 -2.9396668225979439e-01 -1.4149237933710742e+01 5.4335110000000002e-03 6.4288872999999996e-02
-1.9707614307022137e-01 -1.2963579911972010e+02 2.8293288363482433e-01 1.1704749394474332e+01 -1.8867943222238469e+02 7.3904680344140443e+00 2.3269511885861460e-01 -1.3830398250145075e+01 5.6978226000000002e-03 6.9854434000000007e-02
-1.9440485986187059e-01 -1.2499330549365757e+02 2.8742768203064895e-01 1.9122625995366466e+01 -1.8188357927047196e+02 7.0450697967233102e+00 7.3244978116979342e-01 -1.3503213042126374e+01 5.9632034000000004e-03 7.5684873999999999e-02
-1.9161181794079224e-01 -1.2061678243966522e+02 2.9212735607010976e-01 2.6033591404629728e+01 -1.7497523646602241e+02 6.7160535948653042e+00 1.2057528289179933e+00 -1.3168449227729029e+01 6.2292681999999997e-03 8.1781068999999998e-02
-1.8869679189152225e-01 -1.1648952164527103e+02 2.9703228504547480e-01 3.2443591708970303e+01 -1.6797530831390395e+02 6.4023609671522133e+00 1.6530359614063561e+00 -1.2826906832705689e+01 6.4956331999999999e-03 8.8143510999999994e-02
-1.8565973223261725e-01 -1.1259615956597986e+02 3.0214255221602226e-01 3.8359117911716730e+01 -1.6090513967740006e+02 6.1030149422185120e+00 2.0747188897089339e+00 -1.2479413665811160e+01 6.7619166000000000e-03 9.4772308000000000e-02
-1.8250076266768561e-01 -1.0892254149572756e+02 3.0745794943355648e-01 4.3787364301875449e+01 -1.5378635049921064e+02 5.8171113928651472e+00 2.4712196574089371e+00 -1.2126819564731987e+01 7.0277381999999996e-03 1.0166719000000000e-01
-1.7922017962722586e-01 -1.0545560644613637e+02 3.1297797791332660e-01 4.8736353199678817e+01 -1.4664067963750560e+02 5.5438117579142530e+00 2.8429629067704152e+00 -1.1769990788917378e+01 7.2927204000000001e-03 1.0882751000000000e-01
-1.7581845868288781e-01 -1.0218329286508983e+02 3.1870183744115754e-01 5.3215017925976909e+01 -1.3948984133161986e+02 5.2823371814785229e+00 3.1903860062884601e+00 -1.1409805252444908e+01 7.5564877000000004e-03 1.1625223000000000e-01
-1.7229624126078891e-01 -9.9094436049575947e+01 3.2462844873010810e-01 5.7233286873840314e+01 -1.3235534217644846e+02 5.0319618465316500e+00 3.5139459813997789e+00 -1.1047145351140053e+01 7.8186677999999999e-03 1.2393994999999999e-01
-1.6865433372519090e-01 -9.6178692456748450e+01 3.3075645496230910e-01 6.0802116983031219e+01 -1.2525833143126343e+02 4.7920081607475140e+00 3.8141236029725851e+00 -1.0682892593257368e+01 8.0788911000000008e-03 1.3188891000000000e-01
-1.6489372112334549e-01 -9.3426481501189983e+01 3.3708419866138639e-01 6.3933494373128433e+01 -1.1821948361590925e+02 4.5618433813115198e+00 4.0914252756419343e+00 -1.0317923514027738e+01 8.3367917000000003e-03 1.4009695999999999e-01
-1.6101554885903363e-01 -9.0828910065544889e+01 3.4360975252923048e-01 6.6640446897496219e+01 -1.1125882627967560e+02 4.3408745212970308e+00 4.3463868433398236e+00 -9.9531026354450898e+00 8.5920070000000005e-03 1.4856159999999999e-01
-1.5702113185579597e-01 -8.8377724670216381e+01 3.5033090402761163e-01 6.8937006830384959e+01 -1.0439562805623132e+02 4.1285455457938340e+00 4.5795740034897072e+00 -9.5892783875682088e+00 8.8441787999999997e-03 1.5727996000000000e-01
-1.5291194539370240e-01 -8.6065258450665411e+01 3.5724517079656481e-01 7.0838173079219260e+01 -9.7648263071787426e+01 3.9243338062819610e+00 4.7915833156272516e+00 -9.2272774771061634e+00 9.0929527999999999e-03 1.6624881999999999e-01
-1.4868962510935213e-01 -8.3884385799890964e+01 3.6434980065438971e-01 7.2359849885085737e+01 -9.1034104245465571e+01 3.7277473431758832e+00 4.9830417704687306e+00 -8.8679005528466082e+00 9.3379794999999995e-03 1.7546460999999999e-01
-1.4435596241425871e-01 -8.1828483966127990e+01 3.7164177930684306e-01 7.3518773150926577e+01 -8.4569426215807141e+01 3.5383222555871336e+00 5.1546060767827102e+00 -8.5119176071655591e+00 9.5789143999999993e-03 1.8492342000000001e-01
-1.3991291823969521e-01 -7.9891403104524045e+01 3.7911780721956123e-01 7.4332422213216717e+01 -7.8269329956847415e+01 3.3556210518629905e+00 5.3069605455737836e+00 -8.1600654874938954e+00 9.8154178999999998e-03 1.9462097000000000e-01
-1.3536260012861862e-01 -7.8067423804990582e+01 3.8677433816402296e-01 7.4818931319333373e+01 -7.2147648950050254e+01 3.1792296303205574e+00 5.4408160359768232e+00 -7.8130426718425694e+00 1.0047156000000000e-02 2.0455266000000000e-01
-1.3070725765405486e-01 -7.6351228249722496e+01 3.9460758692674108e-01 7.4996986113031014e+01 -6.6216883724209808e+01 3.0087553806429503e+00 5.5569073333141521e+00 -7.4715060211658608e+00 1.0273801000000001e-02 2.1471357999999999e-01
-1.2594930532717424e-01 -7.4737883446480069e+01 4.0261349076330077e-01 7.4885709371425676e+01 -6.0488190859338971e+01 2.8438263666360579e+00 5.6559898750950230e+00 -7.1360701102887001e+00 1.0495031000000000e-02 2.2509846000000000e-01
-1.2109129510760083e-01 -7.3222807253820491e+01 4.1078775565351411e-01 7.4504555756184644e+01 -5.4971317110371139e+01 2.6840887831385820e+00 5.7388372514251458e+00 -6.8073030982249740e+00 1.0710529999999999e-02 2.3570173000000000e-01
-1.1613592098502755e-01 -7.1801749836826176e+01 4.1912584859222746e-01 7.3873190141154424e+01 -4.9674590902982999e+01 2.5292057624848501e+00 5.8062377551687252e+00 -6.4857255520076205e+00 1.0919989999999999e-02 2.4651751000000000e-01
-1.1108602356083128e-01 -7.0470775590768440e+01 4.2762298988012926e-01 7.3011380608931461e+01 -4.4604926044922394e+01 2.3788562278031038e+00 5.8589908534289696e+00 -6.1718095764598306e+00 1.1123108000000000e-02 2.5753959999999998e-01
-1.0594457630322744e-01 -6.9226242241141762e+01 4.3627417625132736e-01 7.1938876475875929e+01 -3.9767816979997136e+01 2.2327332630045906e+00 5.8979037671193222e+00 -5.8659772907795826e+00 1.1319591000000000e-02 2.6876150999999998e-01
-1.0071468096565500e-01 -6.8064784398069804e+01 4.4507418858254116e-01 7.0675298704281104e+01 -3.5167358312382120e+01 2.0905429177296315e+00 5.9237879079604019e+00 -5.5686003032401210e+00 1.1509152000000000e-02 2.8017647000000001e-01
-9.5399572168391511e-02 -6.6983300893883424e+01 4.5401758418390942e-01 6.9240032507535901e+01 -3.0806285597536689e+01 1.9520033196776874e+00 5.9374550296072082e+00 -5.2800000753816150e+00 1.1691511000000000e-02 2.9177742000000001e-01
-9.0002621980168201e-02 -6.5978942492127445e+01 4.6309868908979779e-01 6.7652127986912490e+01 -2.6686020486053891e+01 1.8168437939782072e+00 5.9397139391994012e+00 -5.0004488465071448e+00 1.1866398000000000e-02 3.0355700000000002e-01
-8.4527303265249099e-02 -6.5049093672590359e+01 4.7231165973233818e-01 6.5930193021022106e+01 -2.2806698485708441e+01 1.6848030575091100e+00 5.9313669130760331e+00 -4.7301685383926824e+00 1.2033550000000000e-02 3.1550762999999998e-01
-7.8977221754736732e-02 -6.4191368590629281e+01 4.8165042897708199e-01 6.4092313953116417e+01 -1.9167258616740789e+01 1.5556291722263227e+00 5.9132063667094803e+00 -4.4693337287804757e+00 1.2192715000000000e-02 3.2762143999999999e-01
-7.3356093138496642e-02 -6.3403598085439008e+01 4.9110874466896204e-01 6.2155968035116508e+01 -1.5765494681913964e+01 1.4290781866568758e+00 5.8860117133616248e+00 -4.2180720512449525e+00 1.2343646000000000e-02 3.3989032000000002e-01
-6.7667747646772552e-02 -6.2683822197620117e+01 5.0068016192309994e-01 6.0137952450872156e+01 -1.2598137672641784e+01 1.3049134730016836e+00 5.8505463736528904e+00 -3.9764663159255917e+00 1.2486109000000000e-02 3.5230591000000000e-01
-6.1916111723725686e-02 -6.2030281032409803e+01 5.1035807396157651e-01 5.8054314346225759e+01 -9.6609272099144246e+00 1.1829045978999577e+00 5.8075549934804158e+00 -3.7445559390608403e+00 1.2619877000000000e-02 3.6485963999999999e-01
-5.6105221772280250e-02 -6.1441410428952523e+01 5.2013568898585383e-01 5.5920302293210298e+01 -6.9487066023045232e+00 1.0628269195538413e+00 5.7577609962754748e+00 -3.5223397758861208e+00 1.2744734000000001e-02 3.7754270000000001e-01
-5.0239210409278146e-02 -6.0915835147282500e+01 5.3000605330435269e-01 5.3750315497072940e+01 -4.4555033295513207e+00 9.4446060654684461e-01 5.7018642859229818e+00 -3.3097781151265502e+00 1.2860473000000001e-02 3.9034606999999999e-01
-4.4322297302248514e-02 -6.0452363952408845e+01 5.3996206675083791e-01 5.1557866359034342e+01 -2.1746180994492250e+00 8.2758980086937894e-01 5.6405391529883619e+00 -3.1067953293553217e+00 1.2966896000000000e-02 4.0326054000000000e-01
-3.8358798332638139e-02 -6.0049986983697842e+01 5.4999646726603268e-01 4.9355556174108905e+01 -9.8719102693994698e-02 7.1200215884031381e-01 5.5744327458335334e+00 -2.9132815328778849e+00 1.3063819000000001e-02 4.1627669000000000e-01
-3.2353098106120748e-02 -5.9707871339555979e+01 5.6010187715277404e-01 4.7155047521612261e+01 1.7800746576778586e+00 5.9748762689948842e-01 5.5041634089258649e+00 -2.7290975485972093e+00 1.3151064000000001e-02 4.2938494999999999e-01
-2.6309677442287543e-02 -5.9425361094036589e+01 5.7027075682085737e-01 4.4967070311717492e+01 3.4700944911900597e+00 4.8383838904623389e-01 5.4303196268745548e+00 -2.5540756882589988e+00 1.3228465999999999e-02 4.4257553999999999e-01
-2.0233076721726390e-02 -5.9201974468026918e+01 5.8049546646057681e-01 4.2801402187359365e+01 4.9800466269333965e+00 3.7084754523574626e-01 5.3534590711598771e+00 -2.3880230788963011e+00 1.3295871000000001e-02 4.5583855000000001e-01
-1.4127914212482301e-02 -5.9037404778092899e+01 5.9076823520595478e-01 4.0666888553750304e+01 6.3189191548893255e+00 2.5830873499571005e-01 5.2741082354608135e+00 -2.2307249314422979e+00 1.3353135000000000e-02 4.6916390000000002e-01
-7.9988631619817563e-03 -5.8931520342359143e+01 6.0108119968070450e-01 3.8571442701888685e+01 7.4959067032717117e+00 1.4601512321965160e-01 5.1927613578666039e+00 -2.0819466197749863e+00 1.3400123999999999e-02 4.8254139000000001e-01
-1.8506609602629565e-03 -5.8884366924246756e+01 6.1142638857984510e-01 3.6522076530611919e+01 8.5203319641993041e+00 3.3758888020903655e-02 5.1098810261035919e+00 -1.9414370624671777e+00 1.3436718000000000e-02 4.9596067999999999e-01
4.3119091864847470e-03 -5.8896170033912789e+01 6.2179575350647132e-01 3.4524919797768838e+01 9.4015739031658203e+00 -7.8669804357704542e-02 5.0258977766737392e+00 -1.8089308394620403e+00 1.3462807000000000e-02 5.0941133000000005e-01
1.0483999929460003e-02 -5.8967338605123132e+01 6.3218113813498367e-01 3.2585254589750740e+01 1.0148997904761945e+01 -1.9148317457061692e-01 4.9412107433905632e+00 -1.6841513098556711e+00 1.3478291000000000e-02 5.2288276000000000e-01
1.6660741011786162e-02 -5.9098469882352354e+01 6.4257434759382059e-01 3.0707545225959041e+01 1.0771899888819215e+01 -3.0489732697421879e-01 4.8561876703885645e+00 -1.5668123103185827e+00 1.3483083000000000e-02 5.3636434000000000e-01
2.2837216360435092e-02 -5.9290355556394019e+01 6.5296710991949602e-01 2.8895482586389225e+01 1.1279444041609102e+01 -4.1913261314635086e-01 4.7711659373257902e+00 -1.4566210668114965e+00 1.3477108000000000e-02 5.4984533999999996e-01
2.9008473249457850e-02 -5.9543988294367253e+01 6.6335109147498472e-01 2.7152026368263332e+01 1.1680617835300712e+01 -5.3441463334902117e-01 4.6864533227066287e+00 -1.3532802498856136e+00 1.3460300999999999e-02 5.6331494999999998e-01
3.5169536044829725e-02 -5.9860570721196723e+01 6.7371792007729880e-01 2.5479445038229141e+01 1.1984178658205275e+01 -6.5097532383071943e-01 4.6023288245986596e+00 -1.2564898705074945e+00 1.3432611000000001e-02 5.7676231000000000e-01
4.1315415367680713e-02 -6.0241525663825435e+01 6.8405920041587331e-01 2.3879364157038587e+01 1.2198623147668929e+01 -7.6905412547470764e-01 4.5190436700605385e+00 -1.1659490965726187e+00 1.3393997000000000e-02 5.9017653000000003e-01
4.7441094349450014e-02 -6.0688506640754994e+01 6.9436649092498870e-01 2.2352818364837585e+01 1.2332148242780786e+01 -8.8889873993763935e-01 4.4368227708009798e+00 -1.0813583433163139e+00 1.3344429999999999e-02 6.0354666000000001e-01
5.3541546958346592e-02 -6.1203411476336903e+01 7.0463133462054039e-01 2.0900295643771841e+01 1.2392624613562930e+01 -1.0107664949513353e+00 4.3558657554125908e+00 -1.0024205656097473e+00 1.3283893999999999e-02 6.1686173000000000e-01
5.9611756325809812e-02 -6.1788398814250769e+01 7.1484528993680874e-01 1.9521782546331831e+01 1.2387572988662569e+01 -1.1349259581212734e+00 4.2763479102100526e+00 -9.2884254253560528e-01 1.3212384000000001e-02 6.3011079000000003e-01
6.5646687256818242e-02 -6.2445902361938167e+01 7.2499988447130448e-01 1.8216821644096402e+01 1.2324146119773918e+01 -1.2616576532618891e+00 4.1984225347599464e+00 -8.6033657167120881e-01 1.3129907000000000e-02 6.4328284999999996e-01
7.1641318301196105e-02 -6.3178652663994086e+01 7.3508666894911567e-01 1.6984551043624574e+01 1.2209115525648416e+01 -1.3912561309831588e+00 4.1222213089752344e+00 -7.9662121323768287e-01 1.3036481000000001e-02 6.5636695000000000e-01
7.7590646335227970e-02 -6.3989699594624703e+01 7.4509722493209973e-01 1.5823752559358271e+01 1.2048862185570160e+01 -1.5240316258450601e+00 4.0478560834536044e+00 -7.3742227334202104e-01 1.2932137999999999e-02 6.6935217000000002e-01
8.3489672816813548e-02 -6.4882434898149000e+01 7.5502314169130691e-01 1.4732892897561131e+01 1.1849372256900715e+01 -1.6603114747328505e+00 3.9754204314999910e+00 -6.8247383387661198e-01 1.2816919000000000e-02 6.8222760000000005e-01
8.9333431275158443e-02 -6.5860623463407762e+01 7.6485606246213445e-01 1.3710176274573856e+01 1.1616235118762434e+01 -1.8004426313012813e+00 3.9049907391641439e+00 -6.3151870345259209e-01 1.2690879000000000e-02 6.9498240000000000e-01
9.5116978147543857e-02 -6.6928433606210504e+01 7.7458766902594167e-01 1.2753573417333010e+01 1.1354646387813046e+01 -1.9447935868619517e+00 3.8366277957360309e+00 -5.8430906719056108e-01 1.2554085000000000e-02 7.0760577999999996e-01
1.0083539736094185e-01 -6.8090472685482823e+01 7.8420968941924274e-01 1.1860867634269210e+01 1.1069413250345601e+01 -2.0937568024151627e+00 3.7703780914247824e+00 -5.4060698579133215e-01 1.2406611999999999e-02 7.2008700999999997e-01
1.0648382324009062e-01 -6.9351832045769683e+01 7.9371393647966837e-01 1.1029685350478067e+01 1.0764961447732242e+01 -2.2477519678202835e+00 3.7062749478057171e+00 -5.0018450345574073e-01 1.2248551000000000e-02 7.3241546999999996e-01
1.1205742676264960e-01 -7.0718130213138338e+01 8.0309228471838889e-01 1.0257532452107251e+01 1.0445346662467029e+01 -2.4072286133997847e+00 3.6443400043666125e+00 -4.6282406594759001e-01 1.2080001999999999e-02 7.4458062000000003e-01
1.1755142472242922e-01 -7.2195566577410389e+01 8.1233668573849904e-01 9.5418257542818399e+00 1.0114265843369061e+01 -2.5726697108258509e+00 3.5845843530980783e+00 -4.2831857964620390e-01 1.1901076999999999e-02 7.5657202000000001e-01
1.2296108889262156e-01 -7.3790983019776803e+01 8.2143918365340296e-01 8.8799197287961196e+00 9.7750728590860607e+00 -2.7445957105109393e+00 3.5270096666748678e+00 -3.9647138031863016e-01 1.1711898000000000e-02 7.6837935000000002e-01
1.2828175977064557e-01 -7.5511936171229280e+01 8.3039193821439095e-01 8.2691318548696113e+00 9.4307891735774909e+00 -2.9235693380315886e+00 3.4716091350071054e+00 -3.6709625016109670e-01 1.1512599000000000e-02 7.7999244000000001e-01
1.3350882367007136e-01 -7.7366768178115734e+01 8.3918718626467803e-01 7.7067675848171868e+00 9.0841300898184763e+00 -3.1101997815629741e+00 3.4183688567150821e+00 -3.4001734875485051e-01 1.1303326000000001e-02 7.9140122000000002e-01
1.3863775853677160e-01 -7.9364711510426375e+01 8.4781731883132783e-01 7.1901379216581969e+00 8.7375065469655571e+00 -3.3051498710288740e+00 3.3672684453960096e+00 -3.1506894294896859e-01 1.1084235000000000e-02 8.0259581999999996e-01
1.4366409271438521e-01 -8.1515977939508019e+01 8.5627481174252107e-01 6.7165827244694540e+00 8.3930588584560226e+00 -3.5091411610700640e+00 3.3182822414324504e+00 -2.9209524871407533e-01 1.0855490000000001e-02 8.1356647999999998e-01
1.4858344617885369e-01 -8.3831893453241904e+01 8.6455229501028685e-01 6.2834816245465372e+00 8.0526639708702330e+00 -3.7229629366824719e+00 3.2713799080233112e+00 -2.7095022462394425e-01 1.0617270000000000e-02 8.2430364000000000e-01
1.5339152137519071e-01 -8.6325035089668788e+01 8.7264253741211828e-01 5.8882698957570829e+00 7.7179574595540261e+00 -3.9474806754620566e+00 3.2265272587590115e+00 -2.5149715378675880e-01 1.0369760000000000e-02 8.3479791999999997e-01
1.5808410779909740e-01 -8.9009396041066452e+01 8.8053845420016497e-01 5.5284515211726424e+00 7.3903508393808046e+00 -4.1836464291118114e+00 3.1836870534983190e+00 -2.3360838859711425e-01 1.0113159000000000e-02 8.4504013000000000e-01
1.6265708657857728e-01 -9.1900579034293074e+01 8.8823311481042500e-01 5.2016067347032227e+00 7.0710495601133383e+00 -4.4325110131334515e+00 3.1428197073281696e+00 -2.1716500368845335e-01 9.8476710000000005e-03 8.5502127999999999e-01
1.6710643047393622e-01 -9.5016021253337257e+01 8.9571974286274547e-01 4.9054015895127021e+00 6.7610707721068843e+00 -4.6952380438123296e+00 3.1038836477718736e+00 -2.0205637551830180e-01 9.5735140000000000e-03 8.6473257999999997e-01
1.7142822678585853e-01 -9.8375277935777433e+01 9.0299175470678439e-01 4.6375919185683472e+00 6.4612586612011249e+00 -4.9731220644857350e+00 3.0668360100343302e+00 -1.8817996685980357e-01 9.2909130999999992e-03 8.7416548999999999e-01
1.7561865444733069e-01 -1.0200032646497677e+02 9.1004272087604832e-01 4.3960349581531064e+00 6.1723030690628065e+00 -5.2676071885849938e+00 3.0316331902976135e+00 -1.7544078223471368e-01 9.0001030000000006e-03 8.8331166999999999e-01
1.7967401151333254e-01 -1.0591597110520905e+02 9.1686641234304744e-01 4.1786824242307556e+00 5.8947530545247293e+00 -5.5803129362102331e+00 2.9982310148741620e+00 -1.6375072994256573e-01 8.7013270999999996e-03 8.9216304000000002e-01
1.8359070141599179e-01 -1.1015029712868423e+02 9.2345677739171783e-01 3.9835919260311861e+00 5.6290347975711628e+00 -5.9130624315022349e+00 2.9665857792522914e+00 -1.5302901293313115e-01 8.3948374000000006e-03 9.0071175000000003e-01
1.8736525587265948e-01 -1.1473526181072845e+02 9.2980798016338395e-01 3.8089253905577052e+00 5.3754579688734276e+00 -6.2679199154566057e+00 2.9366534268481033e+00 -1.4320092611001387e-01 8.0808944000000001e-03 9.0895022999999997e-01
1.9099431655944979e-01 -1.1970737392767516e+02 9.3591436981998877e-01 3.6529474514850007e+00 5.1342433324824075e+00 -6.6472331325998155e+00 2.9083910542057572e+00 -1.3419791377310727e-01 7.7597663000000001e-03 9.1687114999999997e-01
1.9447465343770035e-01 -1.2510858212407058e+02 9.4177051138086354e-01 3.5140276912431885e+00 4.9055213779500093e+00 -7.0536895464352796e+00 2.8817565216397130e+00 -1.2595709138569661e-01 7.4317293999999999e-03 9.2446746000000002e-01
1.9780316933558731e-01 -1.3098737640527543e+02 9.4737119343192000e-01 3.3906380540216641e+00 4.6893511830516834e+00 -7.4903857948256984e+00 2.8567087996995211e+00 -1.1842089097578171e-01 7.0970672000000004e-03 9.3173240000000002e-01
2.0097689078489514e-01 -1.3740015740069441e+02 9.5271141270726611e-01 3.2813521435575552e+00 4.4857301178617099e+00 -7.9609139989726927e+00 2.8332082570166173e+00 -1.1153674514383673e-01 6.7560703000000000e-03 9.3865947999999999e-01
2.0399299092909243e-01 -1.4441306372784982e+02 9.5778641263516751e-01 3.1848419407233775e+00 4.2946030785325267e+00 -8.4694775759770415e+00 2.8112166515332424e+00 -1.0525671669155719e-01 6.4090362999999996e-03 9.4524253000000003e-01
2.0684876203364080e-01 -1.5210423759175217e+02 9.6259163708289319e-01 3.0998761609600360e+00 4.1158736368095727e+00 -9.0210341042787690e+00 2.7906975814937853e+00 -9.9537266658223225e-02 6.0562691999999996e-03 9.5147563999999996e-01
2.0954166130214660e-01 -1.6056702228098916e+02 9.6712280744864032e-01 3.0253170359898602e+00 3.9494106854641333e+00 -9.6214989099117076e+00 2.7716162114569696e+00 -9.4338827860194749e-02 5.6980790999999996e-03 9.5735325999999998e-01
2.1206926506020909e-01 -1.6991399988975530e+02 9.7137584556960910e-01 2.9601174001516082e+00 3.7950582299568074e+00 -1.0278000165437625e+01 2.7539397217332735e+00 -8.9625718811404256e-02 5.3347821999999998e-03 9.6287009999999995e-01
2.1442931457157219e-01 -1.8028287163810495e+02 9.7534695081392753e-01 2.9033173633209488e+00 3.6526395243468945e+00 -1.0999253134186503e+01 2.7376371550284380e+00 -8.5365662044479734e-02 4.9667000000000001e-03 9.6802122999999995e-01
2.1661968396681838e-01 -1.9184439398598900e+02 9.7903254611630441e-01 2.8540414282239666e+00 3.5219677594414618e+00 -1.1796065853513362e+01 2.7226796550843071e+00 -8.1529733525485176e-02 4.5941591999999996e-03 9.7280200999999999e-01
2.1863841689628974e-01 -2.0481427898305586e+02 9.8242933965156887e-01 2.8114951722987209e+00 3.4028480514712061e+00 -1.2682096087146643e+01 2.7090403253337212e+00 -7.8091993211569094e-02 4.2174915999999996e-03 9.7720817000000004e-01
2.2048368987716685e-01 -2.1947047979525848e+02 9.8553426316113024e-01 2.7749614771711610e+00 3.2950855823270637e+00 -1.3674951578712806e+01 2.6966945785170111e+00 -7.5029398064963462e-02 3.8370333000000002e-03 9.8123572999999997e-01
2.2215384894639004e-01 -2.3618046088515464e+02 9.8834453362651864e-01 2.7437985566219631e+00 3.1984879330269997e+00 -1.4797933992312517e+01 2.6856195570853667e+00 -7.2321513986877584e-02 3.4531249000000000e-03 9.8488107999999996e-01
2.2364739591581370e-01 -2.5544512140164881e+02 9.9085763014180683e-01 2.7174363354083724e+00 3.1128703850630721e+00 -1.6082841797709204e+01 2.6757950704178093e+00 -6.9950411133751111e-02 3.0661112999999999e-03 9.8814095000000002e-01
2.2496297920897626e-01 -2.7797393114950876e+02 9.9307127849522547e-01 2.6953739521738744e+00 3.0380600202784040e+00 -1.7574772921036846e+01 2.6672028520325441e+00 -6.7900494732838004e-02 2.6763420000000000e-03 9.9101238999999997e-01
2.2609942135079089e-01 -3.0482384810166332e+02 9.9498349742431824e-01 2.6771774258031473e+00 2.9738973453563262e+00 -1.9341010924356212e+01 2.6598268185340261e+00 -6.6158348938420097e-02 2.2841723000000002e-03 9.9349282999999999e-01
2.2705570980431514e-01 -3.3767930092725351e+02 9.9659258319755606e-01 2.6624760360355002e+00 2.9202396550855254e+00 -2.1488943436091706e+01 2.6536530664113229e+00 -6.4712624683289338e-02 1.8899688000000000e-03 9.9558005999999999e-01
2.2783099238913598e-01 -3.7949669264645439e+02 9.9789710190514569e-01 2.6509631434225311e+00 2.8769634827034891e+00 -2.4207330918983580e+01 2.6486699321342044e+00 -6.3553960290773662e-02 1.4941295000000000e-03 9.9727222000000004e-01
2.2842464142398147e-01 -4.3632560486847342e+02 9.9889599738772294e-01 2.6423908532228881e+00 2.8439631236212288e+00 -2.7882973389200504e+01 2.6448675457361039e+00 -6.2674777562625072e-02 1.0971916000000000e-03 9.9856794000000004e-01
2.2883642782809530e-01 -5.2477798194364027e+02 9.9958888418566605e-01 2.6365679727333524e+00 2.8211424046018614e+00 -3.3579347603878162e+01 2.6422367662603241e+00 -6.2068988592158786e-02 7.0085733000000002e-04 9.9946672000000003e-01
