-2.2975667479591497e-01 -2.1588374637307593e+03 2.2975793295380925e-01 -2.0560109272010918e+03 -6.2499979344848600e+02 1.4483475159929606e+02 -1.3810653384349553e+02 -4.0903008150474214e+01 5.5301730000000003e-06 1.0230946000000001e-06
-2.2974798959425624e-01 -1.5684784083499546e+03 2.2977249118337989e-01 -1.4647948001615619e+03 -6.2480363760570037e+02 1.0619274695741206e+02 -9.9424529160676940e+01 -4.0894136345368338e+01 3.5894988000000002e-05 1.9923924999999999e-05
-2.2972074088395358e-01 -1.2947094373503930e+03 2.2981816576822856e-01 -1.1888639120243372e+03 -6.2418854283688438e+02 8.8260413342382137e+01 -8.1390532635811610e+01 -4.0866313484051545e+01 8.5619985000000003e-05 7.9222864999999994e-05
-2.2966679728145822e-01 -1.1153010164966111e+03 2.2990858662198088e-01 -1.0058329000134629e+03 -6.2297228183871505e+02 7.6493040051677085e+01 -6.9451611456312875e+01 -4.0811283751853338e+01 1.5173507999999999e-04 1.9661552000000001e-04
-2.2957904215110908e-01 -9.8232032985920898e+02 2.3005568272680632e-01 -8.6773285212950816e+02 -6.2099772104903059e+02 6.7753483857153967e+01 -6.0467951861883336e+01 -4.0721904918602668e+01 2.3255418000000001e-04 3.8758918999999998e-04
-2.2945100308479152e-01 -8.7721300062208638e+02 2.3027030320364753e-01 -7.5604094023680011e+02 -6.1812571216686092e+02 6.0827706381971680e+01 -5.3225954756704155e+01 -4.0591814411182405e+01 3.2689763000000001e-04 6.6622920000000002e-04
-2.2927668330614451e-01 -7.9081289771255911e+02 2.3056249991432404e-01 -6.6166779026211930e+02 -6.1423264590450412e+02 5.5116318034133329e+01 -4.7128789181144732e+01 -4.0415305983483876e+01 4.3385032000000002e-04 1.0455858000000000e-03
-2.2905046731619386e-01 -7.1790385022673081e+02 2.3094168561934869e-01 -5.7950702812441693e+02 -6.0920978415851812e+02 5.0278587054749352e+01 -4.1839801571236421e+01 -4.0187285088375155e+01 5.5265518999999999e-04 1.5378795000000000e-03
-2.2876706256720336e-01 -6.5522490129189498e+02 2.3141673174485347e-01 -5.0643272436228102e+02 -6.0296339897278926e+02 4.6101828045962300e+01 -3.7151555435423880e+01 -3.9903261360316492e+01 6.8265765000000004e-04 2.1546280000000000e-03
-2.2842146007770522e-01 -6.0059454210583897e+02 2.3199603440010438e-01 -4.4041804178725278e+02 -5.9541533338354247e+02 4.2444046345269179e+01 -3.2928233220263316e+01 -3.9559361772675295e+01 8.2327310000000005e-04 2.9067318999999999e-03
-2.2800890759686521e-01 -5.5247652896928378e+02 2.3268755935968438e-01 -3.8009671051315979e+02 -5.8650377824744794e+02 3.9205503009029293e+01 -2.9076998433487152e+01 -3.9152353471125451e+01 9.7396649000000004e-04 3.8045331000000002e-03
-2.2752488998322279e-01 -5.0974436727363690e+02 2.3349887495286317e-01 -3.2452381465817382e+02 -5.7618409702471479e+02 3.6313265152427277e+01 -2.5532405215850559e+01 -3.8679671413492002e+01 1.1342389000000000e-03 4.8578574999999999e-03
-2.2696511486784510e-01 -4.7154458674148361e+02 2.3443717609517431e-01 -2.7303576461285309e+02 -5.6442964543776259e+02 3.3712253490430705e+01 -2.2247296709724960e+01 -3.8139447132968336e+01 1.3036180000000001e-03 6.0760461999999999e-03
-2.2632550226930398e-01 -4.3721293616891961e+02 2.3550930169590376e-01 -2.2516340919031461e+02 -5.5123242848720918e+02 3.1359743930186475e+01 -1.9187188483440018e+01 -3.7530533412723173e+01 1.4816515000000000e-03 7.4679780999999997e-03
-2.2560217618456463e-01 -4.0622064100714528e+02 2.3672174875353408e-01 -1.8057531607319808e+02 -5.3660362205002764e+02 2.9221841790322465e+01 -1.6326623688093061e+01 -3.6852527911570782e+01 1.6679024999999999e-03 9.0420881999999994e-03
-2.2479145889100827e-01 -3.7813870788577219e+02 2.3808068190675591e-01 -1.3903918324978102e+02 -5.2057386344874737e+02 2.7271142281750148e+01 -1.3646721738482528e+01 -3.6105787654358785e+01 1.8619452999999999e-03 1.0806380000000001e-02
-2.2388986566201782e-01 -3.5261339513744412e+02 2.3959194229226069e-01 -1.0039447593026242e+02 -5.0319325616741997e+02 2.5485118694600501e+01 -1.1133460621450334e+01 -3.5291434379400705e+01 2.0633631000000000e-03 1.2768437000000001e-02
-2.2289410233155230e-01 -3.2934896634103313e+02 2.4126105162702793e-01 -6.4532409553273482e+01 -4.8453110866073757e+02 2.3844994419286600e+01 -8.7764409694927714e+00 -3.4411355930614377e+01 2.2717459999999998e-03 1.4935428000000001e-02
-2.2180106120446946e-01 -3.0809518377302561e+02 2.4309321906348649e-01 -3.1380749425437898e+01 -4.6467531041728444e+02 2.2334921981206868e+01 -6.5679633045612427e+00 -3.3468192113516039e+01 2.4866887000000002e-03 1.7314116000000001e-02
-2.2060782114842875e-01 -2.8863815628921230e+02 2.4509334103546615e-01 -8.9210813320937654e-01 -4.4373143461281603e+02 2.0941384847374657e+01 -4.5023325934610741e+00 -3.2465306086245903e+01 2.7077901999999999e-03 1.9910858000000000e-02
-2.1931164253923413e-01 -2.7079336887083059e+02 2.4726600973086885e-01 2.6965470650183128e+01 -4.2182141390835938e+02 1.9652741674874250e+01 -2.5753062776597297e+00 -3.1406759334628934e+01 2.9346520999999999e-03 2.2731616000000000e-02
-2.1790997001791979e-01 -2.5440047268865291e+02 2.4961550847021166e-01 5.2215904054082948e+01 -3.9908199840592147e+02 1.8458887059158005e+01 -7.8366929802397656e-01 -3.0297266930026066e+01 3.1668782999999998e-03 2.5781951000000001e-02
-2.1640042973366430e-01 -2.3931915391010642e+02 2.5214581632808392e-01 7.4881187793314595e+01 -3.7566285329890718e+02 1.7350982746518813e+01 8.7511715238505250e-01 -2.9142131687301802e+01 3.4040742000000001e-03 2.9067029000000001e-02
-2.1478082750573377e-01 -2.2542590288153903e+02 2.5486061121411863e-01 9.4986329264817357e+01 -3.5172432175320830e+02 1.6321247893735784e+01 2.4031972170513276e+00 -2.7947184783599923e+01 3.6458464000000000e-03 3.2591624999999999e-02
-2.1304915158056717e-01 -2.1261147421851871e+02 2.5776326525153537e-01 1.1256316867276354e+02 -3.2743507299313563e+02 1.5362796337927588e+01 3.8025460765827868e+00 -2.6718711074531214e+01 3.8918026000000000e-03 3.6360116999999997e-02
-2.1120356895566236e-01 -2.0077878201089189e+02 2.6085685093908295e-01 1.2765361844344380e+02 -3.0296942922555081e+02 1.4469499595167575e+01 5.0751608640567154e+00 -2.5463362879475692e+01 4.1415510999999999e-03 4.0376493999999999e-02
-2.0924242675811874e-01 -1.8984122314363134e+02 2.6414413884031113e-01 1.4031181352707782e+02 -2.7850461616095060e+02 1.3635880644919643e+01 6.2231941424801587e+00 -2.4188072823968263e+01 4.3947007000000003e-03 4.4644352999999998e-02
-2.0716425224463736e-01 -1.7972127932746761e+02 2.6762759758357046e-01 1.5060576435480846e+02 -2.5421793275190336e+02 1.2857024750630099e+01 7.2490953378182965e+00 -2.2899957248677328e+01 4.6508610999999997e-03 4.9166899000000000e-02
-2.0496775096346373e-01 -1.7034935058106763e+02 2.7130939694298362e-01 1.5861829526245864e+02 -2.3028385529804751e+02 1.2128505292853713e+01 8.1556736179458600e+00 -2.1606219102605557e+01 4.9096423000000002e-03 5.3946949000000001e-02
-2.0265180905195926e-01 -1.6166278740232698e+02 2.7519140398723141e-01 1.6444735402101620e+02 -2.0687124045728302e+02 1.1446323161456725e+01 8.9461700017461805e+00 -2.0314049834517611e+01 5.1706551000000002e-03 5.8986927000000001e-02
-2.0021548910097270e-01 -1.5360505205829870e+02 2.7927519001173812e-01 1.6820580680475248e+02 -1.8414057841572338e+02 1.0806853897066434e+01 9.6242948504686101e+00 -1.9030529147346563e+01 5.4335110000000002e-03 6.4288872999999996e-02
-1.9765803429046863e-01 -1.4612503058441490e+02 2.8356202360648608e-01 1.7002069146642401e+02 -1.6224148863006420e+02 1.0206805088222950e+01 1.0194242853583591e+01 -1.7762531766045345e+01 5.6978226000000002e-03 6.9854434000000007e-02
-1.9497886379438470e-01 -1.3917641407551366e+02 2.8805287835844412e-01 1.7003200738321993e+02 -1.4131037228549647e+02 9.6431777707782356e+00 1.0660691130802784e+01 -1.6516635385887781e+01 5.9632034000000004e-03 7.5684873999999999e-02
-1.9217757507820302e-01 -1.3271718513984749e+02 2.9274842900035325e-01 1.6839116491110852e+02 -1.2146841977816968e+02 9.1132349392312850e+00 1.1028780219691360e+01 -1.5299036890709104e+01 6.2292681999999997e-03 8.1781068999999998e-02
-1.8925394206089297e-01 -1.2670916067851786e+02 2.9764905449169826e-01 1.6525903245850941e+02 -1.0281989889740525e+02 8.6144734278600517e+00 1.1304078371951253e+01 -1.4115477058119019e+01 6.4956331999999999e-03 8.8143510999999994e-02
-1.8620791511491125e-01 -1.2111759821848516e+02 3.0275483801870740e-01 1.6080377652590306e+02 -8.5450835329265942e+01 8.1445996647400314e+00 1.1492534545183357e+01 -1.2971172500103529e+01 6.7619166000000000e-03 9.4772308000000000e-02
-1.8303961830911614e-01 -1.1591084183920591e+02 3.0806557161580983e-01 1.5519846482149472e+02 -6.9428078480439709e+01 7.7015084122866968e+00 1.1600420500160443e+01 -1.1870762317086525e+01 7.0277381999999996e-03 1.0166719000000000e-01
-1.7974934894925315e-01 -1.1106002623611801e+02 3.1358075693587834e-01 1.4861858893196725e+02 -5.4798773767697170e+01 7.2832642515943622e+00 1.1634263335945116e+01 -1.0818262255681624e+01 7.2927204000000001e-03 1.0882751000000000e-01
-1.7633758401115512e-01 -1.0653879984410020e+02 3.1929959446682932e-01 1.4123953114973139e+02 -4.1590323738861095e+01 6.8880859739079465e+00 1.1600774062445284e+01 -9.8170364564927652e+00 7.5564877000000004e-03 1.1625223000000000e-01
-1.7280496681482788e-01 -1.0232308872530515e+02 3.2522100586866570e-01 1.3323402484544573e+02 -2.9810581117145613e+01 6.5143305460272058e+00 1.1506770240629800e+01 -8.8697746866820903e+00 7.8186677999999999e-03 1.2393994999999999e-01
-1.6915230610542148e-01 -9.8390866052359669e+01 3.3134363551396251e-01 1.2476972957285460e+02 -1.9448591310943279e+01 6.1604805163088097e+00 1.1359098030827253e+01 -7.9784867537142423e+00 8.0788911000000008e-03 1.3188891000000000e-01
-1.6538058983865916e-01 -9.4721992554828262e+01 3.3766582738058137e-01 1.1600699692065494e+02 -1.0475662912270943e+01 5.8251339764926291e+00 1.1164554449999928e+01 -7.1445124953204839e+00 8.3367917000000003e-03 1.4009695999999999e-01
-1.6149096680026553e-01 -9.1298020979591939e+01 3.4418565586138450e-01 1.0709676312686939e+02 -2.8467093477399517e+00 5.5069924645992234e+00 1.0929813019062292e+01 -6.3685350174790667e+00 8.5920070000000005e-03 1.4856159999999999e-01
-1.5748475579625243e-01 -8.8102056097227333e+01 3.5090091035937798e-01 9.8178782578385182e+01 3.4980731202412558e+00 5.2048528414905535e+00 1.0661351713508884e+01 -5.6506116027587039e+00 8.8441787999999997e-03 1.5727996000000000e-01
-1.5336343646263312e-01 -8.5118611803399446e+01 3.5780911069256832e-01 8.9380078109385039e+01 8.6313819730472723e+00 4.9175982183190197e+00 1.0365388201318259e+01 -4.9902104254313189e+00 9.0929527999999999e-03 1.6624881999999999e-01
-1.4912864926542241e-01 -8.2333485884046098e+01 3.6490750709396297e-01 8.0813759826136248e+01 1.2636722651813841e+01 4.6441906775068729e+00 1.0047821453512967e+01 -4.3862560542888529e+00 9.3379794999999995e-03 1.7546460999999999e-01
-1.4478219090549355e-01 -7.9733654907587194e+01 3.7219308791399852e-01 7.2578157346936294e+01 1.5606262318975867e+01 4.3836643235403701e+00 9.7141815391603021e+00 -3.8371849798206208e+00 9.5789143999999993e-03 1.8492342000000001e-01
-1.4032602810400713e-01 -7.7307178801577862e+01 3.7966255651325531e-01 6.4756329415715484e+01 1.7638633385402706e+01 4.1351200154368541e+00 9.3695891878553024e+00 -3.3410025560647356e+00 9.8154178999999998e-03 1.9462097000000000e-01
-1.3576227462669635e-01 -7.5043098868808215e+01 3.8731236977459993e-01 5.7415834220849838e+01 1.8836703335688984e+01 3.8977184469339843e+00 9.0187228590955684e+00 -2.8953451607082834e+00 1.0047156000000000e-02 2.0455266000000000e-01
-1.3109318668872444e-01 -7.2931357499698592e+01 3.9513874580561398e-01 5.0608888615488091e+01 1.9305457927006408e+01 3.6706750976673157e+00 8.6657958662857002e+00 -2.4975428015299523e+00 1.0273801000000001e-02 2.1471357999999999e-01
-1.2632118593039882e-01 -7.0962736542682549e+01 4.0313762542645115e-01 4.4372821145598763e+01 1.9149935750601450e+01 3.4532567917929686e+00 8.3145439359094642e+00 -2.1446868596311437e+00 1.0495031000000000e-02 2.2509846000000000e-01
-1.2144883184631394e-01 -6.9128778949498141e+01 4.1130471838440874e-01 3.8730772153425647e+01 1.8473340596927695e+01 3.2447761588862138e+00 7.9682212372760395e+00 -1.8336915879421267e+00 1.0710529999999999e-02 2.3570173000000000e-01
-1.1647882638049412e-01 -6.7421732686832115e+01 4.1963549565149882e-01 3.3692639476362615e+01 1.7375331043712730e+01 3.0445881132162378e+00 7.6296038486370508e+00 -1.5613564084511093e+00 1.0919989999999999e-02 2.4651751000000000e-01
-1.1141401852153636e-01 -6.5834498785649544e+01 4.2812518172201997e-01 2.9256237635791653e+01 1.5950527148700344e+01 2.8520865090559093e+00 7.3010028838241983e+00 -1.3244243595704024e+00 1.1123108000000000e-02 2.5753959999999998e-01
-1.0625739051718178e-01 -6.4360578625237082e+01 4.3676877771984268e-01 2.5408587853666852e+01 1.4287240564914521e+01 2.6667003902893911e+00 6.9842830387431141e+00 -1.1196365632147829e+00 1.1319591000000000e-02 2.6876150999999998e-01
-1.0101205327917259e-01 -6.2994030405078455e+01 4.4556106910083809e-01 2.2127328066017096e+01 1.2466478734921393e+01 2.4878907913775095e+00 6.6808872376153472e+00 -9.4377865399049810e-01 1.1509152000000000e-02 2.8017647000000001e-01
-9.5681250978395166e-02 -6.1729428621476963e+01 4.5449661795044938e-01 1.9382206713323892e+01 1.0561155259838349e+01 2.3151483725843689e+00 6.3918674160904958e+00 -7.9372656280767373e-01 1.1691511000000000e-02 2.9177742000000001e-01
-9.0268365640022719e-02 -6.0561833993362740e+01 4.6356975528126315e-01 1.7136575085775863e+01 8.6355875728049956e+00 2.1479907808456544e+00 6.1179183972290980e+00 -6.6648241750891946e-01 1.1866398000000000e-02 3.0355700000000002e-01
-8.4776880382372299e-02 -5.9486750786787894e+01 4.7277464265243790e-01 1.5348881709430795e+01 6.7452096612848429e+00 1.9859592484221973e+00 5.8594128143058315e+00 -5.5920411766311307e-01 1.2033550000000000e-02 3.1550762999999998e-01
-7.9210411582904955e-02 -5.8500106531989147e+01 4.8210521825270425e-01 1.3974121838742095e+01 4.9365273768042917e+00 1.8286174099669581e+00 5.6164409184234128e+00 -4.6923102545483097e-01 1.2192715000000000e-02 3.2762143999999999e-01
-7.3572685902511314e-02 -5.7598221981724791e+01 4.9155523541250745e-01 1.2965195365862732e+01 3.2472605236729519e+00 1.6755484651873127e+00 5.3888483114949715e+00 -3.9410077977707553e-01 1.2343646000000000e-02 3.3989032000000002e-01
-6.7867544880654551e-02 -5.6777789557568717e+01 5.0111825490157913e-01 1.2274169985900635e+01 1.7066727004831130e+00 1.5263534138080734e+00 5.1762750687064889e+00 -3.3156194901141445e-01 1.2486109000000000e-02 3.5230591000000000e-01
-6.2098926554798595e-02 -5.6035851592351712e+01 5.1078767573865114e-01 1.1853411505566211e+01 3.3604548793587458e-01 1.3806487481658962e+00 4.9781924508290425e+00 -2.7958008262541539e-01 1.2619877000000000e-02 3.6485963999999999e-01
-5.6270879245836986e-02 -5.5369783392060938e+01 5.2055671208417031e-01 1.1656581313942302e+01 -8.5071166576152935e-01 1.2380650622564717e+00 4.7939394147461432e+00 -2.3633987249501412e-01 1.2744734000000001e-02 3.7754270000000001e-01
-5.0387547772664132e-02 -5.4777277053875572e+01 5.3041841634758380e-01 1.1639479299606073e+01 -1.8463687961485573e+00 1.0982450261525920e+00 4.6227556003424732e+00 -2.0024087095529469e-01 1.2860473000000001e-02 3.9034606999999999e-01
-4.4453164261889472e-02 -5.4256330736580026e+01 5.4036569459219652e-01 1.1760731793745366e+01 -2.6495909760396392e+00 9.6084177428281903e-01 4.4638116799536478e+00 -1.6989214989360538e-01 1.2966896000000000e-02 4.0326054000000000e-01
-3.8472057338123367e-02 -5.3805233259272889e+01 5.5039129113031349e-01 1.1982334137509230e+01 -3.2641757903303055e+00 8.2551702582045516e-01 4.3162372865726910e+00 -1.4410122573213605e-01 1.3063819000000001e-02 4.1627669000000000e-01
-3.2448624553119670e-02 -5.3422557094910914e+01 5.6048783473781161e-01 1.2270033938650899e+01 -3.6981649565804711e+00 6.9193969538381950e-01 4.1791451782614679e+00 -1.2186218197703592e-01 1.3151064000000001e-02 4.2938494999999999e-01
-2.6387359956633022e-02 -5.3107153057864153e+01 5.7064779243956831e-01 1.2593584956338464e+01 -3.9630894816717421e+00 5.5978447524365693e-01 4.0516514675642883e+00 -1.0234069719653731e-01 1.3228465999999999e-02 4.4257553999999999e-01
-2.0292817335275770e-02 -5.2858140622931970e+01 5.8086353112888967e-01 1.2926863856601512e+01 -4.0731541366472639e+00 4.2872998425113185e-01 3.9328936912368881e+00 -8.4858346714642457e-02 1.3295871000000001e-02 4.5583855000000001e-01
-1.4169628593089623e-02 -5.2674909733744997e+01 5.9112728675779658e-01 1.3247883828961445e+01 -4.0445044562966572e+00 2.9845741760704447e-01 3.8220446036493350e+00 -6.8876772491919508e-02 1.3353135000000000e-02 4.6916390000000002e-01
-8.0224807758309258e-03 -5.2557116365093385e+01 6.0143120284916729e-01 1.3538682376265090e+01 -3.8945299313804043e+00 1.6864875773399612e-01 3.7183231644573436e+00 -5.3979662053393621e-02 1.3400123999999999e-02 4.8254139000000001e-01
-1.8561252612567525e-03 -5.2504684181163348e+01 6.1176731509188009e-01 1.3785159197041388e+01 -3.6412631892727991e+00 3.8985493416383576e-02 3.6210024496116837e+00 -3.9857795190061357e-02 1.3436718000000000e-02 4.9596067999999999e-01
4.3246406214470234e-03 -5.2517807168803756e+01 6.2212758215052832e-01 1.3976819124350973e+01 -3.3028197154008740e+00 -9.0853274826488306e-02 3.5294151086053551e+00 -2.6291563837347823e-02 1.3462807000000000e-02 5.0941133000000005e-01
1.0514955211093746e-02 -5.2596954546255390e+01 6.3250385485570493e-01 1.4106472596545039e+01 -2.8969370660103060e+00 -2.2119198537477569e-01 3.4429563552696441e+00 -1.3136404828676854e-02 1.3478291000000000e-02 5.2288276000000000e-01
1.6709933870782373e-02 -5.2742877734087656e+01 6.4288794552586059e-01 1.4169903426724499e+01 -2.4405885641464873e+00 -3.5236107500385128e-01 3.3610849179748361e+00 -3.0864927921756029e-04 1.3483083000000000e-02 5.3636434000000000e-01
2.2904646012182894e-02 -5.2956619721724024e+01 6.5327158945516028e-01 1.4165495808322405e+01 -1.9496680797106882e+00 -4.8469817574315366e-01 3.2833230342619997e+00 1.2227601161321901e-02 1.3477108000000000e-02 5.4984533999999996e-01
2.9094124285822143e-02 -5.3239526710486949e+01 6.6364646031834074e-01 1.4093891131204233e+01 -1.4387576511946842e+00 -6.1855011722566955e-01 3.2092523135838285e+00 2.4471666380808312e-02 1.3460300999999999e-02 5.6331494999999998e-01
3.5273378366512287e-02 -5.3593262033293890e+01 6.7400419327799566e-01 1.3957576142116869e+01 -9.2095776569412802e-01 -7.5427490133262065e-01 3.1385126437164481e+00 3.6396875889516081e-02 1.3432611000000001e-02 5.7676231000000000e-01
4.1437404143637002e-02 -5.4019827006631587e+01 6.8433640038943333e-01 1.3760557514499704e+01 -4.0778387289629464e-01 -8.9224428005071177e-01 3.0707967673229204e+00 4.7959170095943929e-02 1.3393997000000000e-02 5.9017653000000003e-01
4.7581169935722423e-02 -5.4521576202096007e+01 6.9463464749339066e-01 1.3508012438227222e+01 9.0881038056544919e-02 -1.0328451459279768e+00 3.0058462528663457e+00 5.9104131229923730e-02 1.3344429999999999e-02 6.0354666000000001e-01
5.3699634871008983e-02 -5.5101245584772720e+01 7.0489048502574736e-01 1.3205964684918406e+01 5.6678142061621439e-01 -1.1764829437881188e+00 2.9434460487330525e+00 6.9773543244608965e-02 1.3283893999999999e-02 6.1686173000000000e-01
5.9787767268022873e-02 -5.5761978171996113e+01 7.1509547882724034e-01 1.2861003710915258e+01 1.0132554131439688e+00 -1.3235838908778828e+00 2.8834197102600769e+00 7.9909593669382536e-02 1.3212384000000001e-02 6.3011079000000003e-01
6.5840517064718662e-02 -5.6507358438109904e+01 7.2524116392889248e-01 1.2480021591093040e+01 1.4251520814295426e+00 -1.4745975375531475e+00 2.8256232657213145e+00 8.9460218092191957e-02 1.3129907000000000e-02 6.4328284999999996e-01
7.1852847984479717e-02 -5.7341448444329522e+01 7.3531909846901189e-01 1.2070005487719419e+01 1.7987264946155164e+00 -1.6300006792788699e+00 2.7699421864876195e+00 9.8378473557482415e-02 1.3036481000000001e-02 6.5636695000000000e-01
7.7819742131260916e-02 -5.8268832294932203e+01 7.4532087139562131e-01 1.1637825860396530e+01 2.1315269039582141e+00 -1.7903007530385415e+00 2.7162845944029721e+00 1.0662830351377060e-01 1.2932137999999999e-02 6.6935217000000002e-01
8.3736186204160012e-02 -5.9294662442348098e+01 7.5523807935917175e-01 1.1190101802482371e+01 2.4222543126709724e+00 -1.9560393167324377e+00 2.6645780708445348e+00 1.1418253226139780e-01 1.2816919000000000e-02 6.8222760000000005e-01
8.9597199068275124e-02 -6.0424719310019469e+01 7.6506237292711421e-01 1.0733067181339274e+01 2.6706237403667550e+00 -2.1277969761428714e+00 2.6147653106509008e+00 1.2102508903193861e-01 1.2690879000000000e-02 6.9498240000000000e-01
9.5397822564418755e-02 -6.1665473821743390e+01 7.7478544117904236e-01 1.0272480368895497e+01 2.8772179369701654e+00 -2.3061979423983061e+00 2.5668007386880491e+00 1.2715011132080223e-01 1.2554085000000000e-02 7.0760577999999996e-01
1.0113312610426095e-01 -6.3024160524373869e+01 7.8439901940912127e-01 9.8135571013803578e+00 3.0433486103142151e+00 -2.4919152904250441e+00 2.5206472756284168e+00 1.3256167700000804e-01 1.2406611999999999e-02 7.2008700999999997e-01
1.0679822964604352e-01 -6.4508865952577111e+01 7.9389492763823000e-01 9.3609244516468664e+00 3.1709139266998081e+00 -2.6856778902640830e+00 2.4762735839647432e+00 1.3727317688744220e-01 1.2248551000000000e-02 7.3241546999999996e-01
1.1238828990915156e-01 -6.6128624952516944e+01 8.0326504750667604e-01 8.9186083173339021e+00 3.2622805581192762e+00 -2.8882764076758551e+00 2.4336525465097543e+00 1.4130596082889341e-01 1.2080001999999999e-02 7.4458062000000003e-01
1.1789850956439896e-01 -6.7893528525087603e+01 8.1250133767905230e-01 8.4900276941706672e+00 3.3201517176906501e+00 -3.1005721552347048e+00 2.3927585983132067e+00 1.4468853435908210e-01 1.1901076999999999e-02 7.5657202000000001e-01
1.2332414642431461e-01 -6.9814856739214207e+01 8.2159584924909446e-01 8.0780026761133072e+00 3.3474676015920237e+00 -3.3235046131733861e+00 2.3535668258650002e+00 1.4745518430378740e-01 1.1711898000000000e-02 7.6837935000000002e-01
1.2866052722857074e-01 -7.1905230789186717e+01 8.3054074884696638e-01 7.6847857691724144e+00 3.3473077563984970e+00 -3.5581034852471536e+00 2.3160515984353518e+00 1.4964488774351350e-01 1.1512599000000000e-02 7.7999244000000001e-01
1.3390302466826870e-01 -7.4178774364896185e+01 8.3932828012711747e-01 7.3120943266385359e+00 3.3228078972434107e+00 -3.8054984937321068e+00 2.2801861784900894e+00 1.5130002095858661e-01 1.1303326000000001e-02 7.9140122000000002e-01
1.3904710333736758e-01 -7.6651330232955473e+01 8.4795084079256799e-01 6.9611427181984977e+00 3.2770879781049320e+00 -4.0669347743605027e+00 2.2459418331307663e+00 1.5246527218548214e-01 1.1084235000000000e-02 8.0259581999999996e-01
1.4408827837639859e-01 -7.9340672460700631e+01 8.5640091327305246e-01 6.6327109847242092e+00 3.2131950759978887e+00 -4.3437861865760503e+00 2.2132877721909217e+00 1.5318678016133011e-01 1.0855490000000001e-02 8.1356647999999998e-01
1.4902215682875086e-01 -8.2266794036149037e+01 8.6467113404687634e-01 6.3271658025055615e+00 3.1340550609377087e+00 -4.6375750428169331e+00 2.1821909708459235e+00 1.5351072971687821e-01 1.0617270000000000e-02 8.2430364000000000e-01
1.5384442845038548e-01 -8.5452218783846689e+01 8.7275427823605900e-01 6.0445401949062019e+00 3.0424363973179087e+00 -4.9499923504397749e+00 2.1526164631269245e+00 1.5348324719671136e-01 1.0369760000000000e-02 8.3479791999999997e-01
1.5855087030497894e-01 -8.8922373830679788e+01 8.8064326730876230e-01 5.7845444132944550e+00 2.9409222155586154e+00 -5.2829222430312130e+00 2.1245268207285450e+00 1.5314910875429713e-01 1.0113159000000000e-02 8.4504013000000000e-01
1.6313735135906543e-01 -9.2706035041473399e+01 8.8833117678171902e-01 5.5466508130280436e+00 2.8318910462263855e+00 -5.6384706670232978e+00 2.0978832539813572e+00 1.5255153816365619e-01 9.8476710000000005e-03 8.5502127999999999e-01
1.6759983248203725e-01 -9.6835833069876244e+01 8.9581123622023318e-01 5.3301198210127927e+00 2.7175059895365563e+00 -6.0189988361419289e+00 2.0726453648814682e+00 1.5173151032157023e-01 9.5735140000000000e-03 8.6473257999999997e-01
1.7193438942185907e-01 -1.0134892678529818e+02 9.0307686775032225e-01 5.1340455621058414e+00 2.5997116102926028e+00 -6.4271650863848526e+00 2.0487715855353801e+00 1.5072755159042281e-01 9.2909130999999992e-03 8.7416548999999999e-01
1.7613718982935372e-01 -1.0628766720275569e+02 9.1012164754657487e-01 4.9573955277488571e+00 2.4802326831347163e+00 -6.8659705493808918e+00 2.0262198698783189e+00 1.4957555316250074e-01 9.0001030000000006e-03 8.8331166999999999e-01
1.8020452082905913e-01 -1.1170058381079525e+02 9.1693935204672228e-01 4.7990457159356037e+00 2.3605806387240835e+00 -7.3388190718257107e+00 2.0049475426354233e+00 1.4830838539451208e-01 8.7013270999999996e-03 8.9216304000000002e-01
1.8413277523380001e-01 -1.1764341431525934e+02 9.2352393484435180e-01 4.6578111896734873e+00 2.2420596372636008e+00 -7.8495852926918719e+00 1.9849120498072368e+00 1.4695608550329187e-01 8.3948374000000006e-03 9.0071175000000003e-01
1.8791847452040228e-01 -1.2418049400824822e+02 9.2986956520105057e-01 4.5324731097386959e+00 2.1257809881818415e+00 -8.4027021697542530e+00 1.9660711185254578e+00 1.4554560377886136e-01 8.0808944000000001e-03 9.0895022999999997e-01
1.9155825044912139e-01 -1.3138634497357233e+02 9.3597059723669107e-01 4.4218035023449040e+00 2.0126751055906889e+00 -9.0032630323152905e+00 1.9483830496298800e+00 1.4410108179191716e-01 7.7597663000000001e-03 9.1687114999999997e-01
1.9504886344421396e-01 -1.3934775724828177e+02 9.4182160073914478e-01 4.3245817326120548e+00 1.9035079062415938e+00 -9.6571535846885617e+00 1.9318073956465165e+00 1.4264380569710752e-01 7.4317293999999999e-03 9.2446746000000002e-01
1.9838720718908054e-01 -1.4816634957982149e+02 9.4741736886671146e-01 4.2396161158259886e+00 1.7988915161504702e+00 -1.0371215526081386e+01 1.9163033973918251e+00 1.4119243447292862e-01 7.0970672000000004e-03 9.3173240000000002e-01
2.0157029943598009e-01 -1.5796179246726737e+02 9.5275290274326174e-01 4.1657520734003750e+00 1.6993049778638516e+00 -1.1153450918675288e+01 1.9018367865322481e+00 1.3976314986318455e-01 6.7560703000000000e-03 9.3865947999999999e-01
2.0459530498174427e-01 -1.6887603208137401e+02 9.5782344997037971e-01 4.1018848861182962e+00 1.6051094061504272e+00 -1.2013292310271968e+01 1.8883669738588269e+00 1.3836966742683679e-01 6.4090362999999996e-03 9.4524253000000003e-01
2.0745950809692004e-01 -1.8107860904319162e+02 9.6262445841279165e-01 4.0469673454988033e+00 1.5165585850426562e+00 -1.2961940036913504e+01 1.8758608264168668e+00 1.3702367604791141e-01 6.0562691999999996e-03 9.5147563999999996e-01
2.1016035847719888e-01 -1.9477398154075166e+02 9.6715165322265229e-01 4.0000167548461931e+00 1.4338240797193615e+00 -1.4012832108304949e+01 1.8642850129153878e+00 1.3573485408202413e-01 5.6980790999999996e-03 9.5735325999999998e-01
2.1269542529198737e-01 -2.1021093702793962e+02 9.7140095981525798e-01 3.9601098063671514e+00 1.3569973029921876e+00 -1.5182242530967466e+01 1.8536089786370784e+00 1.3451109550624255e-01 5.3347821999999998e-03 9.6287009999999995e-01
2.1506244313583672e-01 -2.2769598234845122e+02 9.7536858089333334e-01 3.9264048982157469e+00 1.2861107761294748e+00 -1.6490141582820005e+01 1.8438036917531535e+00 1.3335896180885798e-01 4.9667000000000001e-03 9.6802122999999995e-01
2.1725927986244192e-01 -2.4761161650356934e+02 9.7905094253003078e-01 3.8981210659955448e+00 1.2211464706588018e+00 -1.7961364997739285e+01 1.8348417447343022e+00 1.3228352979559865e-01 4.5941591999999996e-03 9.7280200999999999e-01
2.1928397334578542e-01 -2.7044321713458015e+02 9.8244475578835910e-01 3.8745496654156728e+00 1.1620475755905459e+00 -1.9627345897072598e+01 1.8267000761152068e+00 1.3128880961401201e-01 4.2174915999999996e-03 9.7720817000000004e-01
2.2113469471899355e-01 -2.9681820440935644e+02 9.8554695510175494e-01 3.8550506319625546e+00 1.1087304621467147e+00 -2.1528634565462017e+01 1.8193543435913668e+00 1.3037778872090339e-01 3.8370333000000002e-03 9.8123572999999997e-01
2.2280978513548005e-01 -3.2756736213939297e+02 9.8835475989351174e-01 3.8390513571900731e+00 1.0610888106550356e+00 -2.3718862000080918e+01 1.8127845704669341e+00 1.2955265780325742e-01 3.4531249000000000e-03 9.8488107999999996e-01
2.2430774198351711e-01 -3.6382306731814077e+02 9.9086565146949324e-01 3.8260449716378666e+00 1.0190083276020785e+00 -2.6271097509015188e+01 1.8069718911203356e+00 1.2881503177870543e-01 3.0661112999999999e-03 9.8814095000000002e-01
2.2562720969594963e-01 -4.0718665059906294e+02 9.9307735761327687e-01 3.8156129642100609e+00 9.8236952300956781e-01 -2.9288704400601418e+01 1.8019012416994267e+00 1.2816592322833303e-01 2.6763420000000000e-03 9.9101238999999997e-01
2.2676700732105282e-01 -4.6003618598566902e+02 9.9498789880072536e-01 3.8072925194100997e+00 9.5105327471520007e-01 -3.2925353663147334e+01 1.7975575353345392e+00 1.2760596242208508e-01 2.2841723000000002e-03 9.9349282999999999e-01
2.2772611933224601e-01 -5.2614459408263008e+02 9.9659557279512878e-01 3.8008375998530002e+00 9.2494806113509964e-01 -3.7425279452496014e+01 1.7939274920114974e+00 1.2713549118951992e-01 1.8899688000000000e-03 9.9558005999999999e-01
2.2850369103295015e-01 -6.1209759416900977e+02 9.9789894694477677e-01 3.7959501698800517e+00 9.0395337930254116e-01 -4.3215781195376422e+01 1.7910021265606737e+00 1.2675467380621941e-01 1.4941295000000000e-03 9.9727222000000004e-01
2.2909909288858810e-01 -7.3128829705179453e+02 9.9889696601695777e-01 3.7924147974893292e+00 8.8798172126801544e-01 -5.1168187361418759e+01 1.7887724122647739e+00 1.2646346670848732e-01 1.0971916000000000e-03 9.9856794000000004e-01
2.2951209514201504e-01 -9.2026270228407350e+02 9.9958924489024426e-01 3.7900674430376440e+00 8.7695675848592569e-01 -6.3666820067868315e+01 1.7872311895473283e+00 1.2626169362810219e-01 7.0085733000000002e-04 9.9946672000000003e-01
