-2.6796586368108422e-01 -1.0758248833347611e+03 2.6796716093067330e-01 -1.0472722341227836e+03 -2.8754808400613615e+02 6.9721301276124819e+01 -6.7882533121816095e+01 -1.8520182859230882e+01 5.5301730000000003e-06 1.0230946000000001e-06
-2.6795573410567236e-01 -8.0413637813622893e+02 2.6798099697336736e-01 -7.7541636961330551e+02 -2.8751654644718428e+02 5.2221277489464562e+01 -5.0374849640216048e+01 -1.8518766509578477e+01 3.5894988000000002e-05 1.9923924999999999e-05
-2.6792395385729900e-01 -6.7798090418726497e+02 2.6802440578918069e-01 -6.4882768833119951e+02 -2.8741761898198087e+02 4.4092503249368683e+01 -4.2226169383616337e+01 -1.8514323519985080e+01 8.5619985000000003e-05 7.9222864999999994e-05
-2.6786103928019012e-01 -5.9510411742305189e+02 2.6811034115562626e-01 -5.6520770819081770e+02 -2.8722185339655630e+02 3.8748732623753568e+01 -3.6848128984154222e+01 -1.8505530644147385e+01 1.5173507999999999e-04 1.9661552000000001e-04
-2.6775869022192078e-01 -5.3345141090804714e+02 2.6825014029649158e-01 -5.0248041663770755e+02 -2.8690360638809994e+02 3.4769336429423419e+01 -3.2819018718319960e+01 -1.8491234397096513e+01 2.3255418000000001e-04 3.8758918999999998e-04
-2.6760935789448709e-01 -4.8448990687767929e+02 2.6845411414277476e-01 -4.5210433600997868e+02 -2.8643976413670271e+02 3.1604677926711901e+01 -2.9588705977913559e+01 -1.8470393123400893e+01 3.2689763000000001e-04 6.6622920000000002e-04
-2.6740604824055281e-01 -4.4400922437718719e+02 2.6873181591580764e-01 -4.0986902667861960e+02 -2.8580920732107262e+02 2.8983580936320870e+01 -2.6885909022918653e+01 -1.8442052259827431e+01 4.3385032000000002e-04 1.0455858000000000e-03
-2.6714221188768322e-01 -4.0961822854085176e+02 2.6909219143937280e-01 -3.7338950842533495e+02 -2.8499255123984193e+02 2.6752083420824004e+01 -2.4556844174882865e+01 -1.8405331897615802e+01 5.5265518999999999e-04 1.5378795000000000e-03
-2.6681167612239148e-01 -3.7982649959488265e+02 2.6954367205672691e-01 -3.4118628851770609e+02 -2.8397201998892359e+02 2.4814264600980511e+01 -2.2505987425476516e+01 -1.8359420366795494e+01 6.8265765000000004e-04 2.1546280000000000e-03
-2.6640859895533647e-01 -3.5364087651279107e+02 2.7009423737319943e-01 -3.1228092005131867e+02 -2.8273139161660617e+02 2.3106250969637209e+01 -2.0670035622973767e+01 -1.8303570900900251e+01 8.2327310000000005e-04 2.9067318999999999e-03
-2.6592743782284595e-01 -3.3036532453478088e+02 2.7075145800695416e-01 -2.8599515839760397e+02 -2.8125598871524556e+02 2.1583320176003536e+01 -1.9004977874255580e+01 -1.8237100561285921e+01 9.7396649000000004e-04 3.8045331000000002e-03
-2.6536292670258466e-01 -3.0949230633472615e+02 2.7152252684682354e-01 -2.6184178001169380e+02 -2.7953269383419729e+02 2.0212899846774096e+01 -1.7479070114575656e+01 -1.8159390045124404e+01 1.1342389000000000e-03 4.8578574999999999e-03
-2.6471005939245057e-01 -2.9063967851594441e+02 2.7241428189175648e-01 -2.3946104448583293e+02 -2.7754998154398459e+02 1.8970499887168899e+01 -1.6068747368982596e+01 -1.8069884463644573e+01 1.3036180000000001e-03 6.0760461999999999e-03
-2.6396407739849276e-01 -2.7351199193021108e+02 2.7343322279477761e-01 -2.1858162128687138e+02 -2.7529796022481452e+02 1.7837216624357641e+01 -1.4756112095557587e+01 -1.7968094540683254e+01 1.4816515000000000e-03 7.4679780999999997e-03
-2.6312046012734097e-01 -2.5787566009687680e+02 2.7458552425920169e-01 -1.9899544024738478e+02 -2.7276841528707126e+02 1.6798131958151458e+01 -1.3527318782327177e+01 -1.7853597989983477e+01 1.6679024999999999e-03 9.0420881999999994e-03
-2.6217491824063843e-01 -2.4354246793163574e+02 2.7587704511585043e-01 -1.8054091213177588e+02 -2.6995485500005384e+02 1.5841248880744773e+01 -1.2371497733459304e+01 -1.7726041048121253e+01 1.8619452999999999e-03 1.0806380000000001e-02
-2.6112338749181457e-01 -2.3035823615906932e+02 2.7731333674143849e-01 -1.6309133343227006e+02 -2.6685254883190180e+02 1.4956760170370574e+01 -1.1280012422396759e+01 -1.7585139863111930e+01 2.0633631000000000e-03 1.2768437000000001e-02
-2.5996202588564071e-01 -2.1819486146564762e+02 2.7889964693835156e-01 -1.4654668809258629e+02 -2.6345856688622098e+02 1.4136534686093583e+01 -1.0245935848003716e+01 -1.7430681975166408e+01 2.2717459999999998e-03 1.4935428000000001e-02
-2.5868720890842833e-01 -2.0694454938212274e+02 2.8064092644974536e-01 -1.3082764144920353e+02 -2.5977180252030979e+02 1.3373744767824352e+01 -9.2636682864728321e+00 -1.7262527167716993e+01 2.4866887000000002e-03 1.7314116000000001e-02
-2.5729552963521535e-01 -1.9651560625441869e+02 2.8254182881313888e-01 -1.1587112629403849e+02 -2.5579299645991634e+02 1.2662594700136459e+01 -8.3286572390676952e+00 -1.7080608628118902e+01 2.7077901999999999e-03 1.9910858000000000e-02
-2.5578379283450514e-01 -1.8682923740754228e+02 2.8460671841278379e-01 -1.0162691796463957e+02 -2.5152473205760884e+02 1.1998113862513078e+01 -7.4371814660247617e+00 -1.6884932844277298e+01 2.9346520999999999e-03 2.2731616000000000e-02
-2.5414901818386365e-01 -1.7781717254729710e+02 2.8683966608746303e-01 -8.8055066592751501e+01 -2.4697144219243600e+02 1.1376003413412144e+01 -6.5861902818866840e+00 -1.6675580265128900e+01 3.1668782999999998e-03 2.5781951000000001e-02
-2.5238843705432212e-01 -1.6941978528919310e+02 2.8924445352269224e-01 -7.5123821584978216e+01 -2.4213938400177184e+02 1.0792514916979847e+01 -5.7731740487756289e+00 -1.6452704638774414e+01 3.4040742000000001e-03 2.9067029000000001e-02
-2.5049949036664598e-01 -1.6158463269145625e+02 2.9182457617885421e-01 -6.2807977127557599e+01 -2.3703660274994570e+02 1.0244355997511931e+01 -4.9960623576598202e+00 -1.6216532048806361e+01 3.6458464000000000e-03 3.2591624999999999e-02
-2.4847983180693195e-01 -1.5426531917831298e+02 2.9458323889899718e-01 -5.1087566462121146e+01 -2.3167289444180318e+02 9.7286171454418771e+00 -4.2531439905738697e+00 -1.5967359945876259e+01 3.8918026000000000e-03 3.6360116999999997e-02
-2.4632732353914510e-01 -1.4742055704125997e+02 2.9752336176510374e-01 -3.9946743342881177e+01 -2.2605973473982283e+02 9.2427110886537847e+00 -3.5429992528107395e+00 -1.5705555080318954e+01 4.1415510999999999e-03 4.0376493999999999e-02
-2.4404003781291755e-01 -1.4101342909981398e+02 3.0064757790198998e-01 -2.9372886464600377e+01 -2.2021020858444646e+02 8.7843253393810539e+00 -2.8644462154399912e+00 -1.5431551341015448e+01 4.3947007000000003e-03 4.4644352999999998e-02
-2.4161625696354849e-01 -1.3501077909529917e+02 3.0395823347730544e-01 -1.9355840418030173e+01 -2.1413892095028342e+02 8.3513830056785459e+00 -2.2164955655475334e+00 -1.5145847034923655e+01 4.6508610999999997e-03 4.9166899000000000e-02
-2.3905447126827276e-01 -1.2938270554731278e+02 3.0745739062966759e-01 -9.8872654529787152e+00 -2.0786189116347470e+02 7.9420102284917267e+00 -1.5983121494557302e+00 -1.4849001415704507e+01 4.9096423000000002e-03 5.3946949000000001e-02
-2.3635338162592495e-01 -1.2410215197949385e+02 3.1114682380849368e-01 -9.6010599529769203e-01 -2.0139644117767946e+02 7.5545099860922882e+00 -1.0091838215095241e+00 -1.4541631367987620e+01 5.1706551000000002e-03 5.8986927000000001e-02
-2.3351189473354422e-01 -1.1914454919119738e+02 3.1502802636230332e-01 7.4318880295073351e+00 -1.9476106281067271e+02 7.1873391081771949e+00 -4.4849336242323878e-01 -1.4224406756382447e+01 5.4335110000000002e-03 6.4288872999999996e-02
-2.3052912790976945e-01 -1.1448753170504212e+02 3.1910220395041594e-01 1.5294536992907892e+01 -1.8797528949094618e+02 6.8390902573497945e+00 8.4303447591676628e-02 -1.3898046511257375e+01 5.6978226000000002e-03 6.9854434000000007e-02
-2.2740440373551113e-01 -1.1011067962683413e+02 3.2337028186328676e-01 2.2633579717105459e+01 -1.8105953911750404e+02 6.5084754070723232e+00 5.8969844560450202e-01 -1.3563313190218258e+01 5.9632034000000004e-03 7.5684873999999999e-02
-2.2413725273361540e-01 -1.0599531098140216e+02 3.2783290136233889e-01 2.9454945332701985e+01 -1.7403496881291554e+02 6.1943127075643316e+00 1.0681472231426301e+00 -1.3221008138932143e+01 6.2292681999999997e-03 8.1781068999999998e-02
-2.2072741122513292e-01 -1.0212429681447060e+02 3.3249042260809769e-01 3.5764994464910643e+01 -1.6692330981539757e+02 5.8955147160633912e+00 1.5200836161258890e+00 -1.2871965901520245e+01 6.4956331999999999e-03 8.8143510999999994e-02
-2.1717482132931870e-01 -9.8481903798540486e+01 3.3734292466019056e-01 4.1570706900190274e+01 -1.5974670575342111e+02 5.6110784644760408e+00 1.9459317718229976e+00 -1.2517048619353028e+01 6.7619166000000000e-03 9.4772308000000000e-02
-2.1347962774803517e-01 -9.5053654362856534e+01 3.4239020986954882e-01 4.6879840419874299e+01 -1.5252754067950116e+02 5.3400766135867661e+00 2.3461164379157418e+00 -1.2157139986387440e+01 7.0277381999999996e-03 1.0166719000000000e-01
-2.0964217722981948e-01 -9.1826208096165061e+01 3.4763180461044096e-01 5.1701053650947166e+01 -1.4528827332200652e+02 5.0816499845477230e+00 2.7210713573279328e+00 -1.1793139262956672e+01 7.2927204000000001e-03 1.0882751000000000e-01
-2.0566302607294293e-01 -8.8787263025476861e+01 3.5306694903200264e-01 5.6043978644109480e+01 -1.3805128656701487e+02 4.8350014906378451e+00 3.0712454398915678e+00 -1.1425956427470453e+01 7.5564877000000004e-03 1.1625223000000000e-01
-2.0154292458335907e-01 -8.5925450695149067e+01 3.5869461828721072e-01 5.9919306374018632e+01 -1.3083869672440858e+02 4.5993893449661414e+00 3.3971095454400122e+00 -1.1056504414055700e+01 7.8186677999999999e-03 1.2393994999999999e-01
-1.9728281600283812e-01 -8.3230256735495459e+01 3.6451352399695025e-01 6.3338803443603858e+01 -1.2367219756690366e+02 4.3741221214022197e+00 3.6991606050069015e+00 -1.0685693644513021e+01 8.0788911000000008e-03 1.3188891000000000e-01
-1.9288385258695162e-01 -8.0691959089058074e+01 3.7052209228900701e-01 6.6315314835500402e+01 -1.1657293762077309e+02 4.1585551233949429e+00 3.9779233169889352e+00 -1.0314427767489386e+01 8.3367917000000003e-03 1.4009695999999999e-01
-1.8834737416775960e-01 -7.8301550129315345e+01 3.7671849307941097e-01 6.8862762958116079e+01 -1.0956134200548816e+02 3.9520852475100803e+00 4.2339538079244772e+00 -9.9435962856411919e+00 8.5920070000000005e-03 1.4856159999999999e-01
-1.8367491887246679e-01 -7.6050686168473646e+01 3.8310062543176460e-01 7.0996104408444182e+01 -1.0265699741663251e+02 3.7541479899277301e+00 4.4678399573144691e+00 -9.5740702969966378e+00 8.8441787999999997e-03 1.5727996000000000e-01
-1.7886821240476647e-01 -7.3931630769163064e+01 3.8966613219791446e-01 7.2731280498818336e+01 -9.5878514609817202e+01 3.5642137887506822e+00 4.6802021550147819e+00 -9.2066967899160232e+00 9.0929527999999999e-03 1.6624881999999999e-01
-1.7392916804484024e-01 -7.1937209486933625e+01 3.9641240001795131e-01 7.4085149881211265e+01 -8.9243420142871017e+01 3.3817851569548845e+00 4.8716926979613238e+00 -8.8422939715952875e+00 9.3379794999999995e-03 1.7546460999999999e-01
-1.6885988129002988e-01 -7.0060766509720025e+01 4.0333656664054618e-01 7.5075404066126922e+01 -8.2768052169130698e+01 3.2063942698502061e+00 5.0429947567752862e+00 -8.4816468524251682e+00 9.5789143999999993e-03 1.8492342000000001e-01
-1.6366264593282201e-01 -6.8296133555666813e+01 4.1043549896194220e-01 7.5720471342602536e+01 -7.6467498117527228e+01 3.0376004760696960e+00 5.1948200614139068e+00 -8.1255044845749094e+00 9.8154178999999998e-03 1.9462097000000000e-01
-1.5833992726420698e-01 -6.6637585827842699e+01 4.1770582962763469e-01 7.6039419187356017e+01 -7.0355490320214869e+01 2.8749879486675463e+00 5.3279076150413864e+00 -7.7745747040008668e+00 1.0047156000000000e-02 2.0455266000000000e-01
-1.5289435671435053e-01 -6.5079811471952880e+01 4.2514396435270646e-01 7.6051839128686566e+01 -6.4444348305634549e+01 2.7181633516275796e+00 5.4430208184873976e+00 -7.4295209332046142e+00 1.0273801000000001e-02 2.1471357999999999e-01
-1.4732875864923506e-01 -6.3617892162352362e+01 4.3274604532014871e-01 7.5777730178130412e+01 -5.8744973107469235e+01 2.5667549392142277e+00 5.5409438334105303e+00 -7.0909615097524039e+00 1.0495031000000000e-02 2.2509846000000000e-01
-1.4164611821469011e-01 -6.2247268351066566e+01 4.4050799510287625e-01 7.5237379888576328e+01 -5.3266777360985593e+01 2.4204100013606391e+00 5.6224789644564970e+00 -6.7594656221975855e+00 1.0710529999999999e-02 2.3570173000000000e-01
-1.3584958669572073e-01 -6.0963719080383832e+01 4.4842550934339154e-01 7.4451354563258207e+01 -4.8017691715680087e+01 2.2787935830318440e+00 5.6884428933344688e+00 -6.4355521555447321e+00 1.0919989999999999e-02 2.4651751000000000e-01
-1.2994248687583559e-01 -5.9763342429522709e+01 4.5649404943344896e-01 7.3439818579091963e+01 -4.3004167626826501e+01 2.1415872512327176e+00 5.7396628854833800e+00 -6.1196890551375773e+00 1.1123108000000000e-02 2.5753959999999998e-01
-1.2392829695906235e-01 -5.8642533502470712e+01 4.6470886447506232e-01 7.2223531944799717e+01 -3.8231180951115199e+01 2.0084874303001641e+00 5.7769732156682698e+00 -5.8122917429756233e+00 1.1319591000000000e-02 2.6876150999999998e-01
-1.1781064521061932e-01 -5.7597966940743611e+01 4.7306499860084089e-01 7.0822614957162273e+01 -3.3702258645869627e+01 1.8792041562500452e+00 5.8012113002728505e+00 -5.5137229185561853e+00 1.1509152000000000e-02 2.8017647000000001e-01
-1.1159331531624389e-01 -5.6626582980259386e+01 4.8155728365365313e-01 6.9256996841164494e+01 -2.9419524942884042e+01 1.7534601171126172e+00 5.8132138141744862e+00 -5.2242930792834104e+00 1.1691511000000000e-02 2.9177742000000001e-01
-1.0528025174152053e-01 -5.5725574100031267e+01 4.9018033186629151e-01 6.7546201743698646e+01 -2.5383755692061722e+01 1.6309897055555926e+00 5.8138130695018777e+00 -4.9442614294586349e+00 1.1866398000000000e-02 3.0355700000000002e-01
-9.8875516857255069e-02 -5.4892366467640564e+01 4.9892859442415871e-01 6.5709239277245146e+01 -2.1594413709429400e+01 1.5115372475312421e+00 5.8038333710745915e+00 -4.6738352301734203e+00 1.2033550000000000e-02 3.1550762999999998e-01
-9.2383328454772151e-02 -5.4124614539766192e+01 5.0779631022291727e-01 6.3764524817409793e+01 -1.8049742412977672e+01 1.3948568366776113e+00 5.7840876013379319e+00 -4.4131728006911484e+00 1.2192715000000000e-02 3.2762143999999999e-01
-8.5808032949274332e-02 -5.3420187435740871e+01 5.1677754247016838e-01 6.1729791121323437e+01 -1.4746830360232380e+01 1.2807109729655306e+00 5.7553738035335593e+00 -4.1623842504146618e+00 1.2343646000000000e-02 3.3989032000000002e-01
-7.9154110739170114e-02 -5.2777160885573117e+01 5.2586617136511626e-01 5.9622020961224294e+01 -1.1681695820805782e+01 1.1688698595478204e+00 5.7184723665855781e+00 -3.9215337926858953e+00 1.2486109000000000e-02 3.5230591000000000e-01
-7.2426154768760992e-02 -5.2193807293184882e+01 5.3505592337991170e-01 5.7457366646360704e+01 -8.8493697477175335e+00 1.0591102683089488e+00 5.6741429729513033e+00 -3.6906412435418194e+00 1.2619877000000000e-02 3.6485963999999999e-01
-6.5628886606226261e-02 -5.1668591047854321e+01 5.4434034929864428e-01 5.5251126281062874e+01 -6.2439927642228295e+00 9.5121507565129804e-01 5.6231222425347012e+00 -3.4696852961123748e+00 1.2744734000000001e-02 3.7754270000000001e-01
-5.8767140365638237e-02 -5.1200160828644378e+01 5.5371284617835026e-01 5.3017673921465118e+01 -3.8589068962380582e+00 8.4497227048543744e-01 5.5661213553624895e+00 -3.2586055609226214e+00 1.2860473000000001e-02 3.9034606999999999e-01
-5.1845851988305797e-02 -5.0787344513035670e+01 5.6316667198968418e-01 5.0770435754983914e+01 -1.6867437864878230e+00 7.4017411030131974e-01 5.5038240981652446e+00 -3.0573051928733332e+00 1.2966896000000000e-02 4.0326054000000000e-01
-4.4870069961430864e-02 -5.0429145881251564e+01 5.7269493097624657e-01 4.8521868441727456e+01 2.8046551740961684e-01 6.3661660339695292e-01 5.4368851641069158e+00 -2.8656542246213075e+00 1.3063819000000001e-02 4.1627669000000000e-01
-3.7844923162138944e-02 -5.0124739794172072e+01 5.8229061757660072e-01 4.6283437169577503e+01 2.0512120739300355e+00 5.3409834999205774e-01 5.3659286284182279e+00 -2.6834916107591007e+00 1.3151064000000001e-02 4.2938494999999999e-01
-3.0775653013448562e-02 -4.9873471927223086e+01 5.9194657250225546e-01 4.4065621872275294e+01 3.6344031188577492e+00 4.3242037483461848e-01 5.2915471424386631e+00 -2.5106295972047872e+00 1.3228465999999999e-02 4.4257553999999999e-01
-2.3667570609645389e-02 -4.9674855345581946e+01 6.0165554130035392e-01 4.1877908391618583e+01 5.0392796890587075e+00 3.3138481309299639e-01 5.2143009418435966e+00 -2.3468549272645052e+00 1.3295871000000001e-02 4.5583855000000001e-01
-1.6526078153595192e-02 -4.9528571260613631e+01 6.1141014507232883e-01 3.9728808112947824e+01 6.2753252733574314e+00 2.3079457257946201e-01 5.1347171050357439e+00 -2.1919332680743779e+00 1.3353135000000000e-02 4.6916390000000002e-01
-9.3566421601025684e-03 -4.9434468665688975e+01 6.2120291707558251e-01 3.7625870025737321e+01 7.3521861532973372e+00 1.3045227602594389e-01 5.0532895106641460e+00 -2.0456111642415173e+00 1.3400123999999999e-02 4.8254139000000001e-01
-2.1648041745674917e-03 -4.9392566286289920e+01 6.3102628808281491e-01 3.5575710770850876e+01 8.2795911790052124e+00 3.0159726543525611e-02 4.9704787872976723e+00 -1.9076194679021223e+00 1.3436718000000000e-02 4.9596067999999999e-01
5.0438406643277256e-03 -4.9403054756359921e+01 6.4087261566336740e-01 3.3584041058261398e+01 9.0672785920002976e+00 -7.0283108570260211e-02 4.8867123367957852e+00 -1.7776764455404837e+00 1.3462807000000000e-02 5.0941133000000005e-01
1.2263622187305201e-02 -4.9466299919860049e+01 6.5073415490187858e-01 3.1655708933665736e+01 9.7249284918505499e+00 -1.7107852591409145e-01 4.8023850922922362e+00 -1.6554865612584064e+00 1.3478291000000000e-02 5.2288276000000000e-01
1.9488843428446145e-02 -4.9582847650163011e+01 6.6060312428130818e-01 2.9794728867549466e+01 1.0262103077394327e+01 -2.7243251465493312e-01 4.7178595149079667e+00 -1.5407512241765386e+00 1.3483083000000000e-02 5.3636434000000000e-01
2.6713753828549125e-02 -4.9753429379740062e+01 6.7047166908125666e-01 2.8004334524387936e+01 1.0688189104818493e+01 -3.7455519498246748e-01 4.6334669661939909e+00 -1.4331626776773971e+00 1.3477108000000000e-02 5.4984533999999996e-01
3.3932559953787023e-02 -4.9978968980932621e+01 6.8033187601863765e-01 2.6287024601172288e+01 1.1012347313814818e+01 -4.7766180983073969e-01 4.5495084896897895e+00 -1.3324106271075973e+00 1.3460300999999999e-02 5.6331494999999998e-01
4.1139441573691315e-02 -5.0260591165912693e+01 6.9017579520868555e-01 2.4644607562663378e+01 1.1243470752450593e+01 -5.8197384927856044e-01 4.4662555138467948e+00 -1.2381832367771817e+00 1.3432611000000001e-02 5.7676231000000000e-01
4.8328562379808815e-02 -5.0599631537079894e+01 6.9999545480562686e-01 2.3078256865094499e+01 1.1390146305229882e+01 -6.8772017918395356e-01 4.3839515051765252e+00 -1.1501690835349498e+00 1.3393997000000000e-02 5.9017653000000003e-01
5.5494053907716945e-02 -5.0997647266391141e+01 7.0978283904167272e-01 2.1588558015792952e+01 1.1460622722039281e+01 -7.9513781907478709e-01 4.3028130385444081e+00 -1.0680589212297860e+00 1.3344429999999999e-02 6.0354666000000001e-01
6.2630036974336611e-02 -5.1456430363248174e+01 7.1952991750836293e-01 2.0175564511942035e+01 1.1462785398596123e+01 -9.0447339416390138e-01 4.2230311748276499e+00 -9.9154729335052816e-01 1.3283893999999999e-02 6.1686173000000000e-01
6.9730643115245239e-02 -5.1978024026463494e+01 7.2922867443790862e-01 1.8838842968519995e+01 1.1404135165474417e+01 -1.0159846601347788e+00 4.1447726277339516e+00 -9.2033362395032670e-01 1.3212384000000001e-02 6.3011079000000003e-01
7.6789982428707160e-02 -5.2564737197911491e+01 7.3887106478117759e-01 1.7577533252838197e+01 1.1291773125620098e+01 -1.1299413499068574e+00 4.0681816794344412e+00 -8.5412388134835437e-01 1.3129907000000000e-02 6.4328284999999996e-01
8.3802181090971706e-02 -5.3219166077722512e+01 7.4844906545004530e-01 1.6390388886217796e+01 1.1132390399110813e+01 -1.2466271789209213e+00 3.9933812765179311e+00 -7.9263130989771513e-01 1.3036481000000001e-02 6.5636695000000000e-01
9.0761386715600911e-02 -5.3944216517336976e+01 7.5795468263773080e-01 1.5275827078801431e+01 1.0932261521737239e+01 -1.3663415531393217e+00 3.9204745270045720e+00 -7.3557735727814999e-01 1.2932137999999999e-02 6.6935217000000002e-01
9.7661752275485070e-02 -5.4743127259321469e+01 7.6737992985778869e-01 1.4231977156216672e+01 1.0697242960503594e+01 -1.4894010567436167e+00 3.8495463811808746e+00 -6.8269265655593092e-01 1.2816919000000000e-02 6.8222760000000005e-01
1.0449746825881223e-01 -5.5619500764848929e+01 7.7671687186612504e-01 1.3256721499168556e+01 1.0432775314651723e+01 -1.6161419482657053e+00 3.7806649061860469e+00 -6.3371739183993325e-01 1.2690879000000000e-02 6.9498240000000000e-01
1.1126275195041169e-01 -5.6577334054788345e+01 7.8595761002032527e-01 1.2347738658712277e+01 1.0143884764962593e+01 -1.7469221563974693e+00 3.7138827184507734e+00 -5.8840193932492790e-01 1.2554085000000000e-02 7.0760577999999996e-01
1.1795185279108211e-01 -5.7621054867035696e+01 7.9509428959999007e-01 1.1502540633810131e+01 9.8351983606010105e+00 -1.8821237694338548e+00 3.6492385135503653e+00 -5.4650723488121555e-01 1.2406611999999999e-02 7.2008700999999997e-01
1.2455907917423281e-01 -5.8755566597203568e+01 8.0411913640841481e-01 1.0718508623984809e+01 9.5109508890077521e+00 -2.0221563033034817e+00 3.5867581200785246e+00 -5.0780489596067391e-01 1.2248551000000000e-02 7.3241546999999996e-01
1.3107878236789899e-01 -5.9986292540714722e+01 8.1302443481158171e-01 9.9929279210154025e+00 9.1749922474033365e+00 -2.1674594301445280e+00 3.5264561801605918e+00 -4.7207748620059409e-01 1.2080001999999999e-02 7.4458062000000003e-01
1.3750536723339823e-01 -6.1319230304314928e+01 8.2180254237883210e-01 9.3230173644827623e+00 8.8308115208103075e+00 -2.3185066381537078e+00 3.4683369311196368e+00 -4.3911861573234379e-01 1.1901076999999999e-02 7.5657202000000001e-01
1.4383330294398711e-01 -6.2761014152316598e+01 8.3044590452353773e-01 8.7059550765634288e+00 8.4815479391372097e+00 -2.4758093683361793e+00 3.4123957834913776e+00 -4.0873280438258558e-01 1.1711898000000000e-02 7.6837935000000002e-01
1.5005713906284568e-01 -6.4318988355842407e+01 8.3894707646410838e-01 8.1389115512889614e+00 8.1300083440137083e+00 -2.6399218670258686e+00 3.3586200900041492e+00 -3.8073536247845813e-01 1.1512599000000000e-02 7.7999244000000001e-01
1.5617147874643644e-01 -6.6001280094690088e+01 8.4729868662231300e-01 7.6190573310336953e+00 7.7786875746800375e+00 -2.8114455711527335e+00 3.3069907733960551e+00 -3.5495241506686837e-01 1.1303326000000001e-02 7.9140122000000002e-01
1.6217103233778668e-01 -6.7816904798854338e+01 8.5549350982663785e-01 7.1435945728935746e+00 7.4297843418450942e+00 -2.9910363475330302e+00 3.2574815905411714e+00 -3.3122042033855653e-01 1.1084235000000000e-02 8.0259581999999996e-01
1.6805056913253447e-01 -6.9775858491269815e+01 8.6352440142926401e-01 6.7097722760897804e+00 7.0852237045607485e+00 -3.1794098272035010e+00 3.2100630699951607e+00 -3.0938614290884542e-01 1.0855490000000001e-02 8.1356647999999998e-01
1.7380496561288239e-01 -7.1889254206830032e+01 8.7138436318909007e-01 6.3148976206889698e+00 6.7466738124686634e+00 -3.3773504491269479e+00 3.1647004580706724e+00 -2.8930613563180169e-01 1.0617270000000000e-02 8.2430364000000000e-01
1.7942919472894148e-01 -7.4169462033449150e+01 8.7906652863106038e-01 5.9563501271760293e+00 6.4155660310126956e+00 -3.5857205218394101e+00 3.1213557621292738e+00 -2.7084675810519476e-01 1.0369760000000000e-02 8.3479791999999997e-01
1.8491833125805945e-01 -7.6630277897787124e+01 8.8656417036650148e-01 5.6315931521258156e+00 6.0931148837232172e+00 -3.8054701623580267e+00 3.0799883608224365e+00 -2.5388311856146328e-01 1.0113159000000000e-02 8.4504013000000000e-01
1.9026755716414867e-01 -7.9287120875669729e+01 8.9387070741345687e-01 5.3381802692729279e+00 5.7803321448553726e+00 -4.0376504874998105e+00 3.0405555558556201e+00 -2.3829942219238395e-01 9.8476710000000005e-03 8.5502127999999999e-01
1.9547216159768627e-01 -8.2157263530725629e+01 9.0097970519668802e-01 5.0737643947326214e+00 5.4780545072047948e+00 -4.2834276845025894e+00 3.0030132011507864e+00 -2.2398821867803234e-01 9.5735140000000000e-03 8.6473257999999997e-01
2.0052756769235547e-01 -8.5260120428761979e+01 9.0788491214935341e-01 4.8361005041896306e+00 5.1869502099365556e+00 -4.5441014996159126e+00 2.9673160507208847e+00 -2.1084998403030475e-01 9.2909130999999992e-03 8.7416548999999999e-01
2.0542930576840429e-01 -8.8617560268083366e+01 9.1458022311132903e-01 4.6230516879400581e+00 4.9075424778671328e+00 -4.8211245081146048e+00 2.9334184667842065e+00 -1.9879282611672530e-01 9.0001030000000006e-03 8.8331166999999999e-01
2.1017304548861498e-01 -9.2254318112095859e+01 9.2105972325122376e-01 4.4325894025032859e+00 4.6402231346840965e+00 -5.1161283819612038e+00 2.9012746347471401e+00 -1.8773193968215740e-01 8.7013270999999996e-03 8.9216304000000002e-01
2.1475457978031920e-01 -9.6198460051052123e+01 9.2731766610537159e-01 4.2627958726908837e+00 4.3852680833814528e+00 -5.4309528802357203e+00 2.8708390940564681e+00 -1.7758938396165297e-01 8.3948374000000006e-03 9.0071175000000003e-01
2.1916985163203945e-01 -1.0048198471468518e+02 9.3334851017951148e-01 4.1118638719244984e+00 4.1428516231244190e+00 -5.7676840302420835e+00 2.8420668515876950e+00 -1.6829347021767055e-01 8.0808944000000001e-03 9.0895022999999997e-01
2.2341493265617596e-01 -1.0514151863761418e+02 9.3914688966744320e-01 3.9780959832277984e+00 3.9130603396469228e+00 -6.1286976128415960e+00 2.8149139009520674e+00 -1.5977851577562865e-01 7.7597663000000001e-03 9.1687114999999997e-01
2.2748604452631960e-01 -1.1021922044906796e+02 9.4470764373237137e-01 3.8599032746865598e+00 3.6959048371323506e+00 -6.5167162857908272e+00 2.7893372977598911e+00 -1.5198440753853384e-01 7.4317293999999999e-03 9.2446746000000002e-01
2.3137956433658030e-01 -1.1576390146390938e+02 9.5002582382724110e-01 3.7558030391432258e+00 3.4913313991117971e+00 -6.9348807651880522e+00 2.7652953919279089e+00 -1.4485624446322537e-01 7.0970672000000004e-03 9.3173240000000002e-01
2.3509201388293044e-01 -1.2183242243732070e+02 9.5509667905406603e-01 3.6644163048393597e+00 3.2992335108837612e+00 -7.3868375164835038e+00 2.7427480879800363e+00 -1.3834404575158143e-01 6.7560703000000000e-03 9.3865947999999999e-01
2.3862008645984589e-01 -1.2849154757872483e+02 9.5991569276560829e-01 3.5844649596020943e+00 3.1194603052474870e+00 -7.8768568210151297e+00 2.7216568560942953e+00 -1.3240221776479660e-01 6.4090362999999996e-03 9.4524253000000003e-01
2.4196061470433716e-01 -1.3582025110867045e+02 9.6447853864336264e-01 3.5147678767576456e+00 2.9518278324691551e+00 -8.4099783005394464e+00 2.7019850326626296e+00 -1.2698953402462046e-01 6.0562691999999996e-03 9.5147563999999996e-01
2.4511062418923091e-01 -1.4391295533414379e+02 9.6878115390091568e-01 3.4542388052248882e+00 2.7961243394406501e+00 -8.9922176117494814e+00 2.6836977192425353e+00 -1.2206860259544303e-01 5.6980790999999996e-03 9.5735325999999998e-01
2.4806727982988852e-01 -1.5288363286410160e+02 9.7281966608058690e-01 3.4018794811974162e+00 2.6521210907362174e+00 -9.6308262084585472e+00 2.6667620960587426e+00 -1.1760572187346026e-01 5.3347821999999998e-03 9.6287009999999995e-01
2.5082793947748749e-01 -1.6287174763964967e+02 9.7659046625678736e-01 3.3567806432885479e+00 2.5195756914884431e+00 -1.0334670906919825e+01 2.6511472444548927e+00 -1.1357051199754781e-01 4.9667000000000001e-03 9.6802122999999995e-01
2.5339011640372477e-01 -1.7405031988633942e+02 9.8009015779366881e-01 3.3181142688178160e+00 2.3982429013611326e+00 -1.1114747425726051e+01 2.6368244727338999e+00 -1.0993577837872004e-01 4.5941591999999996e-03 9.7280200999999999e-01
2.5575152217544195e-01 -1.8663792025895248e+02 9.8331561490781028e-01 3.2851315564689116e+00 2.2878736556173540e+00 -1.1984947687244667e+01 2.6237670160036890e+00 -1.0667718423704645e-01 4.2174915999999996e-03 9.7720817000000004e-01
2.5791002377999939e-01 -2.0091612768331080e+02 9.8626392410553154e-01 3.2571595624514633e+00 2.1882260098772890e+00 -1.2963175300704506e+01 2.6119503173774610e+00 -1.0377312958856190e-01 3.8370333000000002e-03 9.8123572999999997e-01
2.5986368649990255e-01 -2.1725709083378314e+02 9.8893244274557990e-01 3.2335965660717698e+00 2.0990656737942173e+00 -1.4073111745346843e+01 2.6013520750009951e+00 -1.0120451692169749e-01 3.4531249000000000e-03 9.8488107999999996e-01
2.6161075783481724e-01 -2.3616779279335807e+02 9.9131877707812266e-01 3.2139104276708181e+00 2.0201712076052498e+00 -1.5347054056778276e+01 2.5919520286929290e+00 -9.8954590595570116e-02 3.0661112999999999e-03 9.8814095000000002e-01
2.6314965678291236e-01 -2.5836579124212864e+02 9.9342076760407494e-01 3.1976345499665917e+00 1.9513377628685245e+00 -1.6830774899394356e+01 2.5837322190007850e+00 -9.7008809826214640e-02 2.6763420000000000e-03 9.9101238999999997e-01
2.6447900599683061e-01 -2.8491912191621935e+02 9.9523653299711590e-01 3.1843651790250433e+00 1.8923785103250241e+00 -1.8592510593110791e+01 2.5766767737793299e+00 -9.5354677758367409e-02 2.2841723000000002e-03 9.9349282999999999e-01
2.6559762106503082e-01 -3.1752814873973949e+02 9.9676445546301573e-01 3.1737592263741514e+00 1.8431277054058652e+00 -2.0741078948252323e+01 2.5707719889327580e+00 -9.3981626771661123e-02 1.8899688000000000e-03 9.9558005999999999e-01
2.6650450515246049e-01 -3.5917407515719100e+02 9.9800317341930100e-01 3.1655321085855372e+00 1.8034429947122419e+00 -2.3467595191590970e+01 2.5660063085276081e+00 -9.2880954008366656e-02 1.4941295000000000e-03 9.9727222000000004e-01
2.6719892403115064e-01 -4.1595073533295624e+02 9.9895168397995593e-01 3.1594551067351238e+00 1.7732037569737042e+00 -2.7163369821084604e+01 2.5623702022840971e+00 -9.2045626015533927e-02 1.0971916000000000e-03 9.9856794000000004e-01
2.6768060973468921e-01 -5.0457500799262169e+02 9.9960962112818663e-01 3.1553522371830431e+00 1.7523039358445203e+00 -3.2903501657406977e+01 2.5598545360163958e+00 -9.1469973022112086e-02 7.0085733000000002e-04 9.9946672000000003e-01
