-1.8032379996277242e-01 -2.7589120603968795e+03 1.8032500754605593e-01 -2.5499855891569869e+03 -7.9907015603500872e+02 1.8512267621409705e+02 -1.7145036105725612e+02 -5.2299286531112955e+01 5.5301730000000003e-06 1.0230946000000001e-06
-1.8031698340970412e-01 -2.0041275848590672e+03 1.8034050009992178e-01 -1.7938943587650831e+03 -7.9872857393485390e+02 1.3571421797234228e+02 -1.2198085489665783e+02 -5.2283836746999349e+01 3.5894988000000002e-05 1.9923924999999999e-05
-1.8029559734555506e-01 -1.6541125537067505e+03 1.8038910600784724e-01 -1.4406079975461207e+03 -7.9765766091257774e+02 1.1278573100529343e+02 -9.8898296401046991e+01 -5.2235391813899497e+01 8.5619985000000003e-05 7.9222864999999994e-05
-1.8025325987964996e-01 -1.4247421979405904e+03 1.8048532992989469e-01 -1.2057959921995173e+03 -7.9554098428428188e+02 9.7740028656008761e+01 -8.3594324246331837e+01 -5.2139606327156869e+01 1.5173507999999999e-04 1.9661552000000001e-04
-1.8018438554298555e-01 -1.2547333341046201e+03 1.8064186643156249e-01 -1.0281556197555276e+03 -7.9210717585633267e+02 8.6565900277671773e+01 -7.2055166915834548e+01 -5.1984122524767770e+01 2.3255418000000001e-04 3.8758918999999998e-04
-1.8008389448651210e-01 -1.1203637467916776e+03 1.8087026091332575e-01 -8.8405121592147862e+02 -7.8711831225177718e+02 7.7711039890779901e+01 -6.2730839319580774e+01 -5.1758016372002885e+01 3.2689763000000001e-04 6.6622920000000002e-04
-1.7994708015925820e-01 -1.0099141403237717e+03 1.8118121034969881e-01 -7.6192227439125418e+02 -7.8036655044107022e+02 7.0409048260459556e+01 -5.4860590837493945e+01 -5.1451612531222516e+01 4.3385032000000002e-04 1.0455858000000000e-03
-1.7976953525460426e-01 -9.1671531389668337e+02 1.8158473159737185e-01 -6.5531180400632024e+02 -7.7167370711546300e+02 6.4224248584891896e+01 -4.8016840978640246e+01 -5.1056436682553354e+01 5.5265518999999999e-04 1.5378795000000000e-03
-1.7954710593318912e-01 -8.3659782562721045e+02 1.8209026543666426e-01 -5.6030356616738391e+02 -7.6089237078960707e+02 5.8884687349999041e+01 -4.1937633705918536e+01 -5.0565233326526801e+01 6.8265765000000004e-04 2.1546280000000000e-03
-1.7927586091174083e-01 -7.6677232225751300e+02 1.8270674682594013e-01 -4.7439321855168589e+02 -7.4790758847934387e+02 5.4208798134223827e+01 -3.6452891875639551e+01 -4.9972014507684307e+01 8.2327310000000005e-04 2.9067318999999999e-03
-1.7895207040121391e-01 -7.0527443969624176e+02 1.8344265277067667e-01 -3.9592555811134247e+02 -7.3263881929443005e+02 5.0069038208017858e+01 -3.1447732071749854e+01 -4.9272124412981782e+01 9.7396649000000004e-04 3.8045331000000002e-03
-1.7857219070710517e-01 -6.5066369264532136e+02 1.8430603732362230e-01 -3.2378649798812057e+02 -7.1504180643335098e+02 4.6372145615317670e+01 -2.6842442829856658e+01 -4.8462305825907414e+01 1.1342389000000000e-03 4.8578574999999999e-03
-1.7813285297722564e-01 -6.0184867280428591e+02 1.8530455715868252e-01 -2.5722172735650150e+02 -6.9511018197253964e+02 4.3047684496602351e+01 -2.2580774613300150e+01 -4.7540761872750458e+01 1.3036180000000001e-03 6.0760461999999999e-03
-1.7763085505104809e-01 -5.5797990756540855e+02 1.8644549009559375e-01 -1.9572317261653927e+02 -6.7287662844759825e+02 4.0041016478129983e+01 -1.8622661774832626e+01 -4.6507206256222673e+01 1.4816515000000000e-03 7.4679780999999997e-03
-1.7706315485984253e-01 -5.1838114758281802e+02 1.8773575009999097e-01 -1.3895394669680962e+02 -6.4841343102965050e+02 3.7308795377587273e+01 -1.4939478552055474e+01 -4.5362895788525577e+01 1.6679024999999999e-03 9.0420881999999994e-03
-1.7642686595463672e-01 -4.8250373299119951e+02 1.8918189744738809e-01 -8.6696435137866956e+01 -6.2183235569838996e+02 3.4815970906556686e+01 -1.1510810241312750e+01 -4.4110643030458839e+01 1.8619452999999999e-03 1.0806380000000001e-02
-1.7571925335876037e-01 -4.4989522214729766e+02 1.9079014814944989e-01 -3.8814733324697279e+01 -5.9328370961226312e+02 3.2533731846134145e+01 -8.3221639009732407e+00 -4.2754804176567326e+01 2.0633631000000000e-03 1.2768437000000001e-02
-1.7493773165640883e-01 -4.2017737657859448e+02 1.9256637829827414e-01 4.7733319445233331e+00 -5.6295462064133733e+02 3.0438062608637143e+01 -5.3632988489618061e+00 -4.1301236291198471e+01 2.2717459999999998e-03 1.4935428000000001e-02
-1.7407986178287307e-01 -3.9303011845457860e+02 1.9451613136150625e-01 4.4117962766801391e+01 -5.3106638268285917e+02 2.8508693423627022e+01 -2.6269598527973841e+00 -3.9757239715900212e+01 2.4866887000000002e-03 1.7314116000000001e-02
-1.7314335109666917e-01 -3.6817986403708505e+02 1.9664461801840430e-01 7.9254251767806963e+01 -4.9787102018033727e+02 2.6728335478510353e+01 -1.0790862185347683e-01 -3.8131454414375035e+01 2.7077901999999999e-03 1.9910858000000000e-02
-1.7212604941240667e-01 -3.4539060289054208e+02 1.9895672517627305e-01 1.1021583812636037e+02 -4.6364696490036317e+02 2.5082098289585961e+01 2.1978505498451764e+00 -3.6433738284132147e+01 2.9346520999999999e-03 2.2731616000000000e-02
-1.7102595116467861e-01 -3.2445723556153121e+02 2.0145701105240901e-01 1.3704549337666799e+02 -4.2869409356112112e+02 2.3557056179226706e+01 4.2936710225962251e+00 -3.4675018806839319e+01 3.1668782999999998e-03 2.5781951000000001e-02
-1.6984119324417155e-01 -3.0520028994654882e+02 2.0414971009215549e-01 1.5980355592620023e+02 -3.9332802546033474e+02 2.2141903057981672e+01 6.1827545159583961e+00 -3.2867121080691490e+01 3.4040742000000001e-03 2.9067029000000001e-02
-1.6857005355507207e-01 -2.8746179119698286e+02 2.0703873624760574e-01 1.7857432822076188e+02 -3.5787395990004768e+02 2.0826686991008881e+01 7.8685358796038098e+00 -3.1022569930015941e+01 3.6458464000000000e-03 3.2591624999999999e-02
-1.6721095317895696e-01 -2.7110201236952378e+02 2.1012767805954818e-01 1.9347043216173171e+02 -3.2266022469615507e+02 1.9602599142032297e+01 9.3549803905002751e+00 -2.9154379250722034e+01 3.8918026000000000e-03 3.6360116999999997e-02
-1.6576245348960636e-01 -2.5599678273407255e+02 2.1341980521487289e-01 2.0463565619262900e+02 -2.8801151249572342e+02 1.8461800611838957e+01 1.0646807860492617e+01 -2.7275834411258156e+01 4.1415510999999999e-03 4.0376493999999999e-02
-1.6422325723494899e-01 -2.4203534236843663e+02 2.1691806608754421e-01 2.1224608394645310e+02 -2.5424225395216845e+02 1.7397286473297079e+01 1.1749651309240024e+01 -2.5400255507418048e+01 4.3947007000000003e-03 4.4644352999999998e-02
-1.6259220853706188e-01 -2.2911855690465674e+02 2.2062508773860065e-01 2.1650980040348912e+02 -2.2165013666570502e+02 1.6402769694874841e+01 1.2670151789231738e+01 -2.3540772553662087e+01 4.6508610999999997e-03 4.9166899000000000e-02
-1.6086829144957726e-01 -2.1715741938985656e+02 2.2454317919485833e-01 2.1766523479192114e+02 -1.9051000295932045e+02 1.5472589368971757e+01 1.3416001091900624e+01 -2.1710098032371128e+01 4.9096423000000002e-03 5.3946949000000001e-02
-1.5905063176092407e-01 -2.0607181870818698e+02 2.2867432735053175e-01 2.1597829345443469e+02 -1.6106837778548299e+02 1.4601629827063363e+01 1.3995932420704614e+01 -1.9920314736154804e+01 5.1706551000000002e-03 5.8986927000000001e-02
-1.5713849374849309e-01 -1.9578946176883716e+02 2.3302020434431625e-01 2.1173844948363543e+02 -1.3353865253435220e+02 1.3785256021726624e+01 1.4419669642089151e+01 -1.8182674671825321e+01 5.4335110000000002e-03 6.4288872999999996e-02
-1.5513128342447177e-01 -1.8624499554945874e+02 2.3758216018230560e-01 2.0525397214015450e+02 -1.0809725166775939e+02 1.3019257350986784e+01 1.4697834658183178e+01 -1.6507425272287620e+01 5.6978226000000002e-03 6.9854434000000007e-02
-1.5302854492936108e-01 -1.7737921441447071e+02 2.4236123093475026e-01 1.9684646821631361e+02 -8.4880690979509893e+01 1.2299798675119568e+01 1.4841825869299079e+01 -1.4903656059332034e+01 5.9632034000000004e-03 7.5684873999999999e-02
-1.5082996233521703e-01 -1.6913840327097122e+02 2.4735813463767822e-01 1.8684498159432690e+02 -6.3983774270628857e+01 1.1623379833624178e+01 1.4863663862678651e+01 -1.3379177533048914e+01 6.2292681999999997e-03 8.1781068999999998e-02
-1.4853535820305735e-01 -1.6147375271323335e+02 2.5257327457159839e-01 1.7557984438348518e+02 -4.5458937888074914e+01 1.0986800546766855e+01 1.4775827250515903e+01 -1.1940430534584465e+01 6.4956331999999999e-03 8.8143510999999994e-02
-1.4614469358286156e-01 -1.5434085333043535e+02 2.5800673926150053e-01 1.6337650021895851e+02 -2.9316569681798082e+01 1.0387127717227935e+01 1.4591065776788074e+01 -1.0592429934648514e+01 6.7619166000000000e-03 9.4772308000000000e-02
-1.4365806584968091e-01 -1.4769924737756125e+02 2.6365830739491014e-01 1.5054950591782679e+02 -1.5526572120000589e+01 9.8216698534898157e+00 1.4322213186244342e+01 -9.3387405398752872e+00 7.0277381999999996e-03 1.0166719000000000e-01
-1.4107570834298999e-01 -1.4151203886155818e+02 2.6952744864156469e-01 1.3739692582980848e+02 -4.0208318504644254e+00 9.2879525198369439e+00 1.3981993807832501e+01 -8.1814887422858344e+00 7.2927204000000001e-03 1.0882751000000000e-01
-1.3839799541576353e-01 -1.3574556035766011e+02 2.7561331217795149e-01 1.2419529512723227e+02 5.3032926655419583e+00 8.7836986290328412e+00 1.3582841991126571e+01 -7.1214065650086544e+00 7.5564877000000004e-03 1.1625223000000000e-01
-1.3562543197567456e-01 -1.3036904247238797e+02 2.8191475045790698e-01 1.1119524740589806e+02 1.2578865568079891e+01 8.3068078713357565e+00 1.3136727458969936e+01 -6.1579036241958081e+00 7.8186677999999999e-03 1.2393994999999999e-01
-1.3275865276379772e-01 -1.2535434698723029e+02 2.8843032085196857e-01 9.8617977272452592e+01 1.7964524848304116e+01 7.8553406044915288e+00 1.2654998559013181e+01 -5.2891575823672303e+00 8.0788911000000008e-03 1.3188891000000000e-01
-1.2979843317405951e-01 -1.2067574006817470e+02 2.9515826105709947e-01 8.6652691509825473e+01 2.1639269727689474e+01 7.4275049024795408e+00 1.2148247790864598e+01 -4.5122490802823858e+00 8.3367917000000003e-03 1.4009695999999999e-01
-1.2674567482730459e-01 -1.1630965614739111e+02 3.0209652188372199e-01 7.5454902492319775e+01 2.3796923559989729e+01 7.0216413032247491e+00 1.1626196551889386e+01 -3.8232888159221168e+00 8.5920070000000005e-03 1.4856159999999999e-01
-1.2360141278426268e-01 -1.1223451269531250e+02 3.0924275086220104e-01 6.5145762910435863e+01 2.4640567443900135e+01 6.6362121933581477e+00 1.1097608680129069e+01 -3.2175732783184343e+00 8.8441787999999997e-03 1.5727996000000000e-01
-1.2036680833258176e-01 -1.0843052755321958e+02 3.1659430863636062e-01 5.5812305850324940e+01 2.4377107162872313e+01 6.2697903078672059e+00 1.0570228185891731e+01 -2.6897420282911972e+00 9.0929527999999999e-03 1.6624881999999999e-01
-1.1704314898682806e-01 -1.0487956422321584e+02 3.2414826896348375e-01 4.7508598903042653e+01 2.3212039178602396e+01 5.9210493961098738e+00 1.0050744943314252e+01 -2.2339402459084678e+00 9.3379794999999995e-03 1.7546460999999999e-01
-1.1363184488200270e-01 -1.0156498862386471e+02 3.3190142691107105e-01 4.0257673280816185e+01 2.1344681760508450e+01 5.5887553509756120e+00 9.5447855839690519e+00 -1.8439783754824970e+00 9.5789143999999993e-03 1.8492342000000001e-01
-1.1013443959299181e-01 -9.8471552714386604e+01 3.3985027426656567e-01 3.4054175092560335e+01 1.8963922842157398e+01 5.2717592447190054e+00 9.0569313298923060e+00 -1.5134874294060321e+00 9.8154178999999998e-03 1.9462097000000000e-01
-1.0655259210214962e-01 -9.5585262925544257e+01 3.4799104052114449e-01 2.8867518248760305e+01 1.6244673426871973e+01 4.9689890611404204e+00 8.5907532338711299e+00 -1.2360607412340299e+00 1.0047156000000000e-02 2.0455266000000000e-01
-1.0288807319281514e-01 -9.2893277911173485e+01 3.5631970106647726e-01 2.4645482231557953e+01 1.3344882325451140e+01 4.6794424856750787e+00 8.1488696274549852e+00 -1.0053853987758496e+00 1.0273801000000001e-02 2.1471357999999999e-01
-9.9142783481728988e-02 -9.0383825452027196e+01 3.6483193621093424e-01 2.1318129389473910e+01 1.0403444488724420e+01 4.4021830201924228e+00 7.7330221183183978e+00 -8.1535822057158569e-01 1.0495031000000000e-02 2.2509846000000000e-01
-9.5318731780133170e-02 -8.8046112226884873e+01 3.7352318036013632e-01 1.8801762910922665e+01 7.5387757430776423e+00 4.1363327095042681e+00 7.3441588121851034e+00 -6.6018215243253886e-01 1.0710529999999999e-02 2.3570173000000000e-01
-9.1418038700254403e-02 -8.5870238780737424e+01 3.8238861382019695e-01 1.7002938283460541e+01 4.8481515832782307e+00 3.8810676612035095e+00 6.9825304955858991e+00 -5.3444541748427310e-01 1.0919989999999999e-02 2.4651751000000000e-01
-8.7442940261787561e-02 -8.3847143581895295e+01 3.9142315460096350e-01 1.5822312235323789e+01 2.4077030781461710e+00 3.6356137764911640e+00 6.6477914572210759e+00 -4.3318164000778331e-01 1.1123108000000000e-02 2.5753959999999998e-01
-8.3395777072445484e-02 -8.1968532400294862e+01 4.0062148300629241e-01 1.5158243314107748e+01 2.7307434059108748e-01 3.3992419121427417e+00 6.3391010082367352e+00 -3.5191108482375177e-01 1.1319591000000000e-02 2.6876150999999998e-01
-7.9278990721475609e-02 -8.0226819679013602e+01 4.0997804983080754e-01 1.4910052932345248e+01 -1.5194314654274799e+00 3.1712639379281464e+00 6.0552250658442581e+00 -2.8666419753516653e-01 1.1509152000000000e-02 2.8017647000000001e-01
-7.5095127386143393e-02 -7.8615082555521909e+01 4.1948706816314141e-01 1.4980878972395164e+01 -2.9512095257206781e+00 2.9510294537455630e+00 5.7946337484168797e+00 -2.3398899270843196e-01 1.1691511000000000e-02 2.9177742000000001e-01
-7.0846841438215610e-02 -7.7127016342082356e+01 4.2914250518917751e-01 1.5280058047314437e+01 -4.0193907051939419e+00 2.7379226568449595e+00 5.5555927814134796e+00 -1.9094371109524319e-01 1.1866398000000000e-02 3.0355700000000002e-01
-6.6536866592093430e-02 -7.5756883443365552e+01 4.3893814776611645e-01 1.5725018661598416e+01 -4.7346490811997679e+00 2.5313578634828251e+00 5.3362446978799607e+00 -1.5507668802012980e-01 1.2033550000000000e-02 3.1550762999999998e-01
-6.2168041150195918e-02 -7.4499486605362605e+01 4.4886754504516768e-01 1.6242690847903400e+01 -5.1188416019911367e+00 2.3307779913091475e+00 5.1346842046003465e+00 -1.2439650419625091e-01 1.2192715000000000e-02 3.2762143999999999e-01
-5.7743289970543316e-02 -7.3350130818172246e+01 4.5892404945534143e-01 1.6770412841256750e+01 -5.2026202235296530e+00 2.1356510154680959e+00 4.9490197577134198e+00 -9.7333527694961175e-02 1.2343646000000000e-02 3.3989032000000002e-01
-5.3265628073240312e-02 -7.2304595468276915e+01 4.6910080850668989e-01 1.7256390153972312e+01 -5.0230728966734786e+00 1.9454676585735791e+00 4.7774260473895476e+00 -7.2696515416343921e-02 1.2486109000000000e-02 3.5230591000000000e-01
-4.8738146214542533e-02 -7.1359105780044459e+01 4.7939079757734099e-01 1.7659745696405516e+01 -4.6214911286954088e+00 1.7597384361720909e+00 4.6181844375187486e+00 -4.9624718735613062e-02 1.2619877000000000e-02 3.6485963999999999e-01
-4.4164021706306678e-02 -7.0510313290375777e+01 4.8978679532322306e-01 1.7950179040172166e+01 -4.0413038960999490e+00 1.5779918965568749e+00 4.4697142935583649e+00 -2.7539290860979587e-02 1.2744734000000001e-02 3.7754270000000001e-01
-3.9546507596540437e-02 -6.9755274112446997e+01 5.0028140826834000e-01 1.8107357928744872e+01 -3.3262400790438438e+00 1.3997720468554324e+00 4.3305930460593496e+00 -6.0947264753978755e-03 1.2860473000000001e-02 3.9034606999999999e-01
-3.4888925456435710e-02 -6.9091431481178091e+01 5.1086708719828766e-01 1.8120045693630104e+01 -2.5187504301651802e+00 1.2246360398630651e+00 4.1995681815662511e+00 1.4868142448070781e-02 1.2966896000000000e-02 4.0326054000000000e-01
-3.0194672593335331e-02 -6.8516603231691946e+01 5.2153611076673734e-01 1.7985049067830261e+01 -1.6586986904269860e+00 1.0521525013661406e+00 4.0755606726404032e+00 3.5365780316349821e-02 1.3063819000000001e-02 4.1627669000000000e-01
-2.5467200411832785e-02 -6.8028967722550746e+01 5.3228063467598608e-01 1.7706052276156623e+01 -7.8234374582539978e-01 8.8189879413410388e-01 3.9576623976041843e+00 5.5312011438581915e-02 1.3151064000000001e-02 4.2938494999999999e-01
-2.0710036052672548e-02 -6.7627057735163618e+01 5.4309264249640599e-01 1.7292400141410738e+01 7.8408291275582673e-02 7.1345996189808680e-01 3.8451280693475818e+00 7.4552649472744231e-02 1.3228465999999999e-02 4.4257553999999999e-01
-1.5926753540883049e-02 -6.7309751104351193e+01 5.5396401124051131e-01 1.6757858218549689e+01 8.9646899925128698e-01 5.4642582159731168e-01 3.7373624893469044e+00 9.2896660323694064e-02 1.3295871000000001e-02 4.5583855000000001e-01
-1.1120988211710064e-02 -6.7076268327468412e+01 5.6488647857592478e-01 1.6119421712183023e+01 1.6498196806538723e+00 3.8038965466393426e-01 3.6339044073324032e+00 1.1014037600217255e-01 1.3353135000000000e-02 4.6916390000000002e-01
-6.2964186782000220e-03 -6.6926170101966733e+01 5.7585168380916973e-01 1.5396189729162620e+01 2.3215262492147981e+00 2.1494572072477114e-01 3.5344116937909980e+00 1.2608786777410194e-01 1.3400123999999999e-02 4.8254139000000001e-01
-1.4567740441665811e-03 -6.6859358421133820e+01 5.8685115149215306e-01 1.4608353310517087e+01 2.8995794799529415e+00 4.9687642555758860e-02 3.4386399816181328e+00 1.4056581370471660e-01 1.3436718000000000e-02 4.9596067999999999e-01
3.3941805217428123e-03 -6.6876080406389448e+01 5.9787632420919845e-01 1.3776253252675463e+01 3.3765925499996894e+00 -1.1579399272735458e-01 3.3464264180003944e+00 1.5343428434324408e-01 1.3462807000000000e-02 5.0941133000000005e-01
8.2526293601133394e-03 -6.6976933932617953e+01 6.0891852979001304e-01 1.2919717662665336e+01 3.7493693044315757e+00 -2.8191310860190200e-01 3.2576715754376302e+00 1.6459343265558132e-01 1.3478291000000000e-02 5.2288276000000000e-01
1.3114738779113344e-02 -6.7162876759552759e+01 6.1996905508051303e-01 1.2057334378104017e+01 4.0184119342333933e+00 -4.4909128706946433e-01 3.1723227892329873e+00 1.7398650020754877e-01 1.3483083000000000e-02 5.3636434000000000e-01
1.7976639022077356e-02 -6.7435238905119490e+01 6.3101910495903102e-01 1.1206029227123071e+01 4.1873624017783673e+00 -6.1775930493311515e-01 3.0903596990923772e+00 1.8160132488573180e-01 1.3477108000000000e-02 5.4984533999999996e-01
2.2834431480472955e-02 -6.7795736826603445e+01 6.4205981872983320e-01 1.0380708379163607e+01 4.2624291180167235e+00 -7.8835961349541384e-01 3.0117810278691874e+00 1.8746230464242850e-01 1.3460300999999999e-02 5.6331494999999998e-01
2.7684199513350716e-02 -6.8246492641486597e+01 6.5308229471339441e-01 9.5940407466042075e+00 4.2518149660991851e+00 -9.6134912070856027e-01 2.9365938093254509e+00 1.9163861250127071e-01 1.3432611000000001e-02 5.7676231000000000e-01
3.2522015660311099e-02 -6.8790056871205508e+01 6.6407760663991422e-01 8.8563503762797549e+00 4.1651668576212781e+00 -1.1372020193171801e+00 2.8648042440039339e+00 1.9422713450925697e-01 1.3393997000000000e-02 5.9017653000000003e-01
3.7343930822054366e-02 -6.9429433184437201e+01 6.7503677905904258e-01 8.1756058422201630e+00 4.0130573145767698e+00 -1.3164121687845611e+00 2.7964110528981654e+00 1.9535258365600053e-01 1.3344429999999999e-02 6.0354666000000001e-01
4.2145988686313918e-02 -7.0168110108590142e+01 6.8595082012691289e-01 7.5574985935229630e+00 3.8065342446947934e+00 -1.4994965906863258e+00 2.7314004802645160e+00 1.9516029880150157e-01 1.3283893999999999e-02 6.1686173000000000e-01
4.6924240153790014e-02 -7.1010098569472945e+01 6.9681075439317475e-01 7.0055814413157727e+00 3.5567047823353315e+00 -1.6869993083379931e+00 2.6697425767853837e+00 1.9380993363136298e-01 1.3212384000000001e-02 6.3011079000000003e-01
5.1674721699249304e-02 -7.1959969395002886e+01 7.0760757362044502e-01 6.5214516643059044e+00 3.2743977835332676e+00 -1.8794940905199038e+00 2.6113900739024269e+00 1.9146937252353080e-01 1.3129907000000000e-02 6.4328284999999996e-01
5.6393480616908659e-02 -7.3022904108838233e+01 7.1833229416161548e-01 6.1049758740788604e+00 2.9698843300507853e+00 -2.0775893558787044e+00 2.5562773819615412e+00 1.8830950188412252e-01 1.3036481000000001e-02 6.5636695000000000e-01
6.1076578626918426e-02 -7.4204750278886223e+01 7.2897596515661056e-01 5.7545367131140921e+00 2.6526616874944282e+00 -2.2819327197721102e+00 2.5043208971022990e+00 1.8449919073683271e-01 1.2932137999999999e-02 6.6935217000000002e-01
6.5720081055912316e-02 -7.5512080742627759e+01 7.3952964394211373e-01 5.4672810228964748e+00 2.3312968085115346e+00 -2.4932153662983398e+00 2.4554213255103745e+00 1.8020114872660270e-01 1.2816919000000000e-02 6.8222760000000005e-01
7.0320078475907655e-02 -7.6952269849620663e+01 7.4998444523211583e-01 5.2393717659601871e+00 2.0133227112743799e+00 -2.7121783823345029e+00 2.4094646889904481e+00 1.7556855667164137e-01 1.2690879000000000e-02 6.9498240000000000e-01
7.4872679491338801e-02 -7.8533573104240375e+01 7.6033152472440024e-01 5.0662325336411440e+00 1.7051854786018719e+00 -2.9396184957243907e+00 2.3663251867072614e+00 1.7074243400356068e-01 1.2554085000000000e-02 7.0760577999999996e-01
7.9374014345540311e-02 -8.0265221041338464e+01 7.7056208729729958e-01 4.9427685297521062e+00 1.4122324684731311e+00 -3.1763949854915587e+00 2.3258676837880063e+00 1.6584956826870295e-01 1.2406611999999999e-02 7.2008700999999997e-01
8.3820252953163810e-02 -8.2157532286143436e+01 7.8066742799348776e-01 4.8635746875628927e+00 1.1387343486183334e+00 -3.4234382695590666e+00 2.2879503703647370e+00 1.6100152514206459e-01 1.2248551000000000e-02 7.3241546999999996e-01
8.8207594080728091e-02 -8.4222033481734712e+01 7.9063890742970577e-01 4.8231149583093940e+00 8.8793160765843326e-01 -3.6817580149053071e+00 2.2524274615457252e+00 1.5629394631486973e-01 1.2080001999999999e-02 7.4458062000000003e-01
9.2532272559585682e-02 -8.6471602987303029e+01 8.0046796819027688e-01 4.8158763229948010e+00 6.6211530567114407e-01 -3.9524533248519140e+00 2.2191517970791370e+00 1.5180643313199133e-01 1.1901076999999999e-02 7.5657202000000001e-01
9.6790566498889619e-02 -8.8920634405793791e+01 8.1014615122062494e-01 4.8365045383546637e+00 4.6270762534202459e-01 -4.2367243162450574e+00 2.1879769269842262e+00 1.4760301947969107e-01 1.1711898000000000e-02 7.6837935000000002e-01
1.0097880810504373e-01 -9.1585236227729766e+01 8.1966512041754802e-01 4.8798962035542353e+00 2.9036577509782679e-01 -4.5358856880756093e+00 2.1587593447590523e+00 1.4373282175952717e-01 1.1512599000000000e-02 7.7999244000000001e-01
1.0509336564928545e-01 -9.4483436506384862e+01 8.2901662164542711e-01 4.9412903595983853e+00 1.4507594591321871e-01 -4.8513801096310267e+00 2.1313602082706544e+00 1.4023118410816657e-01 1.1303326000000001e-02 7.9140122000000002e-01
1.0913067953252004e-01 -9.7635453894422881e+01 8.3819256470380976e-01 5.0163193157889676e+00 2.6262970558564001e-02 -5.1847977454487904e+00 2.1056466358408894e+00 1.3712083846770312e-01 1.1084235000000000e-02 8.0259581999999996e-01
1.1308722982696967e-01 -1.0106397968375498e+02 8.4718494955658485e-01 5.1010472856043654e+00 -6.7109716247725326e-02 -5.5378933410230129e+00 2.0814930535799832e+00 1.3441323218466572e-01 1.0855490000000001e-02 8.1356647999999998e-01
1.1695956873452429e-01 -1.0479453575337534e+02 8.5598594010280760e-01 5.1919907970155919e+00 -1.3644524229105498e-01 -5.9126111393669021e+00 2.0587819308376227e+00 1.3210996666854444e-01 1.0617270000000000e-02 8.2430364000000000e-01
1.2074431337377456e-01 -1.0885587809062767e+02 8.6458784778318254e-01 5.2861220572279688e+00 -1.8342358553328456e-01 -6.3111113097067175e+00 2.0374042666625574e+00 1.3020439863534616e-01 1.0369760000000000e-02 8.3479791999999997e-01
1.2443814938649533e-01 -1.1328047330231118e+02 8.7298313977682218e-01 5.3808635773240834e+00 -2.0992060519281236e-01 -6.7358007049133004e+00 2.0172600947609189e+00 1.2868315898125471e-01 1.0113159000000000e-02 8.4504013000000000e-01
1.2803783454412909e-01 -1.1810506187670677e+02 8.8116444719800513e-01 5.4740683955914715e+00 -2.1793440114786086e-01 -7.1893697453343890e+00 1.9982583889885019e+00 1.2752670891459592e-01 9.8476710000000005e-03 8.5502127999999999e-01
1.3154019874778583e-01 -1.2337132160429891e+02 8.8912456509617677e-01 5.5639925179673027e+00 -2.0952869378870451e-01 -7.6748351988390784e+00 1.9803172238642648e+00 1.2671154664035317e-01 9.5735140000000000e-03 8.6473257999999997e-01
1.3494216206066006e-01 -1.2912668661081958e+02 8.9685649343973961e-01 5.6492729240083035e+00 -1.8677318269553878e-01 -8.1955932548384478e+00 1.9633631852214815e+00 1.2621094698296756e-01 9.2909130999999992e-03 8.7416548999999999e-01
1.3824071667561394e-01 -1.3542526956694658e+02 9.0435339613226273e-01 5.7288829318416523e+00 -1.5170413152538087e-01 -8.7554798530292821e+00 1.9473313956694489e+00 1.2599598531999515e-01 9.0001030000000006e-03 8.8331166999999999e-01
1.4143294855407729e-01 -1.4232904782326676e+02 9.1160865019303117e-01 5.8021087210296294e+00 -1.0629213683761558e-01 -9.3588436795716916e+00 1.9321647961856863e+00 1.2603646784748895e-01 8.7013270999999996e-03 8.9216304000000002e-01
1.4451602660659785e-01 -1.4990922813276288e+02 9.1861582116677098e-01 5.8684929732231801e+00 -5.2394012281412293e-02 -1.0010636721497523e+01 1.9178136621359905e+00 1.2630169242422223e-01 8.3948374000000006e-03 9.0071175000000003e-01
1.4748722072525772e-01 -1.5824799315624227e+02 9.2536870410744076e-01 5.9278190583900381e+00 8.2239225179599282e-03 -1.0716524602108034e+01 1.9042351132412074e+00 1.2676119976175859e-01 8.0808944000000001e-03 9.0895022999999997e-01
1.5034388735774040e-01 -1.6744056093234587e+02 9.3186129079119961e-01 5.9800612134959472e+00 7.3942628052679177e-02 -1.1483017108505589e+01 1.8913923438095996e+00 1.2738513137446733e-01 7.7597663000000001e-03 9.1687114999999997e-01
1.5308348393326376e-01 -1.7759782482542789e+02 9.3808780250343782e-01 6.0253612704657638e+00 1.4327702353788477e-01 -1.2317637960132647e+01 1.8792544914891840e+00 1.2814464377811879e-01 7.4317293999999999e-03 9.2446746000000002e-01
1.5570357246906369e-01 -1.8884964056227491e+02 9.4404269823553788e-01 6.0639898452584111e+00 2.1488336905750050e-01 -1.3229132345428210e+01 1.8677951967832478e+00 1.2901286476743692e-01 7.0970672000000004e-03 9.3173240000000002e-01
1.5820181235742742e-01 -2.0134894204786701e+02 9.4972065829135599e-01 6.0963211200957836e+00 2.8755708516742723e-01 -1.4227730044814534e+01 1.8569928846318580e+00 1.2996372257667740e-01 6.7560703000000000e-03 9.3865947999999999e-01
1.6057597839811022e-01 -2.1527714562463859e+02 9.5511662527101460e-01 6.1228107375646044e+00 3.6023332835796606e-01 -1.5325490010132809e+01 1.8468296971344897e+00 1.3097351639740687e-01 6.4090362999999996e-03 9.4524253000000003e-01
1.6282393915943510e-01 -2.3085095249187725e+02 9.6022575489035211e-01 6.1439632315151034e+00 4.3197740167321624e-01 -1.6536731635963633e+01 1.8372912421641003e+00 1.3202049872487573e-01 6.0562691999999996e-03 9.5147563999999996e-01
1.6494369304312700e-01 -2.4833171471376207e+02 9.6504349794850630e-01 6.1603261786463737e+00 5.0197814818904074e-01 -1.7878636736683511e+01 1.8283659074343819e+00 1.3308460628619151e-01 5.6980790999999996e-03 9.5735325999999998e-01
1.6693333221947843e-01 -2.6803746919396400e+02 9.6956551836033045e-01 6.1724614505745947e+00 5.6953700692745957e-01 -1.9372013981805459e+01 1.8200446581917915e+00 1.3414767209261189e-01 5.3347821999999998e-03 9.6287009999999995e-01
1.6879107869218368e-01 -2.9036006427878436e+02 9.7378777512397785e-01 6.1809374484972546e+00 6.3406197608167747e-01 -2.1042398056103210e+01 1.8123204097175454e+00 1.3519375352371943e-01 4.9667000000000001e-03 9.6802122999999995e-01
1.7051525905295495e-01 -3.1578852776247061e+02 9.7770646494359226e-01 6.1863140082433139e+00 6.9505464078570356e-01 -2.2921547353764037e+01 1.8051878693531549e+00 1.3620836200540073e-01 4.5941591999999996e-03 9.7280200999999999e-01
1.7210433333338954e-01 -3.4494344924275623e+02 9.8131808780337493e-01 6.1891332838116702e+00 7.5210082138263401e-01 -2.5049656397850942e+01 1.7986431218997820e+00 1.3717957848960372e-01 4.2174915999999996e-03 9.7720817000000004e-01
1.7355686615310262e-01 -3.7862706399828664e+02 9.8461938139351846e-01 6.1899099957460333e+00 8.0485972649531246e-01 -2.7478580661434595e+01 1.7926833826042130e+00 1.3809432334524691e-01 3.8370333000000002e-03 9.8123572999999997e-01
1.7487155557159451e-01 -4.1790166654704166e+02 9.8760738668427250e-01 6.1891286751523795e+00 8.5305471680864364e-01 -3.0276902623010951e+01 1.7873067201928809e+00 1.3894495294127820e-01 3.4531249000000000e-03 9.8488107999999996e-01
1.7604722226880032e-01 -4.6421522056317991e+02 9.9027942333566954e-01 6.1872345632765686e+00 8.9646501329719563e-01 -3.3538063183112264e+01 1.7825119407123382e+00 1.3972264092950690e-01 3.0661112999999999e-03 9.8814095000000002e-01
1.7708280233212326e-01 -5.1961536829692079e+02 9.9263307330400807e-01 6.1846319373054381e+00 9.3491470476623739e-01 -3.7394242688866981e+01 1.7782983667375980e+00 1.4042037542122929e-01 2.6763420000000000e-03 9.9101238999999997e-01
1.7797736889533500e-01 -5.8714294941564663e+02 9.9466623002240229e-01 6.1816797751522232e+00 9.6826843581158806e-01 -4.2041953474447730e+01 1.7746657223763298e+00 1.4103230565113764e-01 2.2841723000000002e-03 9.9349282999999999e-01
1.7873012492560886e-01 -6.7162236756735388e+02 9.9637708200726527e-01 6.1786917063596194e+00 9.9642235495468312e-01 -4.7793511846273269e+01 1.7716137937870393e+00 1.4155359450353336e-01 1.8899688000000000e-03 9.9558005999999999e-01
1.7934039961703635e-01 -7.8147452457101565e+02 9.9776410466155152e-01 6.1759318983074971e+00 1.0192990319753574e+00 -5.5195319583713420e+01 1.7691427404248152e+00 1.4198035605307568e-01 1.4941295000000000e-03 9.9727222000000004e-01
1.7980769888139458e-01 -9.3382413701612722e+02 9.9882617502937254e-01 6.1736133943013440e+00 1.0368440853103693e+00 -6.5361540121694247e+01 1.7672524706178883e+00 1.4230957720456433e-01 1.0971916000000000e-03 9.9856794000000004e-01
1.8013184239451463e-01 -1.1753980126568938e+03 9.9956288327281251e-01 6.1719017138036785e+00 1.0490271819098183e+00 -8.1340920101576259e+01 1.7659422210802314e+00 1.4253915814469564e-01 7.0085733000000002e-04 9.9946672000000003e-01
