-4.3598799840386743e-01 -7.5015654869029493e+02 4.3598946755634699e-01 -7.7848503200838934e+02 -2.0431801392453420e+02 4.9069282249196029e+01 -5.0901368925584627e+01 -1.3212863018267313e+01 5.5301730000000003e-06 1.0230946000000001e-06
-4.3597151729971545e-01 -5.5711813734532529e+02 4.3600012783467096e-01 -5.8534390900295114e+02 -2.0430502840216977e+02 3.6584722094842121e+01 -3.8412083939569577e+01 -1.3212278689586787e+01 3.5894988000000002e-05 1.9923924999999999e-05
-4.3591980994159624e-01 -4.6750373886384222e+02 4.3603357309561142e-01 -4.9546277100085086e+02 -2.0426429220307941e+02 3.0786609366899651e+01 -3.2601648180702476e+01 -1.3210445582662006e+01 8.5619985000000003e-05 7.9222864999999994e-05
-4.3581744615477902e-01 -4.0865834836608042e+02 4.3609978385720277e-01 -4.3615849176779068e+02 -2.0418366661446106e+02 2.6976227224338121e+01 -2.8769982083990413e+01 -1.3206817297256020e+01 1.5173507999999999e-04 1.9661552000000001e-04
-4.3565092135777550e-01 -3.6491161920079503e+02 4.3620749512870105e-01 -3.9174633911464252e+02 -2.0405255893165085e+02 2.4140096697632501e+01 -2.5902877188190701e+01 -1.3200916729864687e+01 2.3255418000000001e-04 3.8758918999999998e-04
-4.3540795346014699e-01 -3.3020037187302262e+02 4.3636465118988677e-01 -3.5615644256418011e+02 -2.0386138527364841e+02 2.1886097221028557e+01 -2.3607837647950042e+01 -1.3192311741632833e+01 3.2689763000000001e-04 6.6622920000000002e-04
-4.3507716293385640e-01 -3.0153234218286980e+02 4.3657861252674146e-01 -3.2639488886995883e+02 -2.0360133713406282e+02 2.0020749447975547e+01 -2.1691242025200150e+01 -1.3180604480527226e+01 4.3385032000000002e-04 1.0455858000000000e-03
-4.3464789376571078e-01 -2.7720765572716232e+02 4.3685627164266866e-01 -3.0076373349337211e+02 -2.0326426026815122e+02 1.8434184011311192e+01 -2.0043245725844525e+01 -1.3165424865997805e+01 5.5265518999999999e-04 1.5378795000000000e-03
-4.3411010277722151e-01 -2.5616625915457428e+02 4.3720412464842401e-01 -2.7820753820375484e+02 -2.0284258838633124e+02 1.7057930831539920e+01 -1.8595528783597469e+01 -1.3146430923468250e+01 6.8265765000000004e-04 2.1546280000000000e-03
-4.3345428488738852e-01 -2.3770131005043535e+02 4.3762831960350751e-01 -2.5802613820234279e+02 -2.0232930583442084e+02 1.5846376043356253e+01 -1.7302726199385909e+01 -1.3123301602931807e+01 8.2327310000000005e-04 2.9067318999999999e-03
-4.3267142218919813e-01 -2.2131702094294198e+02 4.3813468945441231e-01 -2.3973204935888288e+02 -2.0171792913334551e+02 1.4767565490051362e+01 -1.6133208301170320e+01 -1.3095739384603860e+01 9.7396649000000004e-04 3.8045331000000002e-03
-4.3175294671617165e-01 -2.0665150800976045e+02 4.3872877611789907e-01 -2.2297298236566104e+02 -2.0100250806956888e+02 1.3798210260902104e+01 -1.5064074261037078e+01 -1.3063468677190352e+01 1.1342389000000000e-03 4.8578574999999999e-03
-4.3069071323665853e-01 -1.9343197935424180e+02 4.3941584807814255e-01 -2.0748677112026567e+02 -2.0017759075896643e+02 1.2920786160722324e+01 -1.4078238068613306e+01 -1.3026235746051563e+01 1.3036180000000001e-03 6.0760461999999999e-03
-4.2947697954713882e-01 -1.8144725632054175e+02 4.4020091313338267e-01 -1.9307368637286802e+02 -1.9923828101499291e+02 1.2121754337411096e+01 -1.3162640100747863e+01 -1.2983808725945609e+01 1.4816515000000000e-03 7.4679780999999997e-03
-4.2810439051502930e-01 -1.7053014631694211e+02 4.4108872871732790e-01 -1.7957863459300833e+02 -1.9818021071338410e+02 1.1390419517710445e+01 -1.2307097440204242e+01 -1.2935977766793828e+01 1.6679024999999999e-03 9.0420881999999994e-03
-4.2656596726615958e-01 -1.6054573482167905e+02 4.4208380889289306e-01 -1.6687930650462394e+02 -1.9699955771648160e+02 1.0718171457476380e+01 -1.1503538867841311e+01 -1.2882555327081450e+01 1.8619452999999999e-03 1.0806380000000001e-02
-4.2485509715702702e-01 -1.5138334011844140e+02 4.4319043083832677e-01 -1.5487800554410856e+02 -1.9569305569451706e+02 1.0097963548513992e+01 -1.0745477714611996e+01 -1.2823378446114278e+01 2.0633631000000000e-03 1.2768437000000001e-02
-4.2296552915331498e-01 -1.4295086522942330e+02 4.4441263783647078e-01 -1.4349589461543633e+02 -1.9425800489249008e+02 9.5239466903652374e+00 -1.0027641037840281e+01 -1.2758301079020379e+01 2.2717459999999998e-03 1.4935428000000001e-02
-4.2089136606929028e-01 -1.3517070216018547e+02 4.4575424429445842e-01 -1.3266879959794815e+02 -1.9269227333994448e+02 8.9912037489071768e+00 -9.3456996045294325e+00 -1.2687206438227451e+01 2.4866887000000002e-03 1.7314116000000001e-02
-4.1862706474219885e-01 -1.2797674532226628e+02 4.4721883563091269e-01 -1.2234414412310544e+02 -1.9099433070264803e+02 8.4955560133063237e+00 -8.6960707740559613e+00 -1.2609999309504001e+01 2.7077901999999999e-03 1.9910858000000000e-02
-4.1616742644051014e-01 -1.2131211927592419e+02 4.4880977448006831e-01 -1.1247858905800113e+02 -1.8916321415246711e+02 8.0334157678781999e+00 -8.0757671847118218e+00 -1.2526608080321832e+01 2.9346520999999999e-03 2.2731616000000000e-02
-4.1350760209578380e-01 -1.1512749052055428e+02 4.5053019730770516e-01 -1.0303627675908730e+02 -1.8719856126476247e+02 7.6016770106120717e+00 -7.4822848123411205e+00 -1.2436987056622947e+01 3.1668782999999998e-03 2.5781951000000001e-02
-4.1064308707080288e-01 -1.0937973129215844e+02 4.5238301779521473e-01 -9.3987454942016001e+01 -1.8510060236355611e+02 7.1976288892722495e+00 -6.9135133601514855e+00 -1.2341108805474388e+01 3.4040742000000001e-03 2.9067029000000001e-02
-4.0756971767166306e-01 -1.0403088104986730e+02 4.5437092909564480e-01 -8.5307332165469973e+01 -1.8287015779800620e+02 6.8188890006808336e+00 -6.3676660947288841e+00 -1.2238971879718269e+01 3.6458464000000000e-03 3.2591624999999999e-02
-4.0428367637963891e-01 -9.9047337136720145e+01 4.5649640044963269e-01 -7.6975229969893689e+01 -1.8050863816269879e+02 6.4633487104845075e+00 -5.8432258991063133e+00 -1.2130608002019832e+01 3.8918026000000000e-03 3.6360116999999997e-02
-4.0078148487536180e-01 -9.4399185560642138e+01 4.5876168169749415e-01 -6.8973889488791158e+01 -1.7801803259461548e+02 6.1291336696637178e+00 -5.3388986526169422e+00 -1.2016061364796856e+01 4.1415510999999999e-03 4.0376493999999999e-02
-3.9706000665475338e-01 -9.0059674238382499e+01 4.6116880158718998e-01 -6.1288858356598361e+01 -1.7540090081163393e+02 5.8145672819591079e+00 -4.8535781432487264e+00 -1.1895403318316909e+01 4.3947007000000003e-03 4.4644352999999998e-02
-3.9311644702902548e-01 -8.6004777478464177e+01 4.6371956777432599e-01 -5.3908020342022034e+01 -1.7266035984799080e+02 5.5181433623964535e+00 -4.3863157432417355e+00 -1.1768728246237654e+01 4.6508610999999997e-03 4.9166899000000000e-02
-3.8894834963676878e-01 -8.2212833291928206e+01 4.6641556907819764e-01 -4.6821205753087661e+01 -1.6980006571609201e+02 5.2385028323903260e+00 -3.9362949823026634e+00 -1.1636152934683338e+01 4.9096423000000002e-03 5.3946949000000001e-02
-3.8455360080384210e-01 -7.8664249546038278e+01 4.6925817266173431e-01 -4.0019833606793568e+01 -1.6682419684915988e+02 4.9744149207027304e+00 -3.5028118799867585e+00 -1.1497816118600932e+01 5.1706551000000002e-03 5.8986927000000001e-02
-3.7993042169557217e-01 -7.5341246436509707e+01 4.7224852910759935e-01 -3.3496643043438809e+01 -1.6373742651999964e+02 4.7247606910081279e+00 -3.0852557036502102e+00 -1.1353877512178700e+01 5.4335110000000002e-03 6.4288872999999996e-02
-3.7507737616455356e-01 -7.2227652126147632e+01 4.7538756734209003e-01 -2.7245435172913638e+01 -1.6054490285267650e+02 4.4885200744000429e+00 -2.6830966977735060e+00 -1.1204517227751980e+01 5.6978226000000002e-03 6.9854434000000007e-02
-3.6999336203087108e-01 -6.9308716018178643e+01 4.7867600027524881e-01 -2.1260865130032645e+01 -1.5725221509559648e+02 4.2647599823829969e+00 -2.2958695874595358e+00 -1.1049934573247759e+01 5.9632034000000004e-03 7.5684873999999999e-02
-3.6467761544198851e-01 -6.6570959149319208e+01 4.8211432198080750e-01 -1.5538266285623667e+01 -1.5386536621155190e+02 4.0526245567245969e+00 -1.9231660642981048e+00 -1.0890347248704991e+01 6.2292681999999997e-03 8.1781068999999998e-02
-3.5912970738483752e-01 -6.4002038759476221e+01 4.8570280995223203e-01 -1.0073488958840798e+01 -1.5039073724315708e+02 3.8513278227652594e+00 -1.5646237065090511e+00 -1.0725990013048309e+01 6.4956331999999999e-03 8.8143510999999994e-02
-3.5334954368581789e-01 -6.1590634216298028e+01 4.8944152510272221e-01 -4.8627780196369468e+00 -1.4683505357834179e+02 3.6601447244274605e+00 -1.2199181865726314e+00 -1.0557113601354374e+01 6.7619166000000000e-03 9.4772308000000000e-02
-3.4733735977893038e-01 -5.9326344929393485e+01 4.9333031514927844e-01 9.7386460866471139e-02 -1.4320534362073039e+02 3.4784059278853237e+00 -8.8875591695471068e-01 -1.0383983359645542e+01 7.0277381999999996e-03 1.0166719000000000e-01
-3.4109371983379944e-01 -5.7199603499274204e+01 4.9736881517671294e-01 4.8103330581018851e+00 -1.3950890197457721e+02 3.3054920879594252e+00 -5.7086817213159546e-01 -1.0206877794869056e+01 7.2927204000000001e-03 1.0882751000000000e-01
-3.3461952896336167e-01 -5.5201602643947105e+01 5.0155643974149411e-01 9.2793116442655617e+00 -1.3575325563565340e+02 3.1408293991199763e+00 -2.6600621888574005e-01 -1.0026087615169990e+01 7.5564877000000004e-03 1.1625223000000000e-01
-3.2791600793651055e-01 -5.3324219072800915e+01 5.0589239922806850e-01 1.3507577442897185e+01 -1.3194610961900830e+02 2.9838846943396780e+00 2.6065061080702723e-02 -9.8419136264852387e+00 7.8186677999999999e-03 1.2393994999999999e-01
-3.2098469143414077e-01 -5.1559954625083385e+01 5.1037570097688367e-01 1.7498463560758363e+01 -1.2809528890776895e+02 2.8341618449721748e+00 3.0556750413651396e-01 -9.6546654023587966e+00 8.0788911000000008e-03 1.3188891000000000e-01
-3.1382745420848157e-01 -4.9901889749104157e+01 5.1500513236405399e-01 2.1255337034268614e+01 -1.2420877930235078e+02 2.6911990127973109e+00 5.7271922799954589e-01 -9.4646599304595078e+00 8.3367917000000003e-03 1.4009695999999999e-01
-3.0644647620398546e-01 -4.8343626718216889e+01 5.1977928336180601e-01 2.4781848837732177e+01 -1.2029456492573721e+02 2.5545649740127696e+00 8.2773143839177565e-01 -9.2722200961655084e+00 8.5920070000000005e-03 1.4856159999999999e-01
-2.9884425999688402e-01 -4.6879252125932027e+01 5.2469653525825533e-01 2.8081743155736845e+01 -1.1636066547766005e+02 2.4238570507223107e+00 1.0708140485166313e+00 -9.0776731105460762e+00 8.8441787999999997e-03 1.5727996000000000e-01
-2.9102361335563232e-01 -4.5503294426486647e+01 5.2975507193762938e-01 3.1159014800098259e+01 -1.1241507127726429e+02 2.2986976642200547e+00 1.3021774982324141e+00 -8.8813486166435140e+00 9.0929527999999999e-03 1.6624881999999999e-01
-2.8298764924090858e-01 -4.4210690493996019e+01 5.3495287988026752e-01 3.4017896939033648e+01 -1.0846570330441142e+02 2.1787337599622525e+00 1.5220343931630018e+00 -8.6835774930489755e+00 9.3379794999999995e-03 1.7546460999999999e-01
-2.7473977708583669e-01 -4.2996753686190729e+01 5.4028775380273164e-01 3.6662875781185619e+01 -1.0452036154488758e+02 2.0636333273716190e+00 1.7306010768266613e+00 -8.4846900554741573e+00 9.5789143999999993e-03 1.8492342000000001e-01
-2.6628372895531949e-01 -4.1857149545902487e+01 5.4575727973747301e-01 3.9098700547195875e+01 -1.0058675628490428e+02 1.9530847404179015e+00 1.9280980493450828e+00 -8.2850154000512415e+00 9.8154178999999998e-03 1.9462097000000000e-01
-2.5762351594714972e-01 -4.0787863994782541e+01 5.5135886323338812e-01 4.1330398126147514e+01 -9.6672343113210772e+01 1.8467944461551025e+00 2.1147518928592004e+00 -8.0848789823656002e+00 1.0047156000000000e-02 2.0455266000000000e-01
-2.4876341947223241e-01 -3.9785180531628320e+01 5.5708973499592940e-01 4.3363216124357038e+01 -9.2784389913409115e+01 1.7444854898427935e+00 2.2907958985153685e+00 -7.8846012436987456e+00 1.0273801000000001e-02 2.1471357999999999e-01
-2.3970803485347347e-01 -3.8845665079310933e+01 5.6294692268655000e-01 4.5202699171888170e+01 -8.8929954943802798e+01 1.6458967334564407e+00 2.4564696272207485e+00 -7.6844973105046375e+00 1.0495031000000000e-02 2.2509846000000000e-01
-2.3046221900711339e-01 -3.7966140400658212e+01 5.6892728476336996e-01 4.6854644683219263e+01 -8.5115752421727024e+01 1.5507810385752969e+00 2.6120196074622513e+00 -7.4848751422334923e+00 1.0710529999999999e-02 2.3570173000000000e-01
-2.2103109916250466e-01 -3.7143671175334312e+01 5.7502750484106557e-01 4.8325028881963625e+01 -8.1348251914721388e+01 1.4589042970788579e+00 2.7576997250668143e+00 -7.2860337782149385e+00 1.0919989999999999e-02 2.4651751000000000e-01
-2.1142008158188974e-01 -3.6375548977279834e+01 5.8124408605075817e-01 4.9620059316455972e+01 -7.7633568345906781e+01 1.3700445061062956e+00 2.8937710738538884e+00 -7.0882635569348995e+00 1.1123108000000000e-02 2.5753959999999998e-01
-2.0163482540106753e-01 -3.5659275976772300e+01 5.8757336796034698e-01 5.0746228223958092e+01 -7.3977474234057752e+01 1.2839905672984877e+00 3.0205009300269463e+00 -6.8918441732583187e+00 1.1319591000000000e-02 2.6876150999999998e-01
-1.9168123390961567e-01 -3.4992552261368736e+01 5.9401153221462111e-01 5.1710099249591529e+01 -7.0385372494224370e+01 1.2005413724372109e+00 3.1381636760628897e+00 -6.6970438869863420e+00 1.1509152000000000e-02 2.8017647000000001e-01
-1.8156546327066836e-01 -3.4373264949024680e+01 6.0055459689514745e-01 5.2518421674143305e+01 -6.6862288044156756e+01 1.1195050754611018e+00 3.2470392909008643e+00 -6.5041190485248297e+00 1.1691511000000000e-02 2.9177742000000001e-01
-1.7129393124069398e-01 -3.3799478084613810e+01 6.0719841088016024e-01 5.3178071723816650e+01 -6.3412859835210625e+01 1.0406983896276372e+00 3.3474130258720618e+00 -6.3133137577443081e+00 1.1866398000000000e-02 3.0355700000000002e-01
-1.6087324741127285e-01 -3.3269419355771227e+01 6.1393869896544961e-01 5.3696024887658076e+01 -6.0041310769744989e+01 9.6394534415208377e-01 3.4395753200608965e+00 -6.1248576827558550e+00 1.2033550000000000e-02 3.1550762999999998e-01
-1.5031027424754173e-01 -3.2781474672592275e+01 6.2077102238358406e-01 5.4079337807809935e+01 -5.6751464958902673e+01 8.8907710624856806e-01 3.5238204426777853e+00 -5.9389676167568695e+00 1.2192715000000000e-02 3.2762143999999999e-01
-1.3961208348930487e-01 -3.2334181811690570e+01 6.2769080700446578e-01 5.4335108930267403e+01 -5.3546731668302883e+01 8.1593101063342122e-01 3.6004460978430197e+00 -5.7558457391144717e+00 1.2343646000000000e-02 3.3989032000000002e-01
-1.2878596487081173e-01 -3.1926218550720638e+01 6.3469333769521907e-01 5.4470477959381498e+01 -5.0430110556195075e+01 7.4435004316803099e-01 3.6697525051910231e+00 -5.5756797980553729e+00 1.2486109000000000e-02 3.5230591000000000e-01
-1.1783939124164583e-01 -3.1556399491322335e+01 6.4177378088063619e-01 5.4492516519406443e+01 -4.7404188140633828e+01 6.7418203238587671e-01 3.7320417754330326e+00 -5.3986425681550791e+00 1.2619877000000000e-02 3.6485963999999999e-01
-1.0678004472605812e-01 -3.1223671728838653e+01 6.4892716762284230e-01 5.4408362623232634e+01 -4.4471142582246109e+01 6.0527928828363908e-01 3.7876168926924159e+00 -5.2248922011242653e+00 1.2744734000000001e-02 3.7754270000000001e-01
-9.5615790563633618e-02 -3.0927106275984521e+01 6.5614841054163009e-01 5.4225033057849494e+01 -4.1632757644095051e+01 5.3749790082515125e-01 3.8367809610168639e+00 -5.0545719405694260e+00 1.2860473000000001e-02 3.9034606999999999e-01
-8.4354659669735599e-02 -3.0665898925074416e+01 6.6343231509468104e-01 5.3949481933246297e+01 -3.8890429065914034e+01 4.7069712705812461e-01 3.8798364559849285e+00 -4.8878100740936743e+00 1.2966896000000000e-02 4.0326054000000000e-01
-7.3004866075061514e-02 -3.0439364108362884e+01 6.7077356829734402e-01 5.3588562234509169e+01 -3.6245171194516182e+01 4.0473901188971806e-01 3.9170843016706396e+00 -4.7247204206711926e+00 1.3063819000000001e-02 4.1627669000000000e-01
-6.1574754606975923e-02 -3.0246932628849009e+01 6.7816677256330116e-01 5.3149001183212064e+01 -3.3697628791465135e+01 3.3948763062603127e-01 3.9488232413514015e+00 -4.5654019298253212e+00 1.3151064000000001e-02 4.2938494999999999e-01
-5.0072853208177337e-02 -3.0088150665851426e+01 6.8560641186390192e-01 5.2637383331539510e+01 -3.1248103053988793e+01 2.7480878439397416e-01 3.9753487945321981e+00 -4.4099399673459541e+00 1.3228465999999999e-02 4.4257553999999999e-01
-3.8507803178475908e-02 -2.9962677536356960e+01 6.9308689684905123e-01 5.2060130089067506e+01 -2.8896554611180029e+01 2.1056927035395190e-01 3.9969528816948596e+00 -4.2584054242750460e+00 1.3295871000000001e-02 4.5583855000000001e-01
-2.6888394053904474e-02 -2.9870285797689935e+01 7.0060254228676555e-01 5.1423483839072780e+01 -2.6642629828270014e+01 1.4663652551277684e-01 4.0139221397091003e+00 -4.1108562668384607e+00 1.3353135000000000e-02 4.6916390000000002e-01
-1.5223520007829727e-02 -2.9810860929130154e+01 7.0814759526372817e-01 5.0733491690096947e+01 -2.4485672523360250e+01 8.2877888545247247e-02 4.0265412118892305e+00 -3.9673372271016731e+00 1.3400123999999999e-02 4.8254139000000001e-01
-3.5221972905075116e-03 -2.9784402386550685e+01 7.1571622390506695e-01 4.9995993339939488e+01 -2.2424747866351844e+01 1.9160253028682517e-02 4.0350844686415099e+00 -3.8278807030945363e+00 1.3436718000000000e-02 4.9596067999999999e-01
8.2064706500282192e-03 -2.9791025007266086e+01 7.2330253993479920e-01 4.9216607769311906e+01 -2.0458660663947846e+01 -4.4650684388123585e-02 4.0398229172005271e+00 -3.6925069983960901e+00 1.3462807000000000e-02 5.0941133000000005e-01
1.9953258288853803e-02 -2.9830961225462254e+01 7.3090057611538639e-01 4.8400726713241760e+01 -1.8585972189083943e+01 -1.0869073719924938e-01 4.0410203551920763e+00 -3.5612254616001109e+00 1.3478291000000000e-02 5.2288276000000000e-01
3.1708896502156969e-02 -2.9904564186032097e+01 7.3850433700873475e-01 4.7553501610907254e+01 -1.6805025018780249e+01 -1.7309818968906798e-01 4.0389330671698982e+00 -3.4340342689790417e+00 1.3483083000000000e-02 5.3636434000000000e-01
4.3464028968347113e-02 -3.0012311600037769e+01 7.4610777077563961e-01 4.6679841766968401e+01 -1.5113961623002108e+01 -2.3801415966894379e-01 4.0338101920797040e+00 -3.3109216847581666e+00 1.3477108000000000e-02 5.4984533999999996e-01
5.5209229607611265e-02 -3.0154810297636075e+01 7.5370478045600764e-01 4.5784407822661436e+01 -1.3510746846173943e+01 -3.0358329828204544e-01 4.0258925637832679e+00 -3.1918665697565309e+00 1.3460300999999999e-02 5.6331494999999998e-01
6.6935028741247238e-02 -3.0332802087071922e+01 7.6128924088918959e-01 4.4871608723273887e+01 -1.1993185230962341e+01 -3.6995453639147557e-01 4.0154129631950291e+00 -3.0768389968392844e+00 1.3432611000000001e-02 5.7676231000000000e-01
7.8631930531219640e-02 -3.0547170798597492e+01 7.6885500999420353e-01 4.3945597983068453e+01 -1.0558938850685713e+01 -4.3728195805702175e-01 4.0025956951669146e+00 -2.9658006325545005e+00 1.3393997000000000e-02 5.9017653000000003e-01
9.0290386820826019e-02 -3.0798949398200179e+01 7.7639591184940027e-01 4.3010287501145292e+01 -9.2055536714306552e+00 -5.0572530720815667e-01 3.9876564813107400e+00 -2.8587059457178015e+00 1.3344429999999999e-02 6.0354666000000001e-01
1.0190083201380828e-01 -3.1089329636719295e+01 7.8390575925290906e-01 4.2069322336174508e+01 -7.9304733698871281e+00 -5.7545098120324889e-01 3.9708022773963911e+00 -2.7555025357146206e+00 1.3283893999999999e-02 6.1686173000000000e-01
1.1345371795346426e-01 -3.1419672961188883e+01 7.9137837628308116e-01 4.1126107721733511e+01 -6.7310553572011891e+00 -6.4663321633462112e-01 3.9522311667102561e+00 -2.6561315765599791e+00 1.3212384000000001e-02 6.3011079000000003e-01
1.2493946160398006e-01 -3.1791520272357491e+01 7.9880756445782319e-01 4.0183802540201107e+01 -5.6045947940282659e+00 -7.1945458579262778e-01 3.9321329174237225e+00 -2.5605290483807877e+00 1.3129907000000000e-02 6.4328284999999996e-01
1.3634850608887583e-01 -3.2206610108069817e+01 8.0618714221537535e-01 3.9245327730049674e+01 -4.5483356982441263e+00 -7.9410750958178999e-01 3.9106868053506911e+00 -2.4686257147053317e+00 1.3036481000000001e-02 6.5636695000000000e-01
1.4767132941078243e-01 -3.2666889538624957e+01 8.1351095055442202e-01 3.8313368080338030e+01 -3.5594866504241920e+00 -8.7079541398859206e-01 3.8880648599366499e+00 -2.3803484501615899e+00 1.2932137999999999e-02 6.6935217000000002e-01
1.5889841829210860e-01 -3.3174534782763367e+01 8.2077283611375895e-01 3.7390381563967175e+01 -2.6352388685602555e+00 -9.4973383099273945e-01 3.8644293983676081e+00 -2.2956198318338585e+00 1.2816919000000000e-02 6.8222760000000005e-01
1.7002032049370808e-01 -3.3731968259937545e+01 8.2796668501295922e-01 3.6478608671085709e+01 -1.7727766290678602e+00 -1.0311521563399519e+00 3.8399354218818242e+00 -2.2143596353426860e+00 1.2690879000000000e-02 6.9498240000000000e-01
1.8102762737532330e-01 -3.4341886021673616e+01 8.3508641157215158e-01 3.5580077044917573e+01 -9.6929124972021885e-01 -1.1152950883398562e+00 3.8147280422079914e+00 -2.1364849841276432e+00 1.2554085000000000e-02 7.0760577999999996e-01
1.9191098261536388e-01 -3.5007280075162356e+01 8.4212596395213124e-01 3.4696613291236908e+01 -2.2199344539680121e-01 -1.2024244279101259e+00 3.7889445226948371e+00 -2.0619100621990913e+00 1.2406611999999999e-02 7.2008700999999997e-01
2.0266112580979501e-01 -3.5731470469528333e+01 8.4907935235491572e-01 3.3829849151298269e+01 4.7187863612976388e-01 -1.2928213761050542e+00 3.7627139407986672e+00 -1.9905506661587173e+00 1.2248551000000000e-02 7.3241546999999996e-01
2.1326886631280473e-01 -3.6518137275553201e+01 8.5594063210341087e-01 3.2981234335716856e+01 1.1150473599434778e+00 -1.3867885501585679e+00 3.7361578036426168e+00 -1.9223165083973131e+00 1.2080001999999999e-02 7.4458062000000003e-01
2.2372510067635887e-01 -3.7371359169487093e+01 8.6270391492163379e-01 3.2152042493477353e+01 1.7101870573849505e+00 -1.4846525318535686e+00 3.7093886947611576e+00 -1.8571199781375076e+00 1.1901076999999999e-02 7.5657202000000001e-01
2.3402083008975705e-01 -3.8295658146832871e+01 8.6936338021493476e-01 3.1343385716695565e+01 2.2599174825541728e+00 -1.5867669748753948e+00 3.6825136255440309e+00 -1.7948722363262157e+00 1.1711898000000000e-02 7.6837935000000002e-01
2.4414718653896617e-01 -3.9296051321466507e+01 8.7591329199033019e-01 3.0556219870641009e+01 2.7667976053000332e+00 -1.6935159434959417e+00 3.6556311660062746e+00 -1.7354843379547700e+00 1.1512599000000000e-02 7.7999244000000001e-01
2.5409538920773123e-01 -4.0378103840012194e+01 8.8234797065594761e-01 2.9791359582025148e+01 3.2333153443528970e+00 -1.8053171936979513e+00 3.6288333892880855e+00 -1.6788682363076357e+00 1.1303326000000001e-02 7.9140122000000002e-01
2.6385683167535323e-01 -4.1548003186175414e+01 8.8866184942213655e-01 2.9049482306134788e+01 3.6618904070721610e+00 -1.9226272936919193e+00 3.6022056528705493e+00 -1.6249359099881016e+00 1.1084235000000000e-02 8.0259581999999996e-01
2.7342300343868930e-01 -4.2812626999385905e+01 8.9484942354046859e-01 2.8331145021673848e+01 4.0548620704372862e+00 -2.0459455726171685e+00 3.5758271637625345e+00 -1.5736009157521851e+00 1.0855490000000001e-02 8.1356647999999998e-01
2.8278556839015279e-01 -4.4179639694747642e+01 9.0090530106473687e-01 2.7636788765446870e+01 4.4144895704585130e+00 -2.1758206131394795e+00 3.5497710653731565e+00 -1.5247778558243057e+00 1.0617270000000000e-02 8.2430364000000000e-01
2.9193634737815732e-01 -4.5657593423114449e+01 9.0682419157073457e-01 2.6966749229859378e+01 4.7429509176692806e+00 -2.3128565765150153e+00 3.5241045266149085e+00 -1.4783828672308983e+00 1.0369760000000000e-02 8.3479791999999997e-01
3.0086732692689544e-01 -4.7256049315574074e+01 9.1260091179636560e-01 2.6321267994383735e+01 5.0423363354043449e+00 -2.4577210181841882e+00 3.4988898059535716e+00 -1.4343337861932641e+00 1.0113159000000000e-02 8.4504013000000000e-01
3.0957066795611532e-01 -4.8985719969900472e+01 9.1823039128175554e-01 2.5700499866292191e+01 5.3146507454247605e+00 -2.6111532082936142e+00 3.4741836950517055e+00 -1.3925512154375776e+00 9.8476710000000005e-03 8.5502127999999999e-01
3.1803870578112181e-01 -5.0858634717417701e+01 9.2370767236925233e-01 2.5104522587250049e+01 5.5618106990228551e+00 -2.7739759642657158e+00 3.4500382757400874e+00 -1.3529550031801878e+00 9.5735140000000000e-03 8.6473257999999997e-01
3.2626399371166481e-01 -5.2888347331485498e+01 9.2902793840398079e-01 2.4533345372590215e+01 5.7856455727576828e+00 -2.9471075020122455e+00 3.4265010630243751e+00 -1.3154713183906994e+00 9.2909130999999992e-03 8.7416548999999999e-01
3.3423925945305044e-01 -5.5090161654571808e+01 9.3418648553328798e-01 2.3986911256507547e+01 5.9878957375340711e+00 -3.1315761376817806e+00 3.4036153649544536e+00 -1.2800260704064454e+00 9.0001030000000006e-03 8.8331166999999999e-01
3.4195745742480788e-01 -5.7481427585611776e+01 9.3917875654740934e-01 2.3465114677268151e+01 6.1702147906771954e+00 -3.3285390166690321e+00 3.3814204831353916e+00 -1.2465482329480930e+00 8.7013270999999996e-03 8.9216304000000002e-01
3.4941174260135599e-01 -6.0081876813355223e+01 9.4400032395913536e-01 2.2967800919086120e+01 6.3341689159966696e+00 -3.5393031292123149e+00 3.3599520637419955e+00 -1.2149695946404140e+00 8.3948374000000006e-03 9.0071175000000003e-01
3.5659551411089219e-01 -6.2914055133391535e+01 9.4864691820436720e-01 2.2494780314078906e+01 6.4812394823122839e+00 -3.7653527710186747e+00 3.3392422336920067e+00 -1.1852242831234896e+00 8.0808944000000001e-03 9.0895022999999997e-01
3.6350238035628157e-01 -6.6003824609157789e+01 9.5311440508167244e-01 2.2045825355757366e+01 6.6128232068613224e+00 -4.0083809798469829e+00 3.3193200171733457e+00 -1.1572494216458573e+00 7.7597663000000001e-03 9.1687114999999997e-01
3.7012619389416790e-01 -6.9381013480809273e+01 9.5739880831272928e-01 2.1620682888811668e+01 6.7302339766937029e+00 -4.2703310789748148e+00 3.3002115232480618e+00 -1.1309848158971754e+00 7.4317293999999999e-03 9.2446746000000002e-01
3.7646106015475123e-01 -7.3080222820237168e+01 9.6149631518243761e-01 2.1219078471629373e+01 6.8347055959402789e+00 -4.5534464988525949e+00 3.2819401226859823e+00 -1.1063731182381968e+00 7.0970672000000004e-03 9.3173240000000002e-01
3.8250132000223258e-01 -7.7141831463116688e+01 9.6540326525869691e-01 2.0840722114141105e+01 6.9273926262324235e+00 -4.8603359924195324e+00 3.2645260798927187e+00 -1.0833598667489415e+00 6.7560703000000000e-03 9.3865947999999999e-01
3.8824159333370312e-01 -8.1613327233998461e+01 9.6911617859296173e-01 2.0485311774389700e+01 7.0093732116024849e+00 -5.1940571928377164e+00 3.2479885229377334e+00 -1.0618933884468811e+00 6.4090362999999996e-03 9.4524253000000003e-01
3.9367672676047660e-01 -8.6550966219466616e+01 9.7263172187957492e-01 2.0152540815081359e+01 7.0816504540628928e+00 -5.5582217529527362e+00 3.2323437191010354e+00 -1.0419250889958660e+00 6.0562691999999996e-03 9.5147563999999996e-01
3.9880188080586854e-01 -9.2022091127043097e+01 9.7594676485687892e-01 1.9842097886745510e+01 7.1451556403286531e+00 -5.9571435526941903e+00 3.2176061422973188e+00 -1.0234090366551640e+00 5.6980790999999996e-03 9.5735325999999998e-01
4.0361244270741714e-01 -9.8108078048958618e+01 9.7905832390610470e-01 1.9553675925942013e+01 7.2007489725375056e+00 -6.3960255373813117e+00 3.2037886262056050e+00 -1.0063024219202474e+00 5.3347821999999998e-03 9.6287009999999995e-01
4.0810411361466181e-01 -1.0490858593731451e+02 9.8196361845248226e-01 1.9286971216322357e+01 7.2492236459424406e+00 -6.8812317262423850e+00 3.1909023562115113e+00 -9.9056518999524701e-01 4.9667000000000001e-03 9.6802122999999995e-01
4.1227284755069871e-01 -1.1254733199255823e+02 9.8466003148446390e-01 1.9041689694062931e+01 7.2913062536414674e+00 -7.4206549531808879e+00 3.1789571611918150e+00 -9.7616028374214625e-01 4.5941591999999996e-03 9.7280200999999999e-01
4.1611492117040272e-01 -1.2118066056427817e+02 9.8714515467461195e-01 1.8817547530216260e+01 7.3276591850711634e+00 -8.0242689571216008e+00 3.1679614849458488e+00 -9.6305341813928380e-01 4.2174915999999996e-03 9.7720817000000004e-01
4.1962686400220506e-01 -1.3101001813860131e+02 9.8941674325871065e-01 1.8614276729799379e+01 7.3588834954701046e+00 -8.7049234739676216e+00 3.1579228140854210e+00 -9.5121328493191115e-01 3.8370333000000002e-03 9.8123572999999997e-01
4.2280552820631656e-01 -1.4230161463376032e+02 9.9147276115665495e-01 1.8431624299346801e+01 7.3855201527140224e+00 -9.4796101665987571e+00 3.1488473851424352e+00 -9.4061135302017840e-01 3.4531249000000000e-03 9.8488107999999996e-01
4.2564806241539299e-01 -1.5541798866936486e+02 9.9331136405211684e-01 1.8269358322983749e+01 7.4080517987403276e+00 -1.0371491400033214e+01 3.1407406025767255e+00 -9.3122193949078080e-01 3.0661112999999999e-03 9.8814095000000002e-01
4.2815189429498024e-01 -1.7087197081393174e+02 9.9493088811232311e-01 1.8127261968618271e+01 7.4269043201483500e+00 -1.1413374143209319e+01 3.1336070844181578e+00 -9.2302223772982139e-01 2.6763420000000000e-03 9.9101238999999997e-01
4.3031478286218128e-01 -1.8942629392032885e+02 9.9632988382872256e-01 1.8005145766860036e+01 7.4424485254736163e+00 -1.2654130818354009e+01 3.1274506223887917e+00 -9.1599217689175427e-01 2.2841723000000002e-03 9.9349282999999999e-01
4.3213480104609991e-01 -2.1229415286375632e+02 9.9750710473676329e-01 1.7902841223434805e+01 7.4550019061299579e+00 -1.4171638021331823e+01 3.1222743139626976e+00 -9.1011439996940680e-01 1.8899688000000000e-03 9.9558005999999999e-01
4.3361032696806334e-01 -2.4160045375310008e+02 9.9846150177578163e-01 1.7820204927504868e+01 7.4648288145354327e+00 -1.6102557275887381e+01 3.1180806611674106e+00 -9.0537457465372451e-01 1.4941295000000000e-03 9.9727222000000004e-01
4.3474016601851151e-01 -2.8168408721911464e+02 9.9919230225055755e-01 1.7757112826039130e+01 7.4721428029868502e+00 -1.8726477082367150e+01 3.1148712780566115e+00 -9.0176040762642407e-01 1.0971916000000000e-03 9.9856794000000004e-01
4.3552388220855398e-01 -3.4443557634450542e+02 9.9969922415553636e-01 1.7713442557907232e+01 7.4771094467272414e+00 -2.2810972024793273e+01 3.1126459983112231e+00 -8.9926117151084428e-01 7.0085733000000002e-04 9.9946672000000003e-01
