-3.3448403808994687e-01 -1.4103670767433546e+03 3.3448540339406030e-01 -1.4110056914949330e+03 -4.0534210298228004e+02 9.4365622427425095e+01 -9.4407921501646484e+01 -2.6491823122598745e+01 5.5301730000000003e-06 1.0230946000000001e-06
-3.3447139401192383e-01 -1.0274799989412979e+03 3.3449798218544874e-01 -1.0277166428654859e+03 -4.0527214341031646e+02 6.9337670851389134e+01 -6.9361254227522380e+01 -2.6488660515069398e+01 3.5894988000000002e-05 1.9923924999999999e-05
-3.3443172483294187e-01 -8.4989432156109046e+02 3.3453744653595774e-01 -8.4910568523835298e+02 -4.0505271669363657e+02 5.7721785602783982e+01 -5.7697312653999163e+01 -2.6478740451078288e+01 8.5619985000000003e-05 7.9222864999999994e-05
-3.3435319273367736e-01 -7.3348292940467491e+02 3.3461557314132551e-01 -7.3095818839818799e+02 -4.0461860246803576e+02 5.0097678800242619e+01 -4.9991343114272290e+01 -2.6459111843406479e+01 1.5173507999999999e-04 1.9661552000000001e-04
-3.3422543718364439e-01 -6.4715940305419258e+02 3.3474266903630900e-01 -6.4215508695445487e+02 -4.0391318089503068e+02 4.4433502882136082e+01 -4.4209576340253626e+01 -2.6427208226501293e+01 2.3255418000000001e-04 3.8758918999999998e-04
-3.3403903553079489e-01 -5.7889143093788857e+02 3.3492810821988428e-01 -5.7066189847314172e+02 -4.0288569550614062e+02 3.9942984838335356e+01 -3.9565235916402855e+01 -2.6380721686647767e+01 3.2689763000000001e-04 6.6622920000000002e-04
-3.3378525755662902e-01 -5.2273587835499154e+02 3.3518057583280131e-01 -5.1055329631360507e+02 -4.0149016832535864e+02 3.6237971772096479e+01 -3.5670598875531127e+01 -2.6317550879204816e+01 4.3385032000000002e-04 1.0455858000000000e-03
-3.3345592811335417e-01 -4.7531163669508999e+02 3.3550820481116389e-01 -4.5848021099103909e+02 -3.9968492978560408e+02 3.3097850453625632e+01 -3.2306150166794694e+01 -2.6235777422891637e+01 5.5265518999999999e-04 1.5378795000000000e-03
-3.3304334221159354e-01 -4.3450578796429716e+02 3.3591866036028356e-01 -4.1237241615362331e+02 -3.9743244909597928e+02 3.0384949911239200e+01 -2.9335820272724497e+01 -2.6133655088877912e+01 6.8265765000000004e-04 2.1546280000000000e-03
-3.3254020768301468e-01 -3.9890554140623004e+02 3.3641919699599415e-01 -3.7086799366232378e+02 -3.9469931989883810e+02 2.8007389554999722e+01 -2.6669719570943261e+01 -2.6009606460269470e+01 8.2327310000000005e-04 2.9067318999999999e-03
-3.3193960611251422e-01 -3.6751658509915177e+02 3.3701669741074397e-01 -3.3302988189507238e+02 -3.9145634370840810e+02 2.5900653432915050e+01 -2.4245631549981223e+01 -2.5862223703178856e+01 9.7396649000000004e-04 3.8045331000000002e-03
-3.3123496427322235e-01 -3.3961029256262651e+02 3.3771770089109804e-01 -2.9819168079491646e+02 -3.8767866118546607e+02 2.4017592092229940e+01 -2.2018950592497561e+01 -2.5690272354853050e+01 1.1342389000000000e-03 4.8578574999999999e-03
-3.3042003325465624e-01 -3.1463502350584918e+02 3.3852842408181494e-01 -2.6586779677031222e+02 -3.8334590915488212e+02 2.2322615514177343e+01 -1.9956823778825175e+01 -2.5492695831894121e+01 1.3036180000000001e-03 6.0760461999999999e-03
-3.2948887334401045e-01 -2.9216174882777119e+02 3.3945477602649204e-01 -2.3569809438714267e+02 -3.7844238627668392e+02 2.0788132678291806e+01 -1.8034547827579313e+01 -2.5268621067959518e+01 1.4816515000000000e-03 7.4679780999999997e-03
-3.2843584178401630e-01 -2.7184918303848821e+02 3.4050237034649500e-01 -2.0741216015351498e+02 -3.7295720536837581e+02 1.9392267412877302e+01 -1.6233248016901765e+01 -2.5017363821857256e+01 1.6679024999999999e-03 9.0420881999999994e-03
-3.2725558447772063e-01 -2.5342062531743201e+02 3.4167653349334715e-01 -1.8080536671834020e+02 -3.6688443254096887e+02 1.8117341935638898e+01 -1.4538328372001804e+01 -2.4738433915100689e+01 1.8619452999999999e-03 1.0806380000000001e-02
-3.2594302829533706e-01 -2.3664804739281880e+02 3.4298231240215532e-01 -1.5572222567344176e+02 -3.6022318828812683e+02 1.6948833718178850e+01 -1.2938397862857778e+01 -2.4431539209409014e+01 2.0633631000000000e-03 1.2768437000000001e-02
-3.2449337752870816e-01 -2.2134090946977494e+02 3.4442447801884091e-01 -1.3204453289744376e+02 -3.5297772674512521e+02 1.5874643640798618e+01 -1.1424511737018635e+01 -2.4096589602588701e+01 2.2717459999999998e-03 1.4935428000000001e-02
-3.2290210793747731e-01 -2.0733804697240944e+02 3.4600753122322547e-01 -1.0968259308577190e+02 -3.4515745169652826e+02 1.4884564737406533e+01 -9.9896124956871279e+00 -2.3733697968676537e+01 2.4866887000000002e-03 1.7314116000000001e-02
-3.2116496688288249e-01 -1.9450174391355989e+02 3.4773570269592807e-01 -8.8568684149025870e+01 -3.3677691101148690e+02 1.3969894697411140e+01 -8.6281201205692035e+00 -2.3343181651621219e+01 2.7077901999999999e-03 1.9910858000000000e-02
-3.1927796596909258e-01 -1.8271321575065670e+02 3.4961296023903310e-01 -6.8651927475965778e+01 -3.2785569859427500e+02 1.3123140772774880e+01 -7.3356094593150676e+00 -2.2925560009304981e+01 2.9346520999999999e-03 2.2731616000000000e-02
-3.1723738505702376e-01 -1.7186923743791823e+02 3.5164300478299870e-01 -4.9894364770306886e+01 -3.1841835307546478e+02 1.2337800238840908e+01 -6.1085711755478220e+00 -2.2481552720904968e+01 3.1668782999999998e-03 2.5781951000000001e-02
-3.1503976825052304e-01 -1.6187947072378526e+02 3.5382927437974837e-01 -3.2267742436777681e+01 -3.0849416206322724e+02 1.1608186461196958e+01 -4.9442150721207438e+00 -2.2012074363741647e+01 3.4040742000000001e-03 2.9067029000000001e-02
-3.1268192122049060e-01 -1.5266437735348956e+02 3.5617494686473211e-01 -1.5750910801934349e+01 -2.9811690381866543e+02 1.0929293447153267e+01 -3.8403145899201339e+00 -2.1518227256231761e+01 3.6458464000000000e-03 3.2591624999999999e-02
-3.1016091521869604e-01 -1.4415357900506760e+02 3.5868293586383482e-01 -3.2773274408538405e-01 -2.8732460752009246e+02 1.0296690152200052e+01 -2.7950824075798439e+00 -2.1001293940857110e+01 3.8918026000000000e-03 3.6360116999999997e-02
-3.0747408172602320e-01 -1.3628450029576382e+02 3.6135589611749841e-01 1.4014718323620592e+01 -2.7615913208768654e+02 9.7064328232096049e+00 -1.8070651520135037e+00 -2.0462725607452391e+01 4.1415510999999999e-03 4.0376493999999999e-02
-3.0461901445937833e-01 -1.2900128860606617e+02 3.6419622148417596e-01 2.7287608635978277e+01 -2.6466581202276069e+02 9.1549958642770939e+00 -8.7505746302966292e-01 -1.9904130469659666e+01 4.3947007000000003e-03 4.4644352999999998e-02
-3.0159356937169018e-01 -1.2225391624799354e+02 3.6720604494033193e-01 3.9501571907499354e+01 -2.5289301327163696e+02 8.6392146709973634e+00 1.9685887831564219e-03 -1.9327259869238258e+01 4.6508610999999997e-03 4.9166899000000000e-02
-2.9839586197603213e-01 -1.1599742889185646e+02 3.7038724124250288e-01 5.0667741171308016e+01 -2.4089160869146670e+02 8.1562375964981211e+00 8.2492479965189447e-01 -1.8733992437978419e+01 4.9096423000000002e-03 5.3946949000000001e-02
-2.9502427069046949e-01 -1.1019132605852047e+02 3.7374142359972157e-01 6.0798571505217069e+01 -2.2871452223275233e+02 7.7034871653685402e+00 1.5946559158235116e+00 -1.8126317920503947e+01 5.1706551000000002e-03 5.8986927000000001e-02
-2.9147743081733435e-01 -1.0479902363866451e+02 3.7726994966315403e-01 6.9908540740297255e+01 -2.1641613174849061e+02 7.2786259729570357e+00 2.3119829219563051e+00 -1.7506318585852490e+01 5.4335110000000002e-03 6.4288872999999996e-02
-2.8775424056395082e-01 -9.9787413299669225e+01 3.8097391553646226e-01 7.8014665641571511e+01 -2.0405173662466632e+02 6.8795293754394882e+00 2.9777363931345393e+00 -1.6876150993075928e+01 5.6978226000000002e-03 6.9854434000000007e-02
-2.8385385435294036e-01 -9.5126465692341085e+01 3.8485416243095705e-01 8.5136923266213358e+01 -1.9167696194684143e+02 6.5042607167127056e+00 3.5927860266961593e+00 -1.6238025998254805e+01 5.9632034000000004e-03 7.5684873999999999e-02
-2.7977568616706922e-01 -9.0788905929281555e+01 3.8891127333802145e-01 9.1298525882493422e+01 -1.7934719687747594e+02 6.1510511294241246e+00 4.1580624263464419e+00 -1.5594188276682180e+01 6.2292681999999997e-03 8.1781068999999998e-02
-2.7551940687337034e-01 -8.6749915454174854e+01 3.9314557569117198e-01 9.6526097960858706e+01 -1.6711701838075402e+02 5.8182815112527617e+00 4.6745756963498657e+00 -1.4946897136947152e+01 6.4956331999999999e-03 8.8143510999999994e-02
-2.7108494422314366e-01 -8.2986886419837816e+01 3.9755714136605869e-01 1.0084975080197515e+02 -1.5503963571124936e+02 5.5044671027083076e+00 5.1434277143136855e+00 -1.4298406911937169e+01 6.7619166000000000e-03 9.4772308000000000e-02
-2.6647247883813946e-01 -7.9479194949969624e+01 4.0214579067355655e-01 1.0430305707736299e+02 -1.4316635766036447e+02 5.2082437278750877e+00 5.5658217834888299e+00 -1.3650945033825387e+01 7.0277381999999996e-03 1.0166719000000000e-01
-2.6168244354158854e-01 -7.6208007595051555e+01 4.0691109302528111e-01 1.0692294548502680e+02 -1.3154608786676076e+02 4.9283560480005102e+00 5.9430674533997685e+00 -1.3006694427267375e+01 7.2927204000000001e-03 1.0882751000000000e-01
-2.5671553272377490e-01 -7.3156115823323489e+01 4.1185235761637429e-01 1.0874951178906967e+02 -1.2022488632304942e+02 4.6636476441860539e+00 6.2765817256544736e+00 -1.2367776264093386e+01 7.5564877000000004e-03 1.1625223000000000e-01
-2.5157268294192153e-01 -7.0307770615493013e+01 4.1696865272544759e-01 1.0982577907150413e+02 -1.0924551380972079e+02 4.4130506347955469e+00 6.5678890386893238e+00 -1.1736230716397969e+01 7.8186677999999999e-03 1.2393994999999999e-01
-2.4625507158225166e-01 -6.7648549544143478e+01 4.2225880704561264e-01 1.1019738434041372e+02 -9.8647066522444007e+01 4.1755778275512005e+00 6.8186168886537200e+00 -1.1114000942024068e+01 8.0788911000000008e-03 1.3188891000000000e-01
-2.4076413692907211e-01 -6.5165245934575452e+01 4.2772138971902285e-01 1.0991220761623400e+02 -8.8464709494546724e+01 3.9503161139182863e+00 7.0304882892446594e+00 -1.0502921639364034e+01 8.3367917000000003e-03 1.4009695999999999e-01
-2.3510155140599537e-01 -6.2845748311744210e+01 4.3335473695748450e-01 1.0902000015299232e+02 -7.8729371028583586e+01 3.7364188950735873e+00 7.2053147164163409e+00 -9.9047033680255812e+00 8.5920070000000005e-03 1.4856159999999999e-01
-2.2926923495532869e-01 -6.0678949242805629e+01 4.3915693873215117e-01 1.0757193169299420e+02 -6.9467580831897436e+01 3.5331008066414369e+00 7.3449851441844638e+00 -9.3209233196745576e+00 8.8441787999999997e-03 1.5727996000000000e-01
-2.2326934165868506e-01 -5.8654654078240704e+01 4.4512585208382932e-01 1.0562016108364689e+02 -6.0701320929988746e+01 3.3396319797110499e+00 7.4514547771546891e+00 -8.7530150226751822e+00 9.0929527999999999e-03 1.6624881999999999e-01
-2.1710425973698311e-01 -5.6763505421754850e+01 4.5125910112297835e-01 1.0321736541977064e+02 -5.2447963395434797e+01 3.1553333677103024e+00 7.5267323658974474e+00 -8.2022618082799195e+00 9.3379794999999995e-03 1.7546460999999999e-01
-2.1077660486075289e-01 -5.4996908275791185e+01 4.5755408368486328e-01 1.0041628346688755e+02 -4.4720261225959604e+01 2.9795723079292102e+00 7.5728667710626958e+00 -7.6697910811158545e+00 9.5789143999999993e-03 1.8492342000000001e-01
-2.0428924021921907e-01 -5.3346974549840915e+01 4.6400795136409634e-01 9.7269276215585933e+01 -3.7526428179346674e+01 2.8117591913364346e+00 7.5919315337921800e+00 -7.1565729284522703e+00 9.8154178999999998e-03 1.9462097000000000e-01
-1.9764524307182879e-01 -5.1806455879021449e+01 4.7061764279040119e-01 9.3827844535314725e+01 -3.0870211154845119e+01 2.6513429990843784e+00 7.5860140202850088e+00 -6.6634165882379710e+00 1.0047156000000000e-02 2.0455266000000000e-01
-1.9084789805855704e-01 -5.0368692254746982e+01 4.7737989028376532e-01 9.0142269534493408e+01 -2.4751053692799339e+01 2.4978079756405007e+00 7.5571978651022258e+00 -6.1909706233095321e+00 1.0273801000000001e-02 2.1471357999999999e-01
-1.8390073064837903e-01 -4.9027572877424760e+01 4.8429118657867631e-01 8.6261181680535813e+01 -1.9164345478413352e+01 2.3506718175464352e+00 7.5075509591381486e+00 -5.7397279317728680e+00 1.0495031000000000e-02 2.2509846000000000e-01
-1.7680746700110359e-01 -4.7777485648084912e+01 4.9134782475503863e-01 8.2231202661448606e+01 -1.4101635613771659e+01 2.2094815614880292e+00 7.4391115613934478e+00 -5.3100271215343309e+00 1.0710529999999999e-02 2.3570173000000000e-01
-1.6957204065706738e-01 -4.6613280704974066e+01 4.9854589158302054e-01 7.8096652507201824e+01 -9.5509368270283055e+00 2.0738117101016962e+00 7.3538757651000495e+00 -4.9020587378009139e+00 1.0919989999999999e-02 2.4651751000000000e-01
-1.6219859922682953e-01 -4.5530237583172571e+01 5.0588126086790153e-01 7.3899254143979633e+01 -5.4970506919645388e+00 1.9432619554617017e+00 7.2537859013362445e+00 -4.5158726645506944e+00 1.1123108000000000e-02 2.5753959999999998e-01
-1.5469148432208818e-01 -4.4524030818452879e+01 5.1334961341553087e-01 6.9677902232298621e+01 -1.9218995137556356e+00 1.8174547950539754e+00 7.1407196444298000e+00 -4.1513850895971753e+00 1.1319591000000000e-02 2.6876150999999998e-01
-1.4705522486598607e-01 -4.3590701545465755e+01 5.2094644368747989e-01 6.5468473533096059e+01 1.1951121537497786e+00 1.6960335081371587e+00 7.0164803396886235e+00 -3.8083875843308590e+00 1.1509152000000000e-02 2.8017647000000001e-01
-1.3929454378280512e-01 -4.2726633340543174e+01 5.2866705314588947e-01 6.1303691985523756e+01 3.8767141858171992e+00 1.5786605288854669e+00 6.8827887434412380e+00 -3.4865573967642010e+00 1.1691511000000000e-02 2.9177742000000001e-01
-1.3141436468766060e-01 -4.1928529872781866e+01 5.3650654359831718e-01 5.7213039229069786e+01 6.1474055566306838e+00 1.4650158730988978e+00 6.7412763037129189e+00 -3.1854682173280935e+00 1.1866398000000000e-02 3.0355700000000002e-01
-1.2341975836894581e-01 -4.1193388900158652e+01 5.4445987043895971e-01 5.3222679461943777e+01 8.0330838413473415e+00 1.3547948302777497e+00 6.5934784911323634e+00 -2.9045991986522903e+00 1.2033550000000000e-02 3.1550762999999998e-01
-1.1531598961619294e-01 -4.0518489217338150e+01 5.5252179606258323e-01 4.9355481065128416e+01 9.5606661231094652e+00 1.2477072480649365e+00 6.4408311136481302e+00 -2.6433481597916444e+00 1.2192715000000000e-02 3.2762143999999999e-01
-1.0710848377160112e-01 -3.9901370750796829e+01 5.6068692314028745e-01 4.5631033742011418e+01 1.0757744448752725e+01 1.1434757092568699e+00 6.2846666694812781e+00 -2.4010417140865319e+00 1.2343646000000000e-02 3.3989032000000002e-01
-9.8802833419730757e-02 -3.9339820886989635e+01 5.6894968796435219e-01 4.2065727049294964e+01 1.1652244209433086e+01 1.0418343688369116e+00 6.1262129188679610e+00 -2.1769468672199568e+00 1.2486109000000000e-02 3.5230591000000000e-01
-9.0404771628725622e-02 -3.8831859819035316e+01 5.7730438706884968e-01 3.8672843734589492e+01 1.2272113216556855e+01 9.4252744287796708e-01 5.9665912659600799e+00 -1.9702814152008044e+00 1.2619877000000000e-02 3.6485963999999999e-01
-8.1920192019396265e-02 -3.8375730650027052e+01 5.8574515726418497e-01 3.5462713679521023e+01 1.2645018701419003e+01 8.4530832335957795e-01 5.8068179151588968e+00 -1.7802252090162631e+00 1.2744734000000001e-02 3.7754270000000001e-01
-7.3355128696136862e-02 -3.7969888381076707e+01 5.9426599560255522e-01 3.2442852297519899e+01 1.2798092066806866e+01 7.4993826414363940e-01 5.6478052290931977e+00 -1.6059308161173076e+00 1.2860473000000001e-02 3.9034606999999999e-01
-6.4715742867535897e-02 -3.7612991071282764e+01 6.0286077268825478e-01 2.9618154524916097e+01 1.2757686598192752e+01 6.5618519409016240e-01 5.4903635246126790e+00 -1.4465310567529921e+00 1.2966896000000000e-02 4.0326054000000000e-01
-5.6008336225765565e-02 -3.7303893626456116e+01 6.1152321936736964e-01 2.6991094701140412e+01 1.2549171327002359e+01 5.6382286345629695e-01 5.3352049324995816e+00 -1.3011503972048704e+00 1.3063819000000001e-02 4.1627669000000000e-01
-4.7239310808414592e-02 -3.7041640207371614e+01 6.2024696665869405e-01 2.4561925774078173e+01 1.2196753294876141e+01 4.7262944743209268e-01 5.1829466184317790e+00 -1.1689117969319365e+00 1.3151064000000001e-02 4.2938494999999999e-01
-3.8415209136655304e-02 -3.6825461713948947e+01 6.2902550582281447e-01 2.2328914550385786e+01 1.1723333784181293e+01 3.8238700794569080e-01 5.0341161553100999e+00 -1.0489449917120885e+00 1.3228465999999999e-02 4.4257553999999999e-01
-2.9542660697687850e-02 -3.6654771291763311e+01 6.3785224160333076e-01 2.0288551704068770e+01 1.1150387934160612e+01 2.9287998167881946e-01 4.8891557369226462e+00 -9.4039269472124032e-01 1.3295871000000001e-02 4.5583855000000001e-01
-2.0628408703517898e-02 -3.6529162328083061e+01 6.4672046560624574e-01 1.8435785333296934e+01 1.0497881626411901e+01 2.0389453406020430e-01 4.7484281534819255e+00 -8.4241701374178346e-01 1.3353135000000000e-02 4.6916390000000002e-01
-1.1679276642484748e-02 -3.6448407871700510e+01 6.5562338957572930e-01 1.6764237002813339e+01 9.7842082899355720e+00 1.1521726111999619e-01 4.6122221045029237e+00 -7.5420430086147583e-01 1.3400123999999999e-02 4.8254139000000001e-01
-2.7021816586498826e-03 -3.6412461496335332e+01 6.6455413208381175e-01 1.5266422885295501e+01 9.0261582866934820e+00 2.6634369682853931e-02 4.4807584127300188e+00 -6.7496964123896008e-01 1.3436718000000000e-02 4.9596067999999999e-01
6.2958922069807910e-03 -3.6421458291261757e+01 6.7350574515099648e-01 1.3933958570203250e+01 8.2389055889714236e+00 -6.2069569697888793e-02 4.3541956305688325e+00 -6.0396025824257282e-01 1.3462807000000000e-02 5.0941133000000005e-01
1.5307867257678909e-02 -3.6475719753890630e+01 6.8247118762564740e-01 1.2757759313849478e+01 7.4360232889148019e+00 -1.5111236422064445e-01 4.2326366762277212e+00 -5.4045979882773909e-01 1.3478291000000000e-02 5.2288276000000000e-01
2.4326632348243948e-02 -3.6575756918414243e+01 6.9144338508036485e-01 1.1728209611550078e+01 6.6295097288776716e+00 -2.4071584628096820e-01 4.1161336415410021e+00 -4.8378743805948093e-01 1.3483083000000000e-02 5.3636434000000000e-01
3.3345009436530848e-02 -3.6722277541670827e+01 7.0041519653622131e-01 1.0835394542704408e+01 5.8298401586067463e+00 -3.3110663715483746e-01 4.0046946916916237e+00 -4.3330256523151506e-01 1.3477108000000000e-02 5.4984533999999996e-01
4.2355766962839048e-02 -3.6916193592745834e+01 7.0937942777306728e-01 1.0069144033337194e+01 5.0460273315573652e+00 -4.2251745438451493e-01 3.8982890698888122e+00 -3.8840425260683964e-01 1.3460300999999999e-02 5.6331494999999998e-01
5.1351639918995606e-02 -3.7158631152316318e+01 7.1832885129498902e-01 9.4192884086882582e+00 4.2856938063708210e+00 -5.1518851270741317e-01 3.7968524425338308e+00 -3.4853177189013518e-01 1.3432611000000001e-02 5.7676231000000000e-01
6.0325343227744299e-02 -3.7450941995320306e+01 7.2725621964061471e-01 8.8757200112032937e+00 3.5551556096998129e+00 -6.0936901039351832e-01 3.7002918712611534e+00 -3.1316443687394391e-01 1.3393997000000000e-02 5.9017653000000003e-01
6.9269551673662111e-02 -3.7794717401118774e+01 7.3615424541765573e-01 8.4285211252041030e+00 2.8595136883507521e+00 -7.0531832986255782e-01 3.6084908841305303e+00 -2.8182154991405589e-01 1.3344429999999999e-02 6.0354666000000001e-01
7.8176926661937207e-02 -3.8191803586809826e+01 7.4501562792351828e-01 8.0680540895824393e+00 2.2027477059659626e+00 -8.0330785177594000e-01 3.5213135165780689e+00 -2.5406076490527885e-01 1.3283893999999999e-02 6.1686173000000000e-01
8.7040142977146684e-02 -3.8644321842814236e+01 7.5383307976591352e-01 7.7850403795395176e+00 1.5878121285522773e+00 -9.0362292805974231e-01 3.4386082525892894e+00 -2.2947782524452107e-01 1.3212384000000001e-02 6.3011079000000003e-01
9.5851848645089777e-02 -3.9154687737823515e+01 7.6259928693194190e-01 7.5706271013837698e+00 1.0167402011060034e+00 -1.0065642772228494e+00 3.3602121364887663e+00 -2.0770445032463919e-01 1.3129907000000000e-02 6.4328284999999996e-01
1.0460471176064912e-01 -3.9725637512610326e+01 7.7130695537416227e-01 7.4164340669660405e+00 4.9073740697041252e-01 -1.1124505104783815e+00 3.2859536698997198e+00 -1.8840680353960296e-01 1.3036481000000001e-02 6.5636695000000000e-01
1.1329142717748508e-01 -4.0360256886732223e+01 7.7994881766574431e-01 7.3145930380641877e+00 1.0280885548376140e-02 -1.2216204680097940e+00 3.2156558170797029e+00 -1.7128374718052136e-01 1.2932137999999999e-02 6.6935217000000002e-01
1.2190469643895252e-01 -4.1062011234557772e+01 7.8851761303501067e-01 7.2577743080577566e+00 -4.2478732658349905e-01 -1.3344354433825736e+00 3.1491387381245648e+00 -1.5606495222521574e-01 1.2816919000000000e-02 6.8222760000000005e-01
1.3043726791626742e-01 -4.1834785608089803e+01 7.9700612729635312e-01 7.2392011303613701e+00 -8.1517067619605255e-01 -1.4512824399898019e+00 3.0862219864250422e+00 -1.4250882800777548e-01 1.2690879000000000e-02 6.9498240000000000e-01
1.3888192342911804e-01 -4.2682925296914213e+01 8.0540717953992780e-01 7.2526563594308078e+00 -1.1620330080104668e+00 -1.5725770891245967e+00 3.0267263193126825e+00 -1.3040054161077499e-01 1.2554085000000000e-02 7.0760577999999996e-01
1.4723148493535942e-01 -4.3611284315786328e+01 8.1371362878680709e-01 7.2924806902677890e+00 -1.4669197166669754e+00 -1.6987671898661856e+00 2.9704755352641432e+00 -1.1954994863656423e-01 1.2406611999999999e-02 7.2008700999999997e-01
1.5547884797948536e-01 -4.4625283946946048e+01 8.2191840726474408e-01 7.3535605998576647e+00 -1.7316831962392023e+00 -1.8303370906823042e+00 2.9172977281954231e+00 -1.0978955696108764e-01 1.2248551000000000e-02 7.3241546999999996e-01
1.6361696162354550e-01 -4.5730972763947072e+01 8.3001450044271419e-01 7.4313190342582578e+00 -1.9584184599829695e+00 -1.9678118173593557e+00 2.8670264257037870e+00 -1.0097286179585996e-01 1.2080001999999999e-02 7.4458062000000003e-01
1.7163884182653366e-01 -4.6935106177595770e+01 8.3799496034122001e-01 7.5216872024269454e+00 -2.1493969686401884e+00 -2.1117622541272407e+00 2.8195014253899933e+00 -9.2971373937217466e-02 1.1901076999999999e-02 7.5657202000000001e-01
1.7953758482377746e-01 -4.8245220072099670e+01 8.4585291884259817e-01 7.6210925395690126e+00 -2.3070155136195440e+00 -2.2628110610805416e+00 2.7745695855308603e+00 -8.5674401063685748e-02 1.1711898000000000e-02 7.6837935000000002e-01
1.8730638719602088e-01 -4.9669742407686527e+01 8.5358160765647639e-01 7.7264128096379956e+00 -2.4337482805342554e+00 -2.4216395547969940e+00 2.7320850610811007e+00 -7.8985888719155267e-02 1.1512599000000000e-02 7.7999244000000001e-01
1.9493851242095273e-01 -5.1218092871385068e+01 8.6117432504401048e-01 7.8349641317680643e+00 -2.5321023500032194e+00 -2.5889945563917154e+00 2.6919099395760764e+00 -7.2824168649345447e-02 1.1303326000000001e-02 7.9140122000000002e-01
2.0242735777015064e-01 -5.2900825282113694e+01 8.6862450236941147e-01 7.9444632254497183e+00 -2.6045822368534353e+00 -2.7656980551728676e+00 2.6539140600864393e+00 -6.7118956882970426e-02 1.1084235000000000e-02 8.0259581999999996e-01
2.0976639410183129e-01 -5.4729766453420297e+01 8.7592564420357122e-01 8.0529944688558217e+00 -2.6536592796567433e+00 -2.9526562334410924e+00 2.6179754310177272e+00 -6.1810870991834750e-02 1.0855490000000001e-02 8.1356647999999998e-01
2.1694922606810019e-01 -5.6718203432639903e+01 8.8307138822043674e-01 8.1589793504209709e+00 -2.6817429728758277e+00 -3.1508719790952195e+00 2.5839799385837776e+00 -5.6849827590336403e-02 1.0617270000000000e-02 8.2430364000000000e-01
2.2396957873556311e-01 -5.8881087101454717e+01 8.9005549188670530e-01 8.2611439519599923e+00 -2.6911673876212565e+00 -3.3614580603693973e+00 2.5518210332690998e+00 -5.2193453377730799e-02 1.0369760000000000e-02 8.3479791999999997e-01
2.3082130427502034e-01 -6.1235272911030421e+01 8.9687183911697665e-01 8.3584919263323680e+00 -2.6841604785293498e+00 -3.5856529276971645e+00 2.5214007265637677e+00 -4.7808281645142482e-02 1.0113159000000000e-02 8.4504013000000000e-01
2.3749838865116124e-01 -6.3799810710240337e+01 9.0351444692890615e-01 8.4502665000999588e+00 -2.6628470476149184e+00 -3.8248392587692743e+00 2.4926269285636051e+00 -4.3664274880552557e-02 9.8476710000000005e-03 8.5502127999999999e-01
2.4399495162256402e-01 -6.6596278709030258e+01 9.0997746544320479e-01 8.5359302021542280e+00 -2.6292292228667842e+00 -4.0805655655252906e+00 2.4654155867136298e+00 -3.9738403447534217e-02 9.5735140000000000e-03 8.6473257999999997e-01
2.5030528019016829e-01 -6.9649200260808982e+01 9.1625521115940267e-01 8.6151362315232003e+00 -2.5851836018738865e+00 -4.3545732659268257e+00 2.4396890261390274e+00 -3.6011593921130097e-02 9.2909130999999992e-03 8.7416548999999999e-01
2.5642379514880254e-01 -7.2986511506539259e+01 9.2234213368008555e-01 8.6876935072387180e+00 -2.5324574791201031e+00 -4.6488261565130164e+00 2.4153760243790297e+00 -3.2468519950080356e-02 9.0001030000000006e-03 8.8331166999999999e-01
2.6234509122535110e-01 -7.6640158908112284e+01 9.2823285564181135e-01 8.7535601257476987e+00 -2.4726672993749923e+00 -4.9655489853388444e+00 2.3924112749592101e+00 -2.9097139736883746e-02 8.7013270999999996e-03 8.9216304000000002e-01
2.6806391700967047e-01 -8.0646794035195555e+01 9.3392215274965162e-01 8.8128021610471663e+00 -2.4073006309381593e+00 -5.3072715441877039e+00 2.3707350752124414e+00 -2.5887751567954784e-02 8.3948374000000006e-03 9.0071175000000003e-01
2.7357520840306193e-01 -8.5048654168613510e+01 9.3940498705295583e-01 8.8655906224784733e+00 -2.3377172097959478e+00 -5.6768850305919667e+00 2.3502930267943838e+00 -2.2832998628696543e-02 8.0808944000000001e-03 9.0895022999999997e-01
2.7887406185949348e-01 -8.9894602674454191e+01 9.4467648032474005e-01 8.9121730354667594e+00 -2.2651541478871455e+00 -6.0777078839771086e+00 2.3310355314639826e+00 -1.9927201865411800e-02 7.7597663000000001e-03 9.1687114999999997e-01
2.8395576114437771e-01 -9.5241462542088215e+01 9.4973194068229794e-01 8.9528609644252324e+00 -2.1907303234722217e+00 -6.5135707536405318e+00 2.3129175833619815e+00 -1.7166122079214249e-02 7.4317293999999999e-03 9.2446746000000002e-01
2.8881578402426644e-01 -1.0115567895735700e+02 9.5456686924235357e-01 8.9880140102939041e+00 -2.1154519911245391e+00 -6.9889222296603073e+00 2.2958983142951821e+00 -1.4546634978961574e-02 7.0970672000000004e-03 9.3173240000000002e-01
2.9344978888746132e-01 -1.0771538924120634e+02 9.5917694681075616e-01 9.0180274181885469e+00 -2.0402199892764896e+00 -7.5089604394638716e+00 2.2799407512865617e+00 -1.2066488874467256e-02 6.7560703000000000e-03 9.3865947999999999e-01
2.9785364819248672e-01 -1.1501315778993023e+02 9.6355806715824344e-01 9.0433201400400769e+00 -1.9658353674809959e+00 -8.0798073236299164e+00 2.2650114290533714e+00 -9.7240734771085278e-03 6.4090362999999996e-03 9.4524253000000003e-01
3.0202340832992258e-01 -1.2315940161145713e+02 9.6770629708952549e-01 9.0643250727034150e+00 -1.8930077530302138e+00 -8.7087260163879705e+00 2.2510802449250420e+00 -7.5184201423100887e-03 6.0562691999999996e-03 9.5147563999999996e-01
3.0595535651934891e-01 -1.3228712339525359e+02 9.7161794299481230e-01 9.0814807649843328e+00 -1.8223612992206970e+00 -9.4044241333375727e+00 2.2381199691259588e+00 -5.4488226633746806e-03 5.6980790999999996e-03 9.5735325999999998e-01
3.0964595391240168e-01 -1.4255797644999055e+02 9.7528948429828588e-01 9.0952228930195886e+00 -1.7544430688464137e+00 -1.0177439535061907e+01 2.2261062680905392e+00 -3.5149225199115398e-03 5.3347821999999998e-03 9.6287009999999995e-01
3.1309190248971708e-01 -1.5417091670232981e+02 9.7871764000962824e-01 9.1059783817492619e+00 -1.6897284816440312e+00 -1.1040695593791652e+01 2.2150172567444995e+00 -1.7164692787420039e-03 4.9667000000000001e-03 9.6802122999999995e-01
3.1629009823306997e-01 -1.6737399693337528e+02 9.8189932213795184e-01 9.1141601210300198e+00 -1.6286302155010748e+00 -1.2010256181770838e+01 2.2048334397319804e+00 -5.3466391569355559e-05 4.5941591999999996e-03 9.7280200999999999e-01
3.1923768464293023e-01 -1.8248173915561398e+02 9.8483168893302175e-01 9.1201621292769399e+00 -1.5715016459828912e+00 -1.3106443920757606e+01 2.1955373643448457e+00 1.4741251619848994e-03 4.2174915999999996e-03 9.7720817000000004e-01
3.2193199922090676e-01 -1.9990044054752875e+02 9.8751209164403342e-01 9.1243550334841430e+00 -1.5186457665324309e+00 -1.4355467894351850e+01 2.1871136887773623e+00 2.8661987343775040e-03 3.8370333000000002e-03 9.8123572999999997e-01
3.2437062698730290e-01 -2.2016782545969150e+02 9.8993812776083534e-01 9.1270861881585894e+00 -1.4703193886178156e+00 -1.5791985475617878e+01 2.1795487756220551e+00 4.1227081078591896e-03 3.4531249000000000e-03 9.8488107999999996e-01
3.2655138041203358e-01 -2.4401658817721298e+02 9.9210762104847006e-01 9.1286712425340077e+00 -1.4267383637529281e+00 -1.7463212561720837e+01 2.1728307258853614e+00 5.2435641840797775e-03 3.0661112999999999e-03 9.8814095000000002e-01
3.2847228603523593e-01 -2.7248270622215438e+02 9.9401860823686883e-01 9.1293984009255862e+00 -1.3880832042505185e+00 -1.9435944376983013e+01 2.1669492344890631e+00 6.2286705815761791e-03 2.6763420000000000e-03 9.9101238999999997e-01
3.3013162460543621e-01 -3.0710473861589509e+02 9.9566937895176877e-01 9.1295223571530411e+00 -1.3545024783622388e+00 -2.1809503452232519e+01 2.1618954235338812e+00 7.0780091003376372e-03 2.2841723000000002e-03 9.9349282999999999e-01
3.3152791770016099e-01 -3.5032423118144044e+02 9.9705846240440632e-01 9.1292651244395984e+00 -1.3261165152962326e+00 -2.4741792434070454e+01 2.1576617564686895e+00 7.7915499117464510e-03 1.8899688000000000e-03 9.9558005999999999e-01
3.3265992103624265e-01 -4.0640460406251253e+02 9.9818462073636560e-01 9.1288142720803584e+00 -1.3030213747772130e+00 -2.8509172972211985e+01 2.1542420640589990e+00 8.3692159990838410e-03 1.4941295000000000e-03 9.9727222000000004e-01
3.3352671812554124e-01 -4.8402069603764664e+02 9.9904694219171619e-01 9.1283225794668788e+00 -1.2852891598196563e+00 -3.3675433536006800e+01 2.1516311117407443e+00 8.8110623691959218e-03 1.0971916000000000e-03 9.9856794000000004e-01
3.3412797448333453e-01 -6.0685769726673891e+02 9.9964509401281965e-01 9.1279069568680686e+00 -1.2729659150961901e+00 -4.1784055703379863e+01 2.1498238501279499e+00 9.1173021750711649e-03 7.0085733000000002e-04 9.9946672000000003e-01
