-5.0324949916171391e-01 -7.4657129354785820e+02 5.0325103712921249e-01 -7.9321411172319495e+02 -2.0754577806744257e+02 4.9288106699802206e+01 -5.2317214096446897e+01 -1.3477866358737405e+01 5.5301730000000003e-06 1.0230946000000001e-06
-5.0323047545592281e-01 -5.5049670932190418e+02 5.0326042610671695e-01 -5.9702385275507277e+02 -2.0753326265180283e+02 3.6553744491208413e+01 -3.9577505051572466e+01 -1.3477302082287345e+01 3.5894988000000002e-05 1.9923924999999999e-05
-5.0317079101008544e-01 -4.5950138710577733e+02 5.0328988282379827e-01 -5.0572792186257209e+02 -2.0749400100337166e+02 3.0640904590066949e+01 -3.3650759836612778e+01 -1.3475531874589178e+01 8.5619985000000003e-05 7.9222864999999994e-05
-5.0305263517864829e-01 -3.9978202852716441e+02 5.0334819756307969e-01 -4.4549672685855006e+02 -2.0741629303114274e+02 2.6756717359366643e+01 -2.9742611137750085e+01 -1.3472028054162083e+01 1.5173507999999999e-04 1.9661552000000001e-04
-5.0286041997777842e-01 -3.5542286226669137e+02 5.0344306363264479e-01 -4.0039524483771305e+02 -2.0728992736875941e+02 2.3867481502978645e+01 -2.6818567023677677e+01 -1.3466329807950693e+01 2.3255418000000001e-04 3.8758918999999998e-04
-5.0257996851296383e-01 -3.2026367395514143e+02 5.0358147791023744e-01 -3.6425824525745224e+02 -2.0710566291421046e+02 2.1573151007056346e+01 -2.4478249829095830e+01 -1.3458019668487685e+01 3.2689763000000001e-04 6.6622920000000002e-04
-5.0219814569377474e-01 -2.9126573050291671e+02 5.0376992310064295e-01 -3.3404649476147745e+02 -2.0685500300673223e+02 1.9676351352414667e+01 -2.2524132024396778e+01 -1.3446713168599045e+01 4.3385032000000002e-04 1.0455858000000000e-03
-5.0170265156396909e-01 -2.6670004913894826e+02 5.0401446973574004e-01 -3.0803396329647268e+02 -2.0653007774146980e+02 1.8064963804284218e+01 -2.0844120090089994e+01 -1.3432053363033212e+01 5.5265518999999999e-04 1.5378795000000000e-03
-5.0108189354631327e-01 -2.4548831509925941e+02 5.0432083922691218e-01 -2.8514831388111071e+02 -2.0612357930969088e+02 1.6669072767961168e+01 -1.9368567909925616e+01 -1.3413707727237503e+01 6.8265765000000004e-04 2.1546280000000000e-03
-5.0032490017537645e-01 -2.2691087670332112e+02 5.0469444644144379e-01 -2.6467804658166597e+02 -2.0562872485789825e+02 1.5442134561170199e+01 -1.8051166414123610e+01 -1.3391366298734576e+01 8.2327310000000005e-04 2.9067318999999999e-03
-4.9942126231786882e-01 -2.1046240577819583e+02 5.0514042871268994e-01 -2.4612765527153522e+02 -2.0503923793068401e+02 1.4351434938698056e+01 -1.6859621763287326e+01 -1.3364740655840420e+01 9.7396649000000004e-04 3.8045331000000002e-03
-4.9836109019504649e-01 -1.9577357346557557e+02 5.0566366705127874e-01 -2.2913892507233538e+02 -2.0434934017841826e+02 1.3373150008185288e+01 -1.5770590662639897e+01 -1.3333563354779903e+01 1.1342389000000000e-03 4.8578574999999999e-03
-4.9713498197987815e-01 -1.8256556507082325e+02 5.0626880164369459e-01 -2.1344515407387937e+02 -2.0355375032365754e+02 1.2489355709473058e+01 -1.4766607990269181e+01 -1.3297587702731725e+01 1.3036180000000001e-03 6.0760461999999999e-03
-4.9573400105012166e-01 -1.7062219279105094e+02 5.0696024307881637e-01 -1.9884303385703345e+02 -2.0264768824624380e+02 1.1686158720675152e+01 -1.3834346721439536e+01 -1.3256587774493497e+01 1.4816515000000000e-03 7.4679780999999997e-03
-4.9414965756935436e-01 -1.5977200861981427e+02 5.0774218143843275e-01 -1.8517457212371480e+02 -2.0162688098983659e+02 1.0952576766160963e+01 -1.2963369136832888e+01 -1.3210358522793550e+01 1.6679024999999999e-03 9.0420881999999994e-03
-4.9237389600636000e-01 -1.4987668617959366e+02 5.0861859245693553e-01 -1.7231505684561384e+02 -2.0048757164315643e+02 1.0279759030196850e+01 -1.2145425246401908e+01 -1.3158716027192586e+01 1.8619452999999999e-03 1.0806380000000001e-02
-4.9039908356036666e-01 -1.4082155343362410e+02 5.0959324323393884e-01 -1.6016476056981116e+02 -1.9922652729728512e+02 9.6604504635572432e+00 -1.1373894874836532e+01 -1.3101497727218600e+01 2.0633631000000000e-03 1.2768437000000001e-02
-4.8821800482659100e-01 -1.3251247279887048e+02 5.1066969486705105e-01 -1.4864309935384580e+02 -1.9784104942020153e+02 9.0886218473964639e+00 -1.0643367485511716e+01 -1.3038562786860451e+01 2.2717459999999998e-03 1.4935428000000001e-02
-4.8582385283837909e-01 -1.2486906949820286e+02 5.1185130687294511e-01 -1.3768437599821544e+02 -1.9632898032669445e+02 8.5591976276654744e+00 -9.9494050519086468e+00 -1.2969792289335576e+01 2.4866887000000002e-03 1.7314116000000001e-02
-4.8321022926850637e-01 -1.1782301241158522e+02 5.1314123708800874e-01 -1.2723466349463787e+02 -1.9468871315442127e+02 8.0678580835004627e+00 -9.2883271304118900e+00 -1.2895089620557743e+01 2.7077901999999999e-03 1.9910858000000000e-02
-4.8037113335766624e-01 -1.1131544040813840e+02 5.1454244713258868e-01 -1.1724941955884005e+02 -1.9291919249386959e+02 7.6108926060600730e+00 -8.6570629417872240e+00 -1.2814380478826092e+01 2.9346520999999999e-03 2.2731616000000000e-02
-4.7730096795347604e-01 -1.0529524644801666e+02 5.1605769943049351e-01 -1.0769171150922992e+02 -1.9101992363502646e+02 7.1850831013809886e+00 -8.0530345404023453e+00 -1.2727613261233836e+01 3.1668782999999998e-03 2.5781951000000001e-02
-4.7399453347147119e-01 -9.9717718996249189e+01 5.1768956018949108e-01 -9.8530788648712502e+01 -1.8899097132235374e+02 6.7876189083752720e+00 -7.4740657038775398e+00 -1.2634759043344220e+01 3.4040742000000001e-03 2.9067029000000001e-02
-4.7044702386910059e-01 -9.4543483686419890e+01 5.1944040138830583e-01 -8.9740969257011471e+01 -1.8683295744206399e+02 6.4160275334462895e+00 -6.9183107647386004e+00 -1.2535811515367225e+01 3.6458464000000000e-03 3.2591624999999999e-02
-4.6665403268473316e-01 -8.9737676936018545e+01 5.2131239779612215e-01 -8.1300772980731182e+01 -1.8454706177132215e+02 6.0681211766195613e+00 -6.3841992779055463e+00 -1.2430787103343258e+01 3.8918026000000000e-03 3.6360116999999997e-02
-4.6261154498564921e-01 -8.5269264784566317e+01 5.2330753094658011e-01 -7.3192182862783326e+01 -1.8213501159573934e+02 5.7419524944041989e+00 -5.8703895590229989e+00 -1.2319724611487841e+01 4.1415510999999999e-03 4.0376493999999999e-02
-4.5831594038754386e-01 -8.1110499167476902e+01 5.2542758764752751e-01 -6.5400068759798231e+01 -1.7959907485237002e+02 5.4357797996829946e+00 -5.3757319122282539e+00 -1.2202685059390188e+01 4.3947007000000003e-03 4.4644352999999998e-02
-4.5376399305452675e-01 -7.7236473447913994e+01 5.2767415998101896e-01 -5.7911702177580892e+01 -1.7694204871397278e+02 5.1480386171446693e+00 -4.8992384816426426e+00 -1.2079751334654990e+01 4.6508610999999997e-03 4.9166899000000000e-02
-4.4895286767311804e-01 -7.3624749046979844e+01 5.3004864729031453e-01 -5.0716345763999115e+01 -1.7416724288494888e+02 4.8773173417451545e+00 -4.4400574444699608e+00 -1.1951027658955182e+01 4.9096423000000002e-03 5.3946949000000001e-02
-4.4388012448475361e-01 -7.0255051460543797e+01 5.3255225369613235e-01 -4.3804922079213902e+01 -1.7127846521981706e+02 4.6223382047918351e+00 -3.9974527954787153e+00 -1.1816639158781776e+01 5.1706551000000002e-03 5.8986927000000001e-02
-4.3854371022727545e-01 -6.7109004786721457e+01 5.3518599256739330e-01 -3.7169709180003579e+01 -1.6827999661366241e+02 4.3819402374930423e+00 -3.5707847363603267e+00 -1.1676731001527139e+01 5.4335110000000002e-03 6.4288872999999996e-02
-4.3294196719344147e-01 -6.4169918530070660e+01 5.3795068205047625e-01 -3.0804117174465983e+01 -1.6517657354652448e+02 4.1550658472697695e+00 -3.1594981304937231e+00 -1.1531467891669152e+01 5.6978226000000002e-03 6.9854434000000007e-02
-4.2707362316591441e-01 -6.1422594536543713e+01 5.4084695003671279e-01 -2.4702453639394179e+01 -1.6197335712427832e+02 3.9407486199641899e+00 -2.7631051199742771e+00 -1.1381032989910958e+01 5.9632034000000004e-03 7.5684873999999999e-02
-4.2093779644976781e-01 -5.8853169402592044e+01 5.4387523167863949e-01 -1.8859759878468626e+01 -1.5867590851045409e+02 3.7381032842726536e+00 -2.3811770945748130e+00 -1.1225627114949251e+01 6.2292681999999997e-03 8.1781068999999998e-02
-4.1453399184648104e-01 -5.6448973466950953e+01 5.4703577137699610e-01 -1.3271642997097453e+01 -1.5529015671757230e+02 3.5463171577177262e+00 -2.0133340786065324e+00 -1.1065467676150751e+01 6.4956331999999999e-03 8.8143510999999994e-02
-4.0786210065394002e-01 -5.4198410975452568e+01 5.5032862278072558e-01 -7.9341724466204626e+00 -1.5182236846974436e+02 3.3646425580926698e+00 -1.6592369730475840e+00 -1.0900787582239429e+01 6.7619166000000000e-03 9.4772308000000000e-02
-4.0092239462743023e-01 -5.2090852581145079e+01 5.5375365176747071e-01 -2.8436465579044596e+00 -1.4827910928988626e+02 3.1923899426819395e+00 -1.3185797028901618e+00 -1.0731833975643154e+01 7.0277381999999996e-03 1.0166719000000000e-01
-3.9371552497313622e-01 -5.0116543438341182e+01 5.5731053694032362e-01 2.0033626900148063e+00 -1.4466721127439268e+02 3.0289225038209864e+00 -9.9108347164706923e-01 -1.0558867012505335e+01 7.2927204000000001e-03 1.0882751000000000e-01
-3.8624253643915585e-01 -4.8266525497226247e+01 5.6099876267333348e-01 6.6101031319159151e+00 -1.4099373919914137e+02 2.8736513337836902e+00 -6.7649182237320360e-01 -1.0382158891997884e+01 7.5564877000000004e-03 1.1625223000000000e-01
-3.7850483812697011e-01 -4.6532557661826836e+01 5.6481763351724057e-01 1.0979857993150000e+01 -1.3726594493535686e+02 2.7260303578137735e+00 -3.7456475289369517e-01 -1.0201992156102536e+01 7.8186677999999999e-03 1.2393994999999999e-01
-3.7050420147844088e-01 -4.4907052972777095e+01 5.6876627519297596e-01 1.5115904975614555e+01 -1.3349122643790781e+02 2.5855525323491655e+00 -8.5074818429040744e-02 -1.0018657896714871e+01 8.0788911000000008e-03 1.3188891000000000e-01
-3.6224279047084229e-01 -4.3383028219014541e+01 5.7284361968917663e-01 1.9021579212748417e+01 -1.2967710443692346e+02 2.4517468900371910e+00 1.9219521577083348e-01 -9.8324554252773630e+00 8.3367917000000003e-03 1.4009695999999999e-01
-3.5372312135681894e-01 -4.1954044626313944e+01 5.7704842513216503e-01 2.2700338600805605e+01 -1.2583116582040225e+02 2.3241747419887369e+00 4.5745674990877866e-01 -9.6436899131259040e+00 8.5920070000000005e-03 1.4856159999999999e-01
-3.4494808279440670e-01 -4.0614167043483178e+01 5.8137926585095889e-01 2.6155789990870172e+01 -1.2196103518964981e+02 2.2024272579448363e+00 7.1091733528338563e-01 -9.4526714915275036e+00 8.8441787999999997e-03 1.5727996000000000e-01
-3.3592091571701188e-01 -3.9357917772017352e+01 5.8583454231226151e-01 2.9391725801942872e+01 -1.1807432927274989e+02 2.0861226777881572e+00 9.5278327520281891e-01 -9.2597134840749966e+00 9.0929527999999999e-03 1.6624881999999999e-01
-3.2664521333341079e-01 -3.8180243353136333e+01 5.9041248112046096e-01 3.2412144787337560e+01 -1.1417862062103396e+02 1.9749040926895138e+00 1.1832613403165699e+00 -9.0651309830074869e+00 9.3379794999999995e-03 1.7546460999999999e-01
-3.1712491106273943e-01 -3.7076478329521180e+01 5.9511113998512533e-01 3.5221269786961123e+01 -1.1028139889456209e+02 1.8684373397597422e+00 1.4025605447758838e+00 -8.8692394645119812e+00 9.5789143999999993e-03 1.8492342000000001e-01
-3.0736431672952536e-01 -3.6042319257718631e+01 5.9992839281851829e-01 3.7823548896330344e+01 -1.0639004930656351e+02 1.7664094702327668e+00 1.6108924797115762e+00 -8.6723541523537424e+00 9.8154178999999998e-03 1.9462097000000000e-01
-2.9736806023863449e-01 -3.5073791746351624e+01 6.0486195457307279e-01 4.0223675883440862e+01 -1.0251179912652557e+02 1.6685265193936476e+00 1.8084739089770088e+00 -8.4747875013630267e+00 1.0047156000000000e-02 2.0455266000000000e-01
-2.8714108351026069e-01 -3.4167225944724379e+01 6.0990938620888591e-01 4.2426589666289786e+01 -9.8653686658892596e+01 1.5745119573673878e+00 1.9955267574555386e+00 -8.2768481645257825e+00 1.0273801000000001e-02 2.1471357999999999e-01
-2.7668869080497860e-01 -3.3319238521352673e+01 6.1506806985624485e-01 4.4437458301391302e+01 -9.4822548183175314e+01 1.4841057598851406e+00 2.1722781203507591e+00 -8.0788405690495608e+00 1.0495031000000000e-02 2.2509846000000000e-01
-2.6601648833368036e-01 -3.2526708941023017e+01 6.2033523862059570e-01 4.6261685492688606e+01 -9.1024974480116128e+01 1.3970625889761141e+00 2.3389615618292114e+00 -7.8810629680135795e+00 1.0710529999999999e-02 2.3570173000000000e-01
-2.5513039432258577e-01 -3.1786759765790993e+01 6.2570797161504843e-01 4.7904889141882549e+01 -8.7267286743471502e+01 1.3131507218505849e+00 2.4958169550399942e+00 -7.6838064140663658e+00 1.0919989999999999e-02 2.4651751000000000e-01
-2.4403664907825345e-01 -3.1096742569441631e+01 6.3118318899288228e-01 4.9372907565221382e+01 -8.3555521240505485e+01 1.2321510575315919e+00 2.6430903046471177e+00 -7.4873541578665783e+00 1.1123108000000000e-02 2.5753959999999998e-01
-2.3274178479254842e-01 -3.0454220571394217e+01 6.3675766685002977e-01 5.0671755656508260e+01 -7.9895399421486971e+01 1.1538558889842725e+00 2.7810339920371048e+00 -7.2919802264466975e+00 1.1319591000000000e-02 2.6876150999999998e-01
-2.2125261547763225e-01 -2.9856954703878937e+01 6.4242804219257166e-01 5.1807628075202572e+01 -7.6292309717804770e+01 1.0780679293909889e+00 2.9099065304309963e+00 -7.0979485243997562e+00 1.1509152000000000e-02 2.8017647000000001e-01
-2.0957624703097305e-01 -2.9302892176530708e+01 6.4819080796924211e-01 5.2786870833000116e+01 -7.2751297425025669e+01 1.0045995321019756e+00 3.0299720133733232e+00 -6.9055123722539316e+00 1.1691511000000000e-02 2.9177742000000001e-01
-1.9772008730035640e-01 -2.8790155419248769e+01 6.5404230810393371e-01 5.3615959064429717e+01 -6.9277056982946760e+01 9.3327194241964284e-01 3.1414995505406940e+00 -6.7149140623128032e+00 1.1866398000000000e-02 3.0355700000000002e-01
-1.8569176556380046e-01 -2.8317027437649028e+01 6.5997877723565579e-01 5.4301480773875248e+01 -6.5873900085623021e+01 8.6391406086567302e-01 3.2447634545016300e+00 -6.5263830780108920e+00 1.2033550000000000e-02 3.1550762999999998e-01
-1.7349920298463029e-01 -2.7881953426019567e+01 6.6599630594607073e-01 5.4850105228253312e+01 -6.2545772037298164e+01 7.9636218205743114e-01 3.3400419040517009e+00 -6.3401368654531023e+00 1.2192715000000000e-02 3.2762143999999999e-01
-1.6115056228642466e-01 -2.7483515301373991e+01 6.7209086559696796e-01 5.5268566860159552e+01 -5.9296234342479401e+01 7.3045902098156623e-01 3.4276166955403737e+00 -6.1563797265771125e+00 1.2343646000000000e-02 3.3989032000000002e-01
-1.4865425781802710e-01 -2.7120440654973493e+01 6.7825830336276915e-01 5.5563629596812923e+01 -5.6128467702374749e+01 6.6605320544871383e-01 3.5077724260246042e+00 -5.9753027662072942e+00 1.2486109000000000e-02 3.5230591000000000e-01
-1.3601891529350291e-01 -2.6791585246155396e+01 6.8449436210050696e-01 5.5742078738945587e+01 -5.3045264186052613e+01 6.0299835686953673e-01 3.5807959823956179e+00 -5.7970837056230069e+00 1.2619877000000000e-02 3.6485963999999999e-01
-1.2325340198717150e-01 -2.6495940811443528e+01 6.9079466544734136e-01 5.5810684388586701e+01 -5.0049040064626645e+01 5.4115281239355606e-01 3.6469755529557348e+00 -5.6218847615773599e+00 1.2744734000000001e-02 3.7754270000000001e-01
-1.1036679653857440e-01 -2.6232607876594503e+01 6.9715473272304274e-01 5.5776183716306896e+01 -4.7141834959803575e+01 4.8037884426180155e-01 3.7066000367880090e+00 -5.4498571873014150e+00 1.2860473000000001e-02 3.9034606999999999e-01
-9.7368368822454032e-02 -2.6000812976898107e+01 7.0356998886498257e-01 5.5645252591441128e+01 -4.4325316722218062e+01 4.2054206953570406e-01 3.7599583454590646e+00 -5.2811363413631325e+00 1.2966896000000000e-02 4.0326054000000000e-01
-8.4267600078775040e-02 -2.5799895276673453e+01 7.1003575449314305e-01 5.5424493019905583e+01 -4.1600796878557112e+01 3.6151102750310526e-01 3.8073384974407083e+00 -5.1158444656241659e+00 1.3063819000000001e-02 4.1627669000000000e-01
-7.1074122522660710e-02 -2.5629303691653966e+01 7.1654727571508592e-01 5.5120406328106895e+01 -3.8969230521829530e+01 3.0315640440670699e-01 3.8490271067746864e+00 -4.9540898225959094e+00 1.3151064000000001e-02 4.2938494999999999e-01
-5.7797779734456434e-02 -2.5488597872085791e+01 7.2309969432098375e-01 5.4739375050824584e+01 -3.6431243140712276e+01 2.4535080693513889e-01 3.8853084146918464e+00 -4.7959676665095605e+00 1.3228465999999999e-02 4.4257553999999999e-01
-4.4448546139645218e-02 -2.5377444406520592e+01 7.2968808752357817e-01 5.4287645545360895e+01 -3.3987129976396595e+01 1.8796792563398856e-01 3.9164638792105935e+00 -4.6415597593232603e+00 1.3295871000000001e-02 4.5583855000000001e-01
-3.1036567268889759e-02 -2.5295616991876074e+01 7.3630744808820048e-01 5.3771310277460906e+01 -3.1636880796002870e+01 1.3088220942389373e-01 3.9427712508129753e+00 -4.4909352297118836e+00 1.3353135000000000e-02 4.6916390000000002e-01
-1.7572109432979932e-02 -2.5242995949705033e+01 7.4295270917024547e-01 5.3196292929432417e+01 -2.9380185318171520e+01 7.3968148418669610e-02 3.9645042164064863e+00 -4.3441505480407860e+00 1.3400123999999999e-02 4.8254139000000001e-01
-4.0655798528533849e-03 -2.5219569041056062e+01 7.4961873438018223e-01 5.2568336829462574e+01 -2.7216471712535661e+01 1.7099873362981688e-02 3.9819316401199085e+00 -4.2012502913643734e+00 1.3436718000000000e-02 4.9596067999999999e-01
9.4725136004463195e-03 -2.5225432709113051e+01 7.5630033765353244e-01 5.1892990104714805e+01 -2.5144886850317217e+01 -3.9849544903471923e-02 3.9953171005676271e+00 -4.0622672956735588e+00 1.3462807000000000e-02 5.0941133000000005e-01
2.3031522145727235e-02 -2.5260794077345739e+01 7.6299226338089188e-01 5.1175597946200135e+01 -2.3164354584252990e+01 -9.7008445537897892e-02 4.0049183458798385e+00 -3.9272237047819747e+00 1.3478291000000000e-02 5.2288276000000000e-01
3.6600746676745066e-02 -2.5325973905759575e+01 7.6968923111538301e-01 5.0421291334338186e+01 -2.1273566258875608e+01 -1.5450752909991228e-01 4.0109869966379996e+00 -3.7961306007464151e+00 1.3483083000000000e-02 5.3636434000000000e-01
5.0169387437149382e-02 -2.5421410206692300e+01 7.7638591073518082e-01 4.9634982002232817e+01 -1.9471011375136126e+01 -2.1248022794422305e-01 4.0137676266735713e+00 -3.6689893700128584e+00 1.3477108000000000e-02 5.4984533999999996e-01
6.3726564150505260e-02 -2.5547662689583632e+01 7.8307693237850295e-01 4.8821357466926905e+01 -1.7754995112128451e+01 -2.7106338693164278e-01 4.0134983843669501e+00 -3.5457920393518392e+00 1.3460300999999999e-02 5.6331494999999998e-01
7.7261346215324656e-02 -2.5705418398881232e+01 7.8975690134609322e-01 4.7984872008826883e+01 -1.6123654169919472e+01 -3.3039806090161705e-01 4.0104096812738135e+00 -3.4265216885255971e+00 1.3432611000000001e-02 5.7676231000000000e-01
9.0762772835088157e-02 -2.5895496538142655e+01 7.9642040803621150e-01 4.7129750334647539e+01 -1.4574974773816596e+01 -3.9063028709217429e-01 4.0047245254231862e+00 -3.3111530733021795e+00 1.3393997000000000e-02 5.9017653000000003e-01
1.0421982282321240e-01 -2.6118865044138097e+01 8.0306201304214930e-01 4.6259983506127242e+01 -1.3106814708821489e+01 -4.5191171776008443e-01 3.9966580182956823e+00 -3.1996535163678614e+00 1.3344429999999999e-02 6.0354666000000001e-01
1.1762145486309350e-01 -2.6376631626690543e+01 8.0967626702220885e-01 4.5379329146019991e+01 -1.1716918387444686e+01 -5.1440059712492459e-01 3.9864173946243344e+00 -3.0919832833410736e+00 1.3283893999999999e-02 6.1686173000000000e-01
1.3095664776814819e-01 -2.6670072197251681e+01 8.1625773056968143e-01 4.4491310930073013e+01 -1.0402930806498235e+01 -5.7826283251810562e-01 3.9742017714224604e+00 -2.9880959803914262e+00 1.3212384000000001e-02 6.3011079000000003e-01
1.4421434009175116e-01 -2.7000630799499934e+01 8.2280094440787988e-01 4.3599240888812716e+01 -9.1624218363007071e+00 -6.4367268191123639e-01 3.9602020665028386e+00 -2.8879397089699732e+00 1.3129907000000000e-02 6.4328284999999996e-01
1.5738350058230866e-01 -2.7369946507573790e+01 8.2930046416260117e-01 4.2706157849580286e+01 -7.9928944135145743e+00 -7.1081412322139004e-01 3.9446010440830013e+00 -2.7914571545946778e+00 1.3036481000000001e-02 6.5636695000000000e-01
1.7045313824826946e-01 -2.7779847844233110e+01 8.3575086532962084e-01 4.1814906395313706e+01 -6.8918020697989153e+00 -7.7988209499372330e-01 3.9275732039910656e+00 -2.6985862498390478e+00 1.2932137999999999e-02 6.6935217000000002e-01
1.8341227216309275e-01 -2.8232388845623127e+01 8.4214672837220927e-01 4.0928153154934563e+01 -5.8565656118161655e+00 -8.5108358744307999e-01 3.9092848990439748e+00 -2.6092609759609644e+00 1.2816919000000000e-02 6.8222760000000005e-01
1.9624999185531178e-01 -2.8729866438470161e+01 8.4848266852609966e-01 4.0048300313859677e+01 -4.8845825504524614e+00 -9.2463957887889758e-01 3.8898942629374726e+00 -2.5234115872760374e+00 1.2690879000000000e-02 6.9498240000000000e-01
2.0895543717851273e-01 -2.9274836526562378e+01 8.5475332586449915e-01 3.9177567175530754e+01 -3.9732423841579481e+00 -1.0007861328477961e+00 3.8695516087247408e+00 -2.4409653404144041e+00 1.2554085000000000e-02 7.0760577999999996e-01
2.2151780837634538e-01 -2.9870139702093741e+01 8.6095337026558283e-01 3.8317975098440982e+01 -3.1199380420474330e+00 -1.0797766239571873e+00 3.8483991816364420e+00 -2.3618469961821313e+00 1.2406611999999999e-02 7.2008700999999997e-01
2.3392641640757550e-01 -3.0518940999147620e+01 8.6707752624996770e-01 3.7471356695359127e+01 -2.3220740238614295e+00 -1.1618838605104393e+00 3.8265714970086799e+00 -2.2859790479932398e+00 1.2248551000000000e-02 7.3241546999999996e-01
2.4617065275105399e-01 -3.1224755498876828e+01 8.7312055807822864e-01 3.6639365399128650e+01 -1.5770791727188300e+00 -1.2474021970484408e+00 3.8041955086217851e+00 -2.2132824470760228e+00 1.2080001999999999e-02 7.4458062000000003e-01
2.5824000953573700e-01 -3.1991489136145848e+01 8.7907727968588700e-01 3.5823483564898680e+01 -8.8241501502943431e-01 -1.3366502060536749e+00 3.7813907858872722e+00 -2.1436769633626795e+00 1.1901076999999999e-02 7.5657202000000001e-01
2.7012409967070805e-01 -3.2823483551121768e+01 8.8494256461840148e-01 3.5025030656608159e+01 -2.3558318783340984e-01 -1.4299737111587176e+00 3.7582697251949719e+00 -2.0770815298253651e+00 1.1711898000000000e-02 7.6837935000000002e-01
2.8181268704020912e-01 -3.3725569299028216e+01 8.9071136093365100e-01 3.4245171238253469e+01 3.6586828240462471e-01 -1.5277493426551891e+00 3.7349377817880742e+00 -2.0134145332754816e+00 1.1512599000000000e-02 7.7999244000000001e-01
2.9329563617858800e-01 -3.4703118152762798e+01 8.9637866636446151e-01 3.3484927822100659e+01 9.2433517853877223e-01 -1.6303878808776990e+00 3.7114935623076994e+00 -1.9525944952820655e+00 1.1303326000000001e-02 7.9140122000000002e-01
3.0456301292040400e-01 -3.5762120759108569e+01 9.0193957799355351e-01 3.2745184173132721e+01 1.4421562931794427e+00 -1.7383394630907860e+00 3.6880293023264525e+00 -1.8945398992113527e+00 1.1084235000000000e-02 8.0259581999999996e-01
3.1560499381533302e-01 -3.6909254790416988e+01 9.0738924754608896e-01 3.2026701045702801e+01 1.9216035943700096e+00 -1.8520977438794191e+00 3.6646310573610825e+00 -1.8391700656477870e+00 1.0855490000000001e-02 8.1356647999999998e-01
3.2641195671326217e-01 -3.8151983358401630e+01 9.1272292609712447e-01 3.1330119847874386e+01 2.3648809884155861e+00 -1.9722065055342779e+00 3.6413788606368054e+00 -1.7864049647798119e+00 1.0617270000000000e-02 8.2430364000000000e-01
3.3697446063426917e-01 -3.9498658866220651e+01 9.1793595413662099e-01 3.0655973546171470e+01 2.7741212534460793e+00 -2.0992662039761885e+00 3.6183470504460038e+00 -1.7361656605651778e+00 1.0369760000000000e-02 8.3479791999999997e-01
3.4728325583363273e-01 -4.0958647142539348e+01 9.2302376653693918e-01 3.0004695364635747e+01 3.1513814792137009e+00 -2.2339418983694532e+00 3.5956045886385484e+00 -1.6883745467947602e+00 1.0113159000000000e-02 8.4504013000000000e-01
3.5732929386684320e-01 -4.2542472968819645e+01 9.2798189752033400e-01 2.9376628626863923e+01 3.4986420469711299e+00 -2.3769725730494562e+00 3.5732151908624181e+00 -1.6429555182933393e+00 9.8476710000000005e-03 8.5502127999999999e-01
3.6710372758960219e-01 -4.4261992687759481e+01 9.3280598065895437e-01 2.8772029816827438e+01 3.8178037510680825e+00 -2.5291819112193634e+00 3.5512377735265783e+00 -1.5998343127504890e+00 9.5735140000000000e-03 8.6473257999999997e-01
3.7659796148287605e-01 -4.6130603222227471e+01 9.3749177371231751e-01 2.8191082759376631e+01 4.1106886154693862e+00 -2.6914919375624082e+00 3.5297265380726541e+00 -1.5589383516751445e+00 9.2909130999999992e-03 8.7416548999999999e-01
3.8580360132784275e-01 -4.8163478075833630e+01 9.4203513378983417e-01 2.7633902717003636e+01 4.3790369676248453e+00 -2.8649375791250304e+00 3.5087313817885692e+00 -1.5201972096876915e+00 9.0001030000000006e-03 8.8331166999999999e-01
3.9471251459595491e-01 -5.0377870516120034e+01 9.4643204715577811e-01 2.7100547629829126e+01 4.6245089488711262e+00 -3.0506860936852598e+00 3.4882980451127263e+00 -1.4835425672979015e+00 8.7013270999999996e-03 8.9216304000000002e-01
4.0331680025390870e-01 -5.2793460394771145e+01 9.5067861432680123e-01 2.6591019088715512e+01 4.8486833095843842e+00 -3.2500588443442018e+00 3.4684684369151260e+00 -1.4489084477677323e+00 8.3948374000000006e-03 9.0071175000000003e-01
4.1160883908869661e-01 -5.5432798725166279e+01 9.5477107490940716e-01 2.6105272222173177e+01 5.0530587163515710e+00 -3.4645596029956094e+00 3.4492808122456031e+00 -1.4162311561508647e+00 8.0808944000000001e-03 9.0895022999999997e-01
4.1958125344756481e-01 -5.8321826702038159e+01 9.5870578772997317e-01 2.5643223470061557e+01 5.2390538323266869e+00 -3.6959070935874565e+00 3.4307700630743883e+00 -1.3854495796401136e+00 7.7597663000000001e-03 9.1687114999999997e-01
4.2722694749805568e-01 -6.1490544899025437e+01 9.6247925070472773e-01 2.5204754634047855e+01 5.4080085205367467e+00 -3.9460776523762378e+00 3.4129679245666211e+00 -1.3565051016953000e+00 7.4317293999999999e-03 9.2446746000000002e-01
4.3453911729301831e-01 -6.4973844507711505e+01 9.6608810580724636e-01 2.4789718474127554e+01 5.5611853111098943e+00 -4.2173575999350259e+00 3.3959031687383687e+00 -1.3293416779859479e+00 7.0970672000000004e-03 9.3173240000000002e-01
4.4151123064058762e-01 -6.8812543434692600e+01 9.6952912913346179e-01 2.4397945575615861e+01 5.6997700040488315e+00 -4.5124091121836578e+00 3.3796018620961243e+00 -1.3039059859579369e+00 6.7560703000000000e-03 9.3865947999999999e-01
4.4813707742923681e-01 -7.3054755363044606e+01 9.7279925573913717e-01 2.4029246908626021e+01 5.8248740107332955e+00 -4.8343570923732848e+00 3.3640874951455575e+00 -1.2801473049806540e+00 6.4090362999999996e-03 9.4524253000000003e-01
4.5441070923771409e-01 -7.7757600018923625e+01 9.7589554983489846e-01 2.3683422175232426e+01 5.9375347088744332e+00 -5.1868975691542119e+00 3.3493812926883271e+00 -1.2580177867670097e+00 6.0562691999999996e-03 9.5147563999999996e-01
4.6032653998514883e-01 -8.2989582054129116e+01 9.7881525446118112e-01 2.3360258784182825e+01 6.0387187428525282e+00 -5.5744499321970409e+00 3.3355022009519062e+00 -1.2374721621419349e+00 5.6980790999999996e-03 9.5735325999999998e-01
4.6587924528094504e-01 -8.8833623148767913e+01 9.8155574181328298e-01 2.3059542126378958e+01 6.1293218060568950e+00 -6.0023492088092567e+00 3.3224672988906061e+00 -1.2184681194947726e+00 5.3347821999999998e-03 9.6287009999999995e-01
4.7106386307488779e-01 -9.5391417569943286e+01 9.8411456291631161e-01 2.2781053509469029e+01 6.2101721943873720e+00 -6.4771255366232392e+00 3.3102917259094293e+00 -1.2009659866558526e+00 4.9667000000000001e-03 9.6802122999999995e-01
4.7587572320206872e-01 -1.0278935350979970e+02 9.8648941285272118e-01 2.2524578199771071e+01 6.2820306632432201e+00 -7.0068824567932966e+00 3.2989890180494910e+00 -1.1849290151987306e+00 4.5941591999999996e-03 9.7280200999999999e-01
4.8031052790297102e-01 -1.1118728451642671e+02 9.8867817050227003e-01 2.2289903248085061e+01 6.3455940032429519e+00 -7.6018601401337680e+00 3.2885710577013501e+00 -1.1703231053851235e+00 4.2174915999999996e-03 9.7720817000000004e-01
4.8436427130338433e-01 -1.2079129200258187e+02 9.9067885880206341e-01 2.2076827072901466e+01 6.4014949097437208e+00 -8.2752556508619186e+00 3.2790484089327050e+00 -1.1571171195984258e+00 3.8370333000000002e-03 9.8123572999999997e-01
4.8803331993449039e-01 -1.3187376398745960e+02 9.9248968448651032e-01 2.1885155676987097e+01 6.4503046991555388e+00 -9.0445125328378602e+00 3.2704302478120151e+00 -1.1452826060954575e+00 3.4531249000000000e-03 9.8488107999999996e-01
4.9131438253782989e-01 -1.4480585436951176e+02 9.9410902318484062e-01 2.1714707904086094e+01 6.4925343652001972e+00 -9.9334031241825098e+00 3.2627245503077149e+00 -1.1347939144311747e+00 3.0661112999999999e-03 9.8814095000000002e-01
4.9420448993528221e-01 -1.6011127777826945e+02 9.9553540948611441e-01 2.1565318388943282e+01 6.5286356118481415e+00 -1.0975577161738025e+01 3.2559382458416581e+00 -1.1256282734110670e+00 2.6763420000000000e-03 9.9101238999999997e-01
4.9670105541912890e-01 -1.7857021831448844e+02 9.9676756674419109e-01 2.1436836357955869e+01 6.5590026796206207e+00 -1.2221125726327196e+01 3.2500771620382554e+00 -1.1177655902519570e+00 2.2841723000000002e-03 9.9349282999999999e-01
4.9880185462203208e-01 -2.0142100584377911e+02 9.9780439714273950e-01 2.1329128435915599e+01 6.5839735317694403e+00 -1.3749797237466094e+01 3.2451461580992769e+00 -1.1111885302160429e+00 1.8899688000000000e-03 9.9558005999999999e-01
5.0050501545202453e-01 -2.3083049467208090e+02 9.9864497672774333e-01 2.1242080307548637e+01 6.6038302778764253e+00 -1.5701405195233322e+01 3.2411491984568155e+00 -1.1058825438691688e+00 1.4941295000000000e-03 9.9727222000000004e-01
5.0180915900265655e-01 -2.7121762004244886e+02 9.9928862495242732e-01 2.1175591291396739e+01 6.6188017047402505e+00 -1.8361669809124244e+01 3.2380891190352918e+00 -1.1018354007211826e+00 1.0971916000000000e-03 9.9856794000000004e-01
5.0271378202339956e-01 -3.3467690459799979e+02 9.9973509344205580e-01 2.1129555312202417e+01 6.6290684137968263e+00 -2.2514318576045092e+01 3.2359667423742540e+00 -1.0990361221429337e+00 7.0085733000000002e-04 9.9946672000000003e-01
