-2.5382180807847343e-01 -1.0049595150465515e+03 2.5382309085732602e-01 -9.7262222024596099e+02 -2.6366785769105138e+02 6.4482714986197379e+01 -6.2408867859491252e+01 -1.6910970094217717e+01 5.5301730000000003e-06 1.0230946000000001e-06
-2.5381221317294783e-01 -7.5582354260755585e+02 2.5383719423496320e-01 -7.2335275483292457e+02 -2.6364237029746528e+02 4.8502773634865349e+01 -4.6422857655284162e+01 -1.6909827825189026e+01 3.5894988000000002e-05 1.9923924999999999e-05
-2.5378211038301596e-01 -6.4011774312411842e+02 2.5388144177999727e-01 -6.0730016086623959e+02 -2.6356241932948626e+02 4.1079035702134959e+01 -3.8983307015633535e+01 -1.6906244546346830e+01 8.5619985000000003e-05 7.9222864999999994e-05
-2.5372251662918138e-01 -5.6407761440519994e+02 2.5396903755807998e-01 -5.3066319780694300e+02 -2.6340419813934329e+02 3.6197419654672032e+01 -3.4074406662661033e+01 -1.6899152803241353e+01 1.5173507999999999e-04 1.9661552000000001e-04
-2.5362556986638041e-01 -5.0747936954926638e+02 2.5411153784667950e-01 -4.7319943646573313e+02 -2.6314696315500112e+02 3.2560683939924381e+01 -3.0398007657197809e+01 -1.6887621638240304e+01 2.3255418000000001e-04 3.8758918999999998e-04
-2.5348411975466428e-01 -4.6249876357158382e+02 2.5431945280082147e-01 -4.2707620819567694e+02 -2.6277199609863231e+02 2.9666935333194271e+01 -2.7451772765469798e+01 -1.6870809620633079e+01 3.2689763000000001e-04 6.6622920000000002e-04
-2.5329154140437554e-01 -4.2527554588575970e+02 2.5460252022567709e-01 -3.8843167357707244e+02 -2.6226216421984753e+02 2.7268568526663671e+01 -2.4987962489372912e+01 -1.6847944641125228e+01 4.3385032000000002e-04 1.0455858000000000e-03
-2.5304163113893258e-01 -3.9361794297522556e+02 2.5496985879295558e-01 -3.5507744306728148e+02 -2.6160170201878572e+02 2.5225022582744490e+01 -2.2866107860873853e+01 -1.6818313587726770e+01 5.5265518999999999e-04 1.5378795000000000e-03
-2.5272854205949374e-01 -3.6616029213912952e+02 2.5543006275323615e-01 -3.2565511442973843e+02 -2.6077610143951694e+02 2.3448745356834870e+01 -2.0998922863934794e+01 -1.6781256873787186e+01 6.8265765000000004e-04 2.1546280000000000e-03
-2.5234674053473383e-01 -3.4199305319259435e+02 2.5599126589085619e-01 -2.9926544070418078e+02 -2.5977205894146994e+02 2.1881454749962625e+01 -1.9328530511260944e+01 -1.6736165502161455e+01 8.2327310000000005e-04 2.9067318999999999e-03
-2.5189097655439646e-01 -3.2047921344068402e+02 2.5666118510068753e-01 -2.7528422442105625e+02 -2.5857746142635318e+02 2.0482360967782029e+01 -1.7814659729445307e+01 -1.6682479804075626e+01 9.7396649000000004e-04 3.8045331000000002e-03
-2.5135626205286704e-01 -3.0115465963717696e+02 2.5744715224992282e-01 -2.5326223867698249e+02 -2.5718138443423169e+02 1.9221771877934255e+01 -1.6428231494368699e+01 -1.6619689100703123e+01 1.1342389000000000e-03 4.8578574999999999e-03
-2.5073785507065982e-01 -2.8367028232984683e+02 2.5835613745881919e-01 -2.3286699035741574e+02 -2.5557412043564352e+02 1.8077377342546214e+01 -1.5147627657196718e+01 -1.6547332022812078e+01 1.3036180000000001e-03 6.0760461999999999e-03
-2.5003124828164847e-01 -2.6775646889539104e+02 2.5939476596431349e-01 -2.1384692664133152e+02 -2.5374719960502284e+02 1.7031969579173701e+01 -1.3956398812219383e+01 -1.6464997237345440e+01 1.4816515000000000e-03 7.4679780999999997e-03
-2.4923215970316887e-01 -2.5320031755514970e+02 2.6056933177507374e-01 -1.9600840094304587e+02 -2.5169342065715961e+02 1.6071980118146293e+01 -1.2841790233837004e+01 -1.6372324344337862e+01 1.6679024999999999e-03 9.0420881999999994e-03
-2.4833652640122561e-01 -2.3983050085133300e+02 2.6188580692410213e-01 -1.7920031723412677e+02 -2.4940688356558192e+02 1.5186507442649809e+01 -1.1793762526627258e+01 -1.6269004945701965e+01 1.8619452999999999e-03 1.0806380000000001e-02
-2.4734049865257834e-01 -2.2750686130884452e+02 2.6334985004977846e-01 -1.6330352632494504e+02 -2.4688301733885280e+02 1.4366648627185471e+01 -1.0804303522978238e+01 -1.6154783619822986e+01 2.0633631000000000e-03 1.2768437000000001e-02
-2.4624043725422504e-01 -2.1611310747797870e+02 2.6496681035060182e-01 -1.4822333986411539e+02 -2.4411861020280244e+02 1.3605029889804849e+01 -9.8669733860004474e+00 -1.6029459008938680e+01 2.2717459999999998e-03 1.4935428000000001e-02
-2.4503290900536465e-01 -2.0555151597493909e+02 2.6674173422617159e-01 -1.3388405312236617e+02 -2.4111182741207196e+02 1.2895468230142537e+01 -8.9765345267525465e+00 -1.5892884490143349e+01 2.4866887000000002e-03 1.7314116000000001e-02
-2.4371468680892600e-01 -1.9573907071574385e+02 2.6867936512795226e-01 -1.2022492902619226e+02 -2.3786223276973007e+02 1.2232714394374870e+01 -8.1287081518754345e+00 -1.5744969104095571e+01 2.7077901999999999e-03 1.9910858000000000e-02
-2.4228274408747663e-01 -1.8660452429268068e+02 2.7078415176722759e-01 -1.0719708609465778e+02 -2.3437078771256620e+02 1.1612274993184830e+01 -7.3199758694454218e+00 -1.5585677548528022e+01 2.9346520999999999e-03 2.2731616000000000e-02
-2.4073425782909066e-01 -1.7808621874624529e+02 2.7306024363803461e-01 -9.4761183393867157e+01 -2.3063986233209522e+02 1.1030272026827726e+01 -6.5474343356355229e+00 -1.5415030843861889e+01 3.1668782999999998e-03 2.5781951000000001e-02
-2.3906660554148093e-01 -1.7013036012427770e+02 2.7551149549422976e-01 -8.2885538535410276e+01 -2.2667322175859985e+02 1.0483321310495644e+01 -5.8086772441646612e+00 -1.5233105984290166e+01 3.4040742000000001e-03 2.9067029000000001e-02
-2.3727736322142032e-01 -1.6268967982949883e+02 2.7814147033419945e-01 -7.1544646123434163e+01 -2.2247600578586398e+02 9.9684548646554596e+00 -5.1017051528543123e+00 -1.5040035372313737e+01 3.6458464000000000e-03 3.2591624999999999e-02
-2.3536430840060968e-01 -1.5572239332679217e+02 2.8095343492379410e-01 -6.0718009402604217e+01 -2.1805470967945502e+02 9.4830519774364390e+00 -4.4248518930517742e+00 -1.4836006492845007e+01 3.8918026000000000e-03 3.6360116999999997e-02
-2.3332541608452065e-01 -1.4919134004893269e+02 2.8395036576574961e-01 -5.0389139821852424e+01 -2.1341713848839169e+02 9.0247837141612859e+00 -3.7767244993816256e+00 -1.4621260372994540e+01 4.1415510999999999e-03 4.0376493999999999e-02
-2.3115886027532959e-01 -1.4306330863357823e+02 2.8713494686115409e-01 -4.0544762803859861e+01 -2.0857236465260462e+02 8.5915697184997306e+00 -3.1561550456589029e+00 -1.4396090481273085e+01 4.3947007000000003e-03 4.4644352999999998e-02
-2.2886301397191752e-01 -1.3730848055101953e+02 2.9050956970944808e-01 -3.1174143567113092e+01 -2.0353067136930247e+02 8.1815423611485460e+00 -2.5621603205099177e+00 -1.4160840907264776e+01 4.6508610999999997e-03 4.9166899000000000e-02
-2.2643644713929167e-01 -1.3189996759343904e+02 2.9407633629313512e-01 -2.2268513191101864e+01 -1.9830348241794877e+02 7.7930171521644471e+00 -1.9939075360776677e+00 -1.3915904102707781e+01 4.9096423000000002e-03 5.3946949000000001e-02
-2.2387792924680855e-01 -1.2681343894896470e+02 2.9783705534689353e-01 -1.3820596436183010e+01 -1.9290330975278727e+02 7.4244688459129060e+00 -1.4506864095960794e+00 -1.3661718789438035e+01 5.1706551000000002e-03 5.8986927000000001e-02
-2.2118642469937214e-01 -1.2202679549679077e+02 3.0179324907317534e-01 -5.8241871901573568e+00 -1.8734357672670561e+02 7.0745105049648025e+00 -9.3188548112912817e-01 -1.3398766758343541e+01 5.4335110000000002e-03 6.4288872999999996e-02
-2.1836109740623588e-01 -1.1751991298346773e+02 3.0594614642660722e-01 1.7261851060410840e+00 -1.8163870351292616e+02 6.7418771663516504e+00 -4.3696993851091759e-01 -1.3127570367647662e+01 5.6978226000000002e-03 6.9854434000000007e-02
-2.1540130570455596e-01 -1.1327440758103596e+02 3.1029669057576725e-01 8.8355688993890791e+00 -1.7580383130102678e+02 6.4254108020019967e+00 3.4534043451163399e-02 -1.2848688814992661e+01 5.9632034000000004e-03 7.5684873999999999e-02
-2.1230660489761469e-01 -1.0927344868116707e+02 3.1484553517229663e-01 1.5508837481723203e+01 -1.6985480755486722e+02 6.1240484387868319e+00 4.8305509130321689e-01 -1.2562714828202525e+01 6.2292681999999997e-03 8.1781068999999998e-02
-2.0907674522424186e-01 -1.0550159149025821e+02 3.1959304733561023e-01 2.1750910075599467e+01 -1.6380805506087867e+02 5.8368114934833040e+00 9.0898952270837130e-01 -1.2270270847879232e+01 6.4956331999999999e-03 8.8143510999999994e-02
-2.0571167185881475e-01 -1.0194463598836298e+02 3.2453930765289668e-01 2.7566932669736730e+01 -1.5768045961943656e+02 5.5627968005061073e+00 1.3127121461027773e+00 -1.1972005141204605e+01 6.7619166000000000e-03 9.4772308000000000e-02
-2.0221152186539021e-01 -9.8589500940131799e+01 3.2968411465618441e-01 3.2962432517200149e+01 -1.5148924796240232e+02 5.3011698466435799e+00 1.6945859219893542e+00 -1.1668587466416247e+01 7.0277381999999996e-03 1.0166719000000000e-01
-1.9857662369005991e-01 -9.5424117871696183e+01 3.3502698556851923e-01 3.7943441844030431e+01 -1.4525186904254511e+02 5.0511518756854361e+00 2.0549697606020696e+00 -1.1360705013057153e+01 7.2927204000000001e-03 1.0882751000000000e-01
-1.9480750426797566e-01 -9.2437343414323877e+01 3.4056714585747710e-01 4.2516585525085148e+01 -1.3898588906749418e+02 4.8120268258872230e+00 2.3942243922386006e+00 -1.1049058830149859e+01 7.5564877000000004e-03 1.1625223000000000e-01
-1.9090487430165426e-01 -8.9618864844594796e+01 3.4630355087431641e-01 4.6689175835248648e+01 -1.3270884645754862e+02 4.5831228043881733e+00 2.7127193965845966e+00 -1.0734358180212437e+01 7.8186677999999999e-03 1.2393994999999999e-01
-1.8686962724568840e-01 -8.6959129572592516e+01 3.5223488734633346e-01 5.0469261541458636e+01 -1.2643813891098125e+02 4.3638138471047778e+00 3.0108372591933596e+00 -1.0417316643465352e+01 8.0788911000000008e-03 1.3188891000000000e-01
-1.8270285453608606e-01 -8.4449291594669702e+01 3.5835955099153227e-01 5.3865646268732490e+01 -1.2019093209052140e+02 4.1535155036325087e+00 3.2889755899565718e+00 -1.0098648901413204e+01 8.3367917000000003e-03 1.4009695999999999e-01
-1.7840582528448448e-01 -8.2081141265257628e+01 3.6467567636573150e-01 5.6887925709299239e+01 -1.1398402053227726e+02 3.9516801706919811e+00 3.5475515856898245e+00 -9.7790652149317356e+00 8.5920070000000005e-03 1.4856159999999999e-01
-1.7397999643104320e-01 -7.9847061241604393e+01 3.7118112193901087e-01 5.9546475279158322e+01 -1.0783374014311168e+02 3.7577944830550116e+00 3.7870028816659822e+00 -9.4592682312460532e+00 8.8441787999999997e-03 1.5727996000000000e-01
-1.6942700259155097e-01 -7.7739976476978185e+01 3.7787348501926477e-01 6.1852441911883581e+01 -1.0175585556292764e+02 3.5713760073854646e+00 4.0077894627130579e+00 -9.1399485314899334e+00 9.0929527999999999e-03 1.6624881999999999e-01
-1.6474865605742578e-01 -7.5753314151158577e+01 3.8475010175220214e-01 6.3817715143110689e+01 -9.5765472184512006e+01 3.3919707600741988e+00 4.2103940185381585e+00 -8.8217809876500084e+00 9.3379794999999995e-03 1.7546460999999999e-01
-1.5994694171926827e-01 -7.3880966048577292e+01 3.9180805458312340e-01 6.5454886919195999e+01 -8.9876946450632460e+01 3.2191507627222826e+00 4.3953222125024967e+00 -8.5054211240835755e+00 9.5789143999999993e-03 1.8492342000000001e-01
-1.5502403229620138e-01 -7.2117261305309995e+01 3.9904414987158998e-01 6.6777195836428604e+01 -8.4103831382801502e+01 3.0525125072032919e+00 4.5631014999355495e+00 -8.1915029904624479e+00 9.8154178999999998e-03 1.9462097000000000e-01
-1.4998226295363765e-01 -7.0456927501927254e+01 4.0645495520030805e-01 6.7798477088953263e+01 -7.8458779505276468e+01 2.8916741687952583e+00 4.7142812558805316e+00 -7.8806345716729540e+00 1.0047156000000000e-02 2.0455266000000000e-01
-1.4482412622683252e-01 -6.8895063612550345e+01 4.1403680683690552e-01 6.8533092499621944e+01 -7.2953484928674186e+01 2.7362738516902860e+00 4.8494313734581782e+00 -7.5733950499256206e+00 1.0273801000000001e-02 2.1471357999999999e-01
-1.3955229740311736e-01 -6.7427124114137911e+01 4.2178577242504794e-01 6.8995853044009536e+01 -6.7598665203159840e+01 2.5859688178411169e+00 4.9691398571182308e+00 -7.2703340812730062e+00 1.0495031000000000e-02 2.2509846000000000e-01
-1.3416960406321993e-01 -6.6048887948830100e+01 4.2969769575509920e-01 6.9201945991425191e+01 -6.2403992224243829e+01 2.4404331414353830e+00 5.0740117244764340e+00 -6.9719679749480505e+00 1.0710529999999999e-02 2.3570173000000000e-01
-1.2867903115771095e-01 -6.4756440939131522e+01 4.3776818930234473e-01 6.9166851200355794e+01 -5.7378074806380823e+01 2.2993566008237387e+00 5.1646666311904426e+00 -6.6787784266211698e+00 1.0919989999999999e-02 2.4651751000000000e-01
-1.2308372608345083e-01 -6.3546159189028501e+01 4.4599262676521467e-01 6.8906257700112150e+01 -5.2528440682908219e+01 2.1624436078441573e+00 5.2417363986869896e+00 -6.3912114746188520e+00 1.1123108000000000e-02 2.5753959999999998e-01
-1.1738698345424978e-01 -6.2414689441607138e+01 4.5436616545061415e-01 6.8435979816283378e+01 -4.7861529417650935e+01 2.0294117114988008e+00 5.3058627942216994e+00 -6.1096756780597961e+00 1.1319591000000000e-02 2.6876150999999998e-01
-1.1159224002442145e-01 -6.1358934081487611e+01 4.6288375373570001e-01 6.7771869960609422e+01 -4.3382680003397063e+01 1.8999904764881130e+00 5.3576948276583733e+00 -5.8345413340160128e+00 1.1509152000000000e-02 2.8017647000000001e-01
-1.0570307976522939e-01 -6.0376039148461494e+01 4.7154012360610398e-01 6.6929740990289346e+01 -3.9096153249570513e+01 1.7739206716683549e+00 5.3978861748470308e+00 -5.5661403318496543e+00 1.1691511000000000e-02 2.9177742000000001e-01
-9.9723238941333614e-02 -5.9463382914433225e+01 4.8032978319415609e-01 6.5925278116202890e+01 -3.5005155262635306e+01 1.6509534474821985e+00 5.4270924588498959e+00 -5.3047662952163606e+00 1.1866398000000000e-02 3.0355700000000002e-01
-9.3656565499218275e-02 -5.8618558979720540e+01 4.8924707647309840e-01 6.4773964068219783e+01 -3.1111850475650929e+01 1.5308486654566287e+00 5.4459686954922955e+00 -5.0506731456412144e+00 1.2033550000000000e-02 3.1550762999999998e-01
-8.7507054602317308e-02 -5.7839372691569658e+01 4.9828613102464792e-01 6.3491004931138946e+01 -2.7417355130517116e+01 1.4133748662433741e+00 5.4551667051791268e+00 -4.8040771063225698e+00 1.2192715000000000e-02 3.2762143999999999e-01
-8.1278823248781912e-02 -5.7123828694293721e+01 5.0744089534788017e-01 6.2091261489891409e+01 -2.3921899787943175e+01 1.2983079839934062e+00 5.4553325185256281e+00 -4.5651565126245366e+00 1.2343646000000000e-02 3.3989032000000002e-01
-7.4976115347927058e-02 -5.6470124281076011e+01 5.1670513139745278e-01 6.0589183524355477e+01 -2.0624743695329961e+01 1.1854306132932528e+00 5.4471040062236895e+00 -4.3340529837727741e+00 1.2486109000000000e-02 3.5230591000000000e-01
-6.8603281414445133e-02 -5.5876640702122309e+01 5.2607244443071188e-01 5.8998748657826056e+01 -1.7524286912417459e+01 1.0745316288135309e+00 5.4311085817698146e+00 -4.1108720174697790e+00 1.2619877000000000e-02 3.6485963999999999e-01
-6.2164793797745782e-02 -5.5341939203523950e+01 5.3553626062236215e-01 5.7333415266647314e+01 -1.4618122411013916e+01 9.6540453449824959e-01 5.4079610565499676e+00 -3.8956849304506025e+00 1.2744734000000001e-02 3.7754270000000001e-01
-5.5665231452616148e-02 -5.4864754561580511e+01 5.4508984944979733e-01 5.5606068078094395e+01 -1.1903088550586396e+01 8.5784770700586321e-01 5.3782616597478414e+00 -3.6885300096377622e+00 1.2860473000000001e-02 3.9034606999999999e-01
-4.9109269786327764e-02 -5.4443990751318758e+01 5.5472633861665321e-01 5.3828987692700714e+01 -9.3753318871472935e+00 7.5166338810102218e-01 5.3425940966036878e+00 -3.4894139722470987e+00 1.2966896000000000e-02 4.0326054000000000e-01
-4.2501690811529796e-02 -5.4078718124712189e+01 5.6443869912925415e-01 5.2013810962578184e+01 -7.0303739937011560e+00 6.4665665434349862e-01 5.3015241219486455e+00 -3.2983141675509509e+00 1.3063819000000001e-02 4.1627669000000000e-01
-3.5847352687569528e-02 -5.3768169500645406e+01 5.7421979006727408e-01 5.0171501501005935e+01 -4.8631702543382689e+00 5.4263504096407367e-01 5.2555978722566961e+00 -3.1151799726867950e+00 1.3151064000000001e-02 4.2938494999999999e-01
-2.9151220179171849e-02 -5.3511740154976827e+01 5.8406231381307516e-01 4.8312339188333780e+01 -2.8681860178754532e+00 4.3940805293699947e-01 5.2053407852617894e+00 -2.9399344924571191e+00 1.3228465999999999e-02 4.4257553999999999e-01
-2.2418324044866739e-02 -5.3308984979792456e+01 5.9395887574592265e-01 4.6445895779113123e+01 -1.0394513641121375e+00 3.3678612476089498e-01 5.1512564419314666e+00 -2.7724780745024509e+00 1.3295871000000001e-02 4.5583855000000001e-01
-1.5653781342775536e-02 -5.3159619478244473e+01 6.0390195439487704e-01 4.4581034646268151e+01 6.2936611838028766e-01 2.3458016302059770e-01 5.0938256975412957e+00 -2.6126885959227888e+00 1.3353135000000000e-02 4.6916390000000002e-01
-8.8627700483781824e-03 -5.3063519706632839e+01 6.1388393874767844e-01 4.2725902577474997e+01 2.1449037787133753e+00 1.3260067898959038e-01 5.0335059993293081e+00 -2.4604241893549941e+00 1.3400123999999999e-02 4.8254139000000001e-01
-2.0505392074062767e-03 -5.3020724285693355e+01 6.2389711332719244e-01 4.0887937512872071e+01 3.5140379985361188e+00 3.0657290436702400e-02 4.9707309774633188e+00 -2.3155255054405557e+00 1.3436718000000000e-02 4.9596067999999999e-01
4.7776113699431466e-03 -5.3031436515634120e+01 6.3393368803851780e-01 3.9073875292202771e+01 4.7438283928781457e+00 -7.1442141146221605e-02 4.9059099574568172e+00 -2.1778173832534269e+00 1.3462807000000000e-02 5.0941133000000005e-01
1.1616310803221230e-02 -5.3096027845112104e+01 6.4398576832187859e-01 3.7289764114567149e+01 5.8414568769741324e+00 -1.7389215343433362e-01 4.8394281695289934e+00 -2.0471114056990003e+00 1.3478291000000000e-02 5.2288276000000000e-01
1.8460162829746496e-02 -5.3215042470782294e+01 6.5404542230861606e-01 3.5540977461295405e+01 6.8141821834398622e+00 -2.7689062896025485e-01 4.7716462463180385e+00 -1.9232071030366154e+00 1.3483083000000000e-02 5.3636434000000000e-01
2.5303720422371945e-02 -5.3389202478538756e+01 6.6410464351230325e-01 3.3832234876748679e+01 7.6692787690620090e+00 -3.8063942105038517e-01 4.7029007929564930e+00 -1.8058943282276687e+00 1.3477108000000000e-02 5.4984533999999996e-01
3.2141495942378140e-02 -5.3619414373251971e+01 6.7415536575230017e-01 3.2167639871528458e+01 8.4140063240729095e+00 -4.8534522556242354e-01 4.6335046500494244e+00 -1.6949551043931017e+00 1.3460300999999999e-02 5.6331494999999998e-01
3.8967976368812940e-02 -5.3906777069646402e+01 6.8418948553908276e-01 3.0550688366597537e+01 9.0555488070000916e+00 -5.9122050583659425e-01 4.5637471627388102e+00 -1.5901651128784666e+00 1.3432611000000001e-02 5.7676231000000000e-01
4.5777633451384581e-02 -5.4252591374644467e+01 6.9419887699779692e-01 2.8984305708846993e+01 9.6009917560832516e+00 -6.9848469662240653e-01 4.4938943225920340e+00 -1.4912960893426643e+00 1.3393997000000000e-02 5.9017653000000003e-01
5.2564908481121941e-02 -5.4658369563647497e+01 7.0417536948292825e-01 2.7470881398742847e+01 1.0057278628695791e+01 -8.0736471447040925e-01 4.4241919751174130e+00 -1.3981138259660773e+00 1.3344429999999999e-02 6.0354666000000001e-01
5.9324232596160820e-02 -5.5125848088891857e+01 7.1411077742540885e-01 2.6012297761014793e+01 1.0431183200656571e+01 -9.1809665041309074e-01 4.3548609114118655e+00 -1.3103869951499465e+00 1.3283893999999999e-02 6.1686173000000000e-01
6.6050047087530150e-02 -5.5657002501594135e+01 7.2399693017972422e-01 2.4609961263607310e+01 1.0729282230076977e+01 -1.0309265193397326e+00 4.2861042682719708e+00 -1.2278807640204079e+00 1.3212384000000001e-02 6.3011079000000003e-01
7.2736772940472594e-02 -5.6254060920100642e+01 7.3382562725325284e-01 2.3264844746864586e+01 1.0957923491387023e+01 -1.1461116347076028e+00 4.2181041519828888e+00 -1.1503621314212131e+00 1.3129907000000000e-02 6.4328284999999996e-01
7.9378846369570655e-02 -5.6919523892063175e+01 7.4358869053870391e-01 2.1977514647429484e+01 1.1123255728916199e+01 -1.2639228167399170e+00 4.1510240364141655e+00 -1.0776000248248800e+00 1.3036481000000001e-02 6.5636695000000000e-01
8.5970723895192780e-02 -5.7656185111868155e+01 7.5327797177589284e-01 2.0748166866258842e+01 1.1231112353321455e+01 -1.3846427317433250e+00 4.0850089187641432e+00 -1.0093662631040685e+00 1.2932137999999999e-02 6.6935217000000002e-01
9.2506867114154068e-02 -5.8467152324574691e+01 7.6288533016641225e-01 1.9576664655809402e+01 1.1287099270969714e+01 -1.5085736917078023e+00 4.0201876482341534e+00 -9.4543670572587590e-01 1.2816919000000000e-02 6.8222760000000005e-01
9.8981773158395514e-02 -5.9355876155409476e+01 7.7240267714429156e-01 1.8462567348304894e+01 1.1296537738149338e+01 -1.6360335535597996e+00 3.9566725070580846e+00 -8.8559172967364319e-01 1.2690879000000000e-02 6.9498240000000000e-01
1.0538996454209076e-01 -6.0326177871919000e+01 7.8182196145244376e-01 1.7405165809093287e+01 1.1264465545515808e+01 -1.7673606426061221e+00 3.8945611216453884e+00 -8.2961710092407526e-01 1.2554085000000000e-02 7.0760577999999996e-01
1.1172599423809287e-01 -6.1382282552673843e+01 7.9113517660444277e-01 1.6403514406382325e+01 1.1195633032689706e+01 -1.9029154156383141e+00 3.8339370312350578e+00 -7.7730453434642632e-01 1.2406611999999999e-02 7.2008700999999997e-01
1.1798447106016685e-01 -6.2528860337949162e+01 8.0033439819340568e-01 1.5456457302991749e+01 1.1094511984478123e+01 -2.0430834370475992e+00 3.7748708269732401e+00 -7.2845205231777788e-01 1.2248551000000000e-02 7.3241546999999996e-01
1.2416004443365009e-01 -6.3771066348923263e+01 8.0941176150666427e-01 1.4562661096528171e+01 1.0965276504446308e+01 -2.1882778124775211e+00 3.7174211736746714e+00 -6.8286454519120865e-01 1.2080001999999999e-02 7.4458062000000003e-01
1.3024741454834549e-01 -6.5114590255185107e+01 8.1835947644931650e-01 1.3720641111019168e+01 1.0811826786387661e+01 -2.3389425091287053e+00 3.6616357664172523e+00 -6.4035404772166926e-01 1.1901076999999999e-02 7.5657202000000001e-01
1.3624134251141456e-01 -6.6565713232799737e+01 8.2716984246778202e-01 1.2928786527866194e+01 1.0637784935697960e+01 -2.4955560891337445e+00 3.6075522259702537e+00 -6.0073991264257653e-01 1.1711898000000000e-02 7.6837935000000002e-01
1.4213666557671700e-01 -6.8131374581213507e+01 8.3583527093513066e-01 1.2185382536409573e+01 1.0446502129229149e+01 -2.6586361323686063e+00 3.5551989416648331e+00 -5.6384900097198032e-01 1.1512599000000000e-02 7.7999244000000001e-01
1.4792827176257811e-01 -6.9819237230626541e+01 8.4434824784220019e-01 1.1488637135449434e+01 1.0241068202500562e+01 -2.8287431033965467e+00 3.5045961143811906e+00 -5.2951591993357050e-01 1.1303326000000001e-02 7.9140122000000002e-01
1.5361115061625397e-01 -7.1637784395144124e+01 8.5270140841536213e-01 1.0836695781030414e+01 1.0024319760549186e+01 -3.0064870195385840e+00 3.4557563736292436e+00 -4.9758283549083959e-01 1.1084235000000000e-02 8.0259581999999996e-01
1.5918034752591292e-01 -7.3596401911762513e+01 8.6088746996053267e-01 1.0227665890106270e+01 9.7988518606666020e+00 -3.1925321079048117e+00 3.4086858975093723e+00 -4.6789973731818824e-01 1.0855490000000001e-02 8.1356647999999998e-01
1.6463100940865411e-01 -7.5705502626705439e+01 8.6889929901916219e-01 9.6596300297665394e+00 9.5670275432333618e+00 -3.3876051509356326e+00 3.3633848123886882e+00 -4.4032419878408258e-01 1.0617270000000000e-02 8.2430364000000000e-01
1.6995837455761464e-01 -7.7976653275391868e+01 8.7672989644468191e-01 9.1306619964357019e+00 9.3309899112305921e+00 -3.5925032959984238e+00 3.3198480598459188e+00 -4.1472138347197263e-01 1.0369760000000000e-02 8.3479791999999997e-01
1.7515777771841612e-01 -8.0422726287308237e+01 8.8437240486428115e-01 8.6388411016379862e+00 9.0926739578891862e+00 -3.8081036581761207e+00 3.2780660993316491e+00 -3.9096366510836361e-01 1.0113159000000000e-02 8.4504013000000000e-01
1.8022465516561093e-01 -8.3058079020167099e+01 8.9182011614068379e-01 8.1822649071641766e+00 8.8538194004629567e+00 -4.0353745754575465e+00 3.2380254749387700e+00 -3.6893189284973654e-01 9.8476710000000005e-03 8.5502127999999999e-01
1.8515454470268261e-01 -8.5898761647977835e+01 8.9906647137214790e-01 7.7590595583099908e+00 8.6159819117820131e+00 -4.2753885960110560e+00 3.1997094727421351e+00 -3.4851024494727145e-01 9.5735140000000000e-03 8.6473257999999997e-01
1.8994311104427836e-01 -8.8962778535280975e+01 9.0610509820135010e-01 7.3673879546220586e+00 8.3805455974257406e+00 -4.5293392082346600e+00 3.1630984658639458e+00 -3.2959516646437431e-01 9.2909130999999992e-03 8.7416548999999999e-01
1.9458612043397638e-01 -9.2270369451228007e+01 9.1292977350650095e-01 7.0054602255003688e+00 8.1487373767904021e+00 -4.7985580906417091e+00 3.1281706855548523e+00 -3.1208616105245757e-01 9.0001030000000006e-03 8.8331166999999999e-01
1.9907947110296514e-01 -9.5844383652021534e+01 9.1953446817200679e-01 6.6715385051040705e+00 7.9216350245839982e+00 -5.0845389428201386e+00 3.0949024549841466e+00 -2.9589008983650966e-01 8.7013270999999996e-03 8.9216304000000002e-01
2.0341917804070364e-01 -9.9710699078907595e+01 9.2591332470313747e-01 6.3639443104607976e+00 7.7001827783631800e+00 -5.3889648335343061e+00 3.0632687638650342e+00 -2.8091992103220403e-01 8.3948374000000006e-03 9.0071175000000003e-01
2.0760139837715441e-01 -1.0389876826748106e+02 9.3206069453491192e-01 6.0810625718239901e+00 7.4852002993656148e+00 -5.7137365733021843e+00 3.0332435013807970e+00 -2.6709467857272734e-01 8.0808944000000001e-03 9.0895022999999997e-01
2.1162241107699703e-01 -1.0844224598953107e+02 9.3797110818499063e-01 5.8213425108702674e+00 7.2773952327605391e+00 -6.0610243895185425e+00 3.0047999764291937e+00 -2.5433894547587377e-01 7.7597663000000001e-03 9.1687114999999997e-01
2.1547863724541455e-01 -1.1337980959433594e+02 9.4363930510078187e-01 5.5833096475396111e+00 7.0773729805959666e+00 -6.4333073166338544e+00 2.9779110941010769e+00 -2.4258274398450194e-01 7.4317293999999999e-03 9.2446746000000002e-01
2.1916664520453988e-01 -1.1875617550375607e+02 9.4906024112121923e-01 5.3655551055148374e+00 6.8856464593210012e+00 -6.8334436263569414e+00 2.9525496896800161e+00 -2.3176125245233148e-01 7.0970672000000004e-03 9.3173240000000002e-01
2.2268314034056269e-01 -1.2462336431098238e+02 9.5422907355320796e-01 5.1667495698843542e+00 6.7026473632487411e+00 -7.2647492461690106e+00 2.9286887979279435e+00 -2.2181458164251019e-01 6.7560703000000000e-03 9.3865947999999999e-01
2.2602499048596236e-01 -1.3104238680513211e+02 9.5914119848050805e-01 4.9856353491487511e+00 6.5287327095459595e+00 -7.7311047522475853e+00 2.9063018053105178e+00 -2.1268749190457834e-01 6.4090362999999996e-03 9.4524253000000003e-01
2.2918919546082844e-01 -1.3808533592384660e+02 9.6379220599307502e-01 4.8210316157336690e+00 6.3641964177368182e+00 -8.2370872222520592e+00 2.8853628436422811e+00 -2.0432920804815241e-01 6.0562691999999996e-03 9.5147563999999996e-01
2.3217293783732623e-01 -1.4583833698173279e+02 9.6817795480482616e-01 4.6718321701193464e+00 6.2092741035913708e+00 -8.7881581455029636e+00 2.8658466688281896e+00 -1.9669306987032137e-01 5.6980790999999996e-03 9.5735325999999998e-01
2.3497353217523143e-01 -1.5440527429494060e+02 9.7229449763587339e-01 4.5370071362618489e+00 6.0641535356868017e+00 -9.3908988375627480e+00 2.8477291457950127e+00 -1.8973659913987331e-01 5.3347821999999998e-03 9.6287009999999995e-01
2.3758847578639530e-01 -1.6391320946432157e+02 9.7613815583029151e-01 4.4156001846015727e+00 5.9289791497731121e+00 -1.0053356762430246e+01 2.8309871480889579e+00 -1.8342084502996589e-01 4.9667000000000001e-03 9.6802122999999995e-01
2.4001541319961928e-01 -1.7451972860344921e+02 9.7970546712367956e-01 4.3067303443111928e+00 5.8038602520932843e+00 -1.0785510313434482e+01 2.8155987700847112e+00 -1.7771061557460774e-01 4.5941591999999996e-03 9.7280200999999999e-01
2.4225217677222688e-01 -1.8642389196144737e+02 9.8299324533737575e-01 4.2095876306053839e+00 5.6888750088695508e+00 -1.1599969293130528e+01 2.8015433994580765e+00 -1.7257402382746742e-01 4.2174915999999996e-03 9.7720817000000004e-01
2.4429674607849156e-01 -1.9988216852981267e+02 9.8599852068424343e-01 4.1234350955362329e+00 5.5840780334693063e+00 -1.2512991508205126e+01 2.7888019430509208e+00 -1.6798247239426622e-01 3.8370333000000002e-03 9.8123572999999997e-01
2.4614728852120921e-01 -2.1523362705627181e+02 9.8871859946288465e-01 4.0476059810488936e+00 5.4895035957417759e+00 -1.3546081210816858e+01 2.7773566451495775e+00 -1.6391037942822034e-01 3.4531249000000000e-03 9.8488107999999996e-01
2.4780214410235840e-01 -2.3294041181294548e+02 9.9115104167230994e-01 3.9815033295252937e+00 5.4051688084361968e+00 -1.4728597188522006e+01 2.7671914020729762e+00 -1.6033510705631665e-01 3.0661112999999999e-03 9.8814095000000002e-01
2.4925981527020707e-01 -2.5365703325824506e+02 9.9329364608838566e-01 3.9245969909088267e+00 5.3310813981298235e+00 -1.6102161790963724e+01 2.7582917273331402e+00 -1.5723688145370451e-01 2.6763420000000000e-03 9.9101238999999997e-01
2.5051899737799227e-01 -2.7835845667313492e+02 9.9514449503449320e-01 3.8764259225935405e+00 5.2672393214554516e+00 -1.7728870299318061e+01 2.7506447313366298e+00 -1.5459830553231513e-01 2.2841723000000002e-03 9.9349282999999999e-01
2.5157856853102661e-01 -3.0859823677175336e+02 9.9670193945797592e-01 3.8365933154585310e+00 5.2136349317777153e+00 -1.9707819110126163e+01 2.7442392027446436e+00 -1.5240495564544954e-01 1.8899688000000000e-03 9.9558005999999999e-01
2.5243758451025194e-01 -3.4710271477886801e+02 9.9796459146836325e-01 3.8047678081255674e+00 5.1702578487908371e+00 -2.2213176862825669e+01 2.7390656655238583e+00 -1.5064461653049208e-01 1.4941295000000000e-03 9.9727222000000004e-01
2.5309534984249121e-01 -3.9944996663314777e+02 9.9893142880224373e-01 3.7806798523663918e+00 5.1370934429038728e+00 -2.5601807224905684e+01 2.7351160001746537e+00 -1.4930740946466436e-01 1.0971916000000000e-03 9.9856794000000004e-01
2.5355161070541671e-01 -4.8095534315931383e+02 9.9960207837078086e-01 3.7641137617174580e+00 5.1141149245254240e+00 -3.0854792791528332e+01 2.7323823109608889e+00 -1.4838527501440954e-01 7.0085733000000002e-04 9.9946672000000003e-01
