-5.8628754184048271e-01 -8.2549423263738856e+02 5.8628916476392823e-01 -9.0445120126081042e+02 -2.3813660795249871e+02 5.5309271895347173e+01 -6.0473420438989514e+01 -1.5574529580958437e+01 5.5301730000000003e-06 1.0230946000000001e-06
-5.8626537915234578e-01 -6.0055531808410228e+02 5.8629698425025967e-01 -6.7934152187981374e+02 -2.3812145118164551e+02 4.0595604120730876e+01 -4.5751803628086471e+01 -1.5573844237749457e+01 3.5894988000000002e-05 1.9923924999999999e-05
-5.8619584655053625e-01 -4.9623545379614347e+02 5.8632151688935497e-01 -5.7458352050750750e+02 -2.3807390374809597e+02 3.3767143368749331e+01 -3.8902818645146247e+01 -1.5571694237951053e+01 8.5619985000000003e-05 7.9222864999999994e-05
-5.8605819456661401e-01 -4.2786166263439623e+02 5.8637008355239384e-01 -5.0546366312467717e+02 -2.3797979761527989e+02 2.9285757981116127e+01 -3.4386289348655701e+01 -1.5567438727904031e+01 1.5173507999999999e-04 1.9661552000000001e-04
-5.8583426314132692e-01 -3.7717091288704069e+02 5.8644909150975022e-01 -4.5370119598980330e+02 -2.3782676976715032e+02 2.5956936528532673e+01 -3.1006724934357660e+01 -1.5560518135180873e+01 2.3255418000000001e-04 3.8758918999999998e-04
-5.8550753613973905e-01 -3.3709403578167627e+02 5.8656436801895628e-01 -4.1222165552334667e+02 -2.3760363546589150e+02 2.3318423610413436e+01 -2.8301469137981275e+01 -1.5550425634228322e+01 3.2689763000000001e-04 6.6622920000000002e-04
-5.8506271113255293e-01 -3.0413905015563262e+02 5.8672131211536327e-01 -3.7753566099481480e+02 -2.3730011622450652e+02 2.1142009635985680e+01 -2.6042289343924022e+01 -1.5536694639104351e+01 4.3385032000000002e-04 1.0455858000000000e-03
-5.8448545862491197e-01 -2.7631905488230217e+02 5.8692497956154288e-01 -3.4766431056000010e+02 -2.3690669862800900e+02 1.9297976433716094e+01 -2.4099703122235773e+01 -1.5518892171602573e+01 5.5265518999999999e-04 1.5378795000000000e-03
-5.8376227322114027e-01 -2.5239215560092757e+02 5.8718013535965696e-01 -3.2137755011028912e+02 -2.3641455738748419e+02 1.7705364578074843e+01 -2.2393174714176041e+01 -1.5496615156026621e+01 6.8265765000000004e-04 2.1546280000000000e-03
-5.8288037312312646e-01 -2.3152775828302799e+02 5.8749128921065008e-01 -2.9785940624660242e+02 -2.3581553858464673e+02 1.6310133114260672e+01 -2.0869225928202976e+01 -1.5469488212474152e+01 8.2327310000000005e-04 2.9067318999999999e-03
-5.8182763165179940e-01 -2.1314112121233748e+02 5.8786271967498649e-01 -2.7654178702198834e+02 -2.3510203237362921e+02 1.5074328231966792e+01 -1.9490570074970517e+01 -1.5437162457107894e+01 9.7396649000000004e-04 3.8045331000000002e-03
-5.8059252717806875e-01 -1.9680360688244210e+02 5.8829849183812122e-01 -2.5701417031786735e+02 -2.3426712398599395e+02 1.3970205774236009e+01 -1.8230208398054714e+01 -1.5399314870993067e+01 1.1342389000000000e-03 4.8578574999999999e-03
-5.7916410653840811e-01 -1.8219057840403065e+02 5.8880247021829091e-01 -2.3897107426003069e+02 -2.3330448744195857e+02 1.2976817933571761e+01 -1.7067996762673847e+01 -1.5355648069903916e+01 1.3036180000000001e-03 6.0760461999999999e-03
-5.7753195853460382e-01 -1.6904946249234365e+02 5.8937832811638879e-01 -2.2217978581501404e+02 -2.3220841833914875e+02 1.2077920313957424e+01 -1.5988537213027913e+01 -1.5305890364734301e+01 1.4816515000000000e-03 7.4679780999999997e-03
-5.7568619247558672e-01 -1.5717926874887155e+02 5.9002955518688016e-01 -2.0645961377732462e+02 -2.3097384240822808e+02 1.1260629517622240e+01 -1.4979822728326578e+01 -1.5249795938825081e+01 1.6679024999999999e-03 9.0420881999999994e-03
-5.7361742363747159e-01 -1.4641698736690498e+02 5.9075946256782264e-01 -1.9166807458286354e+02 -2.2959632731069681e+02 1.0514531454600043e+01 -1.4032335521028559e+01 -1.5187145185165456e+01 1.8619452999999999e-03 1.0806380000000001e-02
-5.7131675977891627e-01 -1.3662824084976995e+02 5.9157118763854499e-01 -1.7769136826528327e+02 -2.2807209314494096e+02 9.8310685466032517e+00 -1.3138425693723724e+01 -1.5117745026697982e+01 2.0633631000000000e-03 1.2768437000000001e-02
-5.6877579492646047e-01 -1.2770071472562007e+02 5.9246769621231710e-01 -1.6443767229755349e+02 -2.2639802582788653e+02 9.2031093194139455e+00 -1.2291874205466861e+01 -1.5041429375569200e+01 2.2717459999999998e-03 1.4935428000000001e-02
-5.6598659893858694e-01 -1.1953939089730703e+02 5.9345178621838024e-01 -1.5183224973427957e+02 -2.2457168516609502e+02 8.6246361864649774e+00 -1.1487574432389259e+01 -1.4958059386662098e+01 2.4866887000000002e-03 1.7314116000000001e-02
-5.6294171774023594e-01 -1.1206306308257545e+02 5.9452608761920478e-01 -1.3981387623891570e+02 -2.2259131737024484e+02 8.0905176243309711e+00 -1.0721299958159118e+01 -1.4867523954363419e+01 2.7077901999999999e-03 1.9910858000000000e-02
-5.5963416042445413e-01 -1.0520168263605851e+02 5.9569306696131397e-01 -1.2833208782844545e+02 -2.2045585588797843e+02 7.5963346530040017e+00 -9.9895264565644553e+00 -1.4769739707641511e+01 2.9346520999999999e-03 2.2731616000000000e-02
-5.5605740628785849e-01 -9.8894375613054407e+01 5.9695502489301611e-01 -1.1734514313891084e+02 -2.1816493204745021e+02 7.1382517238396401e+00 -9.2892985071660750e+00 -1.4664651487625399e+01 3.1668782999999998e-03 2.5781951000000001e-02
-5.5220539779517186e-01 -9.3087870056170473e+01 5.9831409864667273e-01 -1.0681838227656034e+02 -2.1571887329016556e+02 6.7129144102748493e+00 -8.6181263849775913e+00 -1.4552232309289415e+01 3.4040742000000001e-03 2.9067029000000001e-02
-5.4807253588891280e-01 -8.7735268309869198e+01 5.9977226369354331e-01 -9.6722943904509989e+01 -2.1311869940088070e+02 6.3173697380285612e+00 -7.9739009848197142e+00 -1.4432483274782230e+01 3.6458464000000000e-03 3.2591624999999999e-02
-5.4365368702486094e-01 -8.2795080438413009e+01 6.0133133126151728e-01 -8.7034761453764602e+01 -2.1036612236964405e+02 5.9490039316326202e+00 -7.3548311037142877e+00 -1.4305433669231718e+01 3.8918026000000000e-03 3.6360116999999997e-02
-5.3894417379143655e-01 -7.8230425942084551e+01 6.0299295164480515e-01 -7.7733716725688382e+01 -2.0746353239425181e+02 5.6054908507485868e+00 -6.7593891213264961e+00 -1.4171140513811135e+01 4.1415510999999999e-03 4.0376493999999999e-02
-5.3393977842743323e-01 -7.4008396072103039e+01 6.0475861296280342e-01 -6.8802970345605118e+01 -2.0441398792438372e+02 5.2847512607460505e+00 -6.1862687034726056e+00 -1.4029688310054688e+01 4.3947007000000003e-03 4.4644352999999998e-02
-5.2863674282201800e-01 -7.0099524347845446e+01 6.0662964116009588e-01 -6.0228400906068671e+01 -2.0122119999277373e+02 4.9849190676651425e+00 -5.6343493354215681e+00 -1.3881188581919551e+01 4.6508610999999997e-03 4.9166899000000000e-02
-5.2303176382442129e-01 -6.6477342722171784e+01 6.0860720166129756e-01 -5.1998130093017480e+01 -1.9788950955662972e+02 4.7043131394414397e+00 -5.1026668872586143e+00 -1.3725779130154661e+01 4.9096423000000002e-03 5.3946949000000001e-02
-5.1712199910682433e-01 -6.3118016666336565e+01 6.1069229730249908e-01 -4.4102138762519381e+01 -1.9442386789418859e+02 4.4414143384970854e+00 -4.5903894939271304e+00 -1.3563623480340029e+01 5.1706551000000002e-03 5.8986927000000001e-02
-5.1090505661116181e-01 -6.0000026161061598e+01 6.1288577205466777e-01 -3.6531917411183855e+01 -1.9082980361638209e+02 4.1948454197701066e+00 -4.0967960588416377e+00 -1.3394909737259132e+01 5.4335110000000002e-03 6.4288872999999996e-02
-5.0437900510231914e-01 -5.7103905727235265e+01 6.1518830730024643e-01 -2.9280196516533849e+01 -1.8711339864655139e+02 3.9633549087322395e+00 -3.6212595932728657e+00 -1.3219849908820487e+01 5.6978226000000002e-03 6.9854434000000007e-02
-4.9754236244235800e-01 -5.4412010268923602e+01 6.1760042597026588e-01 -2.2340688162204852e+01 -1.8328124774889577e+02 3.7458024473425295e+00 -3.1632314016988241e+00 -1.3038678474530807e+01 5.9632034000000004e-03 7.5684873999999999e-02
-4.9039410145340306e-01 -5.1908320861671911e+01 6.2012249047578838e-01 -1.5707883591806244e+01 -1.7934042581084870e+02 3.5411469401578590e+00 -2.7222287518285500e+00 -1.2851651353996703e+01 6.2292681999999997e-03 8.1781068999999998e-02
-4.8293364522733284e-01 -4.9578272002149063e+01 6.2275470436275326e-01 -9.3768676090122192e+00 -1.7529844591352423e+02 3.3484357750321703e+00 -2.2978234866354907e+00 -1.2659044515992912e+01 6.4956331999999999e-03 8.8143510999999994e-02
-4.7516086712577910e-01 -4.7408602246920680e+01 6.2549711231197636e-01 -3.3431607053337085e+00 -1.7116321613659161e+02 3.1667957868268890e+00 -1.8896325265561145e+00 -1.2461152539199681e+01 6.7619166000000000e-03 9.4772308000000000e-02
-4.6707608374466225e-01 -4.5387221796617474e+01 6.2834960262141792e-01 2.3974122731208611e+00 -1.6694298876296389e+02 2.9954251007668091e+00 -1.4973093167616107e+00 -1.2258286965204027e+01 7.0277381999999996e-03 1.0166719000000000e-01
-4.5868005374161386e-01 -4.3503097482833283e+01 6.3131190761989375e-01 7.8488540017238764e+00 -1.6264634637632309e+02 2.8335861703015310e+00 -1.1205366753383672e+00 -1.2050774804744513e+01 7.2927204000000001e-03 1.0882751000000000e-01
-4.4997399425206119e-01 -4.1746154506400593e+01 6.3438359787511744e-01 1.3015068221093168e+01 -1.5828210634364453e+02 2.6805999033218448e+00 -7.5902123364207330e-01 -1.1838957169210380e+01 7.5564877000000004e-03 1.1625223000000000e-01
-4.4095954688448058e-01 -4.0107178691048418e+01 6.3756409419132709e-01 1.7899972845683550e+01 -1.5385929690597166e+02 2.5358395596369667e+00 -4.1248670034535639e-01 -1.1623186936922984e+01 7.8186677999999999e-03 1.2393994999999999e-01
-4.3163877537524187e-01 -3.8577737388471341e+01 6.4085266843670774e-01 2.2507568736174186e+01 -1.4938709786311313e+02 2.3987260022138681e+00 -8.0669243176211380e-02 -1.1403826934916852e+01 8.0788911000000008e-03 1.3188891000000000e-01
-4.2201420076593377e-01 -3.7150113914799803e+01 6.4424843113205366e-01 2.6841980671099115e+01 -1.4487480862603621e+02 2.2687238953821272e+00 2.3668513315918582e-01 -1.1181249089402266e+01 8.3367917000000003e-03 1.4009695999999999e-01
-4.1208875450026350e-01 -3.5817235832493807e+01 6.4775034799921860e-01 3.0907528592692664e+01 -1.4033177759258373e+02 2.1453371602365743e+00 5.3982568539543185e-01 -1.0955831558178520e+01 8.5920070000000005e-03 1.4856159999999999e-01
-4.0186580187560750e-01 -3.4572621622126050e+01 6.5135723168689053e-01 3.4708755771106503e+01 -1.3576736544968526e+02 2.0281058587875407e+00 8.2899899820546863e-01 -1.0727957502750241e+01 8.8441787999999997e-03 1.5727996000000000e-01
-3.9134911859146088e-01 -3.3410326270874521e+01 6.5506775004481721e-01 3.8250466996931955e+01 -1.3119088761288162e+02 1.9166027992786461e+00 1.1044520688232193e+00 -1.0498013290846156e+01 9.0929527999999999e-03 1.6624881999999999e-01
-3.8054289074943792e-01 -3.2324895578488565e+01 6.5888042612380582e-01 4.1537747187706572e+01 -1.2661156960714800e+02 1.8104307687050207e+00 1.3664342197809907e+00 -1.0266385848153011e+01 9.3379794999999995e-03 1.7546460999999999e-01
-3.6945170312749726e-01 -3.1311323752269328e+01 6.6279364231283544e-01 4.4575987194080135e+01 -1.2203849737643229e+02 1.7092199045013079e+00 1.6151989730899772e+00 -1.0033461753802918e+01 9.5789143999999993e-03 1.8492342000000001e-01
-3.5808057435726603e-01 -3.0365019158065845e+01 6.6680562792771991e-01 4.7370862356641211e+01 -1.1748059117616680e+02 1.6126257125184875e+00 1.8510044881037704e+00 -9.7996258989934919e+00 9.8154178999999998e-03 1.9462097000000000e-01
-3.4643489829516605e-01 -2.9481765122511110e+01 6.7091447989666986e-01 4.9928369555760000e+01 -1.1294654093788282e+02 1.5203264382943744e+00 2.0741159441648929e+00 -9.5652587909602094e+00 1.0047156000000000e-02 2.0455266000000000e-01
-3.3452043229663880e-01 -2.8657681999663779e+01 6.7511816689740622e-01 5.2254811141908014e+01 -1.0844476606035057e+02 1.4320211536665837e+00 2.2848061505920962e+00 -9.3307349174687086e+00 1.0273801000000001e-02 2.1471357999999999e-01
-3.2234335584501972e-01 -2.7889241284425907e+01 6.7941450867159670e-01 5.4356777426217910e+01 -1.0398340387967978e+02 1.3474284661767890e+00 2.4833549245488511e+00 -9.0964225142441464e+00 1.0495031000000000e-02 2.2509846000000000e-01
-3.0991020019688903e-01 -2.7173161239434197e+01 6.8380120084753138e-01 5.6241143861926204e+01 -9.9570251549892390e+01 1.2662844109776574e+00 2.6700505635190828e+00 -8.8626808147199352e+00 1.0710529999999999e-02 2.3570173000000000e-01
-2.9722786010784680e-01 -2.6506458254437298e+01 6.8827581080301026e-01 5.7915053861213920e+01 -9.5212743501135947e+01 1.1883411103634631e+00 2.8451895270028902e+00 -8.6298592244103922e+00 1.0919989999999999e-02 2.4651751000000000e-01
-2.8430360555828760e-01 -2.5886399150959402e+01 6.9283577352823067e-01 5.9385886320054965e+01 -9.0917929965807261e+01 1.1133655250036489e+00 3.0090761113788678e+00 -8.3982963341655381e+00 1.1123108000000000e-02 2.5753959999999998e-01
-2.7114504657607608e-01 -2.5310470112990071e+01 6.9747840403712480e-01 6.0661249380560690e+01 -8.6692444916080476e+01 1.0411380070196881e+00 3.1620225282884178e+00 -8.1683183678330096e+00 1.1319591000000000e-02 2.6876150999999998e-01
-2.5776012151077204e-01 -2.4776378335603169e+01 7.0220090150447290e-01 6.1748942849094853e+01 -8.2542484988191475e+01 9.7145112905640330e-01 3.3043484803765666e+00 -7.9402380115485229e+00 1.1509152000000000e-02 2.8017647000000001e-01
-2.4415710875940555e-01 -2.4282028565083952e+01 7.0700034512878962e-01 6.2656941140077528e+01 -7.8473798881166545e+01 9.0410871306299589e-01 3.4363804666180267e+00 -7.7143539531797503e+00 1.1691511000000000e-02 2.9177742000000001e-01
-2.3034463849225145e-01 -2.3825511724593309e+01 7.1187368999521261e-01 6.3393341809901870e+01 -7.4491680041390921e+01 8.3892490553559917e-01 3.5584508231244270e+00 -7.4909503780930473e+00 1.1866398000000000e-02 3.0355700000000002e-01
-2.1633159884663083e-01 -2.3405089784975814e+01 7.1681780017240226e-01 6.3966373950855250e+01 -7.0600929897746354e+01 7.7572282914360724e-01 3.6708979167505507e+00 -7.2702948994076912e+00 1.2033550000000000e-02 3.1550762999999998e-01
-2.0212721800733485e-01 -2.3019187867469810e+01 7.2182941975275428e-01 6.4384317786144820e+01 -6.6805888896862385e+01 7.1433414719023991e-01 3.7740644178776495e+00 -7.0526395179103059e+00 1.2192715000000000e-02 3.2762143999999999e-01
-1.8774100557775059e-01 -2.2666382185035918e+01 7.2690519353796212e-01 6.4655514865935586e+01 -6.3110182512389372e+01 6.5459799894658766e-01 3.8682969124345705e+00 -6.8382193751783094e+00 1.2343646000000000e-02 3.3989032000000002e-01
-1.7318276430563601e-01 -2.2345394649063646e+01 7.3204166290190487e-01 6.4788315005804520e+01 -5.9517844282297062e+01 5.9636031640834619e-01 3.9539448007506013e+00 -6.6272527832460426e+00 1.2486109000000000e-02 3.5230591000000000e-01
-1.5846254318002029e-01 -2.2055078703874148e+01 7.3723528233909696e-01 6.4791053797057572e+01 -5.6031094909455298e+01 5.3947293631158022e-01 4.0313595996145537e+00 -6.4199403803747250e+00 1.2619877000000000e-02 3.6485963999999999e-01
-1.4359067260852859e-01 -2.1794419163232170e+01 7.4248240705335111e-01 6.4672020607233904e+01 -5.2652572842503133e+01 4.8379307974363961e-01 4.1008937074262573e+00 -6.2164658221128208e+00 1.2744734000000001e-02 3.7754270000000001e-01
-1.2857772924005767e-01 -2.1562522857171484e+01 7.4777930536911563e-01 6.4439428396674003e+01 -4.9384230896111120e+01 4.2918258352147742e-01 4.1628996004596326e+00 -6.0169953403979548e+00 1.2860473000000001e-02 3.9034606999999999e-01
-1.1343451251322584e-01 -2.1358614044425941e+01 7.5312216700569978e-01 6.4101385195215286e+01 -4.6227566521686548e+01 3.7550720311146135e-01 4.2177289362772399e+00 -5.8216776750273986e+00 1.2966896000000000e-02 4.0326054000000000e-01
-9.8172068107922894e-02 -2.1182030658752744e+01 7.5850709480304834e-01 6.3665870825255148e+01 -4.3183643347440530e+01 3.2263611631325939e-01 4.2657314596918718e+00 -5.6306447378801412e+00 1.3063819000000001e-02 4.1627669000000000e-01
-8.2801617590661181e-02 -2.1032220178956685e+01 7.6393012954441741e-01 6.3140709030421277e+01 -4.0253095444260502e+01 2.7044110307669600e-01 4.3072544463089573e+00 -5.4440111313568922e+00 1.3151064000000001e-02 4.2938494999999999e-01
-6.7334628769224469e-02 -2.0908737696535873e+01 7.6938722513369906e-01 6.2533546647446776e+01 -3.7436160886216641e+01 2.1879622850838421e-01 4.3426410074151125e+00 -5.2618755178566019e+00 1.3228465999999999e-02 4.4257553999999999e-01
-5.1782721886469041e-02 -2.0811243298649270e+01 7.7487428169232131e-01 6.1851830863155257e+01 -3.4732685849077164e+01 1.6757697058413301e-01 4.3722302130739257e+00 -5.0843200572962184e+00 1.3295871000000001e-02 4.5583855000000001e-01
-3.6157716523423589e-02 -2.0739501293399464e+01 7.8038712901079865e-01 6.1102791907367319e+01 -3.2142156420863152e+01 1.1665973404780128e-01 4.3963560455255273e+00 -4.9114115749082314e+00 1.3353135000000000e-02 4.6916390000000002e-01
-2.0471572970414798e-02 -2.0693379326487456e+01 7.8592154723429430e-01 6.0293421996256029e+01 -2.9663712352337917e+01 6.5921574994528331e-02 4.4153462319730190e+00 -4.7432016236279191e+00 1.3400123999999999e-02 4.8254139000000001e-01
-4.7364156786168232e-03 -2.0672849222051532e+01 7.9147325858839523e-01 5.9430467624726369e+01 -2.7296174922883008e+01 1.5238768789268109e-02 4.4295219261642060e+00 -4.5797274322958179e+00 1.3436718000000000e-02 4.9596067999999999e-01
1.1035513643048112e-02 -2.0677987630944280e+01 7.9703794392756289e-01 5.8520408502295268e+01 -2.5038069613216134e+01 -3.5512956574043075e-02 4.4391969614464912e+00 -4.4210122720229741e+00 1.3462807000000000e-02 5.0941133000000005e-01
2.6831809124809536e-02 -2.0708978106181483e+01 8.0261122618668213e-01 5.7569454488292493e+01 -2.2887647479684894e+01 -8.6459345821472855e-02 4.4446773242575892e+00 -4.2670663884550999e+00 1.3478291000000000e-02 5.2288276000000000e-01
4.2640006268023334e-02 -2.0766113691079163e+01 8.0818870761507511e-01 5.6583530008585640e+01 -2.0842910609625346e+01 -1.3772847350680117e-01 4.4462606567721723e+00 -4.1178879477845225e+00 1.3483083000000000e-02 5.3636434000000000e-01
5.8447523316297101e-02 -2.0849800759124061e+01 8.1376594909093825e-01 5.5568272005317446e+01 -1.8901636553113605e+01 -1.8945118019873575e-01 4.4442357522214397e+00 -3.9734627611196625e+00 1.3477108000000000e-02 5.4984533999999996e-01
7.4241684707039513e-02 -2.0960563446995153e+01 8.1933847839556706e-01 5.4529025269232733e+01 -1.7061404343224382e+01 -2.4176184107583432e-01 4.4388822165576274e+00 -3.8337661688971232e+00 1.3460300999999999e-02 5.6331494999999998e-01
9.0009756248785378e-02 -2.1099049157808842e+01 8.2490180262469415e-01 5.3470837787767529e+01 -1.5319613883185157e+01 -2.9479920003768878e-01 4.4304701175342434e+00 -3.6987632164771083e+00 1.3432611000000001e-02 5.7676231000000000e-01
1.0573896857274467e-01 -2.1266035703714511e+01 8.3045141646271459e-01 5.2398459208665379e+01 -1.3673508763841603e+01 -3.4870721113270431e-01 4.4192597357666861e+00 -3.5684095488734644e+00 1.3393997000000000e-02 5.9017653000000003e-01
1.2141648195547861e-01 -2.1462438698122885e+01 8.3598278977134755e-01 5.1316345986945876e+01 -1.2120203809336788e+01 -4.0363575386254125e-01 4.4055013523646140e+00 -3.4426518423425443e+00 1.3344429999999999e-02 6.0354666000000001e-01
1.3702943322199868e-01 -2.1689321048698620e+01 8.4149138413808755e-01 5.0228660134464306e+01 -1.0656704231087799e+01 -4.5974168814327998e-01 4.3894351418749640e+00 -3.3214299824968267e+00 1.3283893999999999e-02 6.1686173000000000e-01
1.5256498264886631e-01 -2.1947904491200944e+01 8.4697266942465377e-01 4.9139271428499278e+01 -9.2799207671806236e+00 -5.1719000482223432e-01 4.3712909251518193e+00 -3.2046752386792714e+00 1.3212384000000001e-02 6.3011079000000003e-01
1.6801024360954320e-01 -2.2239580710403771e+01 8.5242209894431520e-01 4.8051768710074128e+01 -7.9867006873691384e+00 -5.7615464601344113e-01 4.3512883624671028e+00 -3.0923133725575731e+00 1.3129907000000000e-02 6.4328284999999996e-01
1.8335236465481575e-01 -2.2565926153526231e+01 8.5783513842167891e-01 4.6969460561789944e+01 -6.7738380903652926e+00 -6.3681997766717846e-01 4.3296368017077898e+00 -2.9842646837249553e+00 1.3036481000000001e-02 6.5636695000000000e-01
1.9857854123856955e-01 -2.2928721528693639e+01 8.6320727012980214e-01 4.5895384626369747e+01 -5.6380931085186159e+00 -6.9938215488476885e-01 4.3065353529735173e+00 -2.8804440653620818e+00 1.2932137999999999e-02 6.6935217000000002e-01
2.1367598054046522e-01 -2.3329963991337770e+01 8.6853398047885433e-01 4.4832317199635916e+01 -4.5762120903544083e+00 -7.6405042368476139e-01 4.2821730067111847e+00 -2.7807623936846078e+00 1.2816919000000000e-02 6.8222760000000005e-01
2.2863197182058703e-01 -2.3771895742093790e+01 8.7381078483879326e-01 4.3782789030114301e+01 -3.5849388504436255e+00 -8.3104902790394253e-01 4.2567287807253038e+00 -2.6851250813963468e+00 1.2690879000000000e-02 6.9498240000000000e-01
2.4343386296789338e-01 -2.4257025140385430e+01 8.7903321926514011e-01 4.2749054757844320e+01 -2.6610316719614122e+00 -9.0061891671310579e-01 4.2303718474217451e+00 -2.5934397176815964e+00 1.2554085000000000e-02 7.0760577999999996e-01
2.5806907222599185e-01 -2.4788155397578041e+01 8.8419684463609083e-01 4.1733187905392938e+01 -1.8012762557142383e+00 -9.7301981711877061e-01 4.2032617865426651e+00 -2.5056065074418328e+00 1.2406611999999999e-02 7.2008700999999997e-01
2.7252514682201301e-01 -2.5368418780575702e+01 8.8929726733808034e-01 4.0737004945350094e+01 -1.0024952219279837e+00 -1.0485328005437657e+00 4.1755487309269714e+00 -2.4215269332289591e+00 1.2248551000000000e-02 7.3241546999999996e-01
2.8678972778928613e-01 -2.6001312300018704e+01 8.9433012685444380e-01 3.9762120842449669e+01 -2.6156153495193801e-01 -1.1274627076032333e+00 4.1473738213047904e+00 -2.3410962741654378e+00 1.2080001999999999e-02 7.4458062000000003e-01
3.0085057341888854e-01 -2.6690739038888129e+01 8.9929110403964252e-01 3.8809953945299981e+01 4.2459253625787191e-01 -1.2101411840037983e+00 4.1188689128790061e+00 -2.2642141191514349e+00 1.1901076999999999e-02 7.5657202000000001e-01
3.1469558271119580e-01 -2.7441067078037875e+01 9.0417592939348901e-01 3.7881733732147985e+01 1.0589671358143318e+00 -1.2969301450011508e+00 4.0901579281637011e+00 -2.1907752991557667e+00 1.1711898000000000e-02 7.6837935000000002e-01
3.2831283055320581e-01 -2.8257169601522097e+01 9.0898039547248399e-01 3.6978514268687761e+01 1.6444890821654872e+00 -1.3882258191198629e+00 4.0613560663181962e+00 -2.1206852735532347e+00 1.1512599000000000e-02 7.7999244000000001e-01
3.4169050908966492e-01 -2.9144504962129577e+01 9.1370033620425439e-01 3.6101188816813604e+01 2.1840014582951306e+00 -1.4844627434024096e+00 4.0325707682257805e+00 -2.0538342128715037e+00 1.1303326000000001e-02 7.9140122000000002e-01
3.5481704498081579e-01 -3.0109190433618330e+01 9.1833166825867885e-01 3.5250495283813869e+01 2.6802637297274821e+00 -1.5861195881385977e+00 4.0039017594499136e+00 -1.9901235262419632e+00 1.1084235000000000e-02 8.0259581999999996e-01
3.6768099387042452e-01 -3.1158085001856872e+01 9.2287035381387450e-01 3.4427035584218324e+01 3.1359401103966009e+00 -1.6937242108762125e+00 3.9754416350326460e+00 -1.9294534022693641e+00 1.0855490000000001e-02 8.1356647999999998e-01
3.8027114591775357e-01 -3.2298899372900905e+01 9.2731243779021000e-01 3.3631280543590101e+01 3.5536028916545770e+00 -1.8078611858405966e+00 3.9472759789259881e+00 -1.8717253827587568e+00 1.0617270000000000e-02 8.2430364000000000e-01
3.9257650234601238e-01 -3.3540315037169563e+01 9.3165403957608062e-01 3.2863583751728861e+01 3.9357262006252136e+00 -1.9291795099098203e+00 3.9194837772692437e+00 -1.8168427789374357e+00 1.0369760000000000e-02 8.3479791999999997e-01
4.0458628716813250e-01 -3.4892126729149808e+01 9.3589135716502059e-01 3.2124191351562970e+01 4.2846826094060777e+00 -2.0584018946789353e+00 3.8921377988098178e+00 -1.7647109518056778e+00 1.0113159000000000e-02 8.4504013000000000e-01
4.1628995891254150e-01 -3.6365410655644311e+01 9.4002067129281608e-01 3.1413253597255707e+01 4.6027493594615390e+00 -2.1963356817077404e+00 3.8653037862365820e+00 -1.7152373584379628e+00 9.8476710000000005e-03 8.5502127999999999e-01
4.2767721062316388e-01 -3.7972722066890178e+01 9.4403834543750487e-01 3.0730834351558741e+01 4.8920934493975237e+00 -2.3438855685095694e+00 3.8390464714772730e+00 -1.6683321661102528e+00 9.5735140000000000e-03 8.6473257999999997e-01
4.3873802848829491e-01 -3.9728339665692758e+01 9.4794084650493937e-01 3.0076918591545510e+01 5.1547861818736296e+00 -2.5020695248537894e+00 3.8134184795622383e+00 -1.6239078603183441e+00 9.2909130999999992e-03 8.7416548999999999e-01
4.4946263321172641e-01 -4.1648540361808799e+01 9.5172472414322362e-01 2.9451425318811832e+01 5.3927942348672051e+00 -2.6720361646972530e+00 3.7884721376894213e+00 -1.5818797429757063e+00 9.0001030000000006e-03 8.8331166999999999e-01
4.5984155036739582e-01 -4.3751951399193267e+01 9.5538663556538883e-01 2.8854212874426093e+01 5.6079860188505659e+00 -2.8550875079510800e+00 3.7642539948966895e+00 -1.5421660740065326e+00 8.7013270999999996e-03 8.9216304000000002e-01
4.6986557522206152e-01 -4.6059958140060409e+01 9.5892333313805600e-01 2.8285089690351775e+01 5.8021277940355880e+00 -3.0527048533514209e+00 3.7408063559369706e+00 -1.5046880823567113e+00 8.3948374000000006e-03 9.0071175000000003e-01
4.7952583136417726e-01 -4.8597222759928179e+01 9.6233168506699818e-01 2.7743819245472608e+01 5.9768896408916881e+00 -3.2665820708360007e+00 3.7181674777307605e+00 -1.4693699583799320e+00 8.0808944000000001e-03 9.0895022999999997e-01
4.8881372380079280e-01 -5.1392296968106145e+01 9.6560865884869052e-01 2.7230130558613997e+01 6.1338466199728430e+00 -3.4986643382055505e+00 3.6963719790868765e+00 -1.4361391762086146e+00 7.7597663000000001e-03 9.1687114999999997e-01
4.9772098586065283e-01 -5.4478406900069508e+01 9.6875133781876044e-01 2.6743723145310550e+01 6.2744709088998301e+00 -3.7511982870440241e+00 3.6754510288480358e+00 -1.4049263480766332e+00 7.4317293999999999e-03 9.2446746000000002e-01
5.0623969091997223e-01 -5.7894430553892583e+01 9.7175692528910074e-01 2.6284273068695104e+01 6.4001526198874110e+00 -4.0267942371734256e+00 3.6554325977245901e+00 -1.3756652378283738e+00 7.0970672000000004e-03 9.3173240000000002e-01
5.1436222895088646e-01 -6.1686120764618956e+01 9.7462273627364349e-01 2.5851440652626994e+01 6.5121885102402590e+00 -4.3285037139934817e+00 3.6363417955650363e+00 -1.3482933748398780e+00 6.7560703000000000e-03 9.3865947999999999e-01
5.2208136515032577e-01 -6.5907712001123485e+01 9.7734621817392409e-01 2.5444873369434831e+01 6.6117886999627737e+00 -4.6599222268599476e+00 3.6182009593538327e+00 -1.3227508933113288e+00 6.4090362999999996e-03 9.4524253000000003e-01
5.2939016958536489e-01 -7.0623940796824186e+01 9.7992492595640424e-01 2.5064215362213361e+01 6.7000779278599643e+00 -5.0253173092604300e+00 3.6010301575472314e+00 -1.2989818041761887e+00 6.0562691999999996e-03 9.5147563999999996e-01
5.3628213445097406e-01 -7.5912831118213461e+01 9.8235656352359979e-01 2.4709105744162173e+01 6.7781000479066806e+00 -5.4298071460948494e+00 3.5848469767690103e+00 -1.2769331926085150e+00 5.6980790999999996e-03 9.5735325999999998e-01
5.4275105681226754e-01 -8.1869268974055800e+01 9.8463894234295302e-01 2.4379189910012531e+01 6.8468185248541360e+00 -5.8795878848872993e+00 3.5696671295874172e+00 -1.2565556752092906e+00 5.3347821999999998e-03 9.6287009999999995e-01
5.4879115586225446e-01 -8.8610095031496854e+01 9.8677002281795956e-01 2.4074117679110270e+01 6.9071206839730905e+00 -6.3822606591476116e+00 3.5555043870190151e+00 -1.2378030401455513e+00 4.9667000000000001e-03 9.6802122999999995e-01
5.5439699084141392e-01 -9.6281050203835434e+01 9.8874788532837998e-01 2.3793551407935496e+01 6.9598191289326543e+00 -6.9472761331003596e+00 3.5423710661947476e+00 -1.2206325544313823e+00 4.5941591999999996e-03 9.7280200999999999e-01
5.5956355484389309e-01 -1.0506700188226743e+02 9.9057076332714034e-01 2.3537164772625054e+01 7.0056548229407936e+00 -7.5865928547937003e+00 3.5302772285025252e+00 -1.2050046553246685e+00 4.2174915999999996e-03 9.7720817000000004e-01
5.6428618101130978e-01 -1.1520683720251084e+02 9.9223701024343192e-01 2.3304650743541110e+01 7.0452996294598309e+00 -8.3156355356366216e+00 3.5192325935577240e+00 -1.1908832385654311e+00 3.8370333000000002e-03 9.8123572999999997e-01
5.6856063633895060e-01 -1.2701679358936134e+02 9.9374513257961161e-01 2.3095719569688125e+01 7.0793569304414863e+00 -9.1548026516906003e+00 3.5092449350965333e+00 -1.1782353718280163e+00 3.4531249000000000e-03 9.8488107999999996e-01
5.7238308649844583e-01 -1.4092783857898135e+02 9.9509377749986394e-01 2.2910103542147485e+01 7.1083658510264911e+00 -1.0131885029650789e+01 3.5003210572017887e+00 -1.1670314264497814e+00 3.0661112999999999e-03 9.8814095000000002e-01
5.7575007238622078e-01 -1.5754936860484437e+02 9.9628172455597641e-01 2.2747559991114016e+01 7.1328014594147700e+00 -1.1286196389046502e+01 3.4924668156946037e+00 -1.1572450931844658e+00 2.6763420000000000e-03 9.9101238999999997e-01
5.7865858047814434e-01 -1.7778638950843234e+02 9.9730791051001466e-01 2.2607870236752966e+01 7.1530776453427407e+00 -1.2676189441542620e+01 3.4856870585847068e+00 -1.1488532057734977e+00 2.2841723000000002e-03 9.9349282999999999e-01
5.8110601937797868e-01 -2.0307488648185000e+02 9.9817142106009737e-01 2.2490841669476382e+01 7.1695480713973971e+00 -1.4394778323415418e+01 3.4799857749990490e+00 -1.1418357956743022e+00 1.8899688000000000e-03 9.9558005999999999e-01
5.8309020809160605e-01 -2.3592187380726028e+02 9.9887148670328396e-01 2.2396311714571382e+01 7.1825076362447238e+00 -1.6604550388276976e+01 3.4753661977026495e+00 -1.1361761037520872e+00 1.4941295000000000e-03 9.9727222000000004e-01
5.8460954018787392e-01 -2.8142705961502691e+02 9.9940754065514992e-01 2.2324137923539041e+01 7.1921945866896255e+00 -1.9637116295840997e+01 3.4718304891196965e+00 -1.1318601344060863e+00 1.0971916000000000e-03 9.9856794000000004e-01
5.8566342937804139e-01 -3.5351016861609963e+02 9.9977937606006617e-01 2.2274181541659871e+01 7.1987941546743466e+00 -2.4400114411382116e+01 3.4693787610318902e+00 -1.1288753794639821e+00 7.0085733000000002e-04 9.9946672000000003e-01
