-8.2070067250216361e-01 -5.6441162536612205e+02 8.2070253525290793e-01 -6.7843355994129126e+02 -1.6178331545141685e+02 3.7726136817767440e+01 -4.5174647275619535e+01 -1.0568362041450643e+01 5.5301730000000003e-06 1.0230946000000001e-06
-8.2066964859024250e-01 -4.1159004808046996e+02 8.2070592412734744e-01 -5.2552286251902569e+02 -1.6178033351198630e+02 2.7741722411202577e+01 -3.5186088088025748e+01 -1.0568227266347797e+01 3.5894988000000002e-05 1.9923924999999999e-05
-8.2057231503120631e-01 -3.4070639490739666e+02 8.2071655628782925e-01 -4.5441045267545434e+02 -1.6177097837174037e+02 2.3107605650706361e+01 -3.0541266715571702e+01 -1.0567804436758532e+01 8.5619985000000003e-05 7.9222864999999994e-05
-8.2037962617511784e-01 -2.9423575592273443e+02 8.2073760451478506e-01 -4.0755008404241624e+02 -1.6175245950441911e+02 2.0065764183235171e+01 -2.7481089668830364e+01 -1.0566967416460562e+01 1.5173507999999999e-04 1.9661552000000001e-04
-8.2006616109491060e-01 -2.5977075015602804e+02 8.2077184564468142e-01 -3.7252492388701455e+02 -1.6172233672598043e+02 1.7805637831837128e+01 -2.5194477129197743e+01 -1.0565605884744352e+01 2.3255418000000001e-04 3.8758918999999998e-04
-8.1960880007187731e-01 -2.3250912034625668e+02 8.2082180514316483e-01 -3.4452962485523483e+02 -1.6167839413234896e+02 1.6013564156246197e+01 -2.3367547699215407e+01 -1.0563619626962737e+01 3.2689763000000001e-04 6.6622920000000002e-04
-8.1898612236428470e-01 -2.1007903622872189e+02 8.2088982288936851e-01 -3.2119326177135514e+02 -1.6161858343858128e+02 1.4534705695199150e+01 -2.1845435956767012e+01 -1.0560915962886250e+01 4.3385032000000002e-04 1.0455858000000000e-03
-8.1817806916953784e-01 -1.9113124758531774e+02 8.2097808999199506e-01 -3.0117021728019932e+02 -1.6154099298344389e+02 1.3281063234305002e+01 -2.0540245338789244e+01 -1.0557408330786176e+01 5.5265518999999999e-04 1.5378795000000000e-03
-8.1716573528068170e-01 -1.7482270448539313e+02 8.2108867154756704e-01 -2.8362289935299026e+02 -1.6144382909394650e+02 1.2197726756240915e+01 -1.9397261129712437e+01 -1.0553015432762301e+01 6.8265765000000004e-04 2.1546280000000000e-03
-8.1593122840160415e-01 -1.6058980395160276e+02 8.2122352200802817e-01 -2.6799445092852488e+02 -1.6132540405939832e+02 1.1248054220398004e+01 -1.8380102944242946e+01 -1.0547660676092823e+01 8.2327310000000005e-04 2.9067318999999999e-03
-8.1445757328900037e-01 -1.4803596780505407e+02 8.2138449565172633e-01 -2.5389598157054314e+02 -1.6118412841735983e+02 1.0406320176279246e+01 -1.7463355584882418e+01 -1.0541271810349663e+01 9.7396649000000004e-04 3.8045331000000002e-03
-8.1272864166439329e-01 -1.3687065471750080e+02 8.2157335423942279e-01 -2.4104522037143090e+02 -1.6101850575522022e+02 9.6537271544718202e+00 -1.6628566138767631e+01 -1.0533780676898109e+01 1.1342389000000000e-03 4.8578574999999999e-03
-8.1072910100230577e-01 -1.2687395157991861e+02 8.2179177260837899e-01 -2.2923087991201342e+02 -1.6082712928232519e+02 8.9760888532480170e+00 -1.5861916776770570e+01 -1.0525123040409488e+01 1.3036180000000001e-03 6.0760461999999999e-03
-8.0844437743451458e-01 -1.1787486898029225e+02 8.2204134272448348e-01 -2.1829080902847008e+02 -1.6060868121033192e+02 8.3624095923592847e+00 -1.5152796081603675e+01 -1.0515238480853403e+01 1.4816515000000000e-03 7.4679780999999997e-03
-8.0586062571234485e-01 -1.0973742245428923e+02 8.2232357696339853e-01 -2.0809792861281468e+02 -1.6036192557670225e+02 7.8039730735768167e+00 -1.4492881322531581e+01 -1.0504070315032521e+01 1.6679024999999999e-03 9.0420881999999994e-03
-8.0296470885325100e-01 -1.0235138784761097e+02 8.2263991033385164e-01 -1.9855088531026283e+02 -1.6008571630478954e+02 7.2937371278493011e+00 -1.3875528027923323e+01 -1.0491565558746613e+01 1.8619452999999999e-03 1.0806380000000001e-02
-7.9974417926466290e-01 -9.5625948775414983e+01 8.2299170253955756e-01 -1.8956761660643758e+02 -1.5977899099386707e+02 6.8259177777700311e+00 -1.3295350356957117e+01 -1.0477674890081380e+01 2.0633631000000000e-03 1.2768437000000001e-02
-7.9618727004454148e-01 -8.9485235817752468e+01 8.2338023892949685e-01 -1.8108082841103143e+02 -1.5944077273807611e+02 6.3956970809214013e+00 -1.2747925183094743e+01 -1.0462352662551854e+01 2.2717459999999998e-03 1.4935428000000001e-02
-7.9228288037287575e-01 -8.3865084600567457e+01 8.2380673209366406e-01 -1.7303470679587872e+02 -1.5907016998261264e+02 5.9990112637032871e+00 -1.2229577966912114e+01 -1.0445556876746101e+01 2.4866887000000002e-03 1.7314116000000001e-02
-7.8802057583996510e-01 -7.8710672936235383e+01 8.2427232182720866e-01 -1.6538252163145251e+02 -1.5866637743032368e+02 5.6323961195249339e+00 -1.1737226252933015e+01 -1.0427249254964144e+01 2.7077901999999999e-03 1.9910858000000000e-02
-7.8339057039096627e-01 -7.3974717901212173e+01 8.2477807710270923e-01 -1.5808479213887719e+02 -1.5822867543017571e+02 5.2928692891197411e+00 -1.1268260021739529e+01 -1.0407395069005652e+01 2.9346520999999999e-03 2.2731616000000000e-02
-7.7838373617432233e-01 -6.9616131309234362e+01 8.2532499499438727e-01 -1.5110793219448294e+02 -1.5775643153175034e+02 4.9778427076752871e+00 -1.0820453354412258e+01 -1.0385963402784435e+01 3.1668782999999998e-03 2.5781951000000001e-02
-7.7299159369333448e-01 -6.5598953605209843e+01 8.2591400175389340e-01 -1.4442316969137178e+02 -1.5724910034311711e+02 4.6850532343318037e+00 -1.0391893985474233e+01 -1.0362927006585084e+01 3.4040742000000001e-03 2.9067029000000001e-02
-7.6720630524054290e-01 -6.1891522073060429e+01 8.2654595352749760e-01 -1.3800570604540835e+02 -1.5670622331125719e+02 4.4125086613802287e+00 -9.9809285767560958e+00 -1.0338262318517112e+01 3.6458464000000000e-03 3.2591624999999999e-02
-7.6102068474615503e-01 -5.8465817145002333e+01 8.2722163528030368e-01 -1.3183406575960345e+02 -1.5612743001607842e+02 4.1584455649743335e+00 -9.5861204243821163e+00 -1.0311949489958369e+01 3.8918026000000000e-03 3.6360116999999997e-02
-7.5442818464680805e-01 -5.5296922388495247e+01 8.2794176223063021e-01 -1.2588955814237549e+02 -1.5551243709542896e+02 3.9212943833008809e+00 -9.2062139999752617e+00 -1.0283972460744991e+01 4.1415510999999999e-03 4.0376493999999999e-02
-7.4742290080978313e-01 -5.2362592837767345e+01 8.2870697931211768e-01 -1.2015584146592340e+02 -1.5486104868879451e+02 3.6996518800846419e+00 -8.8401075173504768e+00 -1.0254318828122649e+01 4.3947007000000003e-03 4.4644352999999998e-02
-7.3999957253300497e-01 -4.9642899754873035e+01 8.2951786117372861e-01 -1.1461858335700470e+02 -1.5417315623229939e+02 3.4922583245302343e+00 -8.4868299295218232e+00 -1.0222979835070657e+01 4.6508610999999997e-03 4.9166899000000000e-02
-7.3215357597942365e-01 -4.7119930138518114e+01 8.3037491289693799e-01 -1.0926516139328177e+02 -1.5344873750056379e+02 3.2979784398372267e+00 -8.1455223058197515e+00 -1.0189950491337353e+01 4.9096423000000002e-03 5.3946949000000001e-02
-7.2388093238403739e-01 -4.4777541368974198e+01 8.3127856909924491e-01 -1.0408443239853473e+02 -1.5268785916331225e+02 3.1157859225297404e+00 -7.8154219811700401e+00 -1.0155229472874103e+01 5.1706551000000002e-03 5.8986927000000001e-02
-7.1517829328125104e-01 -4.2601146579564116e+01 8.3222919554785169e-01 -9.9066517879147938e+01 -1.5189066497296577e+02 2.9447498807686441e+00 -7.4958495721950102e+00 -1.0118819047669353e+01 5.4335110000000002e-03 6.4288872999999996e-02
-7.0604295527751737e-01 -4.0577540195210361e+01 8.3322708754598485e-01 -9.4202649949580021e+01 -1.5105739084609476e+02 2.7840239403546181e+00 -7.1861986697929456e+00 -1.0080725121971570e+01 5.6978226000000002e-03 6.9854434000000007e-02
-6.9647284363729134e-01 -3.8694740443103719e+01 8.3427247172587182e-01 -8.9485016219578711e+01 -1.5018835215744662e+02 2.6328364552732202e+00 -6.8859256544560612e+00 -1.0040957122387951e+01 5.9632034000000004e-03 7.5684873999999999e-02
-6.8646652049005230e-01 -3.6941859466649788e+01 8.3536550515225227e-01 -8.4906643472557235e+01 -1.4928394646634035e+02 2.4904824368748173e+00 -6.5945424414210860e+00 -9.9995280022514965e+00 6.2292681999999997e-03 8.1781068999999998e-02
-6.7602317826468616e-01 -3.5308987173755590e+01 8.3650627603956929e-01 -8.0461291682416132e+01 -1.4834464878725771e+02 2.3563163977481039e+00 -6.3116095314425360e+00 -9.9564541732280052e+00 6.4956331999999999e-03 8.8143510999999994e-02
-6.6514263968948506e-01 -3.3787091537783731e+01 8.3769480375196870e-01 -7.6143362548069632e+01 -1.4737101633942513e+02 2.2297462251037858e+00 -6.0367302676870969e+00 -9.9117553297141452e+00 6.7619166000000000e-03 9.4772308000000000e-02
-6.5382534794371872e-01 -3.2367929592977553e+01 8.3893103987908546e-01 -7.1947820065293115e+01 -1.4636367711062749e+02 2.1102277246372365e+00 -5.7695456688552831e+00 -9.8654545431217517e+00 7.0277381999999996e-03 1.0166719000000000e-01
-6.4207236501623066e-01 -3.1043970963404682e+01 8.4021486841534143e-01 -6.7870122239231662e+01 -1.4532333137255043e+02 1.9972599489394742e+00 -5.5097301506627270e+00 -9.8175780528582308e+00 7.2927204000000001e-03 1.0882751000000000e-01
-6.2988539468510307e-01 -2.9808331555680017e+01 8.4154610324977763e-01 -6.3906171743348935e+01 -1.4425075821721518e+02 1.8903812551809753e+00 -5.2569882658010787e+00 -9.7681552981569943e+00 7.5564877000000004e-03 1.1625223000000000e-01
-6.1726673491692108e-01 -2.8654708441393499e+01 8.4292449336568664e-01 -6.0052248180613496e+01 -1.4314679667880560e+02 1.7891652176177744e+00 -5.0110504392844257e+00 -9.7172186793850752e+00 7.8186677999999999e-03 1.2393994999999999e-01
-6.0421927458396296e-01 -2.7577326834355990e+01 8.4434972319920765e-01 -5.6304963471814389e+01 -1.4201235132102335e+02 1.6932174281718488e+00 -4.7716701658049132e+00 -9.6648034321165053e+00 8.0788911000000008e-03 1.3188891000000000e-01
-5.9074654270634186e-01 -2.6570896502056829e+01 8.4582140726039701e-01 -5.2661238050885800e+01 -1.4084839182821747e+02 1.6021729915254561e+00 -4.5386224764781407e+00 -9.6109477367989360e+00 8.3367917000000003e-03 1.4009695999999999e-01
-5.7685264279581649e-01 -2.5630563374223254e+01 8.4733909730513435e-01 -4.9118246592375250e+01 -1.3965594455680358e+02 1.5156934294138376e+00 -4.3117004769123009e+00 -9.5556923734535175e+00 8.5920070000000005e-03 1.4856159999999999e-01
-5.6254228568388631e-01 -2.4751874120291429e+01 8.4890227874916935e-01 -4.5673397332285063e+01 -1.3843609274690314e+02 1.4334646342206856e+00 -4.0907140849834143e+00 -9.4990811577970646e+00 8.8441787999999997e-03 1.5727996000000000e-01
-5.4782075669369723e-01 -2.3930739554082994e+01 8.5051037425407472e-01 -4.2324296447874680e+01 -1.3718997021548159e+02 1.3551945673867010e+00 -3.8754877441018540e+00 -9.4411586227530364e+00 9.0929527999999999e-03 1.6624881999999999e-01
-5.3269391564004098e-01 -2.3163404045965571e+01 8.5216274372724665e-01 -3.9068726803113805e+01 -1.3591875918835524e+02 1.2806114164946143e+00 -3.6658589920686766e+00 -9.3819741120549516e+00 9.3379794999999995e-03 1.7546460999999999e-01
-5.1716818041530876e-01 -2.2446417054368755e+01 8.5385868611488058e-01 -3.5904618041082344e+01 -1.3462368544967939e+02 1.2094618344269661e+00 -3.4616769124225577e+00 -9.3215773905908783e+00 9.5789143999999993e-03 1.8492342000000001e-01
-5.0125057623163238e-01 -2.1776610275691979e+01 8.5559743402304234e-01 -3.2830048236092438e+01 -1.3330601939840727e+02 1.1415096124976345e+00 -3.2628016090582368e+00 -9.2600208544037326e+00 9.8154178999999998e-03 1.9462097000000000e-01
-4.8494865355064820e-01 -2.1151071178904420e+01 8.5737816268255029e-01 -2.9843200439749459e+01 -1.3196706615372173e+02 1.0765339090504362e+00 -3.0691020628791041e+00 -9.1973586511395720e+00 1.0047156000000000e-02 2.0455266000000000e-01
-4.6827047166945124e-01 -2.0567122485017656e+01 8.5919999174195172e-01 -2.6942351967553112e+01 -1.3060816107032011e+02 1.0143279590533902e+00 -2.8804550592924096e+00 -9.1336465303020535e+00 1.0273801000000001e-02 2.1471357999999999e-01
-4.5122468079082945e-01 -2.0022306773465083e+01 8.6106197630264081e-01 -2.4125875039643653e+01 -1.2923067346737210e+02 9.5469823247802676e-01 -2.6967454260366832e+00 -9.0689420352206174e+00 1.0495031000000000e-02 2.2509846000000000e-01
-4.3382042353898220e-01 -1.9514366197743580e+01 8.6296311767671718e-01 -2.1392208445264608e+01 -1.2783599647228517e+02 8.9746299340632318e-01 -2.5178641066372642e+00 -9.0033040157302899e+00 1.0710529999999999e-02 2.3570173000000000e-01
-4.1606735137356676e-01 -1.9041228219577658e+01 8.6490236159400957e-01 -1.8739851106526107e+01 -1.2642553966432396e+02 8.4245141131687629e-01 -2.3437077247684286e+00 -8.9367925767815528e+00 1.0919989999999999e-02 2.4651751000000000e-01
-3.9797564100374566e-01 -1.8600992451135554e+01 8.6687859640909892e-01 -1.6167355656259499e+01 -1.2500073884797074e+02 7.8950271396427663e-01 -2.1741782527598508e+00 -8.8694689541772309e+00 1.1123108000000000e-02 2.5753959999999998e-01
-3.7955594514604546e-01 -1.8191916662170122e+01 8.6889065848024882e-01 -1.3673315621980967e+01 -1.2356303763108482e+02 7.3846521808022769e-01 -2.0091819362949681e+00 -8.8013955401365962e+00 1.1319591000000000e-02 2.6876150999999998e-01
-3.6081937611030962e-01 -1.7812406181246729e+01 8.7093733396238093e-01 -1.1256352079408243e+01 -1.2211388907667818e+02 6.8919552516524607e-01 -1.8486288668882169e+00 -8.7326352332142587e+00 1.1509152000000000e-02 2.8017647000000001e-01
-3.4177752221374585e-01 -1.7461003539864084e+01 8.7301735701409910e-01 -8.9151182055131581e+00 -1.2065475306073921e+02 6.4155788711479778e-01 -1.6924326488469381e+00 -8.6632517169063359e+00 1.1691511000000000e-02 2.9177742000000001e-01
-3.2244246419497286e-01 -1.7136379980301253e+01 8.7512940800471262e-01 -6.6482906852989849e+00 -1.1918709465684337e+02 5.9542357090244558e-01 -1.5405102476735988e+00 -8.5933093623916328e+00 1.1866398000000000e-02 3.0355700000000002e-01
-3.0282664390164427e-01 -1.6837324969470398e+01 8.7727212785804820e-01 -4.4545523351345233e+00 -1.1771237176173429e+02 5.5066994094787558e-01 -1.3927806197212338e+00 -8.5228725889415315e+00 1.2033550000000000e-02 3.1550762999999998e-01
-2.8294297918877731e-01 -1.6562740994078531e+01 8.7944410550161478e-01 -2.3326028010501680e+00 -1.1623204131988686e+02 5.0718017181313868e-01 -1.2491654449356848e+00 -8.4520062729671608e+00 1.2192715000000000e-02 3.2762143999999999e-01
-2.6280478184851874e-01 -1.6311635694932907e+01 8.8164388683148553e-01 -2.8114592225860169e-01 -1.1474754899830501e+02 4.6484252392338354e-01 -1.1095882544527129e+00 -8.3807752991779125e+00 1.2343646000000000e-02 3.3989032000000002e-01
-2.4242577402419074e-01 -1.6083116339721595e+01 8.8386997291932157e-01 1.7011074737325784e+00 -1.1326033652828885e+02 4.2354987856127857e-01 -9.7397438581526052e-01 -8.3092445637169448e+00 1.2486109000000000e-02 3.5230591000000000e-01
-2.2182002255410349e-01 -1.5876383975553521e+01 8.8612082718427787e-01 3.6154525814079155e+00 -1.1177181875351650e+02 3.8319913268717865e-01 -8.4225043484134821e-01 -8.2374786400602407e+00 1.2619877000000000e-02 3.6485963999999999e-01
-2.0100198821369586e-01 -1.5690729551140331e+01 8.8839487001407402e-01 5.4631814629261370e+00 -1.1028340136288305e+02 3.4369084909538150e-01 -7.1434444686700038e-01 -8.1655419588124420e+00 1.2744734000000001e-02 3.7754270000000001e-01
-1.7998647647339472e-01 -1.5525529535919908e+01 8.9069048414392349e-01 7.2455902845587392e+00 -1.0879646758032983e+02 3.0492872793471248e-01 -5.9018552754295728e-01 -8.0934984437157489e+00 1.2860473000000001e-02 3.9034606999999999e-01
-1.5878860467052025e-01 -1.5380242113468741e+01 8.9300601824248627e-01 8.9639819636169698e+00 -1.0731237597643188e+02 2.6681913408164393e-01 -4.6970357973769722e-01 -8.0214114224602184e+00 1.2966896000000000e-02 4.0326054000000000e-01
-1.3742383483738085e-01 -1.5254405244037640e+01 8.9533978332591657e-01 1.0619662772491472e+01 -1.0583246193882627e+02 2.2927075650398165e-01 -3.5282948334110958e-01 -7.9493437231851756e+00 1.3063819000000001e-02 4.1627669000000000e-01
-1.1590787521699031e-01 -1.5147633223853463e+01 8.9769006351572123e-01 1.2213949210211645e+01 -1.0435802762969726e+02 1.9219404387511008e-01 -2.3949451055997434e-01 -7.8773570533495478e+00 1.3151064000000001e-02 4.2938494999999999e-01
-9.4256778747349945e-02 -1.5059615816216152e+01 9.0005510528090105e-01 1.3748160166419122e+01 -1.0289035134384802e+02 1.5550099584844024e-01 -1.2963084565609007e-01 -7.8055126465698965e+00 1.3228465999999999e-02 4.4257553999999999e-01
-7.2486811749072677e-02 -1.4990116279050113e+01 9.0243313178176243e-01 1.5223624458057113e+01 -1.0143067412749214e+02 1.1910455569427736e-01 -2.3170910600633199e-02 -7.7338704327674686e+00 1.3295871000000001e-02 4.5583855000000001e-01
-5.0614519581571260e-02 -1.4938970939664724e+01 9.0482233569801174e-01 1.6641675249519835e+01 -9.9980207262938450e+01 8.2918348564766653e-02 7.9952226703430884e-02 -7.6624898557298193e+00 1.3353135000000000e-02 4.6916390000000002e-01
-2.8656644572822576e-02 -1.4906088761639282e+01 9.0722088819363744e-01 1.8003653764082490e+01 -9.8540122065842283e+01 4.6856162024131565e-02 1.7980529039358123e-01 -7.5914284546188302e+00 1.3400123999999999e-02 4.8254139000000001e-01
-6.6301588474623196e-03 -1.4891451622598838e+01 9.0962693533095729e-01 1.9310905311268193e+01 -9.7111554982562126e+01 1.0831619945884552e-02 2.7645451826199940e-01 -7.5207430859627920e+00 1.3436718000000000e-02 4.9596067999999999e-01
1.5447801329403932e-02 -1.4895115123663546e+01 9.1203860524252423e-01 2.0564781237942835e+01 -9.5695605720670699e+01 -2.5242320104335136e-02 3.6996595387968584e-01 -7.4504891171432996e+00 1.3462807000000000e-02 5.0941133000000005e-01
3.7559869896011344e-02 -1.4917209867079476e+01 9.1445400095922047e-01 2.1766633104834071e+01 -9.4293331277580407e+01 -6.1453663335989339e-02 4.6040504620807454e-01 -7.3807207612371188e+00 1.3478291000000000e-02 5.2288276000000000e-01
5.9688598720360697e-02 -1.4957943429819089e+01 9.1687121654704573e-01 2.2917819058272983e+01 -9.2905748831011906e+01 -9.7892038785801883e-02 5.4783723071047552e-01 -7.3114906552543237e+00 1.3483083000000000e-02 5.3636434000000000e-01
8.1816375529981888e-02 -1.5017602883721914e+01 9.1928832814223516e-01 2.4019696455172252e+01 -9.1533835786218219e+01 -1.3464900769300836e-01 6.3232749575032021e-01 -7.2428500477230005e+00 1.3477108000000000e-02 5.4984533999999996e-01
1.0392545674002884e-01 -1.5096557902111698e+01 9.2170339753721164e-01 2.5073621988731130e+01 -9.0178528650870959e+01 -1.7181857936105216e-01 7.1394042160433435e-01 -7.1748487689780696e+00 1.3460300999999999e-02 5.6331494999999998e-01
1.2599801669542010e-01 -1.5195264770153814e+01 9.2411447755951603e-01 2.6080951237350533e+01 -8.8840721100308073e+01 -2.0949778560133048e-01 7.9274029503109134e-01 -7.1075350797878123e+00 1.3432611000000001e-02 5.7676231000000000e-01
1.4801618049893306e-01 -1.5314271162516700e+01 9.2651961565775964e-01 2.7043038309733877e+01 -8.7521263425406303e+01 -2.4778726963112152e-01 8.6879111335197923e-01 -7.0409556242469264e+00 1.3393997000000000e-02 5.9017653000000003e-01
1.6996197476906294e-01 -1.5454221390066273e+01 9.2891684852269463e-01 2.7961230515322448e+01 -8.6220965883595227e+01 -2.8679176692452668e-01 9.4215631116270493e-01 -6.9751555761300610e+00 1.3344429999999999e-02 6.0354666000000001e-01
1.9181739329621106e-01 -1.5615862784883788e+01 9.3130420925912061e-01 2.8836869782448463e+01 -8.4940596245254198e+01 -3.2662083390735108e-01 1.0128988994424810e+00 -6.9101785164127429e+00 1.3283893999999999e-02 6.1686173000000000e-01
2.1356446269887264e-01 -1.5800053904049605e+01 9.3367973455778985e-01 2.9671292358120652e+01 -8.3680877771788175e+01 -3.6738964108861005e-01 1.0810815794672397e+00 -6.8460662672994781e+00 1.3212384000000001e-02 6.3011079000000003e-01
2.3518514393935464e-01 -1.6007772266263867e+01 9.3604145393754878e-01 3.0465822703956384e+01 -8.2442496034334582e+01 -4.0921952471443934e-01 1.1467663049811003e+00 -6.7828592342752927e+00 1.3129907000000000e-02 6.4328284999999996e-01
2.5666144722210582e-01 -1.6240124686251011e+01 9.3838740229617323e-01 3.1221775826156762e+01 -8.1226093267218999e+01 -4.5223900779311743e-01 1.2100145587457591e+00 -6.7205961318633305e+00 1.3036481000000001e-02 6.5636695000000000e-01
2.7797544840776189e-01 -1.6498359030556912e+01 9.4071562170334522e-01 3.1940455371076752e+01 -8.0032271908683057e+01 -4.9658473109265377e-01 1.2708872897742891e+00 -6.6593139857415959e+00 1.2932137999999999e-02 6.6935217000000002e-01
2.9910923977100667e-01 -1.6783876409072931e+01 9.4302415602172285e-01 3.2623149806029033e+01 -7.8861594960929423e+01 -5.4240234186293712e-01 1.3294446585997552e+00 -6.5990483448051496e+00 1.2816919000000000e-02 6.8222760000000005e-01
3.2004502848485261e-01 -1.7098247056836293e+01 9.4531106166479983e-01 3.3271133812122386e+01 -7.7714586110509003e+01 -5.8984779995505598e-01 1.3857462337184088e+00 -6.5398330654530037e+00 1.2690879000000000e-02 6.9498240000000000e-01
3.4076510379254743e-01 -1.7443226757426817e+01 9.4757440401095239e-01 3.3885664862484482e+01 -7.6591731710813860e+01 -6.3908854544141502e-01 1.4398507755915873e+00 -6.4817004807607308e+00 1.2554085000000000e-02 7.0760577999999996e-01
3.6125185342162180e-01 -1.7820776213777009e+01 9.4981225919641532e-01 3.4467982097640416e+01 -7.5493481315406328e+01 -6.9030490782488896e-01 1.4918162202157286e+00 -6.4246814023547074e+00 1.2406611999999999e-02 7.2008700999999997e-01
3.8148784565412241e-01 -1.8233084544072558e+01 9.5202272308016489e-01 3.5019306764920557e+01 -7.4420247291598997e+01 -7.4369186904028883e-01 1.5416997527641851e+00 -6.3688054194124515e+00 1.2248551000000000e-02 7.3241546999999996e-01
4.0145578008447380e-01 -1.8682593900649323e+01 9.5420390586498927e-01 3.5540838901092044e+01 -7.3372408837753511e+01 -7.9946070151697457e-01 1.5895576066508170e+00 -6.3140990795463132e+00 1.2080001999999999e-02 7.4458062000000003e-01
4.2113852044756950e-01 -1.9172028608020796e+01 9.5635393568344140e-01 3.6033756585026460e+01 -7.2350311956346630e+01 -8.5784105469938876e-01 1.6354450705257890e+00 -6.2605898747390949e+00 1.1901076999999999e-02 7.5657202000000001e-01
4.4051912744686805e-01 -1.9704430047641242e+01 9.5847096218379213e-01 3.6499215405541712e+01 -7.1354270494209516e+01 -9.1908329226649976e-01 1.6794164503966205e+00 -6.2083022556930585e+00 1.1711898000000000e-02 7.6837935000000002e-01
4.5958090799653384e-01 -2.0283195954027590e+01 9.6055316190895923e-01 3.6938347839278258e+01 -7.0384565652442063e+01 -9.8346126405463852e-01 1.7215251105266729e+00 -6.1572596577267964e+00 1.1512599000000000e-02 7.7999244000000001e-01
4.7830733315120133e-01 -2.0912122933121232e+01 9.6259872933162560e-01 3.7352260100154233e+01 -6.9441452626885933e+01 -1.0512750012506835e+00 1.7618232040008603e+00 -6.1074839998440646e+00 1.1303326000000001e-02 7.9140122000000002e-01
4.9668220224644521e-01 -2.1595463139914948e+01 9.6460589478400349e-01 3.7742034397348121e+01 -6.8525154570458369e+01 -1.1228546887193227e+00 1.8003619435317022e+00 -6.0589961559123333e+00 1.1084235000000000e-02 8.0259581999999996e-01
5.1468949517235885e-01 -2.2337979363850099e+01 9.6657290832104670e-01 3.8108724521966785e+01 -6.7635872256136864e+01 -1.1985640935069914e+00 1.8371912449031820e+00 -6.0118156116783226e+00 1.0855490000000001e-02 8.1356647999999998e-01
5.3231352009997490e-01 -2.3145020180282611e+01 9.6849805585723869e-01 3.8453357816267179e+01 -6.6773779083024465e+01 -1.2788056696138592e+00 1.8723595686017116e+00 -5.9659605771717281e+00 1.0617270000000000e-02 8.2430364000000000e-01
5.4953888065317358e-01 -2.4022601033115436e+01 9.7037965558063932e-01 3.8776933401904984e+01 -6.5939025016756275e+01 -1.3640257870955357e+00 1.9059154491494446e+00 -5.9214480784058630e+00 1.0369760000000000e-02 8.3479791999999997e-01
5.6635049232272872e-01 -2.4977501239995362e+01 9.7221605974586178e-01 3.9080421447740406e+01 -6.5131738005871654e+01 -1.4547210229768786e+00 1.9379042501843047e+00 -5.8782940088314399e+00 1.0113159000000000e-02 8.4504013000000000e-01
5.8273359888035436e-01 -2.6017378320410707e+01 9.7400565646704895e-01 3.9364762765633834e+01 -6.4352025482057314e+01 -1.5514455664505062e+00 1.9683713060472936e+00 -5.8365131668257320e+00 9.8476710000000005e-03 8.5502127999999999e-01
5.9867377237870567e-01 -2.7150902605344331e+01 9.7574686971787328e-01 3.9630867771549390e+01 -6.3599976595320321e+01 -1.6548198173927613e+00 1.9973602756670266e+00 -5.7961193492193646e+00 9.5735140000000000e-03 8.6473257999999997e-01
6.1415699522161393e-01 -2.8387921709981697e+01 9.7743816829641927e-01 3.9879617224154593e+01 -6.2875660576832665e+01 -1.7655411894897228e+00 2.0249135605722084e+00 -5.7571252371050363e+00 9.2909130999999992e-03 8.7416548999999999e-01
6.2916957809385043e-01 -2.9739650040247628e+01 9.7907805686030092e-01 4.0111860209415852e+01 -6.2179132285636911e+01 -1.8843958207004592e+00 2.0510720952918740e+00 -5.7195426587661453e+00 9.0001030000000006e-03 8.8331166999999999e-01
6.4369825844541029e-01 -3.1218904410017629e+01 9.8066508668452101e-01 4.0328415096952199e+01 -6.1510430642428368e+01 -2.0122740132801509e+00 2.0758754737171876e+00 -5.6833824753447812e+00 8.7013270999999996e-03 8.9216304000000002e-01
6.5773015124936984e-01 -3.2840381979249777e+01 9.8219785028254125e-01 4.0530068258283904e+01 -6.0869581947082438e+01 -2.1501876907192670e+00 2.0993618171812694e+00 -5.6486547287729971e+00 8.3948374000000006e-03 9.0071175000000003e-01
6.7125283107212241e-01 -3.4621011633973012e+01 9.8367499037116501e-01 4.0717574675850720e+01 -6.0256598858163699e+01 -2.2992929394246331e+00 2.1215678084401581e+00 -5.6153686284226074e+00 8.0808944000000001e-03 9.0895022999999997e-01
6.8425426641719067e-01 -3.6580367865514006e+01 9.8509519269863088e-01 4.0891656787889630e+01 -5.9671484821528168e+01 -2.4609161560892692e+00 2.1425287052801916e+00 -5.5835325964194906e+00 7.7597663000000001e-03 9.1687114999999997e-01
6.9672288538141403e-01 -3.8741203083914094e+01 9.8645719321651915e-01 4.1053004883913594e+01 -5.9114233130139326e+01 -2.6365879638275036e+00 2.1622783598357307e+00 -5.5531543692327281e+00 7.4317293999999999e-03 9.2446746000000002e-01
7.0864759206899564e-01 -4.1130108565481002e+01 9.8775977987272834e-01 4.1202277032465176e+01 -5.8584828372450829e+01 -2.8280852655331699e+00 2.1808488759291245e+00 -5.5242409699053949e+00 7.0970672000000004e-03 9.3173240000000002e-01
7.2001773376340927e-01 -4.3778341424620095e+01 9.8900178902552138e-01 4.1340098589290214e+01 -5.8083248715738023e+01 -3.0374836660228537e+00 2.1982710132631853e+00 -5.4967988185179264e+00 6.7560703000000000e-03 9.3865947999999999e-01
7.3082318299763371e-01 -4.6722912158716618e+01 9.9018211440840931e-01 4.1467062505096713e+01 -5.7609465009744433e+01 -3.2672268912492952e+00 2.2145740140462520e+00 -5.4708336735686798e+00 6.4090362999999996e-03 9.4524253000000003e-01
7.4105423906987000e-01 -5.0007950186530955e+01 9.9129969637229109e-01 4.1583728433311720e+01 -5.7163445844743514e+01 -3.5202133850679127e+00 2.2297854661148304e+00 -5.4463508608462297e+00 6.0562691999999996e-03 9.5147563999999996e-01
7.5070179218401334e-01 -5.3686589165746355e+01 9.9235353981521945e-01 4.1690624342388787e+01 -5.6745152401627550e+01 -3.7999170911977735e+00 2.2439315444404540e+00 -5.4233550078762551e+00 5.6980790999999996e-03 9.5735325999999998e-01
7.5975715930918142e-01 -5.7823383598213503e+01 9.9334269625263538e-01 4.1788244367494357e+01 -5.6354546826861728e+01 -4.1105411282720796e+00 2.2570367229638610e+00 -5.4018504602433524e+00 5.3347821999999998e-03 9.6287009999999995e-01
7.6821224832018520e-01 -6.2497757308580404e+01 9.9426628174713350e-01 4.1877050696914608e+01 -5.5991586486532306e+01 -4.4572390818317933e+00 2.2691240011245162e+00 -5.3818409614332730e+00 4.9667000000000001e-03 9.6802122999999995e-01
7.7605944309920027e-01 -6.7808701425731911e+01 9.9512346435762589e-01 4.1957472276833357e+01 -5.5656230202257760e+01 -4.8464157651526376e+00 2.2802147171471119e+00 -5.3633299705707334e+00 4.5941591999999996e-03 9.7280200999999999e-01
7.8329173484814207e-01 -7.3881700711261502e+01 9.9591347848315515e-01 4.2029906009015981e+01 -5.5348433777387243e+01 -5.2861729061039675e+00 2.2903287132048029e+00 -5.3463203039066185e+00 4.2174915999999996e-03 9.7720817000000004e-01
7.8990259077628955e-01 -8.0878819293486075e+01 9.9663561051908134e-01 4.2094715513596860e+01 -5.5068156756292503e+01 -5.7869578870433722e+00 2.2994841402153861e+00 -5.3308150203407463e+00 3.8370333000000002e-03 9.8123572999999997e-01
7.9588608541266304e-01 -8.9014511560235363e+01 9.9728921320089459e-01 4.2152232293808268e+01 -5.4815357805501804e+01 -6.3625849846870457e+00 2.3076976089446504e+00 -5.3168160719053361e+00 3.4531249000000000e-03 9.8488107999999996e-01
8.0123685136388190e-01 -9.8580960106508641e+01 9.9787370022528521e-01 4.2202755270167785e+01 -5.4589997717603509e+01 -7.0318740161359674e+00 2.3149841250629808e+00 -5.3043255670077585e+00 3.0661112999999999e-03 9.8814095000000002e-01
8.0595004648607005e-01 -1.0999127515468493e+02 9.9838854266419108e-01 4.2246550528632469e+01 -5.4392041682905777e+01 -7.8214497398502756e+00 2.3213570378843360e+00 -5.2933453171936344e+00 2.6763420000000000e-03 9.9101238999999997e-01
8.1002145236913936e-01 -1.2385899481064631e+02 9.9883327972265645e-01 4.2283852198425471e+01 -5.4221455857110882e+01 -8.7709052258335785e+00 2.3268281398563508e+00 -5.2838767540014286e+00 2.2841723000000002e-03 9.9349282999999999e-01
8.1344744150869475e-01 -1.4115783493890680e+02 9.9920751515287876e-01 4.2314862158704358e+01 -5.4078209474954853e+01 -9.9431922411018050e+00 2.3314076293019577e+00 -5.2759210380053503e+00 1.8899688000000000e-03 9.9558005999999999e-01
8.1622496089198759e-01 -1.6358833949690785e+02 9.9951091546123250e-01 4.2339749895653384e+01 -5.3962275827451158e+01 -1.1448504190627974e+01 2.3351040758925454e+00 -5.2694791143835484e+00 1.4941295000000000e-03 9.9727222000000004e-01
8.1835176179457347e-01 -1.9461127683126332e+02 9.9974323500993945e-01 4.2358654562874555e+01 -5.3873623601404162e+01 -1.3511675401741044e+01 2.3379247205158569e+00 -5.2645512084104560e+00 1.0971916000000000e-03 9.9856794000000004e-01
8.1982702351410119e-01 -2.4367768542694904e+02 9.9990438415017557e-01 4.2371690451146762e+01 -5.3812191016095575e+01 -1.6748333352384144e+01 2.3398762908602029e+00 -5.2611353955675781e+00 7.0085733000000002e-04 9.9946672000000003e-01
