-5.8712160629251449e-02 -2.9042028134142888e+03 5.8713243792068853e-02 -2.4307839900272074e+03 -7.1446705855334130e+02 1.7859781765894260e+02 -1.4875593556619498e+02 -4.5037824879595675e+01 5.5301730000000003e-06 1.0230946000000001e-06
-5.8709941207529148e-02 -2.2290379756946518e+03 5.8731034911607700e-02 -1.7550151910060017e+03 -7.1427934969438240e+02 1.3603613804601116e+02 -1.0616784645739409e+02 -4.5029476942509142e+01 3.5894988000000002e-05 1.9923924999999999e-05
-5.8702978055500371e-02 -1.9153272010418962e+03 5.8786852275593313e-02 -1.4397651073001052e+03 -7.1369068137935676e+02 1.1625670882103270e+02 -8.6321452198535638e+01 -4.5003295061657013e+01 8.5619985000000003e-05 7.9222864999999994e-05
-5.8689193274459990e-02 -1.7089760045428211e+03 5.8897352540073125e-02 -1.2308107649253484e+03 -7.1252640106779745e+02 1.0324172296751597e+02 -7.3193625930207162e+01 -4.4951502354085235e+01 1.5173507999999999e-04 1.9661552000000001e-04
-5.8666768274996207e-02 -1.5551759679284685e+03 5.9077113710341231e-02 -1.0733003929386607e+03 -7.1063545353558629e+02 9.3535883299343766e+01 -6.3327477291348217e+01 -4.4867356681279773e+01 2.3255418000000001e-04 3.8758918999999998e-04
-5.8634049093996859e-02 -1.4327233306048242e+03 5.9339394129841558e-02 -9.4603620523972461e+02 -7.0788333701168574e+02 8.5802334106379746e+01 -5.5386672114247347e+01 -4.4744828937608226e+01 3.2689763000000001e-04 6.6622920000000002e-04
-5.8589503311577827e-02 -1.3311589476396030e+03 5.9696477838632044e-02 -8.3859923573223057e+02 -7.0414951839604987e+02 7.9381599892011749e+01 -4.8713698482007644e+01 -4.4578478847533219e+01 4.3385032000000002e-04 1.0455858000000000e-03
-5.8531695939710672e-02 -1.2445469835320291e+03 6.0159867852698466e-02 -7.4511986305242556e+02 -6.9932651274081707e+02 7.3899393734276998e+01 -4.2937308399690394e+01 -4.4363404416480826e+01 5.5265518999999999e-04 1.5378795000000000e-03
-5.8459274517523037e-02 -1.1691917097081805e+03 6.0740405641604649e-02 -6.6198950324933151e+02 -6.9331976959907524e+02 6.9122678081958270e+01 -3.7828347858866728e+01 -4.4095227217708249e+01 6.8265765000000004e-04 2.1546280000000000e-03
-5.8370959046839505e-02 -1.1026344081315460e+03 6.1448351806262881e-02 -5.8685380405581111e+02 -6.8604796595248604e+02 6.4896423131604877e+01 -3.3236352902642686e+01 -4.3770095837076653e+01 8.2327310000000005e-04 2.9067318999999999e-03
-5.8265535134587161e-02 -1.0431556422701374e+03 6.2293441050136712e-02 -5.1811221888798184e+02 -6.7744353831147805e+02 6.1112225236111549e+01 -2.9058042667764198e+01 -4.3384700980727871e+01 9.7396649000000004e-04 3.8045331000000002e-03
-5.8141848978766869e-02 -9.8950500868234133e+02 6.3284922372226562e-02 -4.5464519912219191e+02 -6.6745330657049078e+02 5.7691265955640269e+01 -2.5220174290385220e+01 -4.2936288412443353e+01 1.1342389000000000e-03 4.8578574999999999e-03
-5.7998803704806895e-02 -9.4074408145800055e+02 6.4431588435246573e-02 -3.9565497768955873e+02 -6.5603912167329838e+02 5.4574407821497928e+01 -2.1669546282837317e+01 -4.2422714182835101e+01 1.3036180000000001e-03 6.0760461999999999e-03
-5.7835356711767864e-02 -8.9615004916638327e+02 6.5741796838727065e-02 -3.4056707769024251e+02 -6.4317847042357278e+02 5.1716116643502744e+01 -1.8366836648249706e+01 -4.1842400901732255e+01 1.4816515000000000e-03 7.4679780999999997e-03
-5.7650517523473256e-02 -8.5515385692913242e+02 6.7223487344579752e-02 -2.8896634530610561e+02 -6.2886498187283848e+02 4.9080559465687138e+01 -1.5282619520622024e+01 -4.1194422661444477e+01 1.6679024999999999e-03 9.0420881999999994e-03
-5.7443346332444863e-02 -8.1729909661159923e+02 6.8884193549065553e-02 -2.4055372924222212e+02 -6.1310880934870170e+02 4.6639010930315642e+01 -1.2394694185826141e+01 -4.0478488466194726e+01 1.8619452999999999e-03 1.0806380000000001e-02
-5.7212952649520303e-02 -7.8221374063036671e+02 7.0731053707603284e-02 -1.9511586872272349e+02 -5.9593682867564019e+02 4.4368069487238337e+01 -9.6862215074625162e+00 -3.9694959000190892e+01 2.0633631000000000e-03 1.2768437000000001e-02
-5.6958494681502873e-02 -7.4959028764757761e+02 7.2770815723594562e-02 -1.5250311185916743e+02 -5.7739267471704909e+02 4.2248404391495065e+01 -7.1443995654821846e+00 -3.8844852401658017e+01 2.2717459999999998e-03 1.4935428000000001e-02
-5.6679178286082932e-02 -7.1917136036856618e+02 7.5009845525884591e-02 -1.1261290470943368e+02 -5.5753641355712125e+02 4.0263846115278021e+01 -4.7594760995295831e+00 -3.7929840992879257e+01 2.4866887000000002e-03 1.7314116000000001e-02
-5.6374256995322836e-02 -6.9073920653293726e+02 7.7454126880504542e-02 -7.5377197345514716e+01 -5.3644466022504332e+02 3.8400723814460591e+01 -2.5240151281689860e+00 -3.6952244125389434e+01 2.7077901999999999e-03 1.9910858000000000e-02
-5.6043030723986725e-02 -6.6410770153348415e+02 8.0109271744836494e-02 -4.0752306717334484e+01 -5.1420883916925800e+02 3.6647359412437794e+01 -4.3232025406257613e-01 -3.5915004852361946e+01 2.9346520999999999e-03 2.2731616000000000e-02
-5.5684846474087925e-02 -6.3911642681991657e+02 8.2980514619887091e-02 -8.7109992283967745e+00 -4.9093530076578867e+02 3.4993694019116603e+01 1.5200061801605234e+00 -3.4821673485302775e+01 3.1668782999999998e-03 2.5781951000000001e-02
-5.5299097630341569e-02 -6.1562597318179917e+02 8.6072718198013917e-02 2.0764120628485799e+01 -4.6674374774958761e+02 3.3430990724777821e+01 3.3364241360650544e+00 -3.3676366249467414e+01 3.4040742000000001e-03 2.9067029000000001e-02
-5.4885223490466338e-02 -5.9351430402668200e+02 8.9390377128076293e-02 4.7686032696079280e+01 -4.4176581876742318e+02 3.1951604928347056e+01 5.0197455392636590e+00 -3.2483725904778915e+01 3.6458464000000000e-03 3.2591624999999999e-02
-5.4442709969731856e-02 -5.7267392550551233e+02 9.2937612367709060e-02 7.2067679434714634e+01 -4.1614361180366194e+02 3.0548804637724761e+01 6.5723661718541209e+00 -3.1248874381045557e+01 3.8918026000000000e-03 3.6360116999999997e-02
-5.3971088661562167e-02 -5.5300956060553381e+02 9.6718178713624203e-02 9.3925686451120256e+01 -3.9002783116041320e+02 2.9216623736370501e+01 7.9964634477287770e+00 -2.9977352224601134e+01 4.1415510999999999e-03 4.0376493999999999e-02
-5.3469937189809441e-02 -5.3443629902699354e+02 1.0073546197774785e-01 1.1328331682689884e+02 -3.6357587398935175e+02 2.7949745546038155e+01 9.2941457039142179e+00 -2.8675060908597057e+01 4.3947007000000003e-03 4.4644352999999998e-02
-5.2938879208753981e-02 -5.1687811854714823e+02 1.0499247898722011e-01 1.3017281820223860e+02 -3.3694975469929130e+02 2.6743407848612826e+01 1.0467594796265184e+01 -2.7348191093796061e+01 4.6508610999999997e-03 4.9166899000000000e-02
-5.2377583933405941e-02 -5.0026662888810961e+02 1.0949188134954610e-01 1.4463725345718424e+02 -3.1031391431810982e+02 2.5593323410253944e+01 1.1519155891907483e+01 -2.6003151135201907e+01 4.9096423000000002e-03 5.3946949000000001e-02
-5.1785766726628178e-02 -4.8453997922327915e+02 1.1423595074615722e-01 1.5673175421332380e+02 -2.8383301650551533e+02 2.4495616975789265e+01 1.2451424764224932e+01 -2.4646491937638690e+01 5.1706551000000002e-03 5.8986927000000001e-02
-5.1163188042315164e-02 -4.6964227928960452e+02 1.1922660740400071e-01 1.6652435792937888e+02 -2.5766969775227193e+02 2.3446769110902178e+01 1.3267308627705201e+01 -2.3284828483833525e+01 5.4335110000000002e-03 6.4288872999999996e-02
-5.0509654482214054e-02 -4.5552250022086770e+02 1.2446540162395016e-01 1.7409634535142541e+02 -2.3198235120072906e+02 2.2443573258450900e+01 1.3970067830876065e+01 -2.1924762641597670e+01 5.6978226000000002e-03 6.9854434000000007e-02
-4.9825017621679082e-02 -4.4213411426079040e+02 1.2995352319368267e-01 1.7954219593435977e+02 -2.0692295459469733e+02 2.1483095632992480e+01 1.4563344291018497e+01 -2.0572806034648316e+01 5.9632034000000004e-03 7.5684873999999999e-02
-4.9109174596794335e-02 -4.2943460358208722e+02 1.3569179668124029e-01 1.8296914414882380e+02 -1.8263515067079803e+02 2.0562644026594441e+01 1.5051172033565951e+01 -1.9235299599345236e+01 6.2292681999999997e-03 8.1781068999999998e-02
-4.8362067634675543e-02 -4.1738478621166058e+02 1.4168068520018090e-01 1.8449640779837688e+02 -1.5925223554991115e+02 1.9679739653131342e+01 1.5437976617258990e+01 -1.7918349126422083e+01 6.4956331999999999e-03 8.8143510999999994e-02
-4.7583684053470070e-02 -4.0594876493171540e+02 1.4792029040957816e-01 1.8425406191649711e+02 -1.3689560590603892e+02 1.8832093633367045e+01 1.5728560884994602e+01 -1.6627753256056003e+01 6.7619166000000000e-03 9.4772308000000000e-02
-4.6774055557809516e-02 -3.9509339428734717e+02 1.5441035816174789e-01 1.8238176625141580e+02 -1.1567317544904117e+02 1.8017585953840797e+01 1.5928080697024257e+01 -1.5368940261015828e+01 7.0277381999999996e-03 1.0166719000000000e-01
-4.5933258121385198e-02 -3.8478805705284242e+02 1.6115027944353572e-01 1.7902709950941377e+02 -9.5678232261848976e+01 1.7234248063481164e+01 1.6042010926945721e+01 -1.4146915389215636e+01 7.2927204000000001e-03 1.0882751000000000e-01
-4.5061413630891986e-02 -3.7500444299515891e+02 1.6813907719828913e-01 1.7434388388625729e+02 -7.6988509148753607e+01 1.6480248832374869e+01 1.6076103491964879e+01 -1.2966214982932422e+01 7.5564877000000004e-03 1.1625223000000000e-01
-4.4158686480716025e-02 -3.6571629841550435e+02 1.7537543362320113e-01 1.6849027737212026e+02 -5.9665442017736822e+01 1.5753878801428328e+01 1.6036339178219354e+01 -1.1830862285818386e+01 7.8186677999999999e-03 1.2393994999999999e-01
-4.3225283338085604e-02 -3.5689924893441616e+02 1.8285769205188593e-01 1.6162682816327705e+02 -4.3753827462157993e+01 1.5053537540525296e+01 1.5928873484742009e+01 -1.0744338166335901e+01 8.0788911000000008e-03 1.3188891000000000e-01
-4.2261456665808023e-02 -3.4853067593722972e+02 1.9058382871574714e-01 1.5391451852452340e+02 -2.9281773047083860e+01 1.4377727624357098e+01 1.5759979981557933e+01 -9.7095636621090158e+00 8.3367917000000003e-03 1.4009695999999999e-01
-4.1267500025287104e-02 -3.4058952586473993e+02 1.9855149039548670e-01 1.4551277851631397e+02 -1.6260855069152576e+01 1.3725041210328749e+01 1.5535990467982760e+01 -8.7288828997677523e+00 8.5920070000000005e-03 1.4856159999999999e-01
-4.0243750425014449e-02 -3.3305621184062454e+02 2.0675797559535036e-01 1.3657760479505265e+02 -4.6866205583999250e+00 1.3094153670573437e+01 1.5263235905284947e+01 -7.8040629023845911e+00 8.8441787999999997e-03 1.5727996000000000e-01
-3.9190585972078182e-02 -3.2591248337545903e+02 2.1520025336888221e-01 1.2725973923921433e+02 5.4607045978045328e+00 1.2483815593945566e+01 1.4947985610926091e+01 -6.9362969406383872e+00 9.0929527999999999e-03 1.6624881999999999e-01
-3.8108425872162975e-02 -3.1914133240557840e+02 2.2387496331892459e-01 1.1770301023857927e+02 1.4215244312844897e+01 1.1892846185831447e+01 1.4596390792846474e+01 -6.1262194345991778e+00 9.3379794999999995e-03 1.7546460999999999e-01
-3.6997729255304410e-02 -3.1272689936267466e+02 2.3277842501049534e-01 1.0804283964727104e+02 2.1624305148470803e+01 1.1320093563464583e+01 1.4214428281559471e+01 -5.3739273681780499e+00 9.5789143999999993e-03 1.8492342000000001e-01
-3.5858998698625855e-02 -3.0665441550679299e+02 2.4190660973215605e-01 9.8404972411624499e+01 2.7747015216435756e+01 1.0764599599004594e+01 1.3807852962630861e+01 -4.6790114080329239e+00 9.8154178999999998e-03 1.9462097000000000e-01
-3.4692774355110340e-02 -3.0091009952244337e+02 2.5125518756039827e-01 8.8904299312855230e+01 3.2652884832908704e+01 1.0225256019853152e+01 1.3382150362642417e+01 -4.0405869911142425e+00 1.0047156000000000e-02 2.0455266000000000e-01
-3.3499632779354985e-02 -2.9548109548930648e+02 2.6081953677252062e-01 7.9644079963401282e+01 3.6420218551046304e+01 9.7011362966464514e+00 1.2942493547227258e+01 -3.4573352694632087e+00 1.0273801000000001e-02 2.1471357999999999e-01
-3.2280192798799061e-02 -2.9035544312681390e+02 2.7059469678224268e-01 7.0715277464106862e+01 3.9134420484639904e+01 9.1913264988223560e+00 1.2493715320588334e+01 -2.9275504875852425e+00 1.0495031000000000e-02 2.2509846000000000e-01
-3.1035108468250305e-02 -2.8552199710365193e+02 2.8057542461696827e-01 6.2196171270896784e+01 4.0886395055565529e+01 8.6949521846557953e+00 1.2040276301733273e+01 -2.4491855361526729e+00 1.0710529999999999e-02 2.3570173000000000e-01
-2.9765070244130519e-02 -2.8097038896849278e+02 2.9075618550490839e-01 5.4152185076317430e+01 4.1770826065651470e+01 8.2111763718781425e+00 1.1586244711834755e+01 -2.0198948907560927e+00 1.0919989999999999e-02 2.4651751000000000e-01
-2.8470806158721194e-02 -2.7669099122268568e+02 3.0113114346220371e-01 4.6635977291534793e+01 4.1884552385217646e+01 7.7391965458283973e+00 1.1135283635217531e+01 -1.6371012203163318e+00 1.1123108000000000e-02 2.5753959999999998e-01
-2.7153078297426671e-02 -2.7267486909120572e+02 3.1169418953155642e-01 3.9687689122972650e+01 4.1325023694459958e+01 7.2782411113897787e+00 1.0690642380797810e+01 -1.2980302178078007e+00 1.1319591000000000e-02 2.6876150999999998e-01
-2.5812681624528509e-02 -2.6891374843036027e+02 3.2243895119510740e-01 3.3335404051896141e+01 4.0188830958411472e+01 6.8275665577336273e+00 1.0255155155532995e+01 -9.9976723550380764e-01 1.1509152000000000e-02 2.8017647000000001e-01
-2.4450445157431132e-02 -2.6539998537810482e+02 3.3335878296155869e-01 2.7595802663069158e+01 3.8570354206283049e+01 6.3864556471162270e+00 9.8312466557335583e+00 -7.3930486986647370e-01 1.1691511000000000e-02 2.9177742000000001e-01
-2.3067233140907410e-02 -2.6212654944088899e+02 3.4444675695329685e-01 2.2474932407439745e+01 3.6560564193392047e+01 5.9542157013346113e+00 9.4209429111673124e+00 -5.1358883108161457e-01 1.1866398000000000e-02 3.0355700000000002e-01
-2.1663935653133744e-02 -2.5908697457885995e+02 3.5569573820940997e-01 1.7969081256900264e+01 3.4245961862834385e+01 5.5301736228195502e+00 9.0258837811081776e+00 -3.1955955786489088e-01 1.2033550000000000e-02 3.1550762999999998e-01
-2.0241476825409388e-02 -2.5627536104057128e+02 3.6709831879554777e-01 1.4065800861784526e+01 3.1707696198311410e+01 5.1136767437109683e+00 8.6473455177285814e+00 -1.5419131675394054e-01 1.2192715000000000e-02 3.2762143999999999e-01
-1.8800808970928361e-02 -2.5368634104869969e+02 3.7864686486830734e-01 1.0744939257518489e+01 2.9020844380220630e+01 4.7040892975379496e+00 8.2862618669703707e+00 -1.4527815799641070e-02 1.2343646000000000e-02 3.3989032000000002e-01
-1.7342913759025066e-02 -2.5131507244299792e+02 3.9033350726235566e-01 7.9797498603005428e+00 2.6253795776880644e+01 4.3007910853109532e+00 7.9432508887094659e+00 1.0228923977061526e-01 1.2486109000000000e-02 3.5230591000000000e-01
-1.5868797518191834e-02 -2.4915721350232732e+02 4.0215017914193901e-01 5.7379901833546869e+00 2.3467989053340911e+01 3.9031746317895717e+00 7.6186422517221732e+00 1.9899098345225688e-01 1.2619877000000000e-02 3.6485963999999999e-01
-1.4379494758815739e-02 -2.4720891783939905e+02 4.1408858776225099e-01 3.9830365671375501e+00 2.0717551975404870e+01 3.5106446882495899e+00 7.3125076710134973e+00 2.7816272653348961e-01 1.2744734000000001e-02 3.7754270000000001e-01
-1.2876064650441818e-02 -2.4546682161784781e+02 4.2614024270806400e-01 2.6749489134361011e+00 1.8049286390690753e+01 3.1226157226509859e+00 7.0246909268906634e+00 3.4222538472416070e-01 1.2860473000000001e-02 3.9034606999999999e-01
-1.1359588673281747e-02 -2.4392803401082449e+02 4.3829647471948402e-01 1.7714902742578544e+00 1.5502707933466025e+01 2.7385099824400783e+00 6.7548378597442404e+00 3.9342440752061991e-01 1.2966896000000000e-02 4.0326054000000000e-01
-9.8311729667051734e-03 -2.4259013406888849e+02 4.5054841686619573e-01 1.2290966338687992e+00 1.3110224155830604e+01 2.3577567211704498e+00 6.5024282754035463e+00 4.3381820525761855e-01 1.3063819000000001e-02 4.1627669000000000e-01
-8.2919412837659454e-03 -2.4145116287385517e+02 4.6288706102472610e-01 1.0037553283079910e+00 1.0897418001254943e+01 1.9797888806700890e+00 6.2668023974923548e+00 4.6527817194564669e-01 1.3151064000000001e-02 4.2938494999999999e-01
-6.7430420366758406e-03 -2.4050962348437190e+02 4.7530320140118104e-01 1.0517941934423611e+00 8.8834487141037233e+00 1.6040437047504170e+00 6.0471931803961567e+00 4.8948353560491742e-01 1.3228465999999999e-02 4.4257553999999999e-01
-5.1856389028396288e-03 -2.3976448115954463e+02 4.8778750983426294e-01 1.3305962304106533e+00 7.0814728615318900e+00 1.2299588402334400e+00 5.8427478670984136e+00 5.0792591077108451e-01 1.3295871000000001e-02 4.5583855000000001e-01
-3.6209155218375547e-03 -2.3921516412173557e+02 5.0033049814376196e-01 1.7991844103107582e+00 5.4991695382586556e+00 8.5697220593561774e-01 5.6525560303315316e+00 5.2191326703148666e-01 1.3353135000000000e-02 4.6916390000000002e-01
-2.0500696241972372e-03 -2.3886156701755377e+02 5.1292256519494173e-01 2.4187390905711696e+00 4.1392894228831736e+00 4.8451908910331198e-01 5.4756706658616690e+00 5.3257758864551696e-01 1.3400123999999999e-02 4.8254139000000001e-01
-4.7431537988490424e-04 -2.3870405815742049e+02 5.2555397807278559e-01 3.1530184493416429e+00 3.0002289016656656e+00 1.1203127180369066e-01 5.3111287029698664e+00 5.4088402807683311e-01 1.3436718000000000e-02 4.9596067999999999e-01
1.1051212986770559e-03 -2.3874348708179750e+02 5.3821490973350472e-01 3.9686160325765267e+00 2.0766192883279335e+00 -2.6106561076583290e-01 5.1579647631184606e+00 5.4764166066003661e-01 1.3462807000000000e-02 5.0941133000000005e-01
2.6869980596276322e-03 -2.3898119528512026e+02 5.5089540135302939e-01 4.8352334306273441e+00 1.3599067997200371e+00 -6.3535253203209585e-01 5.0152332275453109e+00 5.5351543612449949e-01 1.3478291000000000e-02 5.2288276000000000e-01
4.2700666798777542e-03 -2.3941902990907582e+02 5.6358544704290425e-01 5.7257929460631027e+00 8.3892679637885637e-01 -1.0114212310073221e+00 4.8820158786198000e+00 5.5903896039869128e-01 1.3483083000000000e-02 5.3636434000000000e-01
5.8530671938821777e-03 -2.4005935927196876e+02 5.7627494678590196e-01 6.6164928731789105e+00 5.0044947779840399e-01 -1.3898745910739212e+00 4.7574323740840114e+00 5.6462744041145940e-01 1.3477108000000000e-02 5.4984533999999996e-01
7.4347302421307743e-03 -2.4090509086846103e+02 5.8895372526177769e-01 7.4867999214521657e+00 3.2969431149140721e-01 -1.7713289997050357e+00 4.6406508938332802e+00 5.7059108263628422e-01 1.3460300999999999e-02 5.6331494999999998e-01
9.0137805938852872e-03 -2.4195969426912214e+02 6.0161156008590044e-01 8.3193777584687663e+00 3.1080465337774815e-01 -2.1564172145972123e+00 4.5308923053092194e+00 5.7714607479607316e-01 1.3432611000000001e-02 5.7676231000000000e-01
1.0588939495670663e-02 -2.4322722604716176e+02 6.1423820063500778e-01 9.0999709847001427e+00 4.2730601741849594e-01 -2.5457910417900180e+00 4.4274360109213831e+00 5.8443753042957081e-01 1.3393997000000000e-02 5.9017653000000003e-01
1.2158921148538115e-02 -2.4471235951737833e+02 6.2682333980857408e-01 9.8172285406816275e+00 6.6244156376839214e-01 -2.9401227942970820e+00 4.3296208093581470e+00 5.9252856768217799e-01 1.3344429999999999e-02 6.0354666000000001e-01
1.3722437405047638e-02 -2.4642041338072664e+02 6.3935665168031930e-01 1.0462523440390479e+01 9.9956499401756171e-01 -3.3401087334453230e+00 4.2368472274366171e+00 6.0144613164145133e-01 1.3283893999999999e-02 6.1686173000000000e-01
1.5278202466250487e-02 -2.4835739693273314e+02 6.5182782914971793e-01 1.1029720144632387e+01 1.4224079461114687e+00 -3.7464733852014920e+00 4.1485767715669173e+00 6.1115380858169543e-01 1.3212384000000001e-02 6.3011079000000003e-01
1.6824925836215407e-02 -2.5053004212435698e+02 6.6422652746473543e-01 1.1514953677076099e+01 1.9153263886658236e+00 -4.1599703024324004e+00 4.0643307216121531e+00 6.2159049177655668e-01 1.3129907000000000e-02 6.4328284999999996e-01
1.8361320541748050e-02 -2.5294585918683646e+02 6.7654243011196913e-01 1.1916348226689186e+01 2.4634993505587524e+00 -4.5813874876359275e+00 3.9836866886985680e+00 6.3266647151881616e-01 1.3036481000000001e-02 6.5636695000000000e-01
1.9886104306636454e-02 -2.5561318901881376e+02 6.8876525822952495e-01 1.2233834577543135e+01 3.0530846330353070e+00 -5.0115460896118016e+00 3.9062804647958238e+00 6.4427172676363642e-01 1.2932137999999999e-02 6.6935217000000002e-01
2.1397996028914346e-02 -2.5854125931979650e+02 7.0088474236838605e-01 1.2468808904145325e+01 3.6713312598968724e+00 -5.4513300695942721e+00 3.8317947805694264e+00 6.5628612548252496e-01 1.2816919000000000e-02 6.8222760000000005e-01
2.2895722826334688e-02 -2.6174026057994547e+02 7.1289067896967573e-01 1.2623979691517874e+01 4.3066551899682217e+00 -5.9016389985431346e+00 3.7599622099853613e+00 6.6858280642063295e-01 1.2690879000000000e-02 6.9498240000000000e-01
2.4378017687878575e-02 -2.6522141712109482e+02 7.2477291153890377e-01 1.2703076615451209e+01 4.9486871490674691e+00 -6.3634458844294066e+00 3.6905573807683574e+00 6.8103362856472105e-01 1.2554085000000000e-02 7.0760577999999996e-01
2.5843620648000790e-02 -2.6899707295716456e+02 7.3652134005884273e-01 1.2710688149282756e+01 5.5882757082124312e+00 -6.8377761229756544e+00 3.6233944645126623e+00 6.9351333342616950e-01 1.2406611999999999e-02 7.2008700999999997e-01
2.7291284657857851e-02 -2.7308080118935391e+02 7.4812596805391418e-01 1.2652014691137390e+01 6.2174924781238943e+00 -7.3257208138072105e+00 3.5583218937514438e+00 7.0590235799454748e-01 1.2248551000000000e-02 7.3241546999999996e-01
2.8719772062571244e-02 -2.7748750858091461e+02 7.5957687435155752e-01 1.2532713182011415e+01 6.8295864387614529e+00 -7.8284426373612312e+00 3.4952186877609295e+00 7.1809101369550199e-01 1.2080001999999999e-02 7.4458062000000003e-01
3.0127856949718534e-02 -2.8223355662955458e+02 7.7086423190798392e-01 1.2358728265100572e+01 7.4189398226399694e+00 -8.3471843275331903e+00 3.4339905828801003e+00 7.2997792500234571e-01 1.1901076999999999e-02 7.5657202000000001e-01
3.1514327497824762e-02 -2.8733691589382107e+02 7.8197832663393074e-01 1.2136150950531629e+01 7.9810018678075085e+00 -8.8832783237171036e+00 3.3745648399392860e+00 7.4147429098415318e-01 1.1711898000000000e-02 7.6837935000000002e-01
3.2877989499099133e-02 -2.9281733811276041e+02 7.9290958563329361e-01 1.1871088306276720e+01 8.5122236532519864e+00 -9.4381583812054259e+00 3.3168892859221213e+00 7.5250464865253031e-01 1.1512599000000000e-02 7.7999244000000001e-01
3.4217660488207013e-02 -2.9869651813825794e+02 8.0364853013873960e-01 1.1569566466527487e+01 9.0099649190116988e+00 -1.0013368330054995e+01 3.2609267759547880e+00 7.6300418627035504e-01 1.1303326000000001e-02 7.9140122000000002e-01
3.5532181484726116e-02 -3.0499835527921971e+02 8.1418586964048001e-01 1.1237435035434201e+01 9.4724205789739493e+00 -1.0610580719703149e+01 3.2066529085762219e+00 7.7292202199878524e-01 1.1084235000000000e-02 8.0259581999999996e-01
3.6820406424935892e-02 -3.1174914991583495e+02 8.2451241717037516e-01 1.0880302989656625e+01 9.8985233198898701e+00 -1.1231607168406120e+01 3.1540529804166222e+00 7.8221905203220043e-01 1.0855490000000001e-02 8.1356647999999998e-01
3.8081212730028083e-02 -3.1897793830934501e+02 8.3461917401782904e-01 1.0503478945401985e+01 1.0287863447342227e+01 -1.1878420749634698e+01 3.1031207489172883e+00 7.9086794219480594e-01 1.0617270000000000e-02 8.2430364000000000e-01
3.9313498957615531e-02 -3.2671681418506876e+02 8.4449731090403535e-01 1.0111926465250052e+01 1.0640601346858361e+01 -1.2553175611684726e+01 3.0538553354678877e+00 7.9885215722675529e-01 1.0369760000000000e-02 8.3479791999999997e-01
4.0516185975977767e-02 -3.3500132206972944e+02 8.5413817739485420e-01 9.7102385504764985e+00 1.0957413811081336e+01 -1.3258231618878074e+01 3.0062596581045646e+00 8.0616573303951289e-01 1.0113159000000000e-02 8.4504013000000000e-01
4.1688218138306629e-02 -3.4387091943340255e+02 8.6353331131368982e-01 9.3026441016154742e+00 1.1239261246036492e+01 -1.3996183268032519e+01 2.9603391001647346e+00 8.1280953352653407e-01 9.8476710000000005e-03 8.5502127999999999e-01
4.2828563282706247e-02 -3.5336951395668564e+02 8.7267443874148998e-01 8.8929399471966324e+00 1.1487628642587380e+01 -1.4769892701283471e+01 2.9161000996728337e+00 8.1879561131743261e-01 9.5735140000000000e-03 8.6473257999999997e-01
4.3936218603421145e-02 -3.6354614967710813e+02 8.8155352108113250e-01 8.4845586863395486e+00 1.1704142633329713e+01 -1.5582534008331020e+01 2.8735495375910434e+00 8.2414086929264907e-01 9.2909130999999992e-03 8.7416548999999999e-01
4.5010204779608154e-02 -3.7445572496428366e+02 8.9016270799303909e-01 8.0805227578357570e+00 1.1890666769777411e+01 -1.6437635818118302e+01 2.8326936506057092e+00 8.2886848912803945e-01 9.0001030000000006e-03 8.8331166999999999e-01
4.6049573020810100e-02 -3.8615997491382154e+02 8.9849439387243812e-01 7.6835067862139059e+00 1.2049216242311564e+01 -1.7339145082004205e+01 2.7935370023415018e+00 8.3300728301158267e-01 8.7013270999999996e-03 8.9216304000000002e-01
4.7053401544218956e-02 -3.9872855951368422e+02 9.0654118961073371e-01 7.2958129675923429e+00 1.2181904578130920e+01 -1.8291492344809992e+01 2.7560833575861508e+00 8.3658927031488006e-01 8.3948374000000006e-03 9.0071175000000003e-01
4.8020801445903941e-02 -4.1224049694812311e+02 9.1429596965989113e-01 6.9204161568346736e+00 1.2290903688267562e+01 -1.9299683605210213e+01 2.7203340382683563e+00 8.3964983842908902e-01 8.0808944000000001e-03 9.0895022999999997e-01
4.8950912003829020e-02 -4.2678579739547644e+02 9.2175183438092856e-01 6.5559669879946840e+00 1.2378407668408101e+01 -2.0369400489496286e+01 2.6862886026792916e+00 8.4222691415618933e-01 7.7597663000000001e-03 9.1687114999999997e-01
4.9842905374835406e-02 -4.4246757244571046e+02 9.2890214769542545e-01 6.2068517758927264e+00 1.2446601879550462e+01 -2.1507136203434662e+01 2.6539446210062430e+00 8.4435883934591516e-01 7.4317293999999999e-03 9.2446746000000002e-01
5.0695987768887132e-02 -4.5940491562532463e+02 9.3574054649839955e-01 5.8731842066502029e+00 1.2497619351639639e+01 -2.2720362916063991e+01 2.6232973997092546e+00 8.4608657445443358e-01 7.0970672000000004e-03 9.3173240000000002e-01
5.1509397100579862e-02 -4.7773591163589896e+02 9.4226092183255317e-01 5.5558442783217235e+00 1.2533544661798011e+01 -2.4017739386816700e+01 2.5943407259412505e+00 8.4745001099807271e-01 6.7560703000000000e-03 9.3865947999999999e-01
5.2282408860368973e-02 -4.9762240521601365e+02 9.4845746595265867e-01 5.2555105525842940e+00 1.2556378024297747e+01 -2.5409391991806732e+01 2.5670664487432573e+00 8.4848910953830858e-01 6.4090362999999996e-03 9.4524253000000003e-01
5.3014329069095784e-02 -5.1925519343344399e+02 9.5432461584829520e-01 4.9726782239962253e+00 1.2568027947467158e+01 -2.6907258976618348e+01 2.5414650320358794e+00 8.4924342998508395e-01 6.0562691999999996e-03 9.5147563999999996e-01
5.3704506020443812e-02 -5.4286230072100932e+02 9.5985714737262118e-01 4.7076855069688488e+00 1.2570299630862570e+01 -2.8525586340563759e+01 2.5175257442644412e+00 8.4975064402452782e-01 5.6980790999999996e-03 9.5735325999999998e-01
5.4352318538482547e-02 -5.6871856570655109e+02 9.6505008111360180e-01 4.4607386895290215e+00 1.2564889079517830e+01 -3.0281545332612126e+01 2.4952367647089395e+00 8.5004764495152041e-01 5.3347821999999998e-03 9.6287009999999995e-01
5.4957187720123646e-02 -5.9716025302657215e+02 9.6989877652278123e-01 4.2319344690110965e+00 1.2553364687913490e+01 -3.2196144801815841e+01 2.4745854974610579e+00 8.5016935304696073e-01 4.9667000000000001e-03 9.6802122999999995e-01
5.5518568715401603e-02 -6.2860463079974136e+02 9.7439886602514236e-01 4.0212783854639982e+00 1.2537190791645976e+01 -3.4295461111042862e+01 2.4555592333660652e+00 8.5014877398910715e-01 4.5941591999999996e-03 9.7280200999999999e-01
5.6035960121438674e-02 -6.6357937451518740e+02 9.7854633032212379e-01 3.8287042524391239e+00 1.2517701898922123e+01 -3.6612487099907106e+01 2.4381448556896665e+00 8.5001682031274994e-01 4.2174915999999996e-03 9.7720817000000004e-01
5.6508894588479963e-02 -7.0276528214280029e+02 9.8233742308860317e-01 3.6540982113552336e+00 1.2496112671478881e+01 -3.9189815692812147e+01 2.4223287579682022e+00 8.4980215063776854e-01 3.8370333000000002e-03 9.8123572999999997e-01
5.6936948213858349e-02 -7.4706406668276429e+02 9.8576874627591393e-01 3.4972893396931410e+00 1.2473518111968724e+01 -4.2083906370888421e+01 2.4080988640238159e+00 8.4953081852728174e-01 3.4531249000000000e-03 9.8488107999999996e-01
5.7319737019257633e-02 -7.9770734025827483e+02 9.8883722187321432e-01 3.3581101087873302e+00 1.2450895461456181e+01 -4.5371942666153956e+01 2.3954426937075186e+00 8.4922667390586182e-01 3.0661112999999999e-03 9.8814095000000002e-01
5.7656914602221276e-02 -8.5644345295848416e+02 9.9154007308173242e-01 3.2363635426238448e+00 1.2429106515181491e+01 -4.9163593655536658e+01 2.3843488923643670e+00 8.4891100818921783e-01 2.6763420000000000e-03 9.9101238999999997e-01
5.7948179181626147e-02 -9.2588338097154872e+02 9.9387488079203001e-01 3.1318574737354790e+00 1.2408900205066937e+01 -5.3622797244203824e+01 2.3748069162713095e+00 8.4860253358545412e-01 2.2841723000000002e-03 9.9349282999999999e-01
5.8193271249191283e-02 -1.0101983933365130e+03 9.9583956475824753e-01 3.0444065890806242e+00 1.2390915121931664e+01 -5.9011706695643092e+01 2.3668073126347866e+00 8.4831739897052572e-01 1.8899688000000000e-03 9.9558005999999999e-01
5.8391972395232208e-02 -1.1167274200473719e+03 9.9743237418522701e-01 2.9738440159307755e+00 1.2375682009234367e+01 -6.5791964457205950e+01 2.3603419294065486e+00 8.4806915258822391e-01 1.4941295000000000e-03 9.9727222000000004e-01
5.8544121748099642e-02 -1.2605223093636239e+03 9.9865201950879334e-01 2.9200185070581255e+00 1.2363626285258542e+01 -7.4911145760099970e+01 2.3554034046616770e+00 8.4786915744236879e-01 1.0971916000000000e-03 9.9856794000000004e-01
5.8649660595512812e-02 -1.4829990604842608e+03 9.9949803008508675e-01 2.8827887493231632e+00 1.2355066940541104e+01 -8.8978352804070937e+01 2.3519840448909348e+00 8.4772496273058662e-01 7.0085733000000002e-04 9.9946672000000003e-01
