-6.4327010693677036e-02 -2.3849832136187879e+03 6.4328099601028976e-02 -2.0210598358719310e+03 -5.7616989568779763e+02 1.4450337320073029e+02 -1.2170586565116912e+02 -3.6094379514269505e+01 5.5301730000000003e-06 1.0230946000000001e-06
-6.4324579020862860e-02 -1.8404995340263288e+03 6.4345784595021896e-02 -1.4761943755247482e+03 -5.7605714937274251e+02 1.1039302370461414e+02 -8.7579144395287713e+01 -3.6089376908930205e+01 3.5894988000000002e-05 1.9923924999999999e-05
-6.4316949958157343e-02 -1.5874868035772990e+03 6.4401269003669132e-02 -1.2221995588543220e+03 -5.7570353054146710e+02 9.4540114431553008e+01 -7.1684446075650541e+01 -3.6073685735551820e+01 8.5619985000000003e-05 7.9222864999999994e-05
-6.4301846890106526e-02 -1.4210327949394518e+03 6.4511110124643722e-02 -1.0540708468308708e+03 -5.7500396436520919e+02 8.4107462197387278e+01 -6.1181009742008200e+01 -3.6042639577422086e+01 1.5173507999999999e-04 1.9661552000000001e-04
-6.4277277309207903e-02 -1.2969369625305253e+03 6.4689799004194415e-02 -9.2756844374580317e+02 -5.7386728822277496e+02 7.6325836648321598e+01 -5.3298300045545609e+01 -3.5992182861697792e+01 2.3255418000000001e-04 3.8758918999999998e-04
-6.4241429078049736e-02 -1.1980993446994264e+03 6.4950514898615322e-02 -8.2558378447695077e+02 -5.7221187113705480e+02 7.0123806951460139e+01 -4.6964873588235847e+01 -3.5918672712716749e+01 3.2689763000000001e-04 6.6622920000000002e-04
-6.4192623226053888e-02 -1.1160852503344436e+03 6.5305468572617403e-02 -7.3969470994587482e+02 -5.6996389680180687e+02 6.4972834134999644e+01 -4.1653051048378586e+01 -3.5818798942401791e+01 4.3385032000000002e-04 1.0455858000000000e-03
-6.4129287532248419e-02 -1.0461080676040610e+03 6.5766094425714669e-02 -6.6514316993363730e+02 -5.6705664181326267e+02 6.0572950041750552e+01 -3.7064374212766872e+01 -3.5689547289445329e+01 5.5265518999999999e-04 1.5378795000000000e-03
-6.4049940195179136e-02 -9.8518793168633465e+02 6.6343169257180035e-02 -5.9899069247265572e+02 -5.6343023671035951e+02 5.6737399726729336e+01 -3.3014101664627532e+01 -3.5528184832557272e+01 6.8265765000000004e-04 2.1546280000000000e-03
-6.3953178805950917e-02 -9.3134272113256725e+02 6.7046892462565913e-02 -5.3930721182030720e+02 -5.5903167768594164e+02 5.3341954115826248e+01 -2.9380424669815699e+01 -3.5332255963840723e+01 8.2327310000000005e-04 2.9067318999999999e-03
-6.3837672834817449e-02 -8.8318664081802626e+02 6.7886940676999186e-02 -4.8476801606249700e+02 -5.5381499415924839e+02 5.0299758714191341e+01 -2.6079241294565879e+01 -3.5099585685084016e+01 9.7396649000000004e-04 3.8045331000000002e-03
-6.3702158137643322e-02 -8.3971223609843571e+02 6.8872507728412122e-02 -4.3443440590442532e+02 -5.4774149130105206e+02 4.7547674993554466e+01 -2.3050438046018204e+01 -3.4828286554499314e+01 1.1342389000000000e-03 4.8578574999999999e-03
-6.3545432941890287e-02 -8.0016372529939679e+02 7.0012333830535609e-02 -3.8762586085107159e+02 -5.4078002947170182e+02 4.5038340182809534e+01 -2.0249900637555569e+01 -3.4516767463255832e+01 1.3036180000000001e-03 6.0760461999999999e-03
-6.3366354939030464e-02 -7.6395926091187221e+02 7.1314726729105701e-02 -3.4384120640459969e+02 -5.3290731515913058e+02 4.2735298060855897e+01 -1.7644597588154884e+01 -3.4163743767405855e+01 1.4816515000000000e-03 7.4679780999999997e-03
-6.3163838930172952e-02 -7.3064102831651917e+02 7.2787578824676930e-02 -3.0270769794311218e+02 -5.2410816180922711e+02 4.0609869237582686e+01 -1.5209409804576310e+01 -3.3768246570540136e+01 1.6679024999999999e-03 9.0420881999999994e-03
-6.2936855230750627e-02 -6.9984207828745991e+02 7.4438378774965772e-02 -2.6394683281916463e+02 -5.1437572449844924e+02 3.8639072322495181e+01 -1.2925013286296824e+01 -3.3329631664628323e+01 1.8619452999999999e-03 1.0806380000000001e-02
-6.2684428190995928e-02 -6.7126352396910806e+02 7.6274222255088425e-02 -2.2735040612505080e+02 -5.0371166820214268e+02 3.6804193714094161e+01 -1.0776411362788593e+01 -3.2847586361146632e+01 2.0633631000000000e-03 1.2768437000000001e-02
-6.2405635514073160e-02 -6.4465851463528895e+02 7.8301816916627048e-02 -1.9276396448549988e+02 -4.9212628775186784e+02 3.5089783090078207e+01 -8.7518941163413473e+00 -3.2322135093060403e+01 2.2717459999999998e-03 1.4935428000000001e-02
-6.2099607111055305e-02 -6.1982061712170946e+02 8.0527490715118111e-02 -1.6007320150278835e+02 -4.7963852246566296e+02 3.3482923898613159e+01 -6.8422739439080367e+00 -3.1753641829940147e+01 2.4866887000000002e-03 1.7314116000000001e-02
-6.1765525126654917e-02 -5.9657534587299881e+02 8.2957191722917920e-02 -1.2919538593616423e+02 -4.6627592356527299e+02 3.1972702079103232e+01 -5.0403203402088197e+00 -3.1142810006975381e+01 2.7077901999999999e-03 1.9910858000000000e-02
-6.1402622524026979e-02 -5.7477368681350345e+02 8.5596498421603953e-02 -1.0007139226918822e+02 -4.5207446419009506e+02 3.0549800545563908e+01 -3.3403207723507187e+00 -3.0490679144775740e+01 2.9346520999999999e-03 2.2731616000000000e-02
-6.1010183856694621e-02 -5.5428734769783830e+02 8.8450614087937779e-02 -7.2660025589642061e+01 -4.3707834244638127e+02 2.9206199257120900e+01 -1.7377496007010897e+00 -2.9798619583764491e+01 3.1668782999999998e-03 2.5781951000000001e-02
-6.0587544496623402e-02 -5.3500495302216416e+02 9.1524372407902163e-02 -4.6933217787076778e+01 -4.2133959644041278e+02 2.7934937026341480e+01 -2.2899905723477154e-01 -2.9068322077623325e+01 3.4040742000000001e-03 2.9067029000000001e-02
-6.0134090119604175e-02 -5.1682909149560260e+02 9.4822241219392547e-02 -2.2872139041062127e+01 -4.0491767210049517e+02 2.6729926868382382e+01 1.1888356216456875e+00 -2.8301784321647332e+01 3.6458464000000000e-03 3.2591624999999999e-02
-5.9649257477178780e-02 -4.9967406253442618e+02 9.8348316898179855e-02 -4.6402519946247550e-01 -3.8787889513998692e+02 2.5585812663030829e+01 2.5181241944917048e+00 -2.7501295842740166e+01 3.8918026000000000e-03 3.6360116999999997e-02
-5.9132533367405815e-02 -4.8346397153571866e+02 1.0210633184329337e-01 2.0300524300753132e+01 -3.7029581998393007e+02 2.4497850533409984e+01 3.7608469888613398e+00 -2.6669417612340943e+01 4.1415510999999999e-03 4.0376493999999999e-02
-5.8583455020823419e-02 -4.6813125901428106e+02 1.0609965167000217e-01 3.9429840277137558e+01 -3.5224650854856480e+02 2.3461816082537425e+01 4.9187157273545061e+00 -2.5808959068709783e+01 4.3947007000000003e-03 4.4644352999999998e-02
-5.8001610100449331e-02 -4.5361548628890654e+02 1.1033127520981513e-01 5.6932989091179792e+01 -3.3381373742575522e+02 2.2473927751715316e+01 5.9932628696456813e+00 -2.4922953402455175e+01 4.6508610999999997e-03 4.9166899000000000e-02
-5.7386636187163734e-02 -4.3986232722861018e+02 1.1480383825317234e-01 7.2821379245620946e+01 -3.1508412884148424e+02 2.1530783317287636e+01 6.9859277509885205e+00 -2.4014627929169034e+01 4.9096423000000002e-03 5.3946949000000001e-02
-5.6738221422980649e-02 -4.2682276058967096e+02 1.1951960887108079e-01 8.7110011184768808e+01 -2.9614725320170015e+02 2.0629309282201373e+01 7.8981223030299148e+00 -2.3087376267256836e+01 5.1706551000000002e-03 5.8986927000000001e-02
-5.6056103353159428e-02 -4.1445236157373785e+02 1.2448049583617017e-01 9.9818518915176526e+01 -2.7709461658334902e+02 1.9766715804934840e+01 8.7312879540735224e+00 -2.2144722487320852e+01 5.4335110000000002e-03 6.4288872999999996e-02
-5.5340070084093258e-02 -4.0271075164670117e+02 1.2968804020163710e-01 1.1097192252114347e+02 -2.5801871686405468e+02 1.8940462306731991e+01 9.4869381419396070e+00 -2.1190290243006956e+01 5.6978226000000002e-03 6.9854434000000007e-02
-5.4589958996766372e-02 -3.9156109257301631e+02 1.3514342465797363e-01 1.2060121781057072e+02 -2.3901201483160997e+02 1.8148225255981117e+01 1.0166696192468326e+01 -2.0227766654916039e+01 5.9632034000000004e-03 7.5684873999999999e-02
-5.3805657390025415e-02 -3.8096968864278642e+02 1.4084746885460317e-01 1.2874372313128777e+02 -2.2016593595595575e+02 1.7387873248265297e+01 1.0772322432162262e+01 -1.9260867196330910e+01 6.2292681999999997e-03 8.1781068999999998e-02
-5.2987101965962347e-02 -3.7090563198705712e+02 1.4680063314257163e-01 1.3544325956583279e+02 -2.0156988746801747e+02 1.6657444352100409e+01 1.1305733881601091e+01 -1.8293300680663592e+01 6.4956331999999999e-03 8.8143510999999994e-02
-5.2134278829914421e-02 -3.6134050308858542e+02 1.5300301857454768e-01 1.4075015230313173e+02 -1.8331030996707787e+02 1.5955126626706285e+01 1.1769018421027653e+01 -1.7328734207430116e+01 6.7619166000000000e-03 9.4772308000000000e-02
-5.1247222718538508e-02 -3.5224810539051765e+02 1.5945437251885972e-01 1.4472107761251098e+02 -1.6546975644513054e+02 1.5279244683588470e+01 1.2164442132123062e+01 -1.6370758852924080e+01 7.0277381999999996e-03 1.0166719000000000e-01
-5.0326016871156752e-02 -3.4360425518862479e+02 1.6615408959516884e-01 1.4741875811487904e+02 -1.4812606546336488e+02 1.4628238952951033e+01 1.2494450482983680e+01 -1.5422857434318885e+01 7.2927204000000001e-03 1.0882751000000000e-01
-4.9370794830916616e-02 -3.3538658879432762e+02 1.7310119857504877e-01 1.4891152484630081e+02 -1.3135161932332457e+02 1.4000661439630782e+01 1.2761665527350136e+01 -1.4488375771625343e+01 7.5564877000000004e-03 1.1625223000000000e-01
-4.8381736713816584e-02 -3.2757437566193829e+02 1.8029438951649873e-01 1.4927280950477390e+02 -1.1521260301211201e+02 1.3395159107061245e+01 1.2968877545153383e+01 -1.3570491001970558e+01 7.8186677999999999e-03 1.2393994999999999e-01
-4.7359068951397632e-02 -3.2014836284770826e+02 1.8773201563528930e-01 1.4858047481857787e+02 -9.9768427029151212e+01 1.2810465530025965e+01 1.3119034264955744e+01 -1.2672186124474745e+01 8.0788911000000008e-03 1.3188891000000000e-01
-4.6303068150371732e-02 -3.1309069121707466e+02 1.9541206523477633e-01 1.4691612074588835e+02 -8.5071307940461438e+01 1.2245395020275943e+01 1.3215223314111684e+01 -1.1796231109881786e+01 8.3367917000000003e-03 1.4009695999999999e-01
-4.5214055946450463e-02 -3.0638473665297880e+02 2.0333219913281569e-01 1.4436429715876133e+02 -7.1165818180597640e+01 1.1698832398843766e+01 1.3260655994713085e+01 -1.0945158944329686e+01 8.5920070000000005e-03 1.4856159999999999e-01
-4.4092401577430759e-02 -3.0001503100215780e+02 2.1148973194830584e-01 1.4101171155206222e+02 -5.8088663603085116e+01 1.1169728176057124e+01 1.3258645419949545e+01 -1.0121252269241170e+01 8.8441787999999997e-03 1.5727996000000000e-01
-4.2938519310109141e-02 -2.9396715992222886e+02 2.1988165081464500e-01 1.3694637097936081e+02 -4.5868513281679725e+01 1.0657091624915445e+01 1.3212584110951845e+01 -9.3265278852861293e+00 9.0929527999999999e-03 1.6624881999999999e-01
-4.1752868440281768e-02 -2.8822768792595849e+02 2.2850461537973132e-01 1.3225672392122414e+02 -3.4525957573565556e+01 1.0159985924443246e+01 1.3125919912987497e+01 -8.5627303489602724e+00 9.3379794999999995e-03 1.7546460999999999e-01
-4.0535952006201581e-02 -2.8278408377610151e+02 2.3735496716269128e-01 1.2703083708317558e+02 -2.4073584783719660e+01 9.6775231944007984e+00 1.3002131196475759e+01 -7.8313239976666376e+00 9.5789143999999993e-03 1.8492342000000001e-01
-3.9288320648206837e-02 -2.7762459589912260e+02 2.4642870148369389e-01 1.2135558025452747e+02 -1.4516190248671093e+01 9.2088619981715425e+00 1.2844702112800814e+01 -7.1334945601916600e+00 9.8154178999999998e-03 1.9462097000000000e-01
-3.8010566176006871e-02 -2.7273857305335179e+02 2.5572151424759387e-01 1.1531582196486292e+02 -5.8509948543378840e+00 8.7532011815235116e+00 1.2657096763636057e+01 -6.4701466987572100e+00 1.0047156000000000e-02 2.0455266000000000e-01
-3.6703320282139247e-02 -2.6811560708547455e+02 2.6522881130066006e-01 1.0899370039966358e+02 1.9319781461295011e+00 8.3097763513256488e+00 1.2442735163978913e+01 -5.8419095288889125e+00 1.0273801000000001e-02 2.1471357999999999e-01
-3.5367260974684012e-02 -2.6374632054645724e+02 2.7494566164693246e-01 1.0246797396844491e+02 8.8494201178000242e+00 7.8778592844494311e+00 1.2204970297163740e+01 -5.2491471802405485e+00 1.0495031000000000e-02 2.2509846000000000e-01
-3.4003104858006609e-02 -2.5962189661965010e+02 2.8486685358859376e-01 9.5813391228371287e+01 1.4924261698975505e+01 7.4567524916954424e+00 1.1947065123745686e+01 -4.6919658524631060e+00 1.0710529999999999e-02 2.3570173000000000e-01
-3.2611608419300712e-02 -2.5573413132300306e+02 2.9498688536924084e-01 8.9100169930677055e+01 2.0185088896782947e+01 7.0457873838755933e+00 1.1672172314837189e+01 -4.1702290255340646e+00 1.0919989999999999e-02 2.4651751000000000e-01
-3.1193569315131071e-02 -2.5207540600896587e+02 3.0529995581715597e-01 8.2393564666421639e+01 2.4665511376932084e+01 6.6443224287288789e+00 1.1383317036437790e+01 -3.6835723768643844e+00 1.1123108000000000e-02 2.5753959999999998e-01
-2.9749822511804989e-02 -2.4863864920720380e+02 3.1579999241549295e-01 7.5753515523204157e+01 2.8403525514958119e+01 6.2517399345492812e+00 1.1083378744848098e+01 -3.2314205202943529e+00 1.1319591000000000e-02 2.6876150999999998e-01
-2.8281238998829471e-02 -2.4541730985499200e+02 3.2648066065900522e-01 6.9234247078429718e+01 3.1440821583313827e+01 5.8674439631282782e+00 1.0775077974591692e+01 -2.8130048559515912e+00 1.1509152000000000e-02 2.8017647000000001e-01
-2.6788727075454072e-02 -2.4240533920203015e+02 3.3733535469731751e-01 6.2884329008948598e+01 3.3822118889614295e+01 5.4908588944655117e+00 1.0460964421142808e+01 -2.4273848671951441e+00 1.1691511000000000e-02 2.9177742000000001e-01
-2.5273233637213711e-02 -2.3959716995344934e+02 3.4835718797819731e-01 5.6746397105383330e+01 3.5594445524262696e+01 5.1214281555307402e+00 1.0143409153147411e+01 -2.0734687328060559e+00 1.1866398000000000e-02 3.0355700000000002e-01
-2.3735733883585970e-02 -2.3698769076419717e+02 3.5953906810138342e-01 5.0857114723193511e+01 3.6806507800774611e+01 4.7586101012023789e+00 9.8245952179949754e+00 -1.7500321500164844e+00 1.2033550000000000e-02 3.1550762999999998e-01
-2.2177240323790939e-02 -2.3457223508618617e+02 3.7087363132148593e-01 4.5247336017173737e+01 3.7508002909088489e+01 4.4018789466444606e+00 9.5065154873178503e+00 -1.4557424398460703e+00 1.2192715000000000e-02 3.2762143999999999e-01
-2.0598796344077026e-02 -2.3234655615287400e+02 3.8235328933162899e-01 3.9942179603198312e+01 3.7749020806906685e+01 4.0507218076483129e+00 9.1909700231126674e+00 -1.1891730875497903e+00 1.2343646000000000e-02 3.3989032000000002e-01
-1.9001477494263834e-02 -2.3030683178835466e+02 3.9397021990672237e-01 3.4961233612230984e+01 3.7579455051545779e+01 3.7046377653620493e+00 8.8795664251952857e+00 -9.4883552950842809e-01 1.2486109000000000e-02 3.5230591000000000e-01
-1.7386386341570692e-02 -2.2844963702649372e+02 4.0571640433037576e-01 3.0318798640637741e+01 3.7048468086423973e+01 3.3631355318057174e+00 8.5737216455252661e+00 -7.3318699134526366e-01 1.2619877000000000e-02 3.6485963999999999e-01
-1.5754656330245267e-02 -2.2677194413679928e+02 4.1758359932471312e-01 2.6024203333382733e+01 3.6204004088953369e+01 3.0257331662889584e+00 8.2746671210875800e+00 -5.4065539175786226e-01 1.2744734000000001e-02 3.7754270000000001e-01
-1.4107447921935010e-02 -2.2527111150404556e+02 4.2956336512055793e-01 2.2082138966837043e+01 3.5092358915691236e+01 2.6919560778050169e+00 7.9834541996363253e+00 -3.6965526572624730e-01 1.2860473000000001e-02 3.9034606999999999e-01
-1.2445946022601420e-02 -2.2394487641071368e+02 4.4164708417089116e-01 1.8493027031069584e+01 3.3757803687375400e+01 2.3613354652664604e+00 7.7009614884669588e+00 -2.1860379153666801e-01 1.2966896000000000e-02 4.0326054000000000e-01
-1.0771362555605804e-02 -2.2279135337520700e+02 4.5382594243739338e-01 1.5253443527789672e+01 3.2242271173864800e+01 2.0334077221902120e+00 7.4279041505548609e+00 -8.5936425698167687e-02 1.3063819000000001e-02 4.1627669000000000e-01
-9.0849287424521544e-03 -2.2180902973853256e+02 4.6609098553081652e-01 1.2356496374496645e+01 3.0585090554694890e+01 1.7077118913732203e+00 7.1648429553907240e+00 2.9881932286438245e-02 1.3151064000000001e-02 4.2938494999999999e-01
-7.3879028220442261e-03 -2.2099676520232623e+02 4.7843306257061258e-01 9.7922923949450347e+00 2.8822795298983269e+01 1.3837901002938739e+00 6.9121955944700471e+00 1.3034308800668287e-01 1.3228465999999999e-02 4.4257553999999999e-01
-5.6815597583427802e-03 -2.2035379021984318e+02 4.9084290103876188e-01 7.5483215521624150e+00 2.6988969498038081e+01 1.0611844779180508e+00 6.6702476387480871e+00 2.1688701733930296e-01 1.3295871000000001e-02 4.5583855000000001e-01
-3.9671963865369891e-03 -2.1987971019215095e+02 5.0331106935285896e-01 5.6099015877846128e+00 2.5114161809266147e+01 7.3943714040621877e-01 6.4391642421696877e+00 2.9089290699089571e-01 1.3353135000000000e-02 4.6916390000000002e-01
-2.2461249803301456e-03 -2.1957450709296907e+02 5.1582802364975555e-01 3.9605746348660760e+00 2.3225831773961144e+01 4.1808778330534757e-01 6.2190017695938051e+00 3.5367254391967329e-01 1.3400123999999999e-02 4.8254139000000001e-01
-5.1967582502543408e-04 -2.1943854604462322e+02 5.2838408907210321e-01 2.5825023652091468e+00 2.1348368131148963e+01 9.6673126073318016e-02 6.0097200425194970e+00 4.0646482028140468e-01 1.3436718000000000e-02 4.9596067999999999e-01
1.2108079286455575e-03 -2.1947258146576354e+02 5.4096949719526777e-01 1.4568276831559757e+00 1.9503114629992712e+01 -2.2527532661348815e-01 5.8111933423846454e+00 4.5043193672401899e-01 1.3462807000000000e-02 5.0941133000000005e-01
2.9439651183513216e-03 -2.1967776604712373e+02 5.5357434860041488e-01 5.6404120376798306e-01 1.7708462856352408e+01 -5.4823137201128169e-01 5.6232231429427681e+00 4.8665663993490921e-01 1.3478291000000000e-02 5.2288276000000000e-01
4.6784281490461627e-03 -2.2005566155624950e+02 5.6618869708506736e-01 -1.1573651628110482e-01 1.5979953280567907e+01 -8.7267770864094096e-01 5.4455481588537662e+00 5.1614118050391211e-01 1.3483083000000000e-02 5.3636434000000000e-01
6.4128165602559128e-03 -2.2060825222867575e+02 5.7880250287946244e-01 -6.0244236474714530e-01 1.4330418553873111e+01 -1.1991060427690741e+00 5.2778550221443803e+00 5.3980684515931787e-01 1.3477108000000000e-02 5.4984533999999996e-01
8.1457395991636483e-03 -2.2133795865696217e+02 5.9140565136000867e-01 -9.1581848516896935e-01 1.2770141661812870e+01 -1.5280189587485982e+00 5.1197882776618195e+00 5.5849472839533487e-01 1.3460300999999999e-02 5.6331494999999998e-01
9.8758000802381674e-03 -2.2224765607864603e+02 6.0398798111947138e-01 -1.0752014055308470e+00 1.1307032266848994e+01 -1.8599321881357671e+00 4.9709597045802205e+00 5.7296749536445235e-01 1.3432611000000001e-02 5.7676231000000000e-01
1.1601596958319776e-02 -2.2334069732830292e+02 6.1653930268043056e-01 -1.0993002080465821e+00 9.9468073757197679e+00 -2.1953768133233851e+00 4.8309564412526651e+00 5.8391163930264733e-01 1.3393997000000000e-02 5.9017653000000003e-01
1.3321721468991674e-02 -2.2462092848086499e+02 6.2904937042509468e-01 -1.0060637444041147e+00 8.6931986516371857e+00 -2.5349002485702528e+00 4.6993492949561197e+00 5.9194055113318478e-01 1.3344429999999999e-02 6.0354666000000001e-01
1.5034762274751395e-02 -2.2609272219314175e+02 6.4150792002221479e-01 -8.1253253992145114e-01 7.5481434809299923e+00 -2.8790691690406565e+00 4.5756992470746152e+00 5.9759811102324067e-01 1.3283893999999999e-02 6.1686173000000000e-01
1.6739310611182126e-02 -2.2776100808504052e+02 6.5390470585399940e-01 -5.3473103700614455e-01 6.5119828733576348e+00 -3.2284726715378067e+00 4.4595634979290573e+00 6.0136250023647508e-01 1.3212384000000001e-02 6.3011079000000003e-01
1.8433952567695699e-02 -2.2963129870798363e+02 6.6622944487574254e-01 -1.8761759783625473e-01 5.5836910569173650e+00 -3.5837230180606898e+00 4.3505016003525414e+00 6.0365028523750863e-01 1.3129907000000000e-02 6.4328284999999996e-01
2.0117278093332497e-02 -2.3170973406175000e+02 6.7847188211292420e-01 2.1501521494893963e-01 4.7610056187732752e+00 -3.9454599546262461e+00 4.2480790619001318e+00 6.0482132268380873e-01 1.3036481000000001e-02 6.5636695000000000e-01
2.1787882283304250e-02 -2.3400312544008304e+02 6.9062180001793838e-01 6.6052867027541406e-01 4.0406668787336661e+00 -4.3143538649589859e+00 4.1518725807113253e+00 6.0518266364857320e-01 1.2932137999999999e-02 6.6935217000000002e-01
2.3444361519365547e-02 -2.3651899401461489e+02 7.0266899039990771e-01 1.1374682143852641e+00 3.4185779876703863e+00 -4.6911079881862738e+00 4.0614719210010399e+00 6.0499355062993965e-01 1.2816919000000000e-02 6.8222760000000005e-01
2.5085321189070919e-02 -2.3926564436383717e+02 7.1460331056505499e-01 1.6355514577339201e+00 2.8899592005354822e+00 -5.0764635603212396e+00 3.9764838527817696e+00 6.0446971360197643e-01 1.2690879000000000e-02 6.9498240000000000e-01
2.6709373112689130e-02 -2.4225220683504679e+02 7.2641466460324589e-01 2.1456460727247872e+00 2.4495059610700554e+00 -5.4712030810008319e+00 3.8965328362739671e+00 6.0378774518569822e-01 1.2554085000000000e-02 7.0760577999999996e-01
2.8315136829745985e-02 -2.4548870562755408e+02 7.3809301274471739e-01 2.6597328120739254e+00 2.0915341150732072e+00 -5.8761548923645437e+00 3.8212637909783207e+00 6.0308951946850120e-01 1.2406611999999999e-02 7.2008700999999997e-01
2.9901246031738646e-02 -2.4898616077853475e+02 7.4962841814372105e-01 3.1708611916033971e+00 1.8100959299873423e+00 -6.2921995369715420e+00 3.7503424055028622e+00 6.0248618306563817e-01 1.2248551000000000e-02 7.3241546999999996e-01
3.1466344702507018e-02 -2.5275665657345471e+02 7.6101101880833699e-01 3.6730920871059185e+00 1.5990959044509978e+00 -6.7202743225966675e+00 3.6834560312530309e+00 6.0206196807002643e-01 1.2080001999999999e-02 7.4458062000000003e-01
3.3009089691319465e-02 -2.5681344640698200e+02 7.7223104631393069e-01 4.1614384855678699e+00 1.4523933230100765e+00 -7.1613800363300735e+00 3.6203139710418806e+00 6.0187768982320133e-01 1.1901076999999999e-02 7.5657202000000001e-01
3.4528153285958540e-02 -2.6117107044495503e+02 7.8327884451661123e-01 4.6317912246777890e+00 1.3638825748124463e+00 -7.6165886357122430e+00 3.5606472022013271e+00 6.0197510836550649e-01 1.1711898000000000e-02 7.6837935000000002e-01
3.6022227072349450e-02 -2.6584549533664682e+02 7.9414489762341578e-01 5.0808661421288699e+00 1.3275698859168494e+00 -8.0870523901465354e+00 3.5042073192262571e+00 6.0237790471693164e-01 1.1512599000000000e-02 7.7999244000000001e-01
3.7490015501845900e-02 -2.7085424147012577e+02 8.0481978340866756e-01 5.5061150443605325e+00 1.3376324803750204e+00 -8.5740110288008395e+00 3.4507684721726637e+00 6.0309639547160421e-01 1.1303326000000001e-02 7.9140122000000002e-01
3.8930248756658500e-02 -2.7621651185744872e+02 8.1529426678126116e-01 5.9056644811276184e+00 1.3884732548204171e+00 -9.0788062618815282e+00 3.4001234064099162e+00 6.0412949156737972e-01 1.1084235000000000e-02 8.0259581999999996e-01
4.0341671170969193e-02 -2.8195375007499575e+02 8.2555921557410583e-01 6.2782418377069780e+00 1.4747413117393819e+00 -9.6028900466627309e+00 3.3520847081148095e+00 6.0546671502345883e-01 1.0855490000000001e-02 8.1356647999999998e-01
4.1723052809816835e-02 -2.8808910293694595e+02 8.3560568475468200e-01 6.6231078010956272e+00 1.5914032901646018e+00 -1.0147842461715225e+01 3.3064828164235589e+00 6.0709037754654760e-01 1.0617270000000000e-02 8.2430364000000000e-01
4.3073186896011501e-02 -2.9464848123738841e+02 8.4542489771158469e-01 6.9399872958835349e+00 1.7337244515686152e+00 -1.0715387265160118e+01 3.2631654463299435e+00 6.0897745148819538e-01 1.0369760000000000e-02 8.3479791999999997e-01
4.4390891096677376e-02 -3.0166047107051963e+02 8.5500825561125182e-01 7.2290180335027623e+00 1.8972917115502086e+00 -1.1307411466546323e+01 3.2219961943126347e+00 6.1110086843868794e-01 1.0113159000000000e-02 8.4504013000000000e-01
4.5675008809795553e-02 -3.0915678280883259e+02 8.6434734675469271e-01 7.4906729048777896e+00 2.0780374195560709e+00 -1.1925988254934015e+01 3.1828534392257284e+00 6.1343110239048759e-01 9.8476710000000005e-03 8.5502127999999999e-01
4.6924409164204081e-02 -3.1717267909318031e+02 8.7343394657748841e-01 7.7257177247732498e+00 2.2722261193010347e+00 -1.2573403470854792e+01 3.1456292978918996e+00 6.1593697317893026e-01 9.5735140000000000e-03 8.6473257999999997e-01
4.8137993452312136e-02 -3.2574752551059083e+02 8.8226006443343441e-01 7.9351547171105503e+00 2.4764547016696934e+00 -1.3252190447631623e+01 3.1102282268965680e+00 6.1858684956731158e-01 9.2909130999999992e-03 8.7416548999999999e-01
4.9314688697385825e-02 -3.3492535874659046e+02 8.9081789681089751e-01 8.1201817227239417e+00 2.6876455633363689e+00 -1.3965164536012594e+01 3.0765662400818843e+00 6.2134914039735867e-01 9.0001030000000006e-03 8.8331166999999999e-01
5.0453455372805281e-02 -3.4475568607141656e+02 8.9909988347318781e-01 8.2821131021606735e+00 2.9030340066432427e+00 -1.4715473025479627e+01 3.0445695954914926e+00 6.2419292311892760e-01 8.7013270999999996e-03 8.9216304000000002e-01
5.1553283542436101e-02 -3.5529433485610730e+02 9.0709867938837241e-01 8.4224881034997310e+00 3.1201552275676820e+00 -1.5506648253883563e+01 3.0141738714500086e+00 6.2708937609164761e-01 8.3948374000000006e-03 9.0071175000000003e-01
5.2613199293343543e-02 -3.6660462018847676e+02 9.1480720151291861e-01 8.5427612280622078e+00 3.3368288975505593e+00 -1.6342680024706493e+01 2.9853228586007403e+00 6.3000997607378129e-01 8.0808944000000001e-03 9.0895022999999997e-01
5.3632259589621228e-02 -3.7875863258912767e+02 9.2221859136477979e-01 8.6445310345044248e+00 3.5511397958064994e+00 -1.7228095798973897e+01 2.9579680820601104e+00 6.3292894312325820e-01 7.7597663000000001e-03 9.1687114999999997e-01
5.4609557418562479e-02 -3.9183899084132719e+02 9.2932625245030920e-01 8.7294020202833327e+00 3.7614192655273619e+00 -1.8168069233431567e+01 2.9320680338405447e+00 6.3582227698514071e-01 7.4317293999999999e-03 9.2446746000000002e-01
5.5544223077203095e-02 -4.0594097584593271e+02 9.3612385962098899e-01 8.7989759953595144e+00 3.9662281405889330e+00 -1.9168553769733343e+01 2.9075850560949146e+00 6.3866810477259028e-01 7.0970672000000004e-03 9.3173240000000002e-01
5.6435421599235799e-02 -4.2117520362711565e+02 9.4260534035997257e-01 8.8548276237488839e+00 4.1643321621284102e+00 -2.0236448319554590e+01 2.8844895963873878e+00 6.4144674452694994e-01 6.7560703000000000e-03 9.3865947999999999e-01
5.7282359187724369e-02 -4.3767121766945957e+02 9.4876492156572834e-01 8.8985054422351855e+00 4.3546957344585095e+00 -2.1379822095241835e+01 2.8627546079472301e+00 6.4413928632180850e-01 6.4090362999999996e-03 9.4524253000000003e-01
5.8084275495846577e-02 -4.5558191660551103e+02 9.5459707341166711e-01 8.9314895081589754e+00 4.5364412711130848e+00 -2.2608189305236703e+01 2.8423575611145178e+00 6.4673403158785647e-01 6.0562691999999996e-03 9.5147563999999996e-01
5.8840456492322710e-02 -4.7508989279239313e+02 9.6009660291342913e-01 8.9552159558077751e+00 4.7088489689621156e+00 -2.3932906196123721e+01 2.8232792562384263e+00 6.4921349794393679e-01 5.6980790999999996e-03 9.5735325999999998e-01
5.9550221595987010e-02 -4.9641536256085556e+02 9.6525856036159696e-01 8.9710444374947613e+00 4.8713303396131247e+00 -2.5367664284037680e+01 2.8055035498031620e+00 6.5156722068279949e-01 5.3347821999999998e-03 9.6287009999999995e-01
6.0212936541216205e-02 -5.1982784051640738e+02 9.7007833288898226e-01 8.9802546191361756e+00 5.0234145365536476e+00 -2.6929220586984314e+01 2.7890166297323260e+00 6.5378517366786137e-01 4.9667000000000001e-03 9.6802122999999995e-01
6.0828004372129610e-02 -5.4566191089378742e+02 9.7455157897352562e-01 8.9840476930731459e+00 5.1647301642182555e+00 -2.8638381619954043e+01 2.7738070443632834e+00 6.5585881271366819e-01 4.5941591999999996e-03 9.7280200999999999e-01
6.1394875734931784e-02 -5.7434087943120767e+02 9.7867430329212457e-01 8.9835352591061053e+00 5.2949927762330340e+00 -3.0521483457008401e+01 2.7598651632941902e+00 6.5778104350497624e-01 4.2174915999999996e-03 9.7720817000000004e-01
6.1913038585569832e-02 -6.0641118273876566e+02 9.8244278186680556e-01 8.9797428078687282e+00 5.4139883607638533e+00 -3.2612539736538224e+01 2.7471830068208449e+00 6.5954598005320653e-01 3.8370333000000002e-03 9.8123572999999997e-01
6.2382028482076288e-02 -6.4259695743447696e+02 9.8585363691855232e-01 8.9736015093256611e+00 5.5215636504738672e+00 -3.4956658125426962e+01 2.7357538100327781e+00 6.6114884549526054e-01 3.4531249000000000e-03 9.8488107999999996e-01
6.2801424724940366e-02 -6.8388787695147539e+02 9.8890380879712025e-01 8.9659524492217564e+00 5.6176120016871298e+00 -3.7615532126239771e+01 2.7255720520797948e+00 6.6258578960985182e-01 3.0661112999999999e-03 9.8814095000000002e-01
6.3170847784022335e-02 -7.3168965787146567e+02 9.9159053726757929e-01 8.9575426994650602e+00 5.7020654234239343e+00 -4.0676861465453868e+01 2.7166331955657910e+00 6.6385379972550962e-01 2.6763420000000000e-03 9.9101238999999997e-01
6.3489967017810719e-02 -7.8810284353036388e+02 9.9391141765068514e-01 8.9490292997020724e+00 5.7748839997731318e+00 -4.4271802489776704e+01 2.7089335371519452e+00 6.6495050056794958e-01 2.2841723000000002e-03 9.9349282999999999e-01
6.3758498100336444e-02 -8.5648517737210977e+02 9.9586438210942219e-01 8.9409914117180165e+00 5.8360492897593579e+00 -4.8610177188515834e+01 2.7024699930304892e+00 6.6587409721103774e-01 1.8899688000000000e-03 9.9558005999999999e-01
6.3976201734630103e-02 -9.4274743651109543e+02 9.9744769029227542e-01 8.9338522641187197e+00 5.8855560328092054e+00 -5.4061619175952202e+01 2.6972401457578234e+00 6.6662331727405033e-01 1.4941295000000000e-03 9.9727222000000004e-01
6.4142901664321725e-02 -1.0590182833144895e+03 9.9866006032742960e-01 8.9280411865403355e+00 5.9234117705932592e+00 -6.1385112219802444e+01 2.6932417077293556e+00 6.6719713513730805e-01 1.0971916000000000e-03 9.9856794000000004e-01
6.4258533562268974e-02 -1.2386842071648566e+03 9.9950102437845600e-01 8.9238296393714691e+00 5.9496428117736082e+00 -7.2671093910032567e+01 2.6904712907506809e+00 6.6759533385323211e-01 7.0085733000000002e-04 9.9946672000000003e-01
