-3.3191265765226560e-02 -1.1717000562304724e+04 3.3192322817700813e-02 -8.8282690653591071e+03 -3.3857270544032026e+03 7.8557702471153118e+02 -5.9661686466201286e+02 -2.2151533663482033e+02 5.5301730000000003e-06 1.0230946000000001e-06
-3.3190011077689249e-02 -8.5184899564004136e+03 3.3210596304332159e-02 -5.6099433859511128e+03 -3.3766715368341011e+03 5.7628657142576833e+02 -3.8639202113350854e+02 -2.2110572310810036e+02 3.5894988000000002e-05 1.9923924999999999e-05
-3.3186074655880318e-02 -7.0351764308963029e+03 3.3267927033427694e-02 -4.0809589936472457e+03 -3.3483864336441993e+03 4.7915980648878218e+02 -2.8707795222731897e+02 -2.1982505447793815e+02 8.5619985000000003e-05 7.9222864999999994e-05
-3.3178281818312713e-02 -6.0630483297859455e+03 3.3381423269643891e-02 -3.0394147017322243e+03 -3.2929487108005160e+03 4.1542083073560445e+02 -2.1995256276694568e+02 -2.1730951059983249e+02 1.5173507999999999e-04 1.9661552000000001e-04
-3.3165604476702214e-02 -5.3424126877757853e+03 3.3566058268838642e-02 -2.2312554299085796e+03 -3.2043278549310176e+03 3.6807858893112422e+02 -1.6823809643599515e+02 -2.1327280818934366e+02 2.3255418000000001e-04 3.8758918999999998e-04
-3.3147107609604654e-02 -4.7727467166063352e+03 3.3835449845289862e-02 -1.5637575081999369e+03 -3.0784390804853506e+03 3.3055774586116655e+02 -1.2567013381763014e+02 -2.0750462850095732e+02 3.2689763000000001e-04 6.6622920000000002e-04
-3.3121924906615294e-02 -4.3043927119388982e+03 3.4202215093795181e-02 -9.9644941692550196e+02 -2.9133858008312859e+03 2.9961206369276164e+02 -8.9378860019313876e+01 -1.9987822832780174e+02 4.3385032000000002e-04 1.0455858000000000e-03
-3.3089245137683812e-02 -3.9090939825340947e+03 3.4678168909329440e-02 -5.1096127317184659e+02 -2.7097012126045529e+03 2.7339624458509263e+02 -5.7934881004894336e+01 -1.9035940748487843e+02 5.5265518999999999e-04 1.5378795000000000e-03
-3.3048303727162325e-02 -3.5691872193833146e+03 3.5274446704068700e-02 -9.9504860259669400e+01 -2.4704930420959040e+03 2.5075853171962470e+02 -3.0616052928004205e+01 -1.7901322603249844e+02 6.8265765000000004e-04 2.1546280000000000e-03
-3.2998377064147003e-02 -3.2728575092608062e+03 3.6001587272561038e-02 2.4062404809288540e+02 -2.2014243430103711e+03 2.3093005435809420e+02 -7.0699287134845239e+00 -1.6600602159611879e+02 8.2327310000000005e-04 2.9067318999999999e-03
-3.2938778625730240e-02 -3.0117858751684762e+03 3.6869589253352660e-02 5.1014758578921754e+02 -1.9104887012270822e+03 2.1337076691600089e+02 1.2867683387580218e+01 -1.5160113299572140e+02 9.7396649000000004e-04 3.8045331000000002e-03
-3.2868856142460816e-02 -2.7798731954896430e+03 3.7887952411717947e-02 7.0976714555124443e+02 -1.6075599830217809e+03 1.9768585008408485e+02 2.9282401603025782e+01 -1.3614737077461945e+02 1.1342389000000000e-03 4.8578574999999999e-03
-3.2787989527204631e-02 -2.5724993640861126e+03 3.9065707804089848e-02 8.4144838880621626e+02 -1.3037305934762314e+03 1.8357716448717866e+02 4.2252626146955357e+01 -1.2006019605347416e+02 1.3036180000000001e-03 6.0760461999999999e-03
-3.2695589374896444e-02 -2.3860692178952554e+03 4.0411439627935759e-02 9.0920473524817805e+02 -1.0104805924009969e+03 1.7081347185164029e+02 5.1896285276191122e+01 -1.0379646117839573e+02 1.4816515000000000e-03 7.4679780999999997e-03
-3.2591095747737060e-02 -2.2177213277460210e+03 4.1933302914356062e-02 9.1944479452248697e+02 -7.3874878618398657e+02 1.5921135884954100e+02 5.8399142458906240e+01 -8.7824446361828052e+01 1.6679024999999999e-03 9.0420881999999994e-03
-3.2473977352048239e-02 -2.0651346018495005e+03 4.3639035516511659e-02 8.8091649328629126e+02 -4.9800409257979845e+02 1.4862254255788767e+02 6.2027425076377369e+01 -7.2591771035900521e+01 1.8619452999999999e-03 1.0806380000000001e-02
-3.2343730774872056e-02 -1.9263953645194331e+03 4.5535969227923564e-02 8.0429042431879350e+02 -2.9542596344070586e+02 1.3892515508548763e+02 6.3126674668454370e+01 -5.8494192883201556e+01 2.0633631000000000e-03 1.2768437000000001e-02
-3.2199880132142714e-02 -1.7999039371985318e+03 4.7631034906558893e-02 7.0144853428448948e+02 -1.3528680338345072e+02 1.3001762656587852e+02 6.2108768248484111e+01 -4.5848567807950189e+01 2.2717459999999998e-03 1.4935428000000001e-02
-3.2041976477880853e-02 -1.6843068699213347e+03 4.9930771079427963e-02 5.8457476013244934e+02 -1.8641342940166620e+01 1.2181425715143752e+02 5.9429668961089327e+01 -3.4872831874159012e+01 2.4866887000000002e-03 1.7314116000000001e-02
-3.1869597817470049e-02 -1.5784473685139355e+03 5.2441323749222557e-02 4.6516925822360770e+02 5.6648272017953900e+01 1.1424192923077531e+02 5.5561152804574228e+01 -2.5675339342022163e+01 2.7077901999999999e-03 1.9910858000000000e-02
-3.1682348377447489e-02 -1.4813275470839510e+03 5.5168457029211276e-02 3.5311875669344971e+02 9.5534020426498685e+01 1.0723769402787765e+02 5.0960233161137310e+01 -1.8254623423433802e+01 2.9346520999999999e-03 2.2731616000000000e-02
-3.1479859003799973e-02 -1.3920802142646087e+03 5.8117547342387527e-02 2.5595053169224099e+02 1.0509823092063060e+02 1.0074690582151460e+02 4.6040202245287965e+01 -1.2509592871040605e+01 3.1668782999999998e-03 2.5781951000000001e-02
-3.1261786763667913e-02 -1.3099465016977092e+03 6.1293589222321490e-02 1.7837184021179519e+02 9.3655290192418633e+01 9.4721772288238895e+01 4.1146804004551917e+01 -8.2586103162345665e+00 3.4040742000000001e-03 2.9067029000000001e-02
-3.1027814679814653e-02 -1.2342583780567174e+03 6.4701199180394853e-02 1.2215450126943898e+02 6.9758857063377576e+01 8.9120220460315480e+01 3.6542324086696198e+01 -5.2649483315974726e+00 3.6458464000000000e-03 3.2591624999999999e-02
-3.0777652128922483e-02 -1.1644249123272159e+03 6.8344609904948783e-02 8.6373494082115528e+01 4.1254105618625474e+01 8.3905010810209845e+01 3.2399189152049622e+01 -3.2652440856068989e+00 3.8918026000000000e-03 3.6360116999999997e-02
-3.0511034310531295e-02 -1.0999208702214755e+03 7.2227677995753192e-02 6.7952283579978356e+01 1.4501871767468934e+01 7.9043003302738626e+01 2.8803243177515139e+01 -1.9972921089865370e+00 4.1415510999999999e-03 4.0376493999999999e-02
-3.0227722446186590e-02 -1.0402776827564842e+03 7.6353881063580820e-02 6.2422493130728412e+01 -6.1250061328645957e+00 7.4504577348897428e+01 2.5765560220193123e+01 -1.2238275793753028e+00 4.3947007000000003e-03 4.4644352999999998e-02
-2.9927503779439472e-02 -9.8507582651800101e+02 8.0726317730207275e-02 6.4773886575823184e+01 -1.8419996323237761e+01 7.0263151041238729e+01 2.3240454278466245e+01 -7.4969914231250412e-01 4.6508610999999997e-03 4.9166899000000000e-02
-2.9610191310315982e-02 -9.3393857072319406e+02 8.5347711495645531e-02 7.0262175608970026e+01 -2.2196823963915673e+01 6.6294779883925727e+01 2.1146637705155598e+01 -4.3099757703423874e-01 4.9096423000000002e-03 5.3946949000000001e-02
-2.9275624127230435e-02 -8.8652673493129657e+02 9.0220405904102755e-02 7.5056458325811192e+01 -1.8872594599130490e+01 6.2577829309594605e+01 1.9388298969297821e+01 -1.7601577099373347e-01 5.1706551000000002e-03 5.8986927000000001e-02
-2.8923666809541414e-02 -8.4253415072673874e+02 9.5346373245258242e-02 7.6642914859916502e+01 -1.0874864848441440e+01 5.9092688310621526e+01 1.7873182057573150e+01 6.0839711737386074e-02 5.4335110000000002e-03 6.4288872999999996e-02
-2.8554210024995769e-02 -8.0168395004138222e+02 1.0072720585298543e-01 7.3949147574033958e+01 -9.8936607460691706e-01 5.5821539886651287e+01 1.6525588054092502e+01 2.9010530786905514e-01 5.6978226000000002e-03 6.9854434000000007e-02
-2.8167169865901964e-02 -7.6372522519591428e+02 1.0636412577343851e-01 6.7205190875385384e+01 8.2352484299489088e+00 5.2748152047148274e+01 1.5293257812591140e+01 5.0068363750149858e-01 5.9632034000000004e-03 7.5684873999999999e-02
-2.7762488181043380e-02 -7.2843025660737271e+02 1.1225797993100922e-01 5.7601833942297588e+01 1.4931259927434958e+01 4.9857707722172144e+01 1.4148281162327660e+01 6.7301973233946322e-01 6.2292681999999997e-03 8.1781068999999998e-02
-2.7340132310147678e-02 -6.9559204522856851e+02 1.1840924399556137e-01 4.6836940725645711e+01 1.8147793433288193e+01 4.7136652732051559e+01 1.3083137001094190e+01 7.8985299337083470e-01 6.4956331999999999e-03 8.8143510999999994e-02
-2.6900095083886785e-02 -6.6502218493957605e+02 1.2481802238243093e-01 3.6650086867825188e+01 1.7867484171406549e+01 4.4572565926537777e+01 1.2103664847802399e+01 8.4315563431168317e-01 6.7619166000000000e-03 9.4772308000000000e-02
-2.6442394425580888e-02 -6.3654899765759217e+02 1.3148405405327798e-01 2.8435421917405506e+01 1.4835005466507960e+01 4.2153976627076304e+01 1.1221000812992852e+01 8.3679844908618273e-01 7.0277381999999996e-03 1.0166719000000000e-01
-2.5967073284815768e-02 -6.1001570463084022e+02 1.3840671348289540e-01 2.2995433810405423e+01 1.0261802957852217e+01 3.9870596365821804e+01 1.0444353426774017e+01 7.8538289327748134e-01 7.2927204000000001e-03 1.0882751000000000e-01
-2.5474200566800151e-02 -5.8527949149033122e+02 1.4558499712388762e-01 2.0461757867994372e+01 5.4854415602982627e+00 3.7712574891502641e+01 9.7759749008417209e+00 7.1033565708780166e-01 7.5564877000000004e-03 1.1625223000000000e-01
-2.4963869207268341e-02 -5.6220949249547664e+02 1.5301755144412171e-01 2.0371817799347831e+01 1.6609216708358130e+00 3.5671065475213794e+01 9.2089997675638173e+00 6.3473531402492633e-01 7.8186677999999999e-03 1.2393994999999999e-01
-2.4436196039714891e-02 -5.4068612258276789e+02 1.6070267486034498e-01 2.1859760192315441e+01 -4.5728379295940519e-01 3.3737845631477832e+01 8.7280624521693273e+00 5.7831493242234344e-01 8.0788911000000008e-03 1.3188891000000000e-01
-2.3891323786874637e-02 -5.2059999477679003e+02 1.6863828873392486e-01 2.3902665396873378e+01 -6.1138537916636293e-01 3.1905309448235073e+01 8.3121077370263237e+00 5.5379189623449754e-01 8.3367917000000003e-03 1.4009695999999999e-01
-2.3329418405415980e-02 -5.0185076512448580e+02 1.7682197604319552e-01 2.5560487111017263e+01 9.8592223788564759e-01 3.0166412379764754e+01 7.9382806555724752e+00 5.6518543168502566e-01 8.5920070000000005e-03 1.4856159999999999e-01
-2.2750670413594250e-02 -4.8434664320353380e+02 1.8525096204728467e-01 2.6159246222746617e+01 3.7742944249218926e+00 2.8514624943653885e+01 7.5859060306784087e+00 6.0820818168569213e-01 8.8441787999999997e-03 1.5727996000000000e-01
-2.2155293563598348e-02 -4.6800338112358219e+02 1.9392213362228672e-01 2.5387248194525640e+01 7.0227037613043768e+00 2.6943884411512173e+01 7.2395899250224023e+00 6.7235325055868900e-01 9.0929527999999999e-03 1.6624881999999999e-01
-2.1543524841550761e-02 -4.5274376744695712e+02 2.0283203926126292e-01 2.3297995706532511e+01 1.0013488619213303e+01 2.5448554741242294e+01 6.8908635151200510e+00 7.4397073986369044e-01 9.3379794999999995e-03 1.7546460999999999e-01
-2.0915623803680873e-02 -4.3849690857936884e+02 2.1197689874232797e-01 2.0234833448241030e+01 1.2192089190348556e+01 2.4023388704826964e+01 6.5382693333050410e+00 8.0951975647219365e-01 9.5789143999999993e-03 1.8492342000000001e-01
-2.0271874567804993e-02 -4.2519769780049296e+02 2.2135257412439005e-01 1.6707112636254532e+01 1.3256226726076118e+01 2.2663504233568688e+01 6.1860391859022723e+00 8.5827888763373317e-01 9.8154178999999998e-03 1.9462097000000000e-01
-1.9612582494192989e-02 -4.1278683784056193e+02 2.3095461808758402e-01 1.3253038999714345e+01 1.3175661604210877e+01 2.1364337708762321e+01 5.8419107909755992e+00 8.8404344523668277e-01 1.0047156000000000e-02 2.0455266000000000e-01
-1.8938073521741601e-02 -4.0120918197535161e+02 2.4077828360135833e-01 1.0321292073957695e+01 1.2150690319761232e+01 2.0121624994004726e+01 5.5146542653819139e+00 8.8560122566033950e-01 1.0273801000000001e-02 2.1471357999999999e-01
-1.8248697487107831e-02 -3.9041463801358725e+02 2.5081847558404147e-01 8.1934575244786849e+00 1.0529534307634314e+01 1.8931379400464838e+01 5.2118662180115045e+00 8.6613032672425461e-01 1.0495031000000000e-02 2.2509846000000000e-01
-1.7544824141748887e-02 -3.8035712369780805e+02 2.6106980891136200e-01 6.9564178012151041e+00 8.7101511876724391e+00 1.7789862155312854e+01 4.9384461539408768e+00 8.3182204023127926e-01 1.0710529999999999e-02 2.3570173000000000e-01
-1.6826843815748855e-02 -3.7099438779573410e+02 2.7152659874836194e-01 6.5209498909253130e+00 7.0505216440151575e+00 1.6693563503341014e+01 4.6959139048924401e+00 7.9017334155617014e-01 1.0919989999999999e-02 2.4651751000000000e-01
-1.6095168081645378e-02 -3.6228772937991988e+02 2.8218285088131023e-01 6.6734815628003696e+00 5.8051243685225566e+00 1.5639184559146020e+01 4.4825678062753216e+00 7.4834173264276993e-01 1.1123108000000000e-02 2.5753959999999998e-01
-1.5350227762949635e-02 -3.5420171165212128e+02 2.9303229072196235e-01 7.1432182741474692e+00 5.0957276753395284e+00 1.4623617052984800e+01 4.2942474108314244e+00 7.1190782456571711e-01 1.1319591000000000e-02 2.6876150999999998e-01
-1.4592472270319668e-02 -3.4670392379572439e+02 3.0406837297564737e-01 7.6667269064893988e+00 4.9157843722150840e+00 1.3643926439168009e+01 4.1254466305141211e+00 6.8419735857301645e-01 1.1509152000000000e-02 2.8017647000000001e-01
-1.3822370265387053e-02 -3.3976477674484693e+02 3.1528427197318110e-01 8.0378107694924594e+00 5.1602065683280465e+00 1.2697338016609232e+01 3.9704521203123839e+00 6.6618409886328489e-01 1.1691511000000000e-02 2.9177742000000001e-01
-1.3040410324583571e-02 -3.3335731638530979e+02 3.2667287200277939e-01 8.1336278430486484e+00 5.6686038527888494e+00 1.1781223961322846e+01 3.8242791561148843e+00 6.5686577868470009e-01 1.1866398000000000e-02 3.0355700000000002e-01
-1.2247095628527830e-02 -3.2745700807301574e+02 3.3822684465475139e-01 7.9184092531686430e+00 6.2697513822757189e+00 1.0893084250939317e+01 3.6832873916720859e+00 6.5392618696227822e-01 1.2033550000000000e-02 3.1550762999999998e-01
-1.1442948608811964e-02 -3.2204162766109232e+02 3.4993858114489351e-01 7.4284233395040591e+00 6.8176951782862094e+00 1.0030539701226710e+01 3.5453514937341977e+00 6.5448423224366858e-01 1.2192715000000000e-02 3.2762143999999999e-01
-1.0628507628868279e-02 -3.1709108318305175e+02 3.6180024065492167e-01 6.7459785013990183e+00 7.2135232569338426e+00 9.1913177580072620e+00 3.4097747037935768e+00 6.5576298873589300e-01 1.2343646000000000e-02 3.3989032000000002e-01
-9.8043276477959261e-03 -3.1258732099418148e+02 3.7380374066438549e-01 5.9709634858884018e+00 7.4121834327020508e+00 8.3732423395264615e+00 3.2769389636653354e+00 6.5556130831671311e-01 1.2486109000000000e-02 3.5230591000000000e-01
-8.9709775650541924e-03 -3.0851418519129697e+02 3.8594079562301464e-01 5.1962092463959815e+00 7.4163847933350349e+00 7.5742212125779105e+00 3.1478270292634134e+00 6.5249087673340445e-01 1.2619877000000000e-02 3.6485963999999999e-01
-8.1290422119425360e-03 -3.0485735272919442e+02 3.9820288794645886e-01 4.4913028097966894e+00 7.2619667744441099e+00 6.7922387923378249e+00 3.0236237058756497e+00 6.4598843779164317e-01 1.2744734000000001e-02 3.7754270000000001e-01
-7.2791203601205653e-03 -3.0160422090020410e+02 4.1058129702054780e-01 3.8950873508930597e+00 7.0017162399381583e+00 6.0253448461175161e+00 2.9053692200964454e+00 6.3618498695999615e-01 1.2860473000000001e-02 3.9034606999999999e-01
-6.4218233939546815e-03 -2.9874384702797266e+02 4.2306711853746493e-01 3.4208988335567909e+00 6.6891371772953185e+00 5.2716450247808559e+00 2.7937661468880837e+00 6.2365385140156226e-01 1.2966896000000000e-02 4.0326054000000000e-01
-5.5577766381714327e-03 -2.9626689196170287e+02 4.3565124515957332e-01 3.0562809018779982e+00 6.3680032900281569e+00 4.5292935837808681e+00 2.6891127174873173e+00 6.0918485184114612e-01 1.3063819000000001e-02 4.1627669000000000e-01
-4.6876153748974768e-03 -2.9416556010571344e+02 4.4832442452793630e-01 2.7798947168531334e+00 6.0671460351628985e+00 3.7964818024977713e+00 2.5913391421732213e+00 5.9358593745943244e-01 1.3151064000000001e-02 4.2938494999999999e-01
-3.8119888266196118e-03 -2.9243357416028408e+02 4.6107720125379736e-01 2.5666648888146391e+00 5.8002128409187108e+00 3.0714362577175702e+00 2.5001096568623069e+00 5.7753882574297277e-01 1.3228465999999999e-02 4.4257553999999999e-01
-2.9315548455713936e-03 -2.9106613545643501e+02 4.7389999426327323e-01 2.3949941408924431e+00 5.5692491865936260e+00 2.3523955149085172e+00 2.4149372774687912e+00 5.6154843113640329e-01 1.3295871000000001e-02 4.5583855000000001e-01
-2.0469825690398284e-03 -2.9005991383712427e+02 4.8678305812500744e-01 2.2500282338486448e+00 5.3695752182194312e+00 1.6376206869849259e+00 2.3352983370528886e+00 5.4593868183698457e-01 1.3353135000000000e-02 4.6916390000000002e-01
-1.1589491002320165e-03 -2.8941303708990591e+02 4.9971653139060357e-01 2.1238172082574449e+00 5.1948155837744237e+00 9.2537434036393407e-01 2.2606863128657588e+00 5.3089711313255483e-01 1.3400123999999999e-02 4.8254139000000001e-01
-2.6814083592847232e-04 -2.8912509756224227e+02 5.1269041725845177e-01 2.0134704642589001e+00 5.0400666086003154e+00 2.1391293674693479e-01 2.1906604549858431e+00 5.1652261471986993e-01 1.3436718000000000e-02 4.9596067999999999e-01
6.2474918882354791e-04 -2.8919716491576844e+02 5.2569462224607588e-01 1.9184283168901661e+00 4.9036960290955394e+00 -4.9851050360031124e-01 2.1248409932162811e+00 5.0287132301407211e-01 1.3462807000000000e-02 5.0941133000000005e-01
1.5190186454033389e-03 -2.8963181429282804e+02 5.3871891751778589e-01 1.8375867873557126e+00 4.7870290082339366e+00 -1.2136750179999982e+00 2.0628952870213313e+00 4.8998995086642677e-01 1.3478291000000000e-02 5.2288276000000000e-01
2.4139618860568590e-03 -2.9043316532799224e+02 5.5175302589745912e-01 1.7677930311289056e+00 4.6928467878022566e+00 -1.9333798060988503e+00 2.0045122626335439e+00 4.7792464289088910e-01 1.3483083000000000e-02 5.3636434000000000e-01
3.3088666247633042e-03 -2.9160693174112487e+02 5.6478657352810580e-01 1.7031963929131899e+00 4.6235734092615468e+00 -2.6594727883687987e+00 1.9493803799989839e+00 4.6671634966257181e-01 1.3477108000000000e-02 5.4984533999999996e-01
4.2030152648885044e-03 -2.9316048486982595e+02 5.7780910920804329e-01 1.6359763943132786e+00 4.5792652152181157e+00 -3.3938486246678821e+00 1.8971867897066637e+00 4.5637879027387823e-01 1.3460300999999999e-02 5.6331494999999998e-01
5.0956868906648980e-03 -2.9510293485821484e+02 5.9081013339515509e-01 1.5577783486298269e+00 4.5568682015453774e+00 -4.1384611697734961e+00 1.8476335272687900e+00 4.4690094682679421e-01 1.3432611000000001e-02 5.7676231000000000e-01
5.9861585948449217e-03 -2.9744522808308426e+02 6.0377911754306512e-01 1.4611529081583927e+00 4.5498796996237365e+00 -4.8953457904263598e+00 1.8004082299518949e+00 4.3822192307765506e-01 1.3393997000000000e-02 5.9017653000000003e-01
6.8737034872209460e-03 -3.0020025303628796e+02 6.1670547509687701e-01 1.3416705501058539e+00 4.5491319363718841e+00 -5.6666136250605259e+00 1.7552479765225644e+00 4.3023251335001589e-01 1.3344429999999999e-02 6.0354666000000001e-01
7.7575933499320279e-03 -3.0338297475729706e+02 6.2957860016552147e-01 1.1984278986115706e+00 4.5441729188955167e+00 -6.4544773844476868e+00 1.7119340528457294e+00 4.2280261178566386e-01 1.3283893999999999e-02 6.1686173000000000e-01
8.6371012927705521e-03 -3.0701059642061500e+02 6.4238790619410224e-01 1.0344965244028772e+00 4.5248188252528658e+00 -7.2612649017587945e+00 1.6703080476048608e+00 4.1573448299310151e-01 1.3212384000000001e-02 6.3011079000000003e-01
9.5114977702221923e-03 -3.1110274335758623e+02 6.5512276795537638e-01 8.5642083239707689e-01 4.4827436585140363e+00 -8.0894306914295875e+00 1.6302751074154991e+00 4.0889989005589927e-01 1.3129907000000000e-02 6.4328284999999996e-01
1.0380055228252687e-02 -3.1568155780118110e+02 6.6777258922636118e-01 6.7332642953258071e-01 4.4126233628473912e+00 -8.9415768850301696e+00 1.5917968640795945e+00 4.0214449572250205e-01 1.3036481000000001e-02 6.5636695000000000e-01
1.1242048768134436e-02 -3.2077217253215127e+02 6.8032681245642035e-01 4.9545593064278648e-01 4.3127566679603495e+00 -9.8204724925969451e+00 1.5548835708498738e+00 3.9536223329105785e-01 1.2932137999999999e-02 6.6935217000000002e-01
1.2096754154966506e-02 -3.2640272864794451e+02 6.9277488976300428e-01 3.3282599198535529e-01 4.1852135852056547e+00 -1.0729072111776125e+01 1.5195756895688319e+00 3.8849332890731408e-01 1.2816919000000000e-02 6.8222760000000005e-01
1.2943451800634706e-02 -3.3260482711578896e+02 7.0510634094017022e-01 1.9395756910214476e-01 4.0351028525347559e+00 -1.1670542641398121e+01 1.4859108845266875e+00 3.8152825809238977e-01 1.2690879000000000e-02 6.9498240000000000e-01
1.3781425436158200e-02 -3.3941382448690331e+02 7.1731073412240842e-01 8.4945686516620253e-02 3.8701228735193687e+00 -1.2648288025507025e+01 1.4539392427919982e+00 3.7450141910607077e-01 1.2554085000000000e-02 7.0760577999999996e-01
1.4609962775516190e-02 -3.4686924601111326e+02 7.2937769545272946e-01 8.9078390821715567e-03 3.6991406594249834e+00 -1.3665978128755718e+01 1.4236772386700312e+00 3.6748395326758315e-01 1.2406611999999999e-02 7.2008700999999997e-01
1.5428358834781303e-02 -3.5501526615695752e+02 7.4129695742309687e-01 -3.4015472955226500e-02 3.5312669887652994e+00 -1.4727585366308466e+01 1.3951164854247167e+00 3.6057524247399769e-01 1.2248551000000000e-02 7.3241546999999996e-01
1.6235913940639529e-02 -3.6390121569713199e+02 7.5305832987016774e-01 -4.6474500940611056e-02 3.3748491848876867e+00 -1.5837419485656584e+01 1.3682042374256853e+00 3.5386207901093708e-01 1.2080001999999999e-02 7.4458062000000003e-01
1.7031935058043624e-02 -3.7358219170054286e+02 7.6465171931146569e-01 -3.3281459329853588e-02 3.2367503219673819e+00 -1.7000169871474650e+01 1.3428704198935075e+00 3.4746114397290123e-01 1.1901076999999999e-02 7.5657202000000001e-01
1.7815737117866395e-02 -3.8411976468142950e+02 7.7606714828155432e-01 -9.2783870272070883e-04 3.1217794316364489e+00 -1.8220956043127398e+01 1.3190064028548325e+00 3.4145438924560029e-01 1.1711898000000000e-02 7.6837935000000002e-01
1.8586645008380781e-02 -3.9558280721368044e+02 7.8729478433629718e-01 4.4044942089076410e-02 3.0326085346752145e+00 -1.9505383864449811e+01 1.2964889493663070e+00 3.3589889743280094e-01 1.1512599000000000e-02 7.7999244000000001e-01
1.9343990256126452e-02 -4.0804837051568990e+02 7.9832489171242427e-01 9.4081210645108312e-02 2.9697266785698635e+00 -2.0859602963898375e+01 1.2751839359793782e+00 3.3083762244188314e-01 1.1303326000000001e-02 7.9140122000000002e-01
2.0087117664176535e-02 -4.2160286012775805e+02 8.0914792800839919e-01 1.4291751965449845e-01 2.9317895761406092e+00 -2.2290389349491956e+01 1.2549570026650050e+00 3.2627396627894395e-01 1.1084235000000000e-02 8.0259581999999996e-01
2.0815379337697594e-02 -4.3634318695869786e+02 8.1975445717163875e-01 1.8507002170195028e-01 2.9159846240319145e+00 -2.3805227621186219e+01 1.2356766818155824e+00 3.2219198387874398e-01 1.0855490000000001e-02 8.1356647999999998e-01
2.1528140658389629e-02 -4.5237833175138769e+02 8.3013523651129273e-01 2.1639836771167631e-01 2.9183879396160406e+00 -2.5412368526892102e+01 1.2172338845714683e+00 3.1855497594322185e-01 1.0617270000000000e-02 8.2430364000000000e-01
2.2224778956832794e-02 -4.6983102279235703e+02 8.4028119736207108e-01 2.3408982900506298e-01 2.9345719021939551e+00 -2.7121035502097701e+01 1.1995254237915129e+00 3.1530948770729589e-01 1.0369760000000000e-02 8.3479791999999997e-01
2.2904684176314034e-02 -4.8883979974060668e+02 8.5018345475233048e-01 2.3674726822584360e-01 2.9599508332725031e+00 -2.8941461369458597e+01 1.1824793950902805e+00 3.1239218323996076e-01 1.0113159000000000e-02 8.4504013000000000e-01
2.3567259536653763e-02 -5.0956132047016558e+02 8.5983331707216060e-01 2.2415428897880835e-01 2.9901162316523417e+00 -3.0885091230187637e+01 1.1660388420472230e+00 3.0973566744834752e-01 9.8476710000000005e-03 8.5502127999999999e-01
2.4211921534205864e-02 -5.3217324674673705e+02 8.6922228607338459e-01 1.9713928315825502e-01 3.0211672809427377e+00 -3.2964753487418783e+01 1.1501681125776813e+00 3.0727285927905773e-01 9.5735140000000000e-03 8.6473257999999997e-01
2.4838103260991083e-02 -5.5687776271050734e+02 8.7834210520999201e-01 1.5723843702561324e-01 3.0498267234696437e+00 -3.5194886994039926e+01 1.1348437713561388e+00 3.0494541182998802e-01 9.2909130999999992e-03 8.7416548999999999e-01
2.5445251085563600e-02 -5.8390534108982604e+02 8.8718471129770571e-01 1.0656205060062149e-01 3.0735481250601686e+00 -3.7591790104090293e+01 1.1200629923231438e+00 3.0269965453235709e-01 9.0001030000000006e-03 8.8331166999999999e-01
2.6032828635971152e-02 -6.1351982270957262e+02 8.9574229252250193e-01 4.7467282704755871e-02 3.0905513753265743e+00 -4.0173934894584100e+01 1.1058297934646850e+00 3.0049289352184089e-01 8.7013270999999996e-03 8.9216304000000002e-01
2.6600314808274926e-02 -6.4602434815239349e+02 9.0400725943635007e-01 -1.7557723578370765e-02 3.0997576464124146e+00 -4.2962355246766613e+01 1.0921553562332820e+00 2.9829375366255828e-01 8.3948374000000006e-03 9.0071175000000003e-01
2.7147207085683002e-02 -6.8176843334682690e+02 9.1197229329764595e-01 -8.6139112820646402e-02 3.1007236343367031e+00 -4.5981101129964586e+01 1.0790556524471482e+00 2.9607857418473338e-01 8.0808944000000001e-03 9.0895022999999997e-01
2.7673018883243618e-02 -7.2115699231812130e+02 9.1963030739886564e-01 -1.5612505805218310e-01 3.0935170830202914e+00 -4.9257800333984683e+01 1.0665498184381046e+00 2.9383742172237970e-01 7.7597663000000001e-03 9.1687114999999997e-01
2.8177282203151882e-02 -7.6466136176815257e+02 9.2697448573891161e-01 -2.2567239195987002e-01 3.0787119466512323e+00 -5.2824369942697750e+01 1.0546457214984077e+00 2.9156741513938833e-01 7.4317293999999999e-03 9.2446746000000002e-01
2.8659548298576407e-02 -8.1283324108149043e+02 9.3399829269119938e-01 -2.9311050597523119e-01 3.0570643872619248e+00 -5.6717902998443364e+01 1.0433731860390434e+00 2.8927628166383096e-01 7.0970672000000004e-03 9.3173240000000002e-01
2.9119386346006020e-02 -8.6632210705809086e+02 9.4069545366748453e-01 -3.5715275042509420e-01 3.0296080294660319e+00 -6.0981773277405381e+01 1.0327342362434342e+00 2.8696962101454032e-01 6.7560703000000000e-03 9.3865947999999999e-01
2.9556386764383102e-02 -9.2589808745220034e+02 9.4706000345829600e-01 -4.1701373849365636e-01 2.9974920887649779e+00 -6.5667096736737847e+01 1.0227330618914678e+00 2.8466520817748842e-01 6.4090362999999996e-03 9.4524253000000003e-01
2.9970157232143552e-02 -9.9248072639787733e+02 9.5308622822441569e-01 -4.7204865806382329e-01 2.9618607123709384e+00 -7.0834556577730069e+01 1.0133789770593360e+00 2.8237953857163034e-01 6.0562691999999996e-03 9.5147563999999996e-01
3.0360329325483493e-02 -1.0671786409393901e+03 9.5876876217774576e-01 -5.2191330595470542e-01 2.9238495055940494e+00 -7.6556945738885815e+01 1.0046700519798482e+00 2.8013147263509502e-01 5.6980790999999996e-03 9.5735325999999998e-01
3.0726551880092601e-02 -1.1513404247986780e+03 9.6410249090044120e-01 -5.6651800568156208e-01 2.8845433384918104e+00 -8.2922404105924045e+01 9.9659099345899294e-01 2.7794079328457599e-01 5.3347821999999998e-03 9.6287009999999995e-01
3.1068497629420752e-02 -1.2466270884942644e+03 9.6908264802577715e-01 -6.0587478221124991e-01 2.8449104060006380e+00 -9.0039073437607982e+01 9.8916714720542820e-01 2.7582658539575894e-01 4.9667000000000001e-03 9.6802122999999995e-01
3.1385858557891430e-02 -1.3551110437379368e+03 9.7370474756154179e-01 -6.4023068096960800e-01 2.8058210395573226e+00 -9.8041426950651726e+01 9.8236454411411334e-01 2.7380750118973907e-01 4.5941591999999996e-03 9.7280200999999999e-01
3.1678351211514952e-02 -1.4794215312940385e+03 9.7796466123473014e-01 -6.6989701765601251e-01 2.7679929672994197e+00 -1.0709963958329189e+02 9.7617520436024263e-01 2.7189970611965603e-01 4.2174915999999996e-03 9.7720817000000004e-01
3.1945711387275255e-02 -1.6229566664947390e+03 9.8185854114684989e-01 -6.9521554864696278e-01 2.7321112044844891e+00 -1.1743322832576177e+02 9.7058924937853974e-01 2.7011973190337696e-01 3.8370333000000002e-03 9.8123572999999997e-01
3.2187699443743140e-02 -1.7902154173292033e+03 9.8538289711861593e-01 -7.1645197466734412e-01 2.6986570119552686e+00 -1.2933250234934258e+02 9.6559560003419609e-01 2.6847778217102453e-01 3.4531249000000000e-03 9.8488107999999996e-01
3.2404098309596341e-02 -1.9873294576054136e+03 9.8853456768568937e-01 -7.3414522844809971e-01 2.6680288938952907e+00 -1.4319301214517733e+02 9.6117880737510730e-01 2.6698636573707452e-01 3.0661112999999999e-03 9.8814095000000002e-01
3.2594712155966127e-02 -2.2229694228005956e+03 9.9131070076250438e-01 -7.4872824608388011e-01 2.6405667615910993e+00 -1.5957425724624443e+02 9.5732941282309192e-01 2.6565704741713858e-01 2.6763420000000000e-03 9.9101238999999997e-01
3.2759370379397412e-02 -2.5100118311365786e+03 9.9370881165078884e-01 -7.6052398804011012e-01 2.6165353805214258e+00 -1.7930812177067492e+02 9.5403571088556716e-01 2.6449691180035401e-01 2.2841723000000002e-03 9.9349282999999999e-01
3.2897926274195299e-02 -2.8688869013547856e+03 9.9572676370338986e-01 -7.6982817830565120e-01 2.5960968054284796e+00 -2.0371682584290662e+02 9.5128750796823469e-01 2.6351319933450590e-01 1.8899688000000000e-03 9.9558005999999999e-01
3.3010256368598501e-02 -3.3352593381233664e+03 9.9736275865618829e-01 -7.7702501889706288e-01 2.5794477258355317e+00 -2.3511387488342490e+02 9.4907324613745891e-01 2.6271046996512287e-01 1.4941295000000000e-03 9.9727222000000004e-01
3.3096269718352722e-02 -3.9816681181082981e+03 9.9861547198131118e-01 -7.8228828653212956e-01 2.5665809126863115e+00 -2.7821733149833102e+02 9.4738987260270302e-01 2.6209290589261047e-01 1.0971916000000000e-03 9.9856794000000004e-01
3.3155933132124296e-02 -5.0060803030453208e+03 9.9948442027442541e-01 -7.8580594992451802e-01 2.5576506587348775e+00 -3.4593934924488616e+02 9.4622339149270063e-01 2.6166485733608508e-01 7.0085733000000002e-04 9.9946672000000003e-01
