-7.4396795648639880e-02 -8.2724286378101988e+03 7.4397894858355518e-02 -6.7835487784125544e+03 -2.5566715651065938e+03 5.6672227373208796e+02 -4.6822580946082564e+02 -1.6918055707316572e+02 5.5301730000000003e-06 1.0230946000000001e-06
-7.4393983320451607e-02 -5.8582985477264929e+03 7.4415389524661382e-02 -4.3551057129429282e+03 -2.5508562728097118e+03 4.0693314040641616e+02 -3.0775825685939952e+02 -1.6891689566066950e+02 3.5894988000000002e-05 1.9923924999999999e-05
-7.4385160000154701e-02 -4.7409460654880731e+03 7.4470276804512930e-02 -3.2043230974181552e+03 -2.5326812816268025e+03 3.3288338792436087e+02 -2.3209916997031846e+02 -1.6809213422764302e+02 8.5619985000000003e-05 7.9222864999999994e-05
-7.4367692689683906e-02 -4.0113001239450778e+03 7.4578935804277532e-02 -2.4230397782818550e+03 -2.4970109901185897e+03 2.8441575986420276e+02 -1.8110142238576947e+02 -1.6647025125268183e+02 1.5173507999999999e-04 1.9661552000000001e-04
-7.4339276973337462e-02 -3.4732157339321652e+03 7.4755701616104300e-02 -1.8184524774495137e+03 -2.4398548399860588e+03 2.4855311714931238e+02 -1.4190898609170296e+02 -1.6386240330470181e+02 2.3255418000000001e-04 3.8758918999999998e-04
-7.4297817040735584e-02 -3.0506713436728473e+03 7.5013611659803359e-02 -1.3193530418657567e+03 -2.3583677527106215e+03 2.2026974564544423e+02 -1.0968425208244761e+02 -1.6012455444568658e+02 3.2689763000000001e-04 6.6622920000000002e-04
-7.4241371094340175e-02 -2.7060190385889618e+03 7.5364745286605653e-02 -8.9387268247147222e+02 -2.2509789348272511e+03 1.9708060975331310e+02 -8.2175732048497267e+01 -1.5516121299825136e+02 4.3385032000000002e-04 1.0455858000000000e-03
-7.4168120796860179e-02 -2.4177541586200914e+03 7.5820413837865669e-02 -5.2683771573116746e+02 -2.1175343682605767e+03 1.7756960292508674e+02 -5.8230249309737339e+01 -1.4893048845939381e+02 5.5265518999999999e-04 1.5378795000000000e-03
-7.4076352384842434e-02 -2.1723655548375336e+03 7.6391278131856796e-02 -2.1120785668287508e+02 -1.9593981132668841e+03 1.6084980861494202e+02 -3.7238165643287260e+01 -1.4144839269923742e+02 6.8265765000000004e-04 2.1546280000000000e-03
-7.3964443915546838e-02 -1.9607598974825676e+03 7.7087427797208993e-02 5.5928634194443312e+01 -1.7794749287129753e+03 1.4632659010533874e+02 -1.8881150082543432e+01 -1.3279100501458345e+02 8.2327310000000005e-04 2.9067318999999999e-03
-7.3830856577382864e-02 -1.7764900734208234e+03 7.7918435328127006e-02 2.7556047570254213e+02 -1.5821279852478074e+03 1.3358016343810280e+02 -2.9991534459273188e+00 -1.2309358449144877e+02 9.7396649000000004e-04 3.8045331000000002e-03
-7.3674128336410183e-02 -1.6147947224186778e+03 7.8893395607640665e-02 4.4812491319097870e+02 -1.3729787302748807e+03 1.2230191074434018e+02 1.0488560331966992e+01 -1.1254599510057827e+02 1.1342389000000000e-03 4.8578574999999999e-03
-7.3492869293969115e-02 -1.4720407685366101e+03 8.0020954786420129e-02 5.7441666044716692e+02 -1.1585879426955792e+03 1.1225741083942643e+02 2.1634344756273411e+01 -1.0138424308657922e+02 1.3036180000000001e-03 6.0760461999999999e-03
-7.3285758323938646e-02 -1.3453816127569994e+03 8.1309331201404891e-02 6.5618323318417708e+02 -9.4603360960605767e+02 1.0326377340996387e+02 3.0496349470330724e+01 -8.9878330403092733e+01 1.4816515000000000e-03 7.4679780999999997e-03
-7.3051540349808042e-02 -1.2325377270476258e+03 8.2766332314339594e-02 6.9646590762224923e+02 -7.4241537189889823e+02 9.5175101835121808e+01 3.7161019270220770e+01 -7.8317070535160198e+01 1.6679024999999999e-03 9.0420881999999994e-03
-7.2789024499632593e-02 -1.1316506184309412e+03 8.4399366189251868e-02 6.9971180558589106e+02 -5.5432900213590153e+02 8.7872826907465566e+01 4.1756254493215252e+01 -6.6990940093377461e+01 1.8619452999999999e-03 1.0806380000000001e-02
-7.2497082394903850e-02 -1.0411821626603974e+03 8.6215452136887499e-02 6.7167670435867069e+02 -3.8736268716861736e+02 8.1259055804108399e+01 4.4456540061200506e+01 -5.6174320921891244e+01 2.0633631000000000e-03 1.2768437000000001e-02
-7.2174647361941888e-02 -9.5984349842374752e+02 8.8221225620406518e-02 6.1914527870966344e+02 -2.4566930250596479e+02 7.5251890074694501e+01 4.5481012520642736e+01 -4.6108731398407741e+01 2.2717459999999998e-03 1.4935428000000001e-02
-7.1820713107629691e-02 -8.8654316842351386e+02 9.0422946493250417e-02 5.4950840178246938e+02 -1.3166436304706613e+02 6.9782020091943906e+01 4.5085609790319786e+01 -3.6988558288113808e+01 2.4866887000000002e-03 1.7314116000000001e-02
-7.1434333749171935e-02 -8.2034885954680783e+02 9.2826498814021538e-02 4.7025100028057619e+02 -4.5887398625956116e+01 6.4790227569883740e+01 4.3550618695486065e+01 -2.8950726843134003e+01 2.7077901999999999e-03 1.9910858000000000e-02
-7.1014622177362124e-02 -7.6045807983737132e+02 9.5437401028116625e-02 3.8841314153233157e+02 1.2951863286132939e+01 6.0225477219784473e+01 4.1165348067146034e+01 -2.2069227855301026e+01 2.9346520999999999e-03 2.2731616000000000e-02
-7.0560750949345927e-02 -7.0617591719977361e+02 9.8260800414108534e-02 3.1009171306036075e+02 4.7753308761041460e+01 5.6043482803735813e+01 3.8211758634440223e+01 -1.6355079637783827e+01 3.1668782999999998e-03 2.5781951000000001e-02
-7.0071951395857868e-02 -6.5689729776599825e+02 1.0130147863736451e-01 2.4004303523729752e+02 6.2644611832753618e+01 5.2205567051910130e+01 3.4948935892607935e+01 -1.1761500131055413e+01 3.4040742000000001e-03 2.9067029000000001e-02
-6.9547513026045726e-02 -6.1209292878889869e+02 1.0456385545245843e-01 1.8143502184420669e+02 6.2498657743751480e+01 4.8677768254808562e+01 3.1600102283664743e+01 -8.1936285554281625e+00 3.6458464000000000e-03 3.2591624999999999e-02
-6.8986784420233829e-02 -5.7129807072263418e+02 1.0805198314955249e-01 1.3577626585419912e+02 5.2402374139136768e+01 4.5430127070462333e+01 2.8343506178046134e+01 -5.5215512420622312e+00 3.8918026000000000e-03 3.6360116999999997e-02
-6.8389172039572038e-02 -5.3410318923253169e+02 1.1176955395922158e-01 1.0302433824211107e+02 3.7146449534900704e+01 4.2436101762177252e+01 2.5307943150708823e+01 -3.5950293472911881e+00 4.1415510999999999e-03 4.0376493999999999e-02
-6.7754140672417293e-02 -5.0014636718990835e+02 1.1571989727564422e-01 8.1851814175179044e+01 2.0797620217254281e+01 3.9672095890614649e+01 2.2573092015023168e+01 -2.2582457187450999e+00 4.3947007000000003e-03 4.4644352999999998e-02
-6.7081213434333709e-02 -4.6910693613558459e+02 1.1990597965660242e-01 7.0025751299615720e+01 6.4020406355615789e+00 3.7117062718493536e+01 2.0174198660295986e+01 -1.3629459930526082e+00 4.6508610999999997e-03 4.9166899000000000e-02
-6.6369971172916903e-02 -4.4070009705594987e+02 1.2433040852589403e-01 6.4843197083572562e+01 -4.1526025848333354e+00 3.4752174362279320e+01 1.8110127674725696e+01 -7.7870243508746062e-01 4.9096423000000002e-03 5.3946949000000001e-02
-6.5620053211763590e-02 -4.1467242277606960e+02 1.2899542754531737e-01 6.3560111634069528e+01 -1.0113050111291429e+01 3.2560546980800467e+01 1.6353461358368172e+01 -3.9950007607217430e-01 5.1706551000000002e-03 5.8986927000000001e-02
-6.4831156011326413e-02 -3.9079794348327448e+02 1.3390292494509878e-01 6.3756357256697996e+01 -1.1695203449084014e+01 3.0527001415679486e+01 1.4861173094547627e+01 -1.4640346758781020e-01 5.4335110000000002e-03 6.4288872999999996e-02
-6.4003034508059053e-02 -3.6887488002102867e+02 1.3905442519346511e-01 6.3593815932345734e+01 -9.8177815458498099e+00 2.8637866486115204e+01 1.3584497468529474e+01 3.3374448636390920e-02 5.6978226000000002e-03 6.9854434000000007e-02
-6.3135500626477284e-02 -3.4872274117077575e+02 1.4445109825267421e-01 6.1944824108534242e+01 -5.7865719063758085e+00 2.6880801148070205e+01 1.2476918658949185e+01 1.7023573949805307e-01 5.9632034000000004e-03 7.5684873999999999e-02
-6.2228424023128420e-02 -3.3017987356595978e+02 1.5009375495099977e-01 5.8390686370598821e+01 -9.8322415664235674e-01 2.5244649303046614e+01 1.1499599488902074e+01 2.7775102109312605e-01 6.2292681999999997e-03 8.1781068999999998e-02
-6.1281731491415734e-02 -3.1310129723369408e+02 1.5598285068514345e-01 5.3110621296061638e+01 3.3945037044468811e+00 2.3719302151471684e+01 1.0624056762260095e+01 3.5883142131334583e-01 6.4956331999999999e-03 8.8143510999999994e-02
-6.0295406961598505e-02 -2.9735683130131952e+02 1.6211848542023483e-01 4.6696715977258265e+01 6.5081691251809666e+00 2.2295597576267106e+01 9.8323381684946103e+00 4.1150309277673103e-01 6.7619166000000000e-03 9.4772308000000000e-02
-5.9269490608028566e-02 -2.8282943927599098e+02 1.6850040924344986e-01 3.9937912007317131e+01 7.9562202727208611e+00 2.0965207091694161e+01 9.1152685428992832e+00 4.3347123011724514e-01 7.0277381999999996e-03 1.0166719000000000e-01
-5.8204078700356487e-02 -2.6941379246707487e+02 1.7512802328961380e-01 3.3615057061236065e+01 7.7563622338890159e+00 1.9720555361563580e+01 8.4696049784086185e+00 4.2504003153957692e-01 7.2927204000000001e-03 1.0882751000000000e-01
-5.7099325686646066e-02 -2.5701502865598457e+02 1.8200036678275860e-01 2.8340821992648603e+01 6.2558138915173043e+00 1.8554744185599191e+01 7.8948201238456788e+00 3.9030645603447400e-01 7.5564877000000004e-03 1.1625223000000000e-01
-5.5955439878351360e-02 -2.4554758247248492e+02 1.8911614387861125e-01 2.4464795912714010e+01 3.9966760084618063e+00 1.7461479392142731e+01 7.3902988492068094e+00 3.3686910913087464e-01 7.8186677999999999e-03 1.2393994999999999e-01
-5.4772683152728888e-02 -2.3493421140473302e+02 1.9647372551580000e-01 2.2048521938947232e+01 1.5712160177832717e+00 1.6435011113694475e+01 6.9533729576079359e+00 2.7450363640393638e-01 8.0788911000000008e-03 1.3188891000000000e-01
-5.3551375416654556e-02 -2.2510516624585651e+02 2.0407112164776287e-01 2.0904400378131868e+01 -5.0417083858815237e-01 1.5470085087363215e+01 6.5784210743688618e+00 2.1336697540826957e-01 8.3367917000000003e-03 1.4009695999999999e-01
-5.2291888654867738e-02 -2.1599736635323248e+02 2.1190601826686944e-01 2.0671314561298534e+01 -1.8756132273069905e+00 1.4561888985515582e+01 6.2569763824487517e+00 1.6223156890803217e-01 8.5920070000000005e-03 1.4856159999999999e-01
-5.0994649905849274e-02 -2.0755374460890326e+02 2.1997575889236021e-01 2.0916784974523619e+01 -2.3894521826528177e+00 1.3706009681429464e+01 5.9786220044664820e+00 1.2718468258484145e-01 8.8441787999999997e-03 1.5727996000000000e-01
-4.9660138285943484e-02 -1.9972261965872286e+02 2.2827736308240731e-01 2.1229129319178863e+01 -2.0833436131802454e+00 1.2898399593443667e+01 5.7322971068863646e+00 1.1097927726733656e-01 9.0929527999999999e-03 1.6624881999999999e-01
-4.8288884989358238e-02 -1.9245716195691872e+02 2.3680752643411468e-01 2.1289551875312824e+01 -1.1412640601110975e+00 1.2135336455359038e+01 5.5076598352390658e+00 1.1309423514391372e-01 9.3379794999999995e-03 1.7546460999999999e-01
-4.6881471800225949e-02 -1.8571490900919579e+02 2.4556262983954852e-01 2.0911659139280516e+01 1.7131412769260934e-01 1.1413394716404536e+01 5.2962045516423872e+00 1.3037385725071662e-01 9.5789143999999993e-03 1.8492342000000001e-01
-4.5438535556420453e-02 -1.7945736038810102e+02 2.5453871171764580e-01 2.0047103093670003e+01 1.5750134661957718e+00 1.0729420082834821e+01 5.0919194580411862e+00 1.5802648146697670e-01 9.8154178999999998e-03 1.9462097000000000e-01
-4.3960760709862247e-02 -1.7364955836023259e+02 2.6373151429436670e-01 1.8763057206702445e+01 2.8328660723343715e+00 1.0080500047815196e+01 4.8914480377211103e+00 1.9072367023019154e-01 1.0047156000000000e-02 2.0455266000000000e-01
-4.2448877838579487e-02 -1.6825976349336153e+02 2.7313649285872532e-01 1.7201900950447207e+01 3.7859544559390161e+00 9.4639427965377720e+00 4.6937910675732946e+00 2.2357522286670503e-01 1.0273801000000001e-02 2.1471357999999999e-01
-4.0903671086402825e-02 -1.6325916376687795e+02 2.8274876948263700e-01 1.5535219044504181e+01 4.3657583381728253e+00 8.8772584292110572e+00 4.4996999527618611e+00 2.5281189895270834e-01 1.0495031000000000e-02 2.2509846000000000e-01
-3.9325969235331625e-02 -1.5862158366974671e+02 2.9256318855710139e-01 1.3922510110235232e+01 4.5855872147005661e+00 8.3181381869997502e+00 4.3109288260363483e+00 2.7612640236784902e-01 1.0710529999999999e-02 2.3570173000000000e-01
-3.7716647193472952e-02 -1.5432325041290068e+02 3.0257430753617204e-01 1.2482436376961392e+01 4.5175569421103914e+00 7.7844380399668971e+00 4.1295163046773524e+00 2.9265856477032942e-01 1.0919989999999999e-02 2.4651751000000000e-01
-3.6076627482980503e-02 -1.5034258358841743e+02 3.1277638768092580e-01 1.1279429532491923e+01 4.2632733916349848e+00 7.2741646162294273e+00 3.9572237806075892e+00 3.0273674382115895e-01 1.1123108000000000e-02 2.5753959999999998e-01
-3.4406875776237737e-02 -1.4665999252327578e+02 3.2316342182755442e-01 1.0324991890002108e+01 3.9258359675370840e+00 6.7854589753488046e+00 3.7951933828723439e+00 3.0746900528627225e-01 1.1319591000000000e-02 2.6876150999999998e-01
-3.2708399407918934e-02 -1.4325770505878103e+02 3.3372914364339501e-01 9.5898325530698134e+00 3.5888520356780389e+00 6.3165853445924842e+00 3.6438354631899861e+00 3.0830776947350763e-01 1.1509152000000000e-02 2.8017647000000001e-01
-3.0982248862928156e-02 -1.4011961977825058e+02 3.4446701837089966e-01 9.0215306799340720e+00 3.3052580088549854e+00 5.8659193930471591e+00 3.5029017271192400e+00 3.0668149993555099e-01 1.1691511000000000e-02 2.9177742000000001e-01
-2.9229519264338165e-02 -1.3723117228154712e+02 3.5537023357160463e-01 8.5624643634184832e+00 3.0959644927317873e+00 5.4319375951431388e+00 3.3716779535031107e+00 3.0375063502038024e-01 1.1866398000000000e-02 3.0355700000000002e-01
-2.7451338469878822e-02 -1.3457919539888027e+02 3.6643177317437492e-01 8.1638512899844180e+00 2.9561208365429126e+00 5.0132059688251616e+00 3.2492146025954574e+00 3.0029682469570190e-01 1.2033550000000000e-02 3.1550762999999998e-01
-2.5648877487509728e-02 -1.3215183069045858e+02 3.7764435268319041e-01 7.7937267786074829e+00 2.8655860791362078e+00 4.6083724056346815e+00 3.1345397063483995e+00 2.9673894730037070e-01 1.2192715000000000e-02 3.2762143999999999e-01
-2.3823343035725475e-02 -1.2993842378589659e+02 3.8900046545729833e-01 7.4384798120788922e+00 2.8000956240788359e+00 4.2161583689600279e+00 3.0268031234734885e+00 2.9321573603451279e-01 1.2343646000000000e-02 3.3989032000000002e-01
-2.1975979031494612e-02 -1.2792943981202643e+02 4.0049237345518285e-01 7.0993573764256315e+00 2.7402174296037831e+00 3.8353500642332135e+00 2.9253478039957614e+00 2.8972250621204526e-01 1.2486109000000000e-02 3.5230591000000000e-01
-2.0108060638503768e-02 -1.2611638821609883e+02 4.1211214425868742e-01 6.7858391699995968e+00 2.6764734012240656e+00 3.4647912015737026e+00 2.8296996875828073e+00 2.8622356942611649e-01 1.2619877000000000e-02 3.6485963999999999e-01
-1.8220898730974572e-02 -1.2449176125394810e+02 4.2385162330492282e-01 6.5085295185984950e+00 2.6102437152550522e+00 3.1033770240803058e+00 2.7395185779169906e+00 2.8271707277361197e-01 1.2744734000000001e-02 3.7754270000000001e-01
-1.6315835429846770e-02 -1.2304897507181033e+02 4.3570246165435894e-01 6.2734373405636434e+00 2.5511967695819400e+00 2.7500468465365007e+00 2.6545198359975108e+00 2.7930767858820066e-01 1.2860473000000001e-02 3.9034606999999999e-01
-1.4394241126900277e-02 -1.2178232053295130e+02 4.4765613450288566e-01 6.0787202423443496e+00 2.5127409431638053e+00 2.4037793453600660e+00 2.5744104760666389e+00 2.7615576589373148e-01 1.2966896000000000e-02 4.0326054000000000e-01
-1.2457517460633144e-02 -1.2068692524943546e+02 4.5970392266975213e-01 5.9144480568110103e+00 2.5069179490367373e+00 2.0635846407048195e+00 2.4988386339996342e+00 2.7345475512362061e-01 1.3063819000000001e-02 4.1627669000000000e-01
-1.0507088388627767e-02 -1.1975871594542046e+02 4.7183696813374942e-01 5.7646930097857565e+00 2.5403517598469665e+00 1.7284991877289775e+00 2.4273824851566381e+00 2.7137450390101336e-01 1.3151064000000001e-02 4.2938494999999999e-01
-8.5444091151846424e-03 -1.1899439935013869e+02 4.8404621849702784e-01 5.6112976671456511e+00 2.6119432914733838e+00 1.3975827993663472e+00 2.3595707737523521e+00 2.7001458533302658e-01 1.3228465999999999e-02 4.4257553999999999e-01
-6.5709541878107430e-03 -1.1839142763879300e+02 4.9632250103334091e-01 5.4378674975943664e+00 2.7128138347988244e+00 1.0699097329433434e+00 2.2949187358874421e+00 2.6936972803854770e-01 1.3295871000000001e-02 4.5583855000000001e-01
-4.5882234489753176e-03 -1.1794800184984227e+02 5.0865648566392330e-01 5.2331387591618972e+00 2.8279990144777032e+00 7.4456574810905352e-01 2.2329732711614163e+00 2.6933348087587516e-01 1.3353135000000000e-02 4.6916390000000002e-01
-2.5977345964150744e-03 -1.1766305332383116e+02 5.2103873123764310e-01 4.9930651770957004e+00 2.9394199426634464e+00 4.2064137572800941e-01 2.1733602609716112e+00 2.6970305290323626e-01 1.3400123999999999e-02 4.8254139000000001e-01
-6.0102615901216905e-04 -1.1753624632074063e+02 5.3345966701894165e-01 4.7213587858413186e+00 3.0293472276460398e+00 9.7227932987856036e-02 2.1158108932241739e+00 2.7022294749442782e-01 1.3436718000000000e-02 4.9596067999999999e-01
1.4003484549617168e-03 -1.1756798261760791e+02 5.4590962971195478e-01 4.4283148202457303e+00 3.0834848805147446e+00 -2.2658898906649494e-01 2.0601717289355679e+00 2.7062553124549787e-01 1.3462807000000000e-02 5.0941133000000005e-01
3.4048150060894400e-03 -1.1775941397231509e+02 5.5837882643639081e-01 4.1287563262718141e+00 3.0931981106651789e+00 -5.5173343709035638e-01 2.0064004119374972e+00 2.7067138063784130e-01 1.3478291000000000e-02 5.2288276000000000e-01
5.4107918152590945e-03 -1.1811246140094516e+02 5.7085741803180601e-01 3.8391874620239106e+00 3.0565196228797586e+00 -8.7914704248001740e-01 1.9545353732322981e+00 2.7018296663107122e-01 1.3483083000000000e-02 5.3636434000000000e-01
7.4166823239692203e-03 -1.1862984161091612e+02 5.8333547277745090e-01 3.5751011557848495e+00 2.9779509665886597e+00 -1.2097934332887981e+00 1.9046692093082536e+00 2.6906377546593402e-01 1.3477108000000000e-02 5.4984533999999996e-01
9.4208780702066675e-03 -1.1931510070203056e+02 5.9580298490433226e-01 3.3486974188023892e+00 2.8672644074073661e+00 -1.5446645711505020e+00 1.8569100062458350e+00 2.6730369453248848e-01 1.3460300999999999e-02 5.6331494999999998e-01
1.1421763152263495e-02 -1.2017265538919099e+02 6.0824990236330390e-01 3.1674043985464979e+00 2.7376024680814179e+00 -1.8847878710751820e+00 1.8113499145374750e+00 2.6496948766600648e-01 1.3432611000000001e-02 5.7676231000000000e-01
1.3417717204614932e-02 -1.2120785585708212e+02 6.2066614533712816e-01 3.0332897877021967e+00 2.6033341974608604e+00 -2.2312336872797118e+00 1.7680395189329732e+00 2.6218716335472941e-01 1.3393997000000000e-02 5.9017653000000003e-01
1.5407110934102380e-02 -1.2242703113716121e+02 6.3304157847238440e-01 2.9433785863120301e+00 2.4780957725383765e+00 -2.5851215345894767e+00 1.7269773342214259e+00 2.5911145313247813e-01 1.3344429999999999e-02 6.0354666000000001e-01
1.7388312071689421e-02 -1.2383757393747324e+02 6.4536604790359087e-01 2.8905397676190971e+00 2.3730181397387646e+00 -2.9476304381242828e+00 1.6881037811767032e+00 2.5591200681109760e-01 1.3283893999999999e-02 6.1686173000000000e-01
1.9359691324217498e-02 -1.2544802856557783e+02 6.5762941827732690e-01 2.8648786151166572e+00 2.2955031335044938e+00 -3.3200071368576367e+00 1.6513086293107109e+00 2.5274222930993828e-01 1.3212384000000001e-02 6.3011079000000003e-01
2.1319613446772218e-02 -1.2726818471488667e+02 6.6982151721604943e-01 2.8552216954224625e+00 2.2501718760180509e+00 -3.7035756921606851e+00 1.6164400681236231e+00 2.4972377041074179e-01 1.3129907000000000e-02 6.4328284999999996e-01
2.3266447658256098e-02 -1.2930920084823487e+02 6.8193220011030753e-01 2.8505713377823612e+00 2.2361023857715461e+00 -4.0997495673689635e+00 1.5833274598008185e+00 2.4693917573376600e-01 1.3036481000000001e-02 6.5636695000000000e-01
2.5198569129327456e-02 -1.3158374208261330e+02 6.9395135937477193e-01 2.8412710397832099e+00 2.2502962791824497e+00 -4.5100442812459027e+00 1.5517909588741690e+00 2.4442755907291758e-01 1.2932137999999999e-02 6.6935217000000002e-01
2.7114354518583572e-02 -1.3410613009379281e+02 7.0586889668014385e-01 2.8198010065149952e+00 2.2870795512821611e+00 -4.9360900932843172e+00 1.5216579968568165e+00 2.4218731261150281e-01 1.2816919000000000e-02 6.8222760000000005e-01
2.9012190900194412e-02 -1.3689253580606095e+02 7.1767477848933836e-01 2.7812191159205879e+00 2.3393589651653466e+00 -5.3796483156201456e+00 1.4927834503960082e+00 2.4018440530759888e-01 1.2690879000000000e-02 6.9498240000000000e-01
3.0890472788024773e-02 -1.3996118347881713e+02 7.2935901754542320e-01 2.7231944072559249e+00 2.3995233770696136e+00 -5.8426295744275150e+00 1.4650352795810555e+00 2.3836181042560595e-01 1.2554085000000000e-02 7.0760577999999996e-01
3.2747603623573179e-02 -1.4333259438511027e+02 7.4091168212764902e-01 2.6456694728675729e+00 2.4603859567298163e+00 -6.3271116142922263e+00 1.4383292118967508e+00 2.3664981808928864e-01 1.2406611999999999e-02 7.2008700999999997e-01
3.4582003215666679e-02 -1.4702988043811496e+02 7.5232294233160224e-01 2.5510687471606386e+00 2.5156936450301912e+00 -6.8353650569015780e+00 1.4126007791558253e+00 2.3497628830241701e-01 1.2248551000000000e-02 7.3241546999999996e-01
3.6392103276643981e-02 -1.5107906268279004e+02 7.6358304230111362e-01 2.4424450677646798e+00 2.5605456487429112e+00 -7.3698762513635794e+00 1.3878152972143543e+00 2.3327479692106490e-01 1.2080001999999999e-02 7.4458062000000003e-01
3.8176350398233375e-02 -1.5550945457650818e+02 7.7468231874031890e-01 2.3241780545645785e+00 2.5916227909420289e+00 -7.9333773505487919e+00 1.3639582774530585e+00 2.3149248661341937e-01 1.1901076999999999e-02 7.5657202000000001e-01
3.9933209027430638e-02 -1.6035410978018589e+02 7.8561121942572032e-01 2.2009020803575421e+00 2.6071414264521962e+00 -8.5288815949811632e+00 1.3410321859568179e+00 2.2958607983255330e-01 1.1711898000000000e-02 7.6837935000000002e-01
4.1661165930315922e-02 -1.6565035097975687e+02 7.9636033097427761e-01 2.0770466749632770e+00 2.6067233320761716e+00 -9.1597206612446644e+00 1.3190473568717884e+00 2.2754327285789691e-01 1.1512599000000000e-02 7.7999244000000001e-01
4.3358722752358927e-02 -1.7144035133915696e+02 8.0692033256325613e-01 1.9565841668722552e+00 2.5911277689068837e+00 -9.8295891350997984e+00 1.2980177578960381e+00 2.2535004008158116e-01 1.1303326000000001e-02 7.9140122000000002e-01
4.5024410897808551e-02 -1.7777189089769780e+02 8.1728208849053130e-01 1.8428482231671304e+00 2.5620405544981928e+00 -1.0542599675396279e+01 1.2779547468330508e+00 2.2302086957778522e-01 1.1084235000000000e-02 8.0259581999999996e-01
4.6656778138242178e-02 -1.8469914802425703e+02 8.2743656487031447e-01 1.7383134880101774e+00 2.5217072481501699e+00 -1.1303338508093047e+01 1.2588670838219884e+00 2.2057422805214016e-01 1.0855490000000001e-02 8.1356647999999998e-01
4.8254402004016386e-02 -1.9228372425515300e+02 8.3737491293742738e-01 1.6446567464014732e+00 2.4726471662086542e+00 -1.2116941203457701e+01 1.2407543719117897e+00 2.1803989498757645e-01 1.0617270000000000e-02 8.2430364000000000e-01
4.9815886808388943e-02 -2.0059582154423089e+02 8.4708845053524107e-01 1.5627867762440608e+00 2.4174928971526297e+00 -1.2989174189418961e+01 1.2236088247850785e+00 2.1545274508440287e-01 1.0369760000000000e-02 8.3479791999999997e-01
5.1339865135457838e-02 -2.0971563224739648e+02 8.5656867137170667e-01 1.4929295710417076e+00 2.3587396006869321e+00 -1.3926532641046544e+01 1.2074147628380274e+00 2.1284877419333822e-01 1.0113159000000000e-02 8.4504013000000000e-01
5.2824999328100239e-02 -2.1973501639014174e+02 8.6580725427538541e-01 1.4347811243653128e+00 2.2986307039714622e+00 -1.4936357371063400e+01 1.1921383088286643e+00 2.1026300181240959e-01 9.8476710000000005e-03 8.5502127999999999e-01
5.4269981487972394e-02 -2.3075949589338515e+02 8.7479606319544934e-01 1.3876008566067044e+00 2.2391212739143027e+00 -1.6026968715699631e+01 1.1777815014319646e+00 2.0773001235877497e-01 9.5735140000000000e-03 8.6473257999999997e-01
5.5673540915204558e-02 -2.4291072528537094e+02 8.8352719348183328e-01 1.3503904475412898e+00 2.1817435165724937e+00 -1.7207843589040117e+01 1.1642766670409270e+00 2.0528221339630115e-01 9.2909130999999992e-03 8.7416548999999999e-01
5.7034436668706126e-02 -2.5632935978068934e+02 8.9199292560508248e-01 1.3219359104581667e+00 2.1277187272280056e+00 -1.8489799646782821e+01 1.1515977826931361e+00 2.0293071489675826e-01 9.0001030000000006e-03 8.8331166999999999e-01
5.8351466493799312e-02 -2.7117869616188852e+02 9.0018578069253596e-01 1.3010093414604973e+00 2.0777951768641763e+00 -1.9885247516279421e+01 1.1397037825091552e+00 2.0070806217846174e-01 8.7013270999999996e-03 8.9216304000000002e-01
5.9623462358402504e-02 -2.8764900529114908e+02 9.0809849276023435e-01 1.2863314268980286e+00 2.0326048971574497e+00 -2.1408476464558500e+01 1.1285559680400876e+00 1.9862296042064442e-01 8.3948374000000006e-03 9.0071175000000003e-01
6.0849297892724738e-02 -3.0596302247239726e+02 9.1572405499307319e-01 1.2767206471097086e+00 1.9923324336206831e+00 -2.3076021184535477e+01 1.1181136466964385e+00 1.9668435040572080e-01 8.0808944000000001e-03 9.0895022999999997e-01
6.2027882437510160e-02 -3.2638258808865032e+02 9.2305568272068050e-01 1.2710823857705464e+00 1.9570121148302058e+00 -2.4907097451327989e+01 1.1083379369123421e+00 1.9489676922454613e-01 7.7597663000000001e-03 9.1687114999999997e-01
6.3158166995793644e-02 -3.4921714191983875e+02 9.3008685044153872e-01 1.2684810862752707e+00 1.9265119048326802e+00 -2.6924161178473348e+01 1.0991942358361717e+00 1.9326024863795577e-01 7.4317293999999999e-03 9.2446746000000002e-01
6.4239145720839899e-02 -3.7483441235568029e+02 9.3681130107901567e-01 1.2680721964797983e+00 1.9004902444195495e+00 -2.9153606911724779e+01 1.0906495885047129e+00 1.9177353643582826e-01 7.0970672000000004e-03 9.3173240000000002e-01
6.5269852940265452e-02 -4.0367394126632530e+02 9.4322302746930287e-01 1.2691725625605303e+00 1.8788139235536563e+00 -3.1626645522654140e+01 1.0826729641120774e+00 1.9043363412917830e-01 6.7560703000000000e-03 9.3865947999999999e-01
6.6249370595733451e-02 -4.3626482355299731e+02 9.4931631864156885e-01 1.2712282419596679e+00 1.8608675044208265e+00 -3.4380457527639500e+01 1.0752390257208029e+00 1.8922214462219950e-01 6.4090362999999996e-03 9.4524253000000003e-01
6.7176819315319977e-02 -4.7324836361066519e+02 9.5508570428177553e-01 1.2738069518227624e+00 1.8463049698761362e+00 -3.7459651078578432e+01 1.0683229565603996e+00 1.8814579595921660e-01 6.0562691999999996e-03 9.5147563999999996e-01
6.8051373292903602e-02 -5.1540900173377645e+02 9.6052604729298374e-01 1.2765749843636585e+00 1.8346709939071608e+00 -4.0918266935013484e+01 1.0619052899891621e+00 1.8718781485481517e-01 5.6980790999999996e-03 9.5735325999999998e-01
6.8872245408775748e-02 -5.6371465640283009e+02 9.6563245123504771e-01 1.2792963334325951e+00 1.8255809567338426e+00 -4.4822365009337567e+01 1.0559648102198507e+00 1.8634040113290420e-01 5.3347821999999998e-03 9.6287009999999995e-01
6.9638702109030323e-02 -6.1937359329676804e+02 9.7040035288492033e-01 1.2818241605509022e+00 1.8186259445527366e+00 -4.9253697201793059e+01 1.0504898804247231e+00 1.8559581778478235e-01 4.9667000000000001e-03 9.6802122999999995e-01
7.0350052989991016e-02 -6.8391257885407151e+02 9.7482545744444005e-01 1.2840506538740468e+00 1.8134645503629367e+00 -5.4314734312996720e+01 1.0454652423977677e+00 1.8492880389387897e-01 4.5941591999999996e-03 9.7280200999999999e-01
7.1005662701722969e-02 -7.5929108954352216e+02 9.7890381258857417e-01 1.2859223788012502e+00 1.8097442527985248e+00 -6.0136036442316268e+01 1.0408801697474490e+00 1.8437185792705774e-01 4.2174915999999996e-03 9.7720817000000004e-01
7.1604939044521018e-02 -8.4806804192195375e+02 9.8263173441717500e-01 1.2874343598644395e+00 1.8071832893336817e+00 -6.6887010030993110e+01 1.0367284472868252e+00 1.8387948634707860e-01 3.8370333000000002e-03 9.8123572999999997e-01
7.2147344872421484e-02 -9.5366102725176677e+02 9.8600588150322477e-01 1.2886138358056820e+00 1.8055321319335422e+00 -7.4792702782717782e+01 1.0329949658009934e+00 1.8345339254470008e-01 3.4531249000000000e-03 9.8488107999999996e-01
7.2632393629385297e-02 -1.0807604838192676e+03 9.8902322712474300e-01 1.2894730142085007e+00 1.8045653722745172e+00 -8.4160683600103781e+01 1.0296802957495053e+00 1.8309150301060939e-01 3.0661112999999999e-03 9.8814095000000002e-01
7.3059646373419898e-02 -1.2360319914836500e+03 9.9168104075272556e-01 1.2900630443501977e+00 1.8040959530017699e+00 -9.5426762950250790e+01 1.0267772642163409e+00 1.8278603209834982e-01 2.6763420000000000e-03 9.9101238999999997e-01
7.3428720704213232e-02 -1.4294004396632165e+03 9.9397694358732891e-01 1.2904228813104461e+00 1.8039750225245115e+00 -1.0923890319508656e+02 1.0242813921769629e+00 1.8253198655373548e-01 2.2841723000000002e-03 9.9349282999999999e-01
7.3739287787255678e-02 -1.6766167583063980e+03 9.9590889004580774e-01 1.2906515237734426e+00 1.8040579406556787e+00 -1.2662544006640493e+02 1.0221893772667210e+00 1.8232492677940568e-01 1.8899688000000000e-03 9.9558005999999999e-01
7.3991070865901107e-02 -2.0051181404766101e+03 9.9747515850648505e-01 1.2907613578692969e+00 1.8042554428165714e+00 -1.4938033504217105e+02 1.0204993357870973e+00 1.8216189074314601e-01 1.4941295000000000e-03 9.9727222000000004e-01
7.4183866092512332e-02 -2.4704650394838795e+03 9.9867448089317945e-01 1.2907677012581977e+00 1.8044794910786004e+00 -1.8114677607945779e+02 1.0192081460602966e+00 1.8203898927186762e-01 1.0971916000000000e-03 9.9856794000000004e-01
7.4317599070141474e-02 -3.2233676004633562e+03 9.9950639440436484e-01 1.2907884572701129e+00 1.8046775437990501e+00 -2.3184569667309881e+02 1.0183141639527711e+00 1.8195575408873535e-01 7.0085733000000002e-04 9.9946672000000003e-01
