-9.5123766345880503e-02 -2.9828621276548333e+03 9.5124886761291327e-02 -2.5741261335411177e+03 -8.2317652952872982e+02 1.9629683131590960e+02 -1.6979479565137959e+02 -5.3378352676382399e+01 5.5301730000000003e-06 1.0230946000000001e-06
-9.5120170502173307e-02 -2.2051433596883408e+03 9.5141989669837723e-02 -1.7950164921424287e+03 -8.2273394687334962e+02 1.4586135575467816e+02 -1.1929482455164576e+02 -5.3358410687204383e+01 3.5894988000000002e-05 1.9923924999999999e-05
-9.5108889002062991e-02 -1.8441692599307162e+03 9.5195647859782559e-02 -1.4305853504266181e+03 -8.2134661997664875e+02 1.2244110132871485e+02 -9.5713078394042412e+01 -5.3295888601667720e+01 8.5619985000000003e-05 7.9222864999999994e-05
-9.5086555293394104e-02 -1.6072208667948848e+03 9.5301873660448122e-02 -1.1879186547497070e+03 -8.1860561279295246e+02 1.0705383375020990e+02 -8.0057001618086503e+01 -5.3172308918120649e+01 1.5173507999999999e-04 1.9661552000000001e-04
-9.5050222949524671e-02 -1.4311599008313467e+03 9.5474681158513403e-02 -1.0038966581482945e+03 -8.1416199482458228e+02 9.5605292471637327e+01 -6.8231267426981177e+01 -5.2971819248952798e+01 2.3255418000000001e-04 3.8758918999999998e-04
-9.4997212266643080e-02 -1.2915590102343390e+03 9.5726815827072612e-02 -8.5422437449484346e+02 -8.0771271178662437e+02 8.6511298216197332e+01 -5.8656108810728540e+01 -5.2680511097239965e+01 3.2689763000000001e-04 6.6622920000000002e-04
-9.4925040461805568e-02 -1.1763600920209869e+03 9.6070086524653861e-02 -7.2705796042618078e+02 -7.9899713460499754e+02 7.8990125042864520e+01 -5.0557890825758882e+01 -5.2286216954811486e+01 4.3385032000000002e-04 1.0455858000000000e-03
-9.4831382608379186e-02 -1.0787112159806884e+03 9.6515551297940663e-02 -6.1582278904547059e+02 -7.8779755667040558e+02 7.2597824394513708e+01 -4.3503542570578908e+01 -5.1778485155918887e+01 5.5265518999999999e-04 1.5378795000000000e-03
-9.4714047487872988e-02 -9.9433773771626716e+02 9.7073632237687557e-02 -5.1657102429881411e+02 -7.7394146840403573e+02 6.7057626501384405e+01 -3.7229422845425269e+01 -5.1148623504076333e+01 6.8265765000000004e-04 2.1546280000000000e-03
-9.4570961283788682e-02 -9.2038758619173757e+02 9.7754193035645420e-02 -4.2681479735323700e+02 -7.5730451825104990e+02 6.2185099240453610e+01 -3.1565954510794580e+01 -5.0389861515035463e+01 8.2327310000000005e-04 2.9067318999999999e-03
-9.4400156471142027e-02 -8.5485953084993389e+02 9.8566591829322078e-02 -3.4494497481261385e+02 -7.3781362082884129e+02 5.7850968378509023e+01 -2.6400082416772996e+01 -4.9497321462417901e+01 9.7396649000000004e-04 3.8045331000000002e-03
-9.4199763692876456e-02 -7.9629105303046117e+02 9.9519719840189300e-02 -2.6991054573973150e+02 -7.1544969016446919e+02 5.3961006272327964e+01 -2.1654737101939148e+01 -4.8468258278032962e+01 1.1342389000000000e-03 4.8578574999999999e-03
-9.3968005824128023e-02 -7.4357886845679138e+02 1.0062202960581508e-01 -2.0102895939075077e+02 -6.9024973774546118e+02 5.0444205192184462e+01 -1.7276797228618818e+01 -4.7302064907750804e+01 1.3036180000000001e-03 6.0760461999999999e-03
-9.3703193672622309e-02 -6.9586801901151409e+02 1.0188155543006222e-01 -1.3786607438226926e+02 -6.6230802492653345e+02 4.7245703022276025e+01 -1.3229495604138936e+01 -4.6000398914434157e+01 1.4816515000000000e-03 7.4679780999999997e-03
-9.3403722497137437e-02 -6.5248035073289134e+02 1.0330592994231980e-01 -8.0155655082534381e+01 -6.3177605867893055e+02 4.4322117456001166e+01 -9.4875174062842635e+00 -4.4567127393700972e+01 1.6679024999999999e-03 9.0420881999999994e-03
-9.3068069648429896e-02 -6.1286964272614603e+02 1.0490239531796602e-01 -2.7742764450314567e+01 -5.9886112188110565e+02 4.1638494288960061e+01 -6.0335584803208295e+00 -4.3008366534224677e+01 1.8619452999999999e-03 1.0806380000000001e-02
-9.2694792381383381e-02 -5.7658572461428230e+02 1.0667781368444276e-01 1.9457921395483101e+01 -5.6382419861930794e+02 3.9166195287214144e+01 -2.8558803620077593e+00 -4.1332406479118170e+01 2.0633631000000000e-03 1.2768437000000001e-02
-9.2282526846694843e-02 -5.4325413204861627e+02 1.0863867191709850e-01 6.1493696305768935e+01 -5.2697475912037748e+02 3.6881434000405569e+01 5.3501026527409401e-02 -3.9549604293996659e+01 2.2717459999999998e-03 1.4935428000000001e-02
-9.1829986397667970e-02 -5.1255899890662579e+02 1.1079108969258505e-01 9.8398498263330168e+01 -4.8866586920068352e+02 3.4764220988291150e+01 2.7002052118365834e+00 -3.7672224567201042e+01 2.4866887000000002e-03 1.7314116000000001e-02
-9.1335961628262755e-02 -4.8423102980737258e+02 1.1314081930788245e-01 1.3021206648891024e+02 -4.4928654512334526e+02 3.2797518503459294e+01 5.0885671434435036e+00 -3.5714237484958979e+01 2.7077901999999999e-03 1.9910858000000000e-02
-9.0799318280368385e-02 -4.5803834815980701e+02 1.1569325563393526e-01 1.5699538072117988e+02 -4.0925427255512670e+02 3.0966701499715807e+01 7.2224520258799405e+00 -3.3691055954959211e+01 2.9346520999999999e-03 2.2731616000000000e-02
-9.0218998385290766e-02 -4.3377968929171601e+02 1.1845343068639645e-01 1.7884162676369124e+02 -3.6900516039432614e+02 2.9259099572420897e+01 9.1059598911100679e+00 -3.1619280907308035e+01 3.1668782999999998e-03 2.5781951000000001e-02
-8.9594019122264959e-02 -4.1127901453104533e+02 1.2142601905488355e-01 1.9588474915172100e+02 -3.2898375596471146e+02 2.7663647607678513e+01 1.0743933876909713e+01 -2.9516329968120793e+01 3.4040742000000001e-03 2.9067029000000001e-02
-8.8923472057463537e-02 -3.9038132010819436e+02 1.2461534152248285e-01 2.0830469428896438e+02 -2.8963269398458647e+02 2.6170613906545345e+01 1.2142308533175136e+01 -2.7400118021954665e+01 3.6458464000000000e-03 3.2591624999999999e-02
-8.8206524285484117e-02 -3.7094936693236866e+02 1.2802535963649314e-01 2.1632991039817145e+02 -2.5138199508088667e+02 2.4771391987697562e+01 1.3308393470344924e+01 -2.5288689085047238e+01 3.8918026000000000e-03 3.6360116999999997e-02
-8.7442416907365914e-02 -3.5286100148086206e+02 1.3165968294743402e-01 2.2023736850714903e+02 -2.1463827017378529e+02 2.3458312870718423e+01 1.4251048041243649e+01 -2.3199842482683700e+01 4.1415510999999999e-03 4.0376493999999999e-02
-8.6630465601333598e-02 -3.3600691860631684e+02 1.3552156629441786e-01 2.2035014357258387e+02 -1.7977518561278626e+02 2.2224524642435014e+01 1.4980739053501074e+01 -2.1150770327189345e+01 4.3947007000000003e-03 4.4644352999999998e-02
-8.5770060622797226e-02 -3.2028905455479958e+02 1.3961390980514968e-01 2.1703290449127056e+02 -1.4712404975015303e+02 2.1063876199957090e+01 1.5509513270216022e+01 -1.9157710097366103e+01 4.6508610999999997e-03 4.9166899000000000e-02
-8.4860666043360608e-02 -3.0561900785100090e+02 1.4393926251543138e-01 2.1068554758255439e+02 -1.1696617455606263e+02 1.9970809925246023e+01 1.5850923400607568e+01 -1.7235621026065353e+01 4.9096423000000002e-03 5.3946949000000001e-02
-8.3901820702060870e-02 -2.9191686822344428e+02 1.4849981784478150e-01 2.0173529625376776e+02 -8.9526600604585582e+01 1.8940294708378715e+01 1.6019852394848819e+01 -1.5397915164439166e+01 5.1706551000000002e-03 5.8986927000000001e-02
-8.2893136493137190e-02 -2.7911017264054078e+02 1.5329742174031966e-01 1.9062761810021178e+02 -6.4969518670086387e+01 1.7967763442202600e+01 1.6032301175008257e+01 -1.3656157419862890e+01 5.4335110000000002e-03 6.4288872999999996e-02
-8.1834300078262062e-02 -2.6713306469663422e+02 1.5833356453288211e-01 1.7781640858040035e+02 -4.3395696886227512e+01 1.7049049229092198e+01 1.5905125738829108e+01 -1.2019995549079681e+01 5.6978226000000002e-03 6.9854434000000007e-02
-8.0725070984062119e-02 -2.5592553803529907e+02 1.6360938998578212e-01 1.6375381061460754e+02 -2.4841794193462263e+01 1.6180344381764201e+01 1.5655749506413059e+01 -1.0496916372177752e+01 5.9632034000000004e-03 7.5684873999999999e-02
-7.9565282553357708e-02 -2.4543281697761793e+02 1.6912569077042994e-01 1.4887973326221743e+02 -9.2817367274770959e+00 1.5358159895483416e+01 1.5301843275892207e+01 -9.0922317831807113e+00 6.2292681999999997e-03 8.1781068999999998e-02
-7.8354841184171214e-02 -2.3560480433375366e+02 1.7488291208583667e-01 1.3361281723824854e+02 3.3700302539312790e+00 1.4579283047063150e+01 1.4861011131837985e+01 -7.8090619171256401e+00 6.4956331999999999e-03 8.8143510999999994e-02
-7.7093726329727066e-02 -2.2639561091689887e+02 1.8088115165861463e-01 1.1834083854216409e+02 1.3253531462319469e+01 1.3840778720191039e+01 1.4350475055099515e+01 -6.6483849083866540e+00 6.7619166000000000e-03 9.4772308000000000e-02
-7.5781989356964202e-02 -2.1776313553612957e+02 1.8712016517223318e-01 1.0341329687479436e+02 2.0556715036780169e+01 1.3139916952167244e+01 1.3786778181640273e+01 -5.6091434676567786e+00 7.0277381999999996e-03 1.0166719000000000e-01
-7.4419753356288143e-02 -2.0966870611369004e+02 1.9359936717189513e-01 8.9135006090304074e+01 2.5507651342209275e+01 1.2474181567001860e+01 1.3185513493074673e+01 -4.6884025596955823e+00 7.2927204000000001e-03 1.0882751000000000e-01
-7.3007215805041895e-02 -2.0207675584557225e+02 2.0031781839627202e-01 7.5761413454277644e+01 2.8365810120152794e+01 1.1841244063934566e+01 1.2561090868065083e+01 -3.8815509457319437e+00 7.5564877000000004e-03 1.1625223000000000e-01
-7.1544643050316215e-02 -1.9495462940078733e+02 2.0727425201890917e-01 6.3495540241019157e+01 2.9412789748576390e+01 1.1238943648420554e+01 1.1926541216800016e+01 -3.1825318946812668e+00 7.8186677999999999e-03 1.2393994999999999e-01
-7.0032369928453783e-02 -1.8827206503579055e+02 2.1446707545797797e-01 5.2486826435673350e+01 2.8942818975084776e+01 1.0665272335127829e+01 1.1293371182253738e+01 -2.5841016273291117e+00 8.0788911000000008e-03 1.3188891000000000e-01
-6.8470805472486851e-02 -1.8200130982075288e+02 2.2189434322999449e-01 4.2831728517024651e+01 2.7253431069027602e+01 1.0118363519468215e+01 1.0671469156730428e+01 -2.0781106480754934e+00 8.3367917000000003e-03 1.4009695999999999e-01
-6.6860425302220347e-02 -1.7611671148560779e+02 2.2955379314486124e-01 3.4575891025635180e+01 2.4636639468182615e+01 9.5964769240665326e+00 1.0069056109991024e+01 -1.6557706387373192e+00 8.5920070000000005e-03 1.4856159999999999e-01
-6.5201775429190353e-02 -1.7059459893406910e+02 2.3744282820834625e-01 2.7717875850591248e+01 2.1370936765604295e+01 9.0979892210754247e+00 9.4926889648786190e+00 -1.3079348229263692e+00 8.8441787999999997e-03 1.5727996000000000e-01
-6.3495468451705617e-02 -1.6541310879105916e+02 2.4555853471960387e-01 2.2214115143451576e+01 1.7714286476297882e+01 8.6213832191093438e+00 8.9473084025518883e+00 -1.0253547961081757e+00 9.0929527999999999e-03 1.6624881999999999e-01
-6.1742183554847591e-02 -1.6055204399142536e+02 2.5389768227117487e-01 1.7984876252352890e+01 1.3898447882812388e+01 8.1652391197616154e+00 8.4363257312537456e+00 -7.9891869909565805e-01 9.3379794999999995e-03 1.7546460999999999e-01
-5.9942664607991192e-02 -1.5599274137727070e+02 2.6245673279774667e-01 1.4920911816220137e+01 1.0124616053969747e+01 7.7282261823182834e+00 7.9617461299199634e+00 -6.1986179995021207e-01 9.5789143999999993e-03 1.8492342000000001e-01
-5.8097725872242489e-02 -1.5171796894781994e+02 2.7123181342987235e-01 1.2890550992931564e+01 6.5605522099488152e+00 7.3090981540581561e+00 7.5243197061523492e+00 -4.7994352381267585e-01 9.8154178999999998e-03 1.9462097000000000e-01
-5.6208242488042563e-02 -1.4771179599623511e+02 2.8021876173777238e-01 1.1746767302259817e+01 3.3391187123302521e+00 6.9066799683959550e+00 7.1237074442202193e+00 -3.7158946675144183e-01 1.0047156000000000e-02 2.0455266000000000e-01
-5.4275148572688302e-02 -1.4395948987839006e+02 2.8941313478009523e-01 1.1334234429593524e+01 5.5819204094362584e-01 6.5198673435409802e+00 6.7586676988683916e+00 -2.8799517624178805e-01 1.0273801000000001e-02 2.1471357999999999e-01
-5.2299446732728523e-02 -1.4044748181405546e+02 2.9881016386011539e-01 1.1495870282501130e+01 -1.7181205146664000e+00 6.1476216598054787e+00 6.4272377693128595e+00 -2.2319534987993891e-01 1.0495031000000000e-02 2.2509846000000000e-01
-5.0282196649088617e-02 -1.3716321531907511e+02 3.0840480881829535e-01 1.2078612546642320e+01 -3.4572267919469399e+00 5.7889604292618007e+00 6.1269201200978056e+00 -1.7209547445470716e-01 1.0710529999999999e-02 2.3570173000000000e-01
-4.8224516979549804e-02 -1.3409511488883714e+02 3.1819174898352598e-01 1.2938552133991081e+01 -4.6548575715972085e+00 5.4429550805907407e+00 5.8548572607412890e+00 -1.3047160223677576e-01 1.0919989999999999e-02 2.4651751000000000e-01
-4.6127587261228335e-02 -1.3123251579487743e+02 3.2816537412436519e-01 1.3945032489367117e+01 -5.3312094173047848e+00 5.1087260464267201e+00 5.6079918562176587e+00 -9.4942256848930665e-02 1.1123108000000000e-02 2.5753959999999998e-01
-4.3992642203137811e-02 -1.2856559697841624e+02 3.3831981159531999e-01 1.4983767107378375e+01 -5.5266152645946569e+00 4.7854411462173561e+00 5.3832163502686337e+00 -6.2915386256812478e-02 1.1319591000000000e-02 2.6876150999999998e-01
-4.1820969783710013e-02 -1.2608532727687751e+02 3.4864893538560610e-01 1.5958929093815788e+01 -5.2969931680856677e+00 4.4723052865383179e+00 5.1774863642910702e+00 -3.2514959074833469e-02 1.1509152000000000e-02 2.8017647000000001e-01
-3.9613913153274088e-02 -1.2378342012569796e+02 3.5914635707038817e-01 1.6794272406721458e+01 -4.7092658206996783e+00 4.1685637037605661e+00 4.9879252769789773e+00 -2.4984933026327392e-03 1.1691511000000000e-02 2.9177742000000001e-01
-3.7372872536535762e-02 -1.2165229261652449e+02 3.6980541676201900e-01 1.7433302499426343e+01 -3.8369547057616744e+00 3.8734966781403966e+00 4.8119043726507078e+00 2.7839523123439291e-02 1.1866398000000000e-02 3.0355700000000002e-01
-3.5099290012743624e-02 -1.1968500999882784e+02 3.8061925550012288e-01 1.7838664568631206e+01 -2.7560844737368080e+00 3.5864139077958308e+00 4.6470909714693356e+00 5.8764883279264594e-02 1.2033550000000000e-02 3.1550762999999998e-01
-3.2794662833043595e-02 -1.1787526579179693e+02 3.9158075191027286e-01 1.7990814767206647e+01 -1.5415685557785113e+00 3.3066539883610080e+00 4.4914858271556319e+00 9.0201530134843888e-02 1.2192715000000000e-02 3.2762143999999999e-01
-3.0460533908082899e-02 -1.1621734159761178e+02 4.0268256744779257e-01 1.7886177582837576e+01 -2.6412616441348191e-01 3.0335862381379917e+00 4.3434303046335847e+00 1.2182416951181980e-01 1.2343646000000000e-02 3.3989032000000002e-01
-2.8098493710489267e-02 -1.1470607470585612e+02 4.1391713734899571e-01 1.7534804380245053e+01 1.0121823212995864e+00 2.7665895733548735e+00 4.2016083696079036e+00 1.5314379020852345e-01 1.2486109000000000e-02 3.5230591000000000e-01
-2.5710172664953998e-02 -1.1333685116185268e+02 4.2527670682622809e-01 1.6958034130685824e+01 2.2317968323687438e+00 2.5050755120335619e+00 4.0650315483233701e+00 1.8358451519233324e-01 1.2619877000000000e-02 3.6485963999999999e-01
-2.3297246855669695e-02 -1.1210555591942853e+02 4.3675330392158596e-01 1.6185655266760591e+01 3.3488601829321101e+00 2.2484698194626906e+00 3.9329959317859746e+00 2.1254706276251409e-01 1.2744734000000001e-02 3.7754270000000001e-01
-2.0861432318892578e-02 -1.1100857207895312e+02 4.4833876665319738e-01 1.5253477851671168e+01 4.3278484386948373e+00 1.9962140023068757e+00 3.8050612404253137e+00 2.3946191267133127e-01 1.2860473000000001e-02 3.9034606999999999e-01
-1.8404481237984049e-02 -1.1004275848198741e+02 4.6002476111274310e-01 1.4200761487488537e+01 5.1436577453840844e+00 1.7477621458739447e+00 3.6809993127348530e+00 2.6382931895280048e-01 1.2966896000000000e-02 4.0326054000000000e-01
-1.5928185748369100e-02 -1.0920543845652072e+02 4.7180276336793564e-01 1.3068050611805859e+01 5.7812303236187157e+00 1.5025803249495739e+00 3.5607587064484889e+00 2.8524790672241329e-01 1.3063819000000001e-02 4.1627669000000000e-01
-1.3434366522661029e-02 -1.0849438558675133e+02 4.8366411375508161e-01 1.1895084931684174e+01 6.2348081176384689e+00 1.2601456441409189e+00 3.4444133691430423e+00 3.0343146265070792e-01 1.3151064000000001e-02 4.2938494999999999e-01
-1.0924884185536762e-02 -1.0790781978513616e+02 4.9559996258651945e-01 1.0719231984719697e+01 6.5068878887299775e+00 1.0199343408143502e+00 3.3321233458920068e+00 3.1821650805586521e-01 1.3228465999999999e-02 4.4257553999999999e-01
-8.4016240939030484e-03 -1.0744439768704490e+02 5.0760134254070266e-01 9.5741615088737113e+00 6.6069842209486058e+00 7.8143488202414613e-01 3.2241001354278747e+00 3.2956274161284360e-01 1.3295871000000001e-02 4.5583855000000001e-01
-5.8665039468134283e-03 -1.0710321232574104e+02 5.1965913246715778e-01 8.4889067323431675e+00 6.5502703552534847e+00 5.4413618737796288e-01 3.1205711480625675e+00 3.3754244895811508e-01 1.3353135000000000e-02 4.6916390000000002e-01
-3.3214642730720334e-03 -1.0688379175662632e+02 5.3176410263028706e-01 7.4872562931801028e+00 6.3561828720226767e+00 3.0752704603623915e-01 3.0217528756797716e+00 3.4233020805576914e-01 1.3400123999999999e-02 4.8254139000000001e-01
-7.6847223619207206e-04 -1.0678610227831936e+02 5.4390689661184710e-01 6.5874709345336946e+00 6.0470430752295492e+00 7.1094596343940886e-02 2.9278296022743779e+00 3.4418648896440895e-01 1.3436718000000000e-02 4.9596067999999999e-01
1.7904859755210334e-03 -1.0681055378279400e+02 5.5607806750599065e-01 5.8022600333850214e+00 5.6467788084015886e+00 -1.6567836057124996e-01 2.8389366145112094e+00 3.4343734495692674e-01 1.3462807000000000e-02 5.0941133000000005e-01
4.3533975390527557e-03 -1.0695802042130236e+02 5.6826804172422474e-01 5.1390190055238127e+00 5.1797548622383349e+00 -4.0331484313508259e-01 2.7551511843640193e+00 3.4045641247215852e-01 1.3478291000000000e-02 5.2288276000000000e-01
6.9182401189925302e-03 -1.0722979061526920e+02 5.8046720043425482e-01 4.6002295536720625e+00 4.6697668028554471e+00 -6.4234739953600695e-01 2.6764855166493908e+00 3.3564555219445957e-01 1.3483083000000000e-02 5.3636434000000000e-01
9.4829723551375505e-03 -1.0762770586227757e+02 5.9266583431618236e-01 4.1840216676800610e+00 4.1392097523367442e+00 -8.8331972954728055e-01 2.6028875710693873e+00 3.2941756622830903e-01 1.3477108000000000e-02 5.4984533999999996e-01
1.2045537667451298e-02 -1.0815405455671944e+02 6.0485416166002537e-01 3.8848162755002433e+00 3.6084280623464102e+00 -1.1267891369532572e+00 2.5342425114909339e+00 3.2217880695670442e-01 1.3460300999999999e-02 5.6331494999999998e-01
1.4603869963501090e-02 -1.0881165713939350e+02 6.1702235551200046e-01 3.6940409541289387e+00 3.0952449791350105e+00 -1.3733300856829826e+00 2.4703790088485977e+00 3.1431742357496834e-01 1.3432611000000001e-02 5.7676231000000000e-01
1.7155897443416640e-02 -1.0960388059838152e+02 6.2916056177204283e-01 3.6008090275793476e+00 2.6146565259226202e+00 -1.6235342248749074e+00 2.4110755472345913e+00 3.0619154675957733e-01 1.3393997000000000e-02 5.9017653000000003e-01
1.9699536892452296e-02 -1.1053466752308844e+02 6.4125887204752496e-01 3.5926488175929854e+00 2.1787154615834132e+00 -1.8780240825029377e+00 2.3560717912975648e+00 2.9812035783996327e-01 1.3344429999999999e-02 6.0354666000000001e-01
2.2232701290904017e-02 -1.1160857287909685e+02 6.5330735984829902e-01 3.6561341409978385e+00 1.7964801500513268e+00 -2.1374400901713191e+00 2.3050762427537164e+00 2.9037930017314822e-01 1.3283893999999999e-02 6.1686173000000000e-01
2.4753307424026177e-02 -1.1283080848772661e+02 6.6529611678173795e-01 3.7774916801286631e+00 1.4741594954862389e+00 -2.4024567587394889e+00 2.2577762946205961e+00 2.8319739649707276e-01 1.3212384000000001e-02 6.3011079000000003e-01
2.7259264467156236e-02 -1.1420709754602836e+02 6.7721519826017285e-01 3.9430857420350076e+00 1.2152954263643807e+00 -2.6737815016781088e+00 2.2138494757582405e+00 2.7675436650678370e-01 1.3129907000000000e-02 6.4328284999999996e-01
2.9748487303069393e-02 -1.1574467304304467e+02 6.8905468684221649e-01 4.1398680014048166e+00 1.0210288820047062e+00 -2.9521608191684416e+00 2.1729703185656395e+00 2.7118285594382896e-01 1.3036481000000001e-02 6.5636695000000000e-01
3.2218898424457659e-02 -1.1745045138684932e+02 7.0080470128152239e-01 4.3557040369497511e+00 8.9041403646460282e-01 -3.2383810435053730e+00 2.1348190671738836e+00 2.6657084513899387e-01 1.2932137999999999e-02 6.6935217000000002e-01
3.4668422226492301e-02 -1.1933299781299188e+02 7.1245536938050491e-01 4.5796240184093220e+00 8.2075282542879102e-01 -3.5332893470004016e+00 2.0990886921470566e+00 2.6296518605094810e-01 1.2816919000000000e-02 6.8222760000000005e-01
3.7094996421699084e-02 -1.2140165693683711e+02 7.2399688228290149e-01 4.8020040814437444e+00 8.0794164058294626e-01 -3.8377747698115519e+00 2.0654895846982018e+00 2.6037597316530531e-01 1.2690879000000000e-02 6.9498240000000000e-01
3.9496568234999890e-02 -1.2366683304310526e+02 7.3541947637625116e-01 5.0146536691333949e+00 8.4680860510818334e-01 -4.1527928577517654e+00 2.0337542737651559e+00 2.5878197038456180e-01 1.2554085000000000e-02 7.0760577999999996e-01
4.1871096306191985e-02 -1.2614009328489595e+02 7.4671344234065518e-01 5.2108502731902213e+00 9.3143534803642325e-01 -4.4793673530149016e+00 2.0036405174904734e+00 2.5813580885641318e-01 1.2406611999999999e-02 7.2008700999999997e-01
4.4216560202343935e-02 -1.2883429235370008e+02 7.5786917039257906e-01 5.3853289554761581e+00 1.0554503980683565e+00 -4.8185989254353148e+00 1.9749320979628382e+00 2.5836943742674173e-01 1.2248551000000000e-02 7.3241546999999996e-01
4.6530954710358174e-02 -1.3176370232668080e+02 7.6887712313857204e-01 5.5342025149239271e+00 1.2122875400856914e+00 -5.1716741284594514e+00 1.9474408583518112e+00 2.5939930530831778e-01 1.2080001999999999e-02 7.4458062000000003e-01
4.8812293641929239e-02 -1.3494416691250763e+02 7.7972785367278652e-01 5.6548542537314725e+00 1.3954133874980559e+00 -5.5398782613087079e+00 1.9210057569055401e+00 2.6113116856052276e-01 1.1901076999999999e-02 7.5657202000000001e-01
5.1058613638502365e-02 -1.3839328040660229e+02 7.9041202367450003e-01 5.7458322689586199e+00 1.5985082824138355e+00 -5.9246011492830224e+00 1.8954921908532714e+00 2.6346449517796072e-01 1.1711898000000000e-02 7.6837935000000002e-01
5.3267979878711069e-02 -1.4213059737906968e+02 8.0092043055439555e-01 5.8067044967832082e+00 1.8156162778227558e+00 -6.3273577257593434e+00 1.8707902188300261e+00 2.6629675343874687e-01 1.1512599000000000e-02 7.7999244000000001e-01
5.5438476565981054e-02 -1.4617784662861891e+02 8.1124396221076056e-01 5.8378977194300994e+00 2.0412564232734671e+00 -6.7497979506951982e+00 1.8468135606422309e+00 2.6952618586751637e-01 1.1303326000000001e-02 7.9140122000000002e-01
5.7568225953322422e-02 -1.5055923948074454e+02 8.2137368751708983e-01 5.8405608615525546e+00 2.2704970679296479e+00 -7.1937274551766839e+00 1.8234960500993103e+00 2.7305467360274960e-01 1.1084235000000000e-02 8.0259581999999996e-01
5.9655371221016745e-02 -1.5530170876840990e+02 8.3130077488324283e-01 5.8164120595925102e+00 2.4990055688036406e+00 -7.6611256871966269e+00 1.8007904493298554e+00 2.7679013232964900e-01 1.0855490000000001e-02 8.1356647999999998e-01
6.1698093598929887e-02 -1.6043535131179706e+02 8.4101657369428628e-01 5.7676067588906461e+00 2.7230680458188758e+00 -8.1541707187078565e+00 1.7786651653733658e+00 2.8064760640723291e-01 1.0617270000000000e-02 8.2430364000000000e-01
6.3694608561553734e-02 -1.6599380396582526e+02 8.5051259621297426e-01 5.6966003686973634e+00 2.9395895427785903e+00 -8.6752643956309541e+00 1.7571019985337670e+00 2.8455143328495391e-01 1.0369760000000000e-02 8.3479791999999997e-01
6.5643167730485341e-02 -1.7201474308047423e+02 8.5978052662850835e-01 5.6060520984023396e+00 3.1460748942819148e+00 -9.2270649627644019e+00 1.7360939385582161e+00 2.8843403134998558e-01 1.0113159000000000e-02 8.4504013000000000e-01
6.7542060776906138e-02 -1.7854046225860543e+02 8.6881223010529807e-01 5.4987140822355789e+00 3.3405937241404504e+00 -9.8125232735452084e+00 1.7156429213879174e+00 2.9223845248843860e-01 9.8476710000000005e-03 8.5502127999999999e-01
6.9389615421582007e-02 -1.8561854536782414e+02 8.7759975278295999e-01 5.3773514107268205e+00 3.5217419514430852e+00 -1.0434925246148165e+01 1.6957579539999483e+00 2.9591663410014396e-01 9.5735140000000000e-03 8.6473257999999997e-01
7.1184206947259243e-02 -1.9330270658024045e+02 8.8613536702012152e-01 5.2446724060026293e+00 3.6885881351165599e+00 -1.1097945939253151e+01 1.6764545281807375e+00 2.9942980948629200e-01 9.2909130999999992e-03 8.7416548999999999e-01
7.2924248686268595e-02 -2.0165367252633757e+02 8.9441152615061692e-01 5.1032844059333122e+00 3.8406184644132355e+00 -1.1805706579537642e+01 1.6577440474718217e+00 3.0274819511387591e-01 9.0001030000000006e-03 8.8331166999999999e-01
7.4608203435400477e-02 -2.1074055685290134e+02 9.0242091877605080e-01 4.9556238288645442e+00 3.9776869158708350e+00 -1.2562851404613975e+01 1.6396514998992655e+00 3.0584954317089202e-01 8.7013270999999996e-03 8.9216304000000002e-01
7.6234577748467425e-02 -2.2064191963204658e+02 9.1015644161951736e-01 4.8039759554502472e+00 4.0999537231118071e+00 -1.3374633380584077e+01 1.6221952326408255e+00 3.0871936874303790e-01 8.3948374000000006e-03 9.0071175000000003e-01
7.7801931448700040e-02 -2.3144779420038790e+02 9.1761124476940115e-01 4.6503693071340528e+00 4.2078350636630644e+00 -1.4247025877047152e+01 1.6053949424617366e+00 3.1134952441822245e-01 8.0808944000000001e-03 9.0895022999999997e-01
7.9308870018830302e-02 -2.4326161505184325e+02 9.2477869548433600e-01 4.4966906187528553e+00 4.3019526773811556e+00 -1.5186858765173751e+01 1.5892715195461884e+00 3.1373729152276431e-01 7.7597663000000001e-03 9.1687114999999997e-01
8.0754052211008259e-02 -2.5620288020384174e+02 9.3165241438824697e-01 4.3445731586395526e+00 4.3830867154461473e+00 -1.6201955103946137e+01 1.5738417639709437e+00 3.1588523435215121e-01 7.4317293999999999e-03 9.2446746000000002e-01
8.2136191949281345e-02 -2.7041043012005417e+02 9.3822628451911050e-01 4.1954426144818813e+00 4.4521342997575530e+00 -1.7301385017016361e+01 1.5591227475098923e+00 3.1779959832263216e-01 7.0970672000000004e-03 9.3173240000000002e-01
8.3454054524635946e-02 -2.8604653567420701e+02 9.4449443323143312e-01 4.0505035523727875e+00 4.5100722831060276e+00 -1.8495693414786913e+01 1.5451290813480194e+00 3.1949094665149297e-01 6.7560703000000000e-03 9.3865947999999999e-01
8.4706466107393519e-02 -3.0330230499593591e+02 9.5045127744005442e-01 3.9108137521306277e+00 4.5579250033055478e+00 -1.9797253602698344e+01 1.5318734422102684e+00 3.2096954584370452e-01 6.4090362999999996e-03 9.4524253000000003e-01
8.5892302332335108e-02 -3.2240442800271978e+02 9.5609146932758349e-01 3.7772187840863216e+00 4.5967358800768414e+00 -2.1220686687443372e+01 1.5193666421356506e+00 3.2225037876684387e-01 6.0562691999999996e-03 9.5147563999999996e-01
8.7010507323493858e-02 -3.4362457939070958e+02 9.6140998683200429e-01 3.6504133136622667e+00 4.6275467981587033e+00 -2.2783318561752136e+01 1.5076171045286735e+00 3.2334878978926057e-01 5.6980790999999996e-03 9.5735325999999998e-01
8.8060074669362415e-02 -3.6729138544858813e+02 9.6640204315906986e-01 3.5309485317191043e+00 4.6513760687031445e+00 -2.4506711887642229e+01 1.4966316494605225e+00 3.2427998527698898e-01 5.3347821999999998e-03 9.6287009999999995e-01
8.9040066447685529e-02 -3.9380761078520902e+02 9.7106317726990832e-01 3.4192482875956114e+00 4.6692022373574495e+00 -2.6416202276211330e+01 1.4864152722301185e+00 3.2506235474951228e-01 4.9667000000000001e-03 9.6802122999999995e-01
8.9949599908105193e-02 -4.2367368780293066e+02 9.7538919053969853e-01 3.3156278152700525e+00 4.6819639536526205e+00 -2.8543977342633344e+01 1.4769714225173169e+00 3.2571134220217407e-01 4.5941591999999996e-03 9.7280200999999999e-01
9.0787862691994597e-02 -4.5752222294948876e+02 9.7937621914775397e-01 3.2203124647531389e+00 4.6905239693163763e+00 -3.0930495670034610e+01 1.4683022304121520e+00 3.2624307601415453e-01 4.2174915999999996e-03 9.7720817000000004e-01
9.1554097612624230e-02 -4.9616860095816827e+02 9.8302066168743907e-01 3.1334470630348608e+00 4.6956937053116645e+00 -3.3627895913161232e+01 1.4604086074275411e+00 3.2667294967672234e-01 3.8370333000000002e-03 9.8123572999999997e-01
9.2247617874995802e-02 -5.4069043244531713e+02 9.8631925155625311e-01 3.0551191380171718e+00 4.6982124062047461e+00 -3.6705109256045489e+01 1.4532906530783141e+00 3.2701554151026402e-01 3.4531249000000000e-03 9.8488107999999996e-01
9.2867801368404473e-02 -5.9255510049426459e+02 9.8926902980954901e-01 2.9853659963097563e+00 4.6987462075060291e+00 -4.0256097937433466e+01 1.4469476915556969e+00 3.2728435706265635e-01 3.0661112999999999e-03 9.8814095000000002e-01
9.3414086861480367e-02 -6.5383768024839469e+02 9.9186732706301095e-01 2.9241901216014647e+00 4.6978872930612017e+00 -4.4413818753654660e+01 1.4413785928348777e+00 3.2749174715207591e-01 2.6763420000000000e-03 9.9101238999999997e-01
9.3885985417064055e-02 -7.2762359425372665e+02 9.9411181778521907e-01 2.8715708555213419e+00 4.6961530027640919e+00 -4.9376328458852043e+01 1.4365819110438176e+00 3.2764858609863395e-01 2.2841723000000002e-03 9.9349282999999999e-01
9.4283076587247938e-02 -8.1881514556320883e+02 9.9600050220012704e-01 2.8274702679365493e+00 4.6939884666630025e+00 -5.5458999145808235e+01 1.4325559619518320e+00 3.2776463647449344e-01 1.8899688000000000e-03 9.9558005999999999e-01
9.4605006510897177e-02 -9.3599499576342987e+02 9.9753169723830259e-01 2.7918441313116298e+00 4.6917646441897451e+00 -6.3214971001802255e+01 1.4292991514153917e+00 3.2784939623637277e-01 1.4941295000000000e-03 9.9727222000000004e-01
9.4851514548358634e-02 -1.0966733820041275e+03 9.9870416321957189e-01 2.7646459620312007e+00 4.6897800112797912e+00 -7.3775080595104669e+01 1.4268097232465737e+00 3.2790616532169131e-01 1.0971916000000000e-03 9.9856794000000004e-01
9.5022505575671323e-02 -1.3487967091890209e+03 9.9951744770591544e-01 2.7458229089540547e+00 4.6882606513120475e+00 -9.0242162276751813e+01 1.4250851709935042e+00 3.2794185199991832e-01 7.0085733000000002e-04 9.9946672000000003e-01
