-4.1978598354638311e-02 -1.4868157517305806e+04 4.1979664397403485e-02 -1.1295970296180158e+04 -4.6042157280882466e+03 1.0191691754603057e+03 -7.8278867433357993e+02 -3.0477813030722717e+02 5.5301730000000003e-06 1.0230946000000001e-06
-4.1977011490655428e-02 -1.0520253119744186e+04 4.1997771795812044e-02 -6.9075175500295818e+03 -4.5846162487631645e+03 7.3129226316335291e+02 -4.9297954493313625e+02 -3.0388931482626333e+02 3.5894988000000002e-05 1.9923924999999999e-05
-4.1972032907698076e-02 -8.5080338923806576e+03 4.2054581444333362e-02 -4.8046469360769534e+03 -4.5235652582942994e+03 5.9789136237400294e+02 -3.5516823905736004e+02 -3.0111617461997355e+02 8.5619985000000003e-05 7.9222864999999994e-05
-4.1962176929302819e-02 -7.1942153049464605e+03 4.2167046110135740e-02 -3.3582631883357608e+03 -4.4046518854653932e+03 5.1058575522918716e+02 -2.6123938921957199e+02 -2.9569458703162337e+02 1.5173507999999999e-04 1.9661552000000001e-04
-4.1946143282516460e-02 -6.2255230242270745e+03 4.2350002956742558e-02 -2.2310279823122082e+03 -4.2166300191212422e+03 4.4599530149580335e+02 -1.8842967785819127e+02 -2.8706573374562282e+02 2.3255418000000001e-04 3.8758918999999998e-04
-4.1922749400517510e-02 -5.4650272520271865e+03 4.2616946025743084e-02 -1.3064342557883713e+03 -3.9539907857176609e+03 3.9506513300399479e+02 -1.2851046877915542e+02 -2.7488951105204490e+02 3.2689763000000001e-04 6.6622920000000002e-04
-4.1890899618657662e-02 -4.8449091334022451e+03 4.2980377734813162e-02 -5.3926134330625246e+02 -3.6177593985171634e+03 3.5331763383166498e+02 -7.7950724451009933e+01 -2.5907286387779692e+02 4.3385032000000002e-04 1.0455858000000000e-03
-4.1849567935075584e-02 -4.3264239456637843e+03 4.3452005593022119e-02 8.6803357706325144e+01 -3.2159648254493309e+03 3.1820093803426028e+02 -3.5181495699127787e+01 -2.3979167689825906e+02 5.5265518999999999e-04 1.5378795000000000e-03
-4.1797787353988064e-02 -3.8852237517335589e+03 4.4042863802478363e-02 5.7630315718587838e+02 -2.7634657220364920e+03 2.8811657594918216e+02 4.6386646227310813e-01 -2.1749477518479935e+02 6.8265765000000004e-04 2.1546280000000000e-03
-4.1734642689704018e-02 -3.5049178888715178e+03 4.4763395370336342e-02 9.3083983221052586e+02 -2.2809469063271308e+03 2.6199265284923564e+02 2.9264173910916355e+01 -1.9288270875918607e+02 8.2327310000000005e-04 2.9067318999999999e-03
-4.1659265663514140e-02 -3.1738825335477081e+03 4.5623508057241399e-02 1.1542572126698644e+03 -1.7930550762868263e+03 2.3907231923492597e+02 5.1401393153123188e+01 -1.6685849225711587e+02 9.7396649000000004e-04 3.8045331000000002e-03
-4.1570831318711254e-02 -2.8835310294061615e+03 4.6632615284839959e-02 1.2556167139271743e+03 -1.3258104718184582e+03 2.1879903943598535e+02 6.7136201014753595e+01 -1.4045202805824522e+02 1.1342389000000000e-03 4.8578574999999999e-03
-4.1468555401120460e-02 -2.6273099517076880e+03 4.7799666026044560e-02 1.2504068106937505e+03 -9.0360550014024818e+02 2.0074999012414051e+02 7.6906880319920916e+01 -1.1472520993551511e+02 1.3036180000000001e-03 6.0760461999999999e-03
-4.1351692461662558e-02 -2.4000835243080364e+03 4.9133166456315609e-02 1.1601749846798866e+03 -5.4623423654711496e+02 1.8459523230197874e+02 8.1367034237132302e+01 -9.0668978759297062e+01 1.4816515000000000e-03 7.4679780999999997e-03
-4.1219534319934241e-02 -2.1977384455988422e+03 5.0641197485451449e-02 1.0108058998579334e+03 -2.6645487819629352e+02 1.7007151822497551e+02 8.1371307296284726e+01 -6.9106396422154972e+01 1.6679024999999999e-03 9.0420881999999994e-03
-4.1071409023136690e-02 -2.0169208184059414e+03 5.2331426637052675e-02 8.2981907216711966e+02 -6.8543841478421811e+01 1.5696487667873140e+02 7.7919205898556925e+01 -5.0616294679804966e+01 1.8619452999999999e-03 1.0806380000000001e-02
-4.0906679880565885e-02 -1.8548547814525668e+03 5.4211119065767276e-02 6.4321433213289629e+02 5.1853721124453848e+01 1.4509863192378407e+02 7.2070526824374554e+01 -3.5489368049134335e+01 2.0633631000000000e-03 1.2768437000000001e-02
-4.0724745018638507e-02 -1.7092143715270533e+03 5.6287142634803583e-02 4.7248464861888078e+02 1.0651103727131240e+02 1.3432496409012057e+02 6.4849064144913299e+01 -2.3723616921960918e+01 2.2717459999999998e-03 1.4935428000000001e-02
-4.0525036633671366e-02 -1.5780300277685444e+03 5.8565976442320020e-02 3.3238807001166452e+02 1.1225674732798595e+02 1.2451877188478831e+02 5.7152319846103751e+01 -1.5059004114106605e+01 2.4866887000000002e-03 1.7314116000000001e-02
-4.0307021008672908e-02 -1.4596196022290096e+03 6.1053710629820790e-02 2.2991829958052500e+02 8.7921453262673822e+01 1.1557317047927700e+02 4.9683089155563920e+01 -9.0441708067042992e+00 2.7077901999999999e-03 1.9910858000000000e-02
-4.0070197589812125e-02 -1.3525354556170369e+03 6.3756056920390394e-02 1.6465048930136126e+02 5.1207518850847777e+01 1.0739604991054887e+02 4.2913767811995207e+01 -5.1220292248164316e+00 2.9346520999999999e-03 2.2731616000000000e-02
-3.9814099490162763e-02 -1.2555243229468347e+03 6.6678342870565718e-02 1.3033322433618699e+02 1.6108209858119849e+01 9.9907487728075353e+01 3.7087312231727360e+01 -2.7181409104165226e+00 3.1668782999999998e-03 2.5781951000000001e-02
-3.9538292985959157e-02 -1.1674952691232916e+03 6.9825517618463909e-02 1.1731596902322129e+02 -8.6381283067359131e+00 9.3037697741000855e+01 3.2250956200281557e+01 -1.3160832662489814e+00 3.4040742000000001e-03 2.9067029000000001e-02
-3.9242377180766702e-02 -1.0874943009705109e+03 7.3202155715867689e-02 1.1522821591062539e+02 -1.9832095989976725e+01 8.6725406903080199e+01 2.8312485840612830e+01 -5.0809512693701697e-01 3.6458464000000000e-03 3.2591624999999999e-02
-3.8925984509226103e-02 -1.0146840768296330e+03 7.6812451380097374e-02 1.1530287701353943e+02 -1.8919634362655774e+01 8.0916577463333923e+01 2.5105137942166394e+01 -1.5579202016421460e-02 3.8918026000000000e-03 3.6360116999999997e-02
-3.8588780065394394e-02 -9.4832700702773695e+02 8.0660226158181525e-02 1.1187119381654624e+02 -1.0281659982049844e+01 7.5563347826676861e+01 2.2447009340861246e+01 3.1880308798058055e-01 4.1415510999999999e-03 4.0376493999999999e-02
-3.8230461854617086e-02 -8.8777153274114301e+02 8.4748926052792870e-02 1.0280873069910959e+02 7.6678707240160637e-01 7.0623176634933429e+01 2.0184188700519258e+01 5.5968214271629046e-01 4.3947007000000003e-03 4.4644352999999998e-02
-3.7850760793528122e-02 -8.3244060437284679e+02 8.9081621522248383e-02 8.9004159173614397e+01 9.7286168729207247e+00 6.6058132088669325e+01 1.8212304772879605e+01 7.1699474003000008e-01 4.6508610999999997e-03 4.9166899000000000e-02
-3.7449440374220440e-02 -7.8182195170416946e+02 9.3661011312594550e-02 7.3169562854286980e+01 1.4027625866969075e+01 6.1834289344010514e+01 1.6477359734563951e+01 7.8212975607578206e-01 4.9096423000000002e-03 5.3946949000000001e-02
-3.7026297084032780e-02 -7.3545994215139831e+02 9.8489417667500717e-02 5.8441965369766578e+01 1.3295392402814720e+01 5.7921238022170989e+01 1.4961696041130200e+01 7.5370600303343394e-01 5.1706551000000002e-03 5.8986927000000001e-02
-3.6581159649933408e-02 -6.9294850051854371e+02 1.0356879495045103e-01 4.7211414627272035e+01 8.9324891464835581e+00 5.4291646861161844e+01 1.3663559930394227e+01 6.4911939972763477e-01 5.4335110000000002e-03 6.4288872999999996e-02
-3.6113889794136399e-02 -6.5392519388922551e+02 1.0890072102255255e-01 4.0470247026334313e+01 3.2283324564349831e+00 5.0920907605575408e+01 1.2578474303955018e+01 5.0290040771489652e-01 5.6978226000000002e-03 6.9854434000000007e-02
-3.5624381394527962e-02 -6.1806598297814594e+02 1.1448640682274830e-01 3.7767439601984101e+01 -1.5955496048818341e+00 4.7786814984413283e+01 1.1688053618190914e+01 3.5654453449217405e-01 5.9632034000000004e-03 7.5684873999999999e-02
-3.5112560904453298e-02 -5.8508078753652467e+02 1.2032669157771098e-01 3.7649167274275243e+01 -4.0999568630198429e+00 4.4869300755546242e+01 1.0958162887027402e+01 2.4598573028208406e-01 6.2292681999999997e-03 8.1781068999999998e-02
-3.4578387016887091e-02 -5.5470957103029616e+02 1.2642204663392786e-01 3.8334753535801418e+01 -3.9216704574953685e+00 4.2150196049292944e+01 1.0344758867274699e+01 1.9210899084430280e-01 6.4956331999999999e-03 8.8143510999999994e-02
-3.4021850664433556e-02 -5.2671895071759479e+02 1.3277257545770110e-01 3.8351137818943251e+01 -1.6419210857572142e+00 3.9613026580682252e+01 9.8035102243994139e+00 1.9736560224112595e-01 6.7619166000000000e-03 9.4772308000000000e-02
-3.3442974515582181e-02 -5.0089920823552865e+02 1.3937801938327543e-01 3.6920358506702428e+01 1.6309883865046451e+00 3.7242831299666278e+01 9.2988462172469983e+00 2.4867581707045924e-01 7.0277381999999996e-03 1.0166719000000000e-01
-3.2841812890750388e-02 -4.7706169082285851e+02 1.4623775857085952e-01 3.4022870633542681e+01 4.7570301476741212e+00 3.5026005241856168e+01 8.8092424959466911e+00 3.2449834519941823e-01 7.2927204000000001e-03 1.0882751000000000e-01
-3.2218452937686687e-02 -4.5503656854306070e+02 1.5335079859432768e-01 3.0189857149838641e+01 6.9476434737970667e+00 3.2950163870044619e+01 8.3275870108441268e+00 4.0290012656843543e-01 7.5564877000000004e-03 1.1625223000000000e-01
-3.1573012196706975e-02 -4.3467072456077415e+02 1.6071579822383780e-01 2.6161983040944754e+01 7.9288903396490973e+00 3.1004011957283033e+01 7.8574685665595574e+00 4.6774717539485122e-01 7.8186677999999999e-03 1.2393994999999999e-01
-3.0905638432779811e-02 -4.1582599470152934e+02 1.6833107134187422e-01 2.2570142053270555e+01 7.8810618500310081e+00 2.9177234987204798e+01 7.4075113795274081e+00 5.1144567936696939e-01 8.0788911000000008e-03 1.3188891000000000e-01
-3.0216512154247487e-02 -3.9837767178774459e+02 1.7619455820260807e-01 1.9747065234006961e+01 7.2343201620406647e+00 2.7460409810703201e+01 6.9860729932598815e+00 5.3422437069233453e-01 8.3367917000000003e-03 1.4009695999999999e-01
-2.9505843254531247e-02 -3.8221301757113963e+02 1.8430386375274993e-01 1.7705519947121491e+01 6.4348983116533205e+00 2.5844909213136582e+01 6.5979350609913183e+00 5.4117336262433580e-01 8.5920070000000005e-03 1.4856159999999999e-01
-2.8773872691278696e-02 -3.6723008148487094e+02 1.9265623847112368e-01 1.6244335828377647e+01 5.7789733702980968e+00 2.4322828682970489e+01 6.2434927076582092e+00 5.3874205959381449e-01 8.8441787999999997e-03 1.5727996000000000e-01
-2.8020870807216412e-02 -3.5333657123062062e+02 2.0124859752909252e-01 1.5103973948990319e+01 5.3601230278763623e+00 2.2886914690725614e+01 5.9198840052083659e+00 5.3211434653025547e-01 9.0929527999999999e-03 1.6624881999999999e-01
-2.7247137330149943e-02 -3.4044888973244463e+02 2.1007752079055930e-01 1.4093636803567039e+01 5.1185212940169578e+00 2.1530502790426887e+01 5.6229644755371826e+00 5.2413532042721256e-01 9.3379794999999995e-03 1.7546460999999999e-01
-2.6453000533390131e-02 -3.2849126248239156e+02 2.1913926239217940e-01 1.3143874663671705e+01 4.9407346725737105e+00 2.0247461775403234e+01 5.3490027205699624e+00 5.1567210336851721e-01 9.5789143999999993e-03 1.8492342000000001e-01
-2.5638819754474171e-02 -3.1739500934158451e+02 2.2842972200272141e-01 1.2283104287624713e+01 4.7507454561065572e+00 1.9032146783915643e+01 5.0954778498165929e+00 5.0669424270565100e-01 9.8154178999999998e-03 1.9462097000000000e-01
-2.4804981197297165e-02 -3.0709779663724453e+02 2.3794449272413290e-01 1.1569953036279298e+01 4.5516324621159141e+00 1.7879348891305479e+01 4.8609087277472396e+00 4.9735048457692699e-01 1.0047156000000000e-02 2.0455266000000000e-01
-2.3951897092538459e-02 -2.9754303189966754e+02 2.4767887067175354e-01 1.1026627672561252e+01 4.4099551718669838e+00 1.6784254472610879e+01 4.6441286601313578e+00 4.8842913996563453e-01 1.0273801000000001e-02 2.1471357999999999e-01
-2.3080009895530062e-02 -2.8867937193101517e+02 2.5762780707324939e-01 1.0607173883114847e+01 4.4035020933026621e+00 1.5742413180057895e+01 4.4435718000777626e+00 4.8117210648306358e-01 1.0495031000000000e-02 2.2509846000000000e-01
-2.2189787248814524e-02 -2.8046018119248163e+02 2.6778596574989161e-01 1.0210921970503893e+01 4.5664637547948503e+00 1.4749699252637157e+01 4.2569675267595972e+00 4.7666453585700730e-01 1.0710529999999999e-02 2.3570173000000000e-01
-2.1281722821718640e-02 -2.7284311647697501e+02 2.7814771353634365e-01 9.7282622826167398e+00 4.8612322663622640e+00 1.3802282733328305e+01 4.0815905677038682e+00 4.7521278478682699e-01 1.0919989999999999e-02 2.4651751000000000e-01
-2.0356337149927125e-02 -2.6578974952788661e+02 2.8870711070044791e-01 9.0916212808964652e+00 5.1881360966086962e+00 1.2896603304044710e+01 3.9148575818738731e+00 4.7609117013488134e-01 1.1123108000000000e-02 2.5753959999999998e-01
-1.9414175116761547e-02 -2.5926520423768426e+02 2.9945793968386514e-01 8.3063305901041922e+00 5.4260638302329740e+00 1.2029344142866799e+01 3.7549571989857031e+00 4.7774658064884246e-01 1.1319591000000000e-02 2.6876150999999998e-01
-1.8455805113606671e-02 -2.5323784905581499e+02 3.1039371468228771e-01 7.4487352742234920e+00 5.4814978079032768e+00 1.1197406625770975e+01 3.6011970013626700e+00 4.7836587640622963e-01 1.1509152000000000e-02 2.8017647000000001e-01
-1.7481819879484124e-02 -2.4767903225230594e+02 3.2150767206522646e-01 6.6344739083392552e+00 5.3249247288711166e+00 1.0397892618507031e+01 3.4539297971231404e+00 4.7652290453083096e-01 1.1691511000000000e-02 2.9177742000000001e-01
-1.6492837340626069e-02 -2.4256284273422924e+02 3.3279276079579739e-01 5.9730113352548369e+00 4.9996715942618959e+00 9.6280855948199608e+00 3.3141148570046322e+00 4.7164632063221701e-01 1.1866398000000000e-02 3.0355700000000002e-01
-1.5489493893885768e-02 -2.3786585895301673e+02 3.4424171907242723e-01 5.5277967076816399e+00 4.6024252350608421e+00 8.8854279663081162e+00 3.1827163733997201e+00 4.6411518133914093e-01 1.2033550000000000e-02 3.1550762999999998e-01
-1.4472450283753314e-02 -2.3356699191620925e+02 3.5584700726736102e-01 5.2968757900786398e+00 4.2458589391010140e+00 8.1675106125771588e+00 3.0601940634439524e+00 4.5501743797138816e-01 1.2192715000000000e-02 3.2762143999999999e-01
-1.3442387404487260e-02 -2.2964729504413731e+02 3.6760085582772800e-01 5.2187331887504156e+00 4.0195041715728932e+00 7.4720539774318340e+00 2.9462475243506883e+00 4.4567755632906625e-01 1.2343646000000000e-02 3.3989032000000002e-01
-1.2400007139688297e-02 -2.2608981836088137e+02 3.7949525569532849e-01 5.1979080864365237e+00 3.9631512606296249e+00 6.7968962535506314e+00 2.8398882937942274e+00 4.3715887036251111e-01 1.2486109000000000e-02 3.5230591000000000e-01
-1.1346029004004471e-02 -2.2287946695912635e+02 3.9152199662748660e-01 5.1386701431170323e+00 4.0602091775584803e+00 6.1399778628536215e+00 2.7397434237796068e+00 4.2995938496081143e-01 1.2619877000000000e-02 3.6485963999999999e-01
-1.0281192661852290e-02 -2.2000289590131092e+02 4.0367263845641049e-01 4.9738716288836580e+00 4.2503910673551077e+00 5.4993319433782748e+00 2.6444721634548465e+00 4.2391311923238895e-01 1.2744734000000001e-02 3.7754270000000001e-01
-9.2062554086956433e-03 -2.1744840387529635e+02 4.1593853982983220e-01 4.6805881541109127e+00 4.4537837478803084e+00 4.8730703244640967e+00 2.5530979612689420e+00 4.1834877542397875e-01 1.2860473000000001e-02 3.9034606999999999e-01
-8.1219904918984273e-03 -2.1520584346553366e+02 4.2831087737143358e-01 4.2794159583395732e+00 4.5972133888901379e+00 4.2593747143214014e+00 2.4651936048233236e+00 4.1239388648634656e-01 1.2966896000000000e-02 4.0326054000000000e-01
-7.0291887898719305e-03 -2.1326655578368184e+02 4.4078062652042033e-01 3.8210769556209092e+00 4.6336034966123627e+00 3.6564839681881196e+00 2.3808826661144202e+00 4.0529574327828521e-01 1.3063819000000001e-02 4.1627669000000000e-01
-5.9286537746327320e-03 -2.1162330133170389e+02 4.5333861901280070e-01 3.3672992984085952e+00 4.5500882640918059e+00 3.0626840371416986e+00 2.3006401123440057e+00 3.9665054035229264e-01 1.3151064000000001e-02 4.2938494999999999e-01
-4.8212065492447623e-03 -2.1027022284240260e+02 4.6597548540010675e-01 2.9724374804400049e+00 4.3649174660380146e+00 2.4763021171264636e+00 2.2250572170720408e+00 3.8650615373821634e-01 1.3228465999999999e-02 4.4257553999999999e-01
-3.7076791312298796e-03 -2.0920279919255967e+02 4.7868173169109929e-01 2.6708741665713602e+00 4.1168063181400267e+00 1.8956916412812177e+00 2.1545967180977650e+00 3.7547075023512227e-01 1.3295871000000001e-02 4.5583855000000001e-01
-2.5889178108625885e-03 -2.0841782694384531e+02 4.9144770103091567e-01 2.4732669585577254e+00 3.8511930209463188e+00 1.3192268844065840e+00 2.0894344452350344e+00 3.6378877442853214e-01 1.3353135000000000e-02 4.6916390000000002e-01
-1.4657789533016052e-03 -2.0791340357849302e+02 5.0426362160213511e-01 2.3691810216147937e+00 3.6085945419224563e+00 7.4529082526465373e-01 2.0294024943498101e+00 3.5269800782317423e-01 1.3400123999999999e-02 4.8254139000000001e-01
-3.3913067773724825e-04 -2.0768892773321127e+02 5.1711958746435294e-01 2.3342445038544346e+00 3.4168189282024288e+00 1.7226766583669750e-01 1.9740202413592960e+00 3.4272681002577399e-01 1.3436718000000000e-02 4.9596067999999999e-01
7.9015050090334299e-04 -2.0774510774505615e+02 5.3000559687503268e-01 2.3386356447806040e+00 3.2889082775314527e+00 -4.0146853305172137e-01 1.9226004746779923e+00 3.3434269789062493e-01 1.3462807000000000e-02 5.0941133000000005e-01
1.9211763136613921e-03 -2.0808398325533761e+02 5.4291151396865367e-01 2.3542964677564284e+00 3.2244529230372256e+00 -9.7756124301886693e-01 1.8743784387760067e+00 3.2775734999587081e-01 1.3478291000000000e-02 5.2288276000000000e-01
3.0530542937097366e-03 -2.0870895946931046e+02 5.5582715497862945e-01 2.3590076662255184e+00 3.2137587030017039e+00 -1.5576845053081119e+00 1.8286069787626729e+00 3.2293086246541480e-01 1.3483083000000000e-02 5.3636434000000000e-01
4.1848835784843511e-03 -2.0962485446436784e+02 5.6874224033624210e-01 2.3383629420283323e+00 3.2419905863280540e+00 -2.1435518035746526e+00 1.7846620016775350e+00 3.1964287939449731e-01 1.3477108000000000e-02 5.4984533999999996e-01
5.3157565888317312e-03 -2.1083795879598719e+02 5.8164641383106841e-01 2.2852111551681675e+00 3.2931427089096466e+00 -2.7369267118501011e+00 1.7420660177224514e+00 3.1755170303816860e-01 1.3460300999999999e-02 5.6331494999999998e-01
6.4447615477299450e-03 -2.1235611325037308e+02 5.9452927135161937e-01 2.1983399457598334e+00 3.3522672779714675e+00 -3.3396370500655141e+00 1.7005068563353682e+00 3.1626108816673726e-01 1.3432611000000001e-02 5.7676231000000000e-01
7.5709841594360089e-03 -2.1418880379701079e+02 6.0738038004576633e-01 2.0807193243112483e+00 3.4067734930784010e+00 -3.9535854635927414e+00 1.6598277126748835e+00 3.1538106729237630e-01 1.3393997000000000e-02 5.9017653000000003e-01
8.6935050907648165e-03 -2.1634726737122315e+02 6.2018924958010191e-01 1.9380873528105134e+00 3.4468244399253520e+00 -4.5807647916066809e+00 1.6199751872434844e+00 3.1456305485709490e-01 1.3344429999999999e-02 6.0354666000000001e-01
9.8114033293839054e-03 -2.1884462659810924e+02 6.3294537046079236e-01 1.7779570265490496e+00 3.4653820623606282e+00 -5.2232715883268934e+00 1.5810041442566360e+00 3.1352352302151465e-01 1.3283893999999999e-02 6.1686173000000000e-01
1.0923759542108183e-02 -2.2169605081900724e+02 6.4563825235443029e-01 1.6087701411289284e+00 3.4580769042491779e+00 -5.8833254002874220e+00 1.5430234892194330e+00 3.1205617124126117e-01 1.3212384000000001e-02 6.3011079000000003e-01
1.2029651037457803e-02 -2.2491892201470884e+02 6.5825736660675538e-01 1.4393723232642215e+00 3.4234237507189631e+00 -6.5632821648741260e+00 1.5061668537035455e+00 3.1002578220227872e-01 1.3129907000000000e-02 6.4328284999999996e-01
1.3128157642674006e-02 -2.2853305588923314e+02 6.7079221330414729e-01 1.2785340551603621e+00 3.3624832433177430e+00 -7.2656582455564642e+00 1.4705929670917008e+00 3.0738050129081251e-01 1.3036481000000001e-02 6.5636695000000000e-01
1.4218362543292735e-02 -2.3256094675157161e+02 6.8323233085383794e-01 1.1338828631194335e+00 3.2789748760671933e+00 -7.9931519944315639e+00 1.4364445579214957e+00 3.0413069827379435e-01 1.2932137999999999e-02 6.6935217000000002e-01
1.5299349764423639e-02 -2.3702803689199735e+02 6.9556726724327256e-01 1.0113391277800818e+00 3.1786721574333603e+00 -8.7486666283798638e+00 1.4038374511017708e+00 3.0034242901838570e-01 1.2816919000000000e-02 6.8222760000000005e-01
1.6370209208192141e-02 -2.4196305604827410e+02 7.0778663752138826e-01 9.1461974857345607e-01 3.0689085364567128e+00 -9.5353406860609127e+00 1.3728582527581594e+00 2.9612820043787064e-01 1.2690879000000000e-02 6.9498240000000000e-01
1.7430034974592126e-02 -2.4739839005996984e+02 7.1988010463818819e-01 8.4468561740394155e-01 2.9574757616828671e+00 -1.0356577925894314e+01 1.3435395558999690e+00 2.9161111375704829e-01 1.2554085000000000e-02 7.0760577999999996e-01
1.8477926201059564e-02 -2.5337051405060845e+02 7.3183738902495454e-01 7.9995249345741548e-01 2.8519357692497187e+00 -1.1216082355182200e+01 1.3158850944775586e+00 2.8694659880863888e-01 1.2406611999999999e-02 7.2008700999999997e-01
1.9512991260340951e-02 -2.5992051574058280e+02 7.4364831649531382e-01 7.7593656774332054e-01 2.7587324915716600e+00 -1.2117901445625993e+01 1.2898355495467704e+00 2.8228163024835057e-01 1.2248551000000000e-02 7.3241546999999996e-01
2.0534345241772299e-02 -2.6709466551802649e+02 7.5530278950459817e-01 7.6906172809918327e-01 2.6821208503705498e+00 -1.3066469566061004e+01 1.2653067331942247e+00 2.7772749181883827e-01 1.2080001999999999e-02 7.4458062000000003e-01
2.1541111630426428e-02 -2.7494510070221230e+02 7.6679080631027108e-01 7.7114671648067468e-01 2.6245773921835589e+00 -1.4066661480964029e+01 1.2421889144851130e+00 2.7338553299354634e-01 1.1901076999999999e-02 7.5657202000000001e-01
2.2532423986260409e-02 -2.8353062555048479e+02 7.7810248013235417e-01 7.7644955276941074e-01 2.5862465244102748e+00 -1.5123851845210691e+01 1.2203434255104031e+00 2.6932133763243093e-01 1.1711898000000000e-02 7.6837935000000002e-01
2.3507428462836578e-02 -2.9291765744804979e+02 7.8922806789406608e-01 7.7939901063892580e-01 2.5653154137089467e+00 -1.6243989284466593e+01 1.1996492688505782e+00 2.6556463246950196e-01 1.1512599000000000e-02 7.7999244000000001e-01
2.4465279609454112e-02 -3.0318126684929257e+02 8.0015792232075733e-01 7.7559005819912119e-01 2.5584876318314342e+00 -1.7433669812969473e+01 1.1799753764944869e+00 2.6211803787091276e-01 1.1303326000000001e-02 7.9140122000000002e-01
2.5405148766885884e-02 -3.1440652978141731e+02 8.1088258774204136e-01 7.6215201041292580e-01 2.5617044068037327e+00 -1.8700239549672645e+01 1.1612177546095761e+00 2.5895838764365481e-01 1.1084235000000000e-02 8.0259581999999996e-01
2.6326216511215354e-02 -3.2668994099365295e+02 8.2139271386987667e-01 7.3759212476932656e-01 2.5706436597069589e+00 -2.0051892517756666e+01 1.1432816111714390e+00 2.5606003796874022e-01 1.0855490000000001e-02 8.1356647999999998e-01
2.7227680209999612e-02 -3.4014126778867382e+02 8.3167914202048454e-01 7.0214446062188018e-01 2.5810514427339459e+00 -2.1497807245567916e+01 1.1260989440232709e+00 2.5335911222038837e-01 1.0617270000000000e-02 8.2430364000000000e-01
2.8108752343122122e-02 -3.5488562930365549e+02 8.4173288595392326e-01 6.5694863930647662e-01 2.5893510617703690e+00 -2.3048293928851326e+01 1.1096225337297674e+00 2.5079394493230039e-01 1.0369760000000000e-02 8.3479791999999997e-01
2.8968661342366357e-02 -3.7106601043048403e+02 8.5154514145430116e-01 6.0448052578674105e-01 2.5928018910593651e+00 -2.4714969463111977e+01 1.0938049402608254e+00 2.4835025153984805e-01 1.0113159000000000e-02 8.4504013000000000e-01
2.9806652430989462e-02 -3.8884626018119110e+02 8.6110729590998958e-01 5.4599542828482162e-01 2.5895839334678290e+00 -2.6510966974810195e+01 1.0786853373184562e+00 2.4597314652297908e-01 9.8476710000000005e-03 8.5502127999999999e-01
3.0621987623722334e-02 -4.0841467365534442e+02 8.7041092831362310e-01 4.8525033220788671e-01 2.5787582432384317e+00 -2.8451182540147670e+01 1.0641864452306324e+00 2.4363870189005346e-01 9.5735140000000000e-03 8.6473257999999997e-01
3.1413949924637939e-02 -4.2998842279908183e+02 8.7944785716316531e-01 4.2441835841666137e-01 2.5601335881600740e+00 -3.0552580438823618e+01 1.0503477442518963e+00 2.4131926194082701e-01 9.2909130999999992e-03 8.7416548999999999e-01
3.2181839129282984e-02 -4.5381870753742976e+02 8.8821009256084282e-01 3.6573696232534408e-01 2.5345668204713765e+00 -3.2834540183222650e+01 1.0371672374697938e+00 2.3901609839224333e-01 9.0001030000000006e-03 8.8331166999999999e-01
3.2924976862119988e-02 -4.8019729728543405e+02 8.9668989369442431e-01 3.1085514529383151e-01 2.5024343658380754e+00 -3.5319300184960262e+01 1.0246444478443217e+00 2.3671713000339972e-01 8.7013270999999996e-03 8.9216304000000002e-01
3.3642704057806179e-02 -5.0946431627909635e+02 9.0487974009658123e-01 2.6103596189053585e-01 2.4658335931605100e+00 -3.8032475925509495e+01 1.0127758374556628e+00 2.3441567101400002e-01 8.3948374000000006e-03 9.0071175000000003e-01
3.4334385159062016e-02 -5.4201811445042108e+02 9.1277237954595325e-01 2.1716091798806975e-01 2.4257263679021346e+00 -4.1003720335495849e+01 1.0015835660639714e+00 2.3216906239524115e-01 8.0808944000000001e-03 9.0895022999999997e-01
3.4999404758376380e-02 -5.7832721380547798e+02 9.2036078974629609e-01 1.7953102814693561e-01 2.3835742950511816e+00 -4.4267508208506982e+01 9.9103197610886129e-01 2.2995670222570164e-01 7.7597663000000001e-03 9.1687114999999997e-01
3.5637170956301333e-02 -6.1894559232384427e+02 9.2763821664733370e-01 1.4799263230458512e-01 2.3408241931843845e+00 -4.7864144686860307e+01 9.8112367308082127e-01 2.2778381314899937e-01 7.4317293999999999e-03 9.2446746000000002e-01
3.6247116201025810e-02 -6.6453192654387794e+02 9.3459818402497141e-01 1.2235206333116512e-01 2.2984680544888274e+00 -5.1841022982315216e+01 9.7184324556521662e-01 2.2568293267816922e-01 7.0970672000000004e-03 9.3173240000000002e-01
3.6828695609228197e-02 -7.1587394799655453e+02 9.4123447432087026e-01 1.0219238853073877e-01 2.2575310327549127e+00 -5.6254207326858001e+01 9.6317674249398144e-01 2.2366397740255425e-01 6.7560703000000000e-03 9.3865947999999999e-01
3.7381391163944878e-02 -7.7392039985706435e+02 9.4754117654351189e-01 8.6912946762077628e-02 2.2187088633788683e+00 -6.1170513331975656e+01 9.5510770270291201e-01 2.2173559928480813e-01 6.4090362999999996e-03 9.4524253000000003e-01
3.7904706677127982e-02 -8.3982186257043668e+02 9.5351262878692034e-01 7.5727673882870120e-02 2.1825251357405770e+00 -6.6670136531732567e+01 9.4761973178639636e-01 2.1990959687361011e-01 6.0562691999999996e-03 9.5147563999999996e-01
3.8398176185382348e-02 -9.1498649248262666e+02 9.5914351403279319e-01 6.8054580696293054e-02 2.1492968525726046e+00 -7.2850267148578951e+01 9.4068309839523867e-01 2.1819487280897473e-01 5.6980790999999996e-03 9.5735325999999998e-01
3.8861355554228573e-02 -1.0011527586051325e+03 9.6442876434836999e-01 6.3160016369285796e-02 2.1192287978233848e+00 -7.9829759345493670e+01 9.3428685926532640e-01 2.1659037154360972e-01 5.3347821999999998e-03 9.6287009999999995e-01
3.9293830873839954e-02 -1.1004919724833981e+03 9.6936365668856428e-01 6.0448451402961699e-02 2.0922497828297670e+00 -8.7755753555595206e+01 9.2841603708114673e-01 2.1510623660821790e-01 4.9667000000000001e-03 9.6802122999999995e-01
3.9695212582026650e-02 -1.2157492389843781e+03 9.7394374583447096e-01 5.9425853999052730e-02 2.0684095787353289e+00 -9.6812739044684605e+01 9.2304591331334818e-01 2.1373963673863416e-01 4.5941591999999996e-03 9.7280200999999999e-01
4.0065142180825151e-02 -1.3504493909540008e+03 9.7816494103507179e-01 5.9563520374575796e-02 2.0475435695282753e+00 -1.0723586134994501e+02 9.1817244029496625e-01 2.1249377620885673e-01 4.2174915999999996e-03 9.7720817000000004e-01
4.0403285519908815e-02 -1.5091976998158807e+03 9.8202342936552989e-01 6.0598993959525289e-02 2.0294380223121120e+00 -1.1933030700888213e+02 9.1376896632000359e-01 2.1136765831951315e-01 3.8370333000000002e-03 9.8123572999999997e-01
4.0709339513177338e-02 -1.6981473165142954e+03 9.8551575236889566e-01 6.2222967984565947e-02 2.0139226752279171e+00 -1.3350160296988395e+02 9.0983973939211138e-01 2.1035445996394883e-01 3.4531249000000000e-03 9.8488107999999996e-01
4.0983029620035756e-02 -1.9257460852304878e+03 9.8863877731546645e-01 6.3848705157457927e-02 2.0008173630497845e+00 -1.5030408004494788e+02 9.0633973928915945e-01 2.0946663639228338e-01 3.0661112999999999e-03 9.8814095000000002e-01
4.1224108166246963e-02 -2.2040026701661036e+03 9.9138967804236078e-01 6.5598916498351478e-02 1.9897399820194588e+00 -1.7052330621178265e+02 9.0329477973248762e-01 2.0868942566810675e-01 2.6763420000000000e-03 9.9101238999999997e-01
4.1432359381373900e-02 -2.5508012757671504e+03 9.9376599243479735e-01 6.7520933835572297e-02 1.9805979760989230e+00 -1.9532734658641638e+02 9.0068631091491813e-01 2.0802410000133154e-01 2.2841723000000002e-03 9.9349282999999999e-01
4.1607597719632204e-02 -2.9945273725360257e+03 9.9576560326566821e-01 6.9122927698361564e-02 1.9733107993069470e+00 -2.2656997012709508e+02 8.9850127824166304e-01 2.0747227116045439e-01 1.8899688000000000e-03 9.9558005999999999e-01
4.1749667020316440e-02 -3.5846268709648134e+03 9.9738672861532618e-01 7.0503369856850948e-02 1.9675890130387104e+00 -2.6748492955132133e+02 8.9674095560953493e-01 2.0702541151594916e-01 1.4941295000000000e-03 9.9727222000000004e-01
4.1858452261831776e-02 -4.4212176047150942e+03 9.9862805599456850e-01 7.1629495688887698e-02 1.9633253597946145e+00 -3.2463854222232925e+02 8.9539845281657016e-01 2.0668510052947700e-01 1.0971916000000000e-03 9.9856794000000004e-01
4.1933911465493946e-02 -5.7758201748635956e+03 9.9948910639273736e-01 7.2393662090015451e-02 1.9604437829922297e+00 -4.1590877815428513e+02 8.9446973491237913e-01 2.0644961973228443e-01 7.0085733000000002e-04 9.9946672000000003e-01
