-7.0208945610063678e-01 -9.3144657588496830e+02 7.0209119750063786e-01 -1.0747909070590870e+03 -2.9051169912690904e+02 6.3969272903357535e+01 -7.3467767611558685e+01 -1.9249219174323493e+01 5.5301730000000003e-06 1.0230946000000001e-06
-7.0206291589885972e-01 -6.5718715196188953e+02 7.0209682823014929e-01 -8.0015366871463198e+02 -2.9048701605750477e+02 4.5791149228371950e+01 -5.5271897509249726e+01 -1.9248100311754634e+01 3.5894988000000002e-05 1.9923924999999999e-05
-7.0197964940741686e-01 -5.3029382129283556e+02 7.0211449392442782e-01 -6.7231149655768741e+02 -2.9040958719371946e+02 3.7369116706203179e+01 -4.6804913662064116e+01 -1.9244590411149701e+01 8.5619985000000003e-05 7.9222864999999994e-05
-7.0181480877952340e-01 -4.4748312252018803e+02 7.0214946626548114e-01 -5.8791575715575914e+02 -2.9025635276989374e+02 3.1859183067373131e+01 -4.1219298957330480e+01 -1.9237643681070885e+01 1.5173507999999999e-04 1.9661552000000001e-04
-7.0154664703061409e-01 -3.8646822655682774e+02 7.0220635906102646e-01 -5.2466396799052063e+02 -2.9000721277005874e+02 2.7784892647718095e+01 -3.7037423685406630e+01 -1.9226347703223500e+01 2.3255418000000001e-04 3.8758918999999998e-04
-7.0115538580388204e-01 -3.3860892185756700e+02 7.0228936845766043e-01 -4.7392621125824775e+02 -2.8964401795934850e+02 2.4574357998798742e+01 -3.3687466148105777e+01 -1.9209877244996989e+01 3.2689763000000001e-04 6.6622920000000002e-04
-7.0062270017598205e-01 -2.9962414009127599e+02 7.0240238224371043e-01 -4.3144704282542443e+02 -2.8915013969613642e+02 2.1944710410399981e+01 -3.0887378882204857e+01 -1.9187474248008709e+01 4.3385032000000002e-04 1.0455858000000000e-03
-6.9993143032936367e-01 -2.6706675716150301e+02 7.0254904102040128e-01 -3.9481442832941747e+02 -2.8851025393780310e+02 1.9734681401818246e+01 -2.8477197421806718e+01 -1.9158437503998844e+01 5.5265518999999999e-04 1.5378795000000000e-03
-6.9906540331947675e-01 -2.3939785985738001e+02 7.0273277601545781e-01 -3.6253044331908870e+02 -2.8771023020905039e+02 1.7843200096177508e+01 -2.6357478355382931e+01 -1.9122117059277954e+01 6.8265765000000004e-04 2.1546280000000000e-03
-6.9800931272235123e-01 -2.1558063045323584e+02 7.0295683461689507e-01 -3.3360288284289555e+02 -2.8673707553116077e+02 1.6202451932528742e+01 -2.4462241137523339e+01 -1.9077911108878318e+01 8.2327310000000005e-04 2.9067318999999999e-03
-6.9674863663038045e-01 -1.9487915362285815e+02 7.0322429777090967e-01 -3.0734225241640434e+02 -2.8557891443349922e+02 1.4764522118031326e+01 -2.2745534079070996e+01 -1.9025264520408111e+01 9.7396649000000004e-04 3.8045331000000002e-03
-6.9526957769375897e-01 -1.7674934175200019e+02 7.0353809270259893e-01 -2.8325166793563812e+02 -2.8422498886913303e+02 1.3494152839727569e+01 -2.1174139415392290e+01 -1.8963668289870139e+01 1.1342389000000000e-03 4.8578574999999999e-03
-6.9355901931001096e-01 -1.6077562339471660e+02 7.0390100221072494e-01 -2.6096268352724468e+02 -2.8266567176485637e+02 1.2364538975437490e+01 -1.9723321192962899e+01 -1.8892659611493567e+01 1.3036180000000001e-03 6.0760461999999999e-03
-6.9160449388948197e-01 -1.4663211511820595e+02 7.0431567140046036e-01 -2.4019587920300492e+02 -2.8089248926166908e+02 1.1354750469423966e+01 -1.8374222749673091e+01 -1.8811822398648019e+01 1.4816515000000000e-03 7.4679780999999997e-03
-6.8939415715881169e-01 -1.3405767349845107e+02 7.0478461313512530e-01 -2.2073550375816052e+02 -2.7889814723466952e+02 1.0448078512846223e+01 -1.7112185878222100e+01 -1.8720787998505649e+01 1.6679024999999999e-03 9.0420881999999994e-03
-6.8691677074908075e-01 -1.2283936462640969e+02 7.0531021173025987e-01 -2.0241258182227168e+02 -2.7667655275892520e+02 9.6309358063646222e+00 -1.5925639233576655e+01 -1.8619236037762590e+01 1.8619452999999999e-03 1.0806380000000001e-02
-6.8416168604771932e-01 -1.1280085355773544e+02 7.0589472637957906e-01 -1.8509325067233672e+02 -2.7422284909234656e+02 8.8920995910069909e+00 -1.4805325743459502e+01 -1.8506895248127389e+01 2.0633631000000000e-03 1.2768437000000001e-02
-6.8111883675634399e-01 -1.0379445682545635e+02 7.0654029273389141e-01 -1.6867053563519579e+02 -2.7153343598052521e+02 8.2221782532723591e+00 -1.3743761165085225e+01 -1.8383544454831139e+01 2.2717459999999998e-03 1.4935428000000001e-02
-6.7777872639354009e-01 -9.5695148026634840e+01 7.0724892555248942e-01 -1.5305833911603915e+02 -2.6860598739998659e+02 7.6132232585867978e+00 -1.2734840591055738e+01 -1.8249013136770067e+01 2.4866887000000002e-03 1.7314116000000001e-02
-6.7413242857569744e-01 -8.8396200648370083e+01 7.0802251864356813e-01 -1.3818703864759141e+02 -2.6543947246514097e+02 7.0584440231915906e+00 -1.1773547381925674e+01 -1.8103182301910017e+01 2.7077901999999999e-03 1.9910858000000000e-02
-6.7017157157101159e-01 -8.1805831380297633e+01 7.0886284814122524e-01 -1.2400008260823452e+02 -2.6203415470650691e+02 6.5519896827950648e+00 -1.0855732792087204e+01 -1.7945984483967379e+01 2.9346520999999999e-03 2.2731616000000000e-02
-6.6588834672457375e-01 -7.5844649320983436e+01 7.0977157071800634e-01 -1.1045146176655210e+02 -2.5839160465411624e+02 6.0887866849096532e+00 -9.9779508575495299e+00 -1.7777404457366071e+01 3.1668782999999998e-03 2.5781951000000001e-02
-6.6127550003328028e-01 -7.0443616301788154e+01 7.1075022537235955e-01 -9.7503660707399902e+01 -2.5451468890465253e+02 5.6644057566667589e+00 -9.1373262906813260e+00 -1.7597478959196962e+01 3.4040742000000001e-03 2.9067029000000001e-02
-6.5632632652910594e-01 -6.5542429581618677e+01 7.1180023462027242e-01 -8.5126049515346665e+01 -2.5040755370924973e+02 5.2749609120560601e+00 -8.3314507558676194e+00 -1.7406296287729585e+01 3.6458464000000000e-03 3.2591624999999999e-02
-6.5103467870419418e-01 -6.1088223924054518e+01 7.1292290270781655e-01 -7.3293603547424169e+01 -2.4607561274337618e+02 4.9170276132756063e+00 -7.5583022166700680e+00 -1.7203996138262696e+01 3.8918026000000000e-03 3.6360116999999997e-02
-6.4539495527740276e-01 -5.7034500674077051e+01 7.1411941799442080e-01 -6.1985900562210134e+01 -2.4152550027791628e+02 4.5875750716234274e+00 -6.8161766192505651e+00 -1.6990768373590928e+01 4.1415510999999999e-03 4.0376493999999999e-02
-6.3940210540684972e-01 -5.3340235155982491e+01 7.1539085205914432e-01 -5.1186114320553997e+01 -2.3676504818296959e+02 4.2839118838306955e+00 -6.1036341095931386e+00 -1.6766852094868614e+01 4.3947007000000003e-03 4.4644352999999998e-02
-6.3305162868991260e-01 -4.9969157389080067e+01 7.1673815970067567e-01 -4.0880447675739596e+01 -2.3180323013211537e+02 4.0036405941945468e+00 -5.4194541153042826e+00 -1.6532534247732290e+01 4.6508610999999997e-03 4.9166899000000000e-02
-6.2633956954650194e-01 -4.6889107939703656e+01 7.1816218012897037e-01 -3.1057438354721189e+01 -2.2665010364759442e+02 3.7446193505550882e+00 -4.7625972043227609e+00 -1.6288147760833620e+01 4.9096423000000002e-03 5.3946949000000001e-02
-6.1926252423996986e-01 -4.4071533147621984e+01 7.1966363547570444e-01 -2.1707476567204314e+01 -2.2131673095000056e+02 3.5049302176601538e+00 -4.1321742728666990e+00 -1.6034069813197355e+01 5.1706551000000002e-03 5.8986927000000001e-02
-6.1181762823947428e-01 -4.1491030185910304e+01 7.2124313347545654e-01 -1.2822352320155380e+01 -2.1581518041406983e+02 3.2828513708783893e+00 -3.5274188197987795e+00 -1.5770719157908937e+01 5.4335110000000002e-03 6.4288872999999996e-02
-6.0400256885761427e-01 -3.9124954003822040e+01 7.2290116478452660e-01 -4.3948993316541713e+00 -2.1015833035378114e+02 3.0768347159362861e+00 -2.9476653015166927e+00 -1.5498554084348610e+01 5.6978226000000002e-03 6.9854434000000007e-02
-5.9581557120861328e-01 -3.6953096804344753e+01 7.2463810596002609e-01 3.5813351943138731e+00 -2.0435986556762123e+02 2.8854845136694309e+00 -2.3923291229645254e+00 -1.5218069187550583e+01 5.9632034000000004e-03 7.5684873999999999e-02
-5.8725540522922737e-01 -3.4957396554655880e+01 7.2645421797033305e-01 1.1112357047253033e+01 -1.9843415961699100e+02 2.7075412419851435e+00 -1.8608897924444907e+00 -1.4929793433876684e+01 6.2292681999999997e-03 8.1781068999999998e-02
-5.7832138006201783e-01 -3.3121687832088696e+01 7.2834964738672836e-01 1.8203958232792878e+01 -1.9239617385928128e+02 2.5418659486207469e+00 -1.3528770542982482e+00 -1.4634283814092306e+01 6.4956331999999999e-03 8.8143510999999994e-02
-5.6901334405535198e-01 -3.1431485324186667e+01 7.3032442638339545e-01 2.4861913191303458e+01 -1.8626139228800096e+02 2.3874271542795222e+00 -8.6785834180728494e-01 -1.4332126011473255e+01 6.7619166000000000e-03 9.4772308000000000e-02
-5.5933167633831193e-01 -2.9873792897770951e+01 7.3237847452487537e-01 3.1092147709044458e+01 -1.8004565939194825e+02 2.2432894773416496e+00 -4.0542800245010097e-01 -1.4023930174157538e+01 7.0277381999999996e-03 1.0166719000000000e-01
-5.4927728541651277e-01 -2.8436937895152624e+01 7.3451159906397578e-01 3.6900876166420765e+01 -1.7376511405358852e+02 2.1086032119772531e+00 3.4801667327194419e-02 -1.3710324187873811e+01 7.2927204000000001e-03 1.0882751000000000e-01
-5.3885162883064786e-01 -2.7110428175357860e+01 7.3672349077104338e-01 4.2294699556851285e+01 -1.6743608507880694e+02 1.9825959812885534e+00 4.5320724794862488e-01 -1.3391953304367030e+01 7.5564877000000004e-03 1.1625223000000000e-01
-5.2805667243521670e-01 -2.5884818213212032e+01 7.3901373257332781e-01 4.7280719690348185e+01 -1.6107496202999280e+02 1.8645641935209922e+00 8.5016247790337918e-01 -1.3069474604982339e+01 7.8186677999999999e-03 1.2393994999999999e-01
-5.1689488759016167e-01 -2.4751597263614617e+01 7.4138180015080024e-01 5.1866602887309348e+01 -1.5469809183361659e+02 1.7538661983227262e+00 1.2260431449787790e+00 -1.2743553267402751e+01 8.0788911000000008e-03 1.3188891000000000e-01
-5.0536929328632141e-01 -2.3703094198828325e+01 7.4382705299888008e-01 5.6060603321092380e+01 -1.4832170130704370e+02 1.6499164878300308e+00 1.5812303891471868e+00 -1.2414860076652706e+01 8.3367917000000003e-03 1.4009695999999999e-01
-4.9348339997815949e-01 -2.2732383679155749e+01 7.4634874634479920e-01 5.9871628492709156e+01 -1.4196176669892952e+02 1.5521797076784232e+00 1.9161160007016775e+00 -1.2084066326188829e+01 8.5920070000000005e-03 1.4856159999999999e-01
-4.8124123766740012e-01 -2.1833211282256563e+01 7.4894602518941944e-01 6.3309234698772116e+01 -1.3563393527366088e+02 1.4601659448117958e+00 2.2311046782492849e+00 -1.1751841021025264e+01 8.8441787999999997e-03 1.5727996000000000e-01
-4.6864732781939222e-01 -2.0999922705587668e+01 7.5161793026541557e-01 6.6383638954217560e+01 -1.2935342105859613e+02 1.3734262231852412e+00 2.5266153878558097e+00 -1.1418846691220564e+01 9.0929527999999999e-03 1.6624881999999999e-01
-4.5570668336310993e-01 -2.0227401692404374e+01 7.5436339803727437e-01 6.9105703887817143e+01 -1.2313492223506627e+02 1.2915484049761625e+00 2.8030848492127580e+00 -1.1085736199217527e+01 9.3379794999999995e-03 1.7546460999999999e-01
-4.4242479464933415e-01 -1.9511017265676895e+01 7.5718126368038652e-01 7.1486916557820678e+01 -1.1699253634666258e+02 1.2141538776991441e+00 3.0609674601713177e+00 -1.0753149171889786e+01 9.5789143999999993e-03 1.8492342000000001e-01
-4.2880767157610655e-01 -1.8846576414208752e+01 7.6007025214377266e-01 7.3539344503101646e+01 -1.1093971214091874e+02 1.1408945047666024e+00 3.3007339505691551e+00 -1.0421710325816010e+01 9.8154178999999998e-03 1.9462097000000000e-01
-4.1486177337964003e-01 -1.8230277791175968e+01 7.6302899304553939e-01 7.5275612713051331e+01 -1.0498914897202091e+02 1.0714493420632469e+00 3.5228759697229339e+00 -1.0092024898072317e+01 1.0047156000000000e-02 2.0455266000000000e-01
-4.0059399459250100e-01 -1.7658673832437525e+01 7.6605602365196990e-01 7.6708841596635480e+01 -9.9152744713372954e+01 1.0055221468830497e+00 3.7279013592270003e+00 -9.7646757902742021e+00 1.0273801000000001e-02 2.1471357999999999e-01
-3.8601173525269866e-01 -1.7128639635106271e+01 7.6914977398206874e-01 7.7852586754922029e+01 -9.3441570880442114e+01 9.4283931256786513e-01 3.9163348264189333e+00 -9.4402231995629542e+00 1.0495031000000000e-02 2.2509846000000000e-01
-3.7112281665277780e-01 -1.6637340162386778e+01 7.7230858468210828e-01 7.8720786488830655e+01 -8.7865805731522897e+01 8.8314768666501586e-01 4.0887173216607042e+00 -9.1192004717759492e+00 1.0710529999999999e-02 2.3570173000000000e-01
-3.5593549538163677e-01 -1.6182202990696990e+01 7.7553070404653779e-01 7.9327689614073279e+01 -8.2434708054983147e+01 8.2621207452065826e-01 4.2456044792550180e+00 -8.8021128709361225e+00 1.0919989999999999e-02 2.4651751000000000e-01
-3.4045847736634516e-01 -1.5760895801845352e+01 7.7881428503889194e-01 7.9687789098827849e+01 -7.7156601372752533e+01 7.7181425234989354e-01 4.3875646440964386e+00 -8.4894363570860509e+00 1.1123108000000000e-02 2.5753959999999998e-01
-3.2470087574669027e-01 -1.5371303578023420e+01 7.8215739422906461e-01 7.9815749545575656e+01 -7.2038848365456190e+01 7.1975185446319534e-01 4.5151776680249842e+00 -8.1816155262472048e+00 1.1319591000000000e-02 2.6876150999999998e-01
-3.0867219683335950e-01 -1.5011509506536012e+01 7.8555801477239917e-01 7.9726339154934962e+01 -6.7087839008382062e+01 6.6983474027288714e-01 4.6290324491724357e+00 -7.8790625061111026e+00 1.1509152000000000e-02 2.8017647000000001e-01
-2.9238235414975799e-01 -1.4679778598979956e+01 7.8901404343059844e-01 7.9434353262277966e+01 -6.2309000262392615e+01 6.2188612109388119e-01 4.7297253355457194e+00 -7.5821565424805328e+00 1.1691511000000000e-02 2.9177742000000001e-01
-2.7584168247382634e-01 -1.4374542850576789e+01 7.9252328759263269e-01 7.8954545302484263e+01 -5.7706813163756408e+01 5.7574033050863904e-01 4.8178579886306432e+00 -7.2912438853160779e+00 1.1866398000000000e-02 3.0355700000000002e-01
-2.5906082550349818e-01 -1.4094385834828438e+01 7.9608348910746851e-01 7.8301560047013581e+01 -5.3284794908463077e+01 5.3124127799833443e-01 4.8940351219611573e+00 -7.0066356771216931e+00 1.2033550000000000e-02 3.1550762999999998e-01
-2.4205083414942469e-01 -1.3838032970240237e+01 7.9969230343043174e-01 7.7489866542430363e+01 -4.9045554573743686e+01 4.8824230382711042e-01 4.9588622741924757e+00 -6.7286098028468988e+00 1.2192715000000000e-02 3.2762143999999999e-01
-2.2482309632588560e-01 -1.3604339453698863e+01 8.0334731451866226e-01 7.6533693238340121e+01 -4.4990804406139816e+01 4.4660464206674999e-01 5.0129438362806606e+00 -6.4574100879333329e+00 1.2343646000000000e-02 3.3989032000000002e-01
-2.0738935099260719e-01 -1.3392281888902941e+01 8.0704603185202306e-01 7.5446975207305272e+01 -4.1121399472195201e+01 4.0619702911343136e-01 5.0568809278923155e+00 -6.1932470430696149e+00 1.2486109000000000e-02 3.5230591000000000e-01
-1.8976163198749052e-01 -1.3200949168262992e+01 8.1078590234946468e-01 7.4243289837343625e+01 -3.7437366739446325e+01 3.6689425257728525e-01 5.0912694018689484e+00 -5.9362978674770623e+00 1.2619877000000000e-02 3.6485963999999999e-01
-1.7195231015206491e-01 -1.3029536080807130e+01 8.1456430143175196e-01 7.2935814522015747e+01 -3.3937960401540003e+01 3.2857695801576714e-01 5.1166978153106566e+00 -5.6867081673181321e+00 1.2744734000000001e-02 3.7754270000000001e-01
-1.5397405120603525e-01 -1.2877336683078553e+01 8.1837854195873705e-01 7.1537277188308252e+01 -3.0621702413039706e+01 2.9113064358826801e-01 5.1337456491727513e+00 -5.4445918485363753e+00 1.2860473000000001e-02 3.9034606999999999e-01
-1.3583978766364502e-01 -1.2743739126717006e+01 8.2222588018754195e-01 7.0059922148012902e+01 -2.7486415402024935e+01 2.5444503682801201e-01 5.1429815912115089e+00 -5.2100332830001879e+00 1.2966896000000000e-02 4.0326054000000000e-01
-1.1756274691731305e-01 -1.2628221057448217e+01 8.2610350981437597e-01 6.8515466434111062e+01 -2.4529346261899491e+01 2.1841353928789486e-01 5.1449619030159290e+00 -4.9830878868870876e+00 1.3063819000000001e-02 4.1627669000000000e-01
-9.9156366986725808e-02 -1.2530346074800141e+01 8.3000857984908238e-01 6.6915077983954518e+01 -2.1747083116476933e+01 1.8293242248590469e-01 5.1402289566563377e+00 -4.7637834981173617e+00 1.3151064000000001e-02 4.2938494999999999e-01
-8.0634380769744607e-02 -1.2449760741990286e+01 8.3393817674059179e-01 6.5269349334913912e+01 -1.9135749881114691e+01 1.4790054228983351e-01 5.1293099314503268e+00 -4.5521214743883762e+00 1.3228465999999999e-02 4.4257553999999999e-01
-6.2010703707863102e-02 -1.2386192176551900e+01 8.3788934820965100e-01 6.3588281433418850e+01 -1.6690984429054531e+01 1.1321812335771686e-01 5.1127156467907948e+00 -4.3480799895154671e+00 1.3295871000000001e-02 4.5583855000000001e-01
-4.3299489953478321e-02 -1.2339446877061576e+01 8.4185909133245862e-01 6.1881269037740196e+01 -1.4408016883886544e+01 7.8786986299391515e-02 5.0909395378752000e+00 -4.1516135912246792e+00 1.3353135000000000e-02 4.6916390000000002e-01
-2.4515062160801682e-02 -1.2309409292018572e+01 8.4584436743612024e-01 6.0157087740827770e+01 -1.2281716050179206e+01 4.4509456080561338e-02 5.0644566815200243e+00 -3.9626555676141026e+00 1.3400123999999999e-02 4.8254139000000001e-01
-5.6719395694944108e-03 -1.2296042375902726e+01 8.4984209614046657e-01 5.8423900005564683e+01 -1.0306651146445608e+01 1.0287889631315439e-02 5.0337232985909974e+00 -3.7811199453294431e+00 1.3436718000000000e-02 4.9596067999999999e-01
1.3215218162603959e-02 -1.2299387726042097e+01 8.5384916727441751e-01 5.6689248514362468e+01 -8.4771344820900971e+00 -2.3975924573268359e-02 4.9991760321731107e+00 -3.6069027022164120e+00 1.3462807000000000e-02 5.0941133000000005e-01
3.2131554792203199e-02 -1.2319566943156266e+01 8.5786242895961784e-01 5.4960067748998561e+01 -6.7872835585144262e+00 -5.8381245638028267e-02 4.9612315780689684e+00 -3.4398841146110883e+00 1.3478291000000000e-02 5.2288276000000000e-01
5.1062143866924536e-02 -1.2356783612236228e+01 8.6187871442225716e-01 5.3242688059459319e+01 -5.2310564913473669e+00 -9.3029239747429826e-02 4.9202863609089507e+00 -3.2799294608196696e+00 1.3483083000000000e-02 5.3636434000000000e-01
6.9991918516210339e-02 -1.2411326522910400e+01 8.6589482709761423e-01 5.1542849024450319e+01 -3.8023061650897478e+00 -1.2802338185109696e-01 4.8767163453938469e+00 -3.1268913834499115e+00 1.3477108000000000e-02 5.4984533999999996e-01
8.8905699534960192e-02 -1.2483572714838131e+01 8.6990754658823932e-01 4.9865719278303686e+01 -2.4948214832543059e+00 -1.6347017116911278e-01 4.8308771284294352e+00 -2.9806114447604197e+00 1.3460300999999999e-02 5.6331494999999998e-01
1.0778823750898447e-01 -1.2573992545016713e+01 8.7391363760122720e-01 4.8215910286164828e+01 -1.3023658847571840e+00 -1.9948027828703607e-01 4.7831039324770410e+00 -2.8409214342478921e+00 1.3432611000000001e-02 5.7676231000000000e-01
1.2662424089863977e-01 -1.2683155352685148e+01 8.7790985590639958e-01 4.6597498692129669e+01 -2.1871371083124044e-01 -2.3616871782645199e-01 4.7337117823316470e+00 -2.7076447629533082e+00 1.3393997000000000e-02 5.9017653000000003e-01
1.4539833391337564e-01 -1.2811735997312940e+01 8.8189293939903157e-01 4.5014052357718718e+01 7.6231185397850021e-01 -2.7365603188374499e-01 4.6829958492804220e+00 -2.5805983450515870e+00 1.3344429999999999e-02 6.0354666000000001e-01
1.6409511267900623e-01 -1.2960522677757755e+01 8.8585962001621632e-01 4.3468652477300957e+01 1.6468110968240601e+00 -3.1206911719824826e-01 4.6312319692590567e+00 -2.4595936295000578e+00 1.3283893999999999e-02 6.1686173000000000e-01
1.8269920140498119e-01 -1.3130427061235563e+01 8.8980663565322893e-01 4.1963916120779885e+01 2.4407813818055382e+00 -3.5154239256085329e-01 4.5786766913269421e+00 -2.3444377936822907e+00 1.3212384000000001e-02 6.3011079000000003e-01
2.0119516813347837e-01 -1.3322494364302305e+01 8.9373071228898027e-01 4.0502032013427808e+01 3.1500879432909850e+00 -3.9221866069580835e-01 4.5255682870979852e+00 -2.2349352622111756e+00 1.3129907000000000e-02 6.4328284999999996e-01
2.1956762303212984e-01 -1.3537916659384960e+01 8.9762858483965458e-01 3.9084781033299983e+01 3.7804459938012109e+00 -4.3425052842842982e-01 4.4721270727166207e+00 -2.1308886467032546e+00 1.3036481000000001e-02 6.5636695000000000e-01
2.3780123243583873e-01 -1.3778047828227557e+01 9.0149700013780010e-01 3.7713563371489080e+01 4.3374024488159044e+00 -4.7780183559374623e-01 4.4185560125413534e+00 -2.0320996664169231e+00 1.2932137999999999e-02 6.6935217000000002e-01
2.5588067672132608e-01 -1.4044419905021824e+01 9.0533270799505638e-01 3.6389434168063602e+01 4.8263174574833076e+00 -5.2304875583830512e-01 4.3650415986654947e+00 -1.9383704275472704e+00 1.2816919000000000e-02 6.8222760000000005e-01
2.7379073455803771e-01 -1.4338764214615884e+01 9.0913247907670058e-01 3.5113123132786043e+01 5.2523545336423281e+00 -5.7018214868959005e-01 4.3117543894940367e+00 -1.8495039404261739e+00 1.2690879000000000e-02 6.9498240000000000e-01
2.9151625482450916e-01 -1.4663033262627520e+01 9.1289309894346482e-01 3.3885067200558218e+01 5.6204683844707315e+00 -6.1940908109706405e-01 4.2588496546754291e+00 -1.7653051752612432e+00 1.2554085000000000e-02 7.0760577999999996e-01
3.0904217065018269e-01 -1.5019427603631497e+01 9.1661137103062806e-01 3.2705436955307462e+01 5.9353979165797357e+00 -6.7095503876576146e-01 4.2064690367975679e+00 -1.6855817279292760e+00 1.2406611999999999e-02 7.2008700999999997e-01
3.2635356962449724e-01 -1.5410427817748115e+01 9.2028413154347077e-01 3.1574159311055009e+01 6.2016600957409151e+00 -7.2506683281286044e-01 4.1547400597684110e+00 -1.6101442192750370e+00 1.2248551000000000e-02 7.3241546999999996e-01
3.4343565167143453e-01 -1.5838829429382146e+01 9.2390824052000231e-01 3.0490947347794155e+01 6.4235481300936366e+00 -7.8201466628211136e-01 4.1037769125163654e+00 -1.5388071621374309e+00 1.2080001999999999e-02 7.4458062000000003e-01
3.6027375713315424e-01 -1.6307784905760691e+01 9.2748058778914233e-01 2.9455323112290912e+01 6.6051277140297699e+00 -8.4209688741953803e-01 4.0536825938457204e+00 -1.4713893094173465e+00 1.1901076999999999e-02 7.5657202000000001e-01
3.7685339485363145e-01 -1.6820852745839360e+01 9.3099809892890373e-01 2.8466639721100549e+01 6.7502388613082260e+00 -9.0564123029767929e-01 4.0045484491255312e+00 -1.4077140816796641e+00 1.1711898000000000e-02 7.6837935000000002e-01
3.9316028430410799e-01 -1.7382055921559793e+01 9.3445774420366545e-01 2.7524103552309683e+01 6.8624978177096176e+00 -9.7301214246170686e-01 3.9564555325441186e+00 -1.3476097555905273e+00 1.1512599000000000e-02 7.7999244000000001e-01
4.0918028537400475e-01 -1.7995945158205991e+01 9.3785652366871708e-01 2.6626798492575382e+01 6.9452978950420841e+00 -1.0446134739355568e+00 3.9094750208303966e+00 -1.2909102605050795e+00 1.1303326000000001e-02 7.9140122000000002e-01
4.2489953878909970e-01 -1.8667683357586391e+01 9.4119149696116955e-01 2.5773699054233433e+01 7.0018176595760186e+00 -1.1208956363398921e+00 3.8636689164726872e+00 -1.2374546441065242e+00 1.1084235000000000e-02 8.0259581999999996e-01
4.4030433973516714e-01 -1.9403132311862613e+01 9.4445975648813585e-01 2.4963695354377929e+01 7.0350233969647933e+00 -1.2023616328904856e+00 3.8190911467543658e+00 -1.1870880459545958e+00 1.0855490000000001e-02 8.1356647999999998e-01
4.5538126423433822e-01 -2.0208967292236753e+01 9.4765845423855033e-01 2.4195605669910680e+01 7.0476769140808750e+00 -1.2895755111316254e+00 3.7757879721607113e+00 -1.1396612818786358e+00 1.0617270000000000e-02 8.2430364000000000e-01
4.7011714106146574e-01 -2.1092806029983350e+01 9.5078479582498654e-01 2.3468193249112673e+01 7.0423420547086337e+00 -1.3831715200056118e+00 3.7337982138536812e+00 -1.0950311846222331e+00 1.0369760000000000e-02 8.3479791999999997e-01
4.8449906578594182e-01 -2.2063364003232991e+01 9.5383604346274853e-01 2.2780180872281488e+01 7.0213922726429709e+00 -1.4838651745953986e+00 3.6931547670145672e+00 -1.0530606179742903e+00 1.0113159000000000e-02 8.4504013000000000e-01
4.9851441481351544e-01 -2.3130642293468714e+01 9.5680951894896171e-01 2.2130264046213817e+01 6.9870197796871665e+00 -1.5924664874695169e+00 3.6538846254839239e+00 -1.0136183668323895e+00 9.8476710000000005e-03 8.5502127999999999e-01
5.1215084538629263e-01 -2.4306148249055802e+01 9.5970260366257309e-01 2.1517123135320329e+01 6.9412432856899899e+00 -1.7098951786891694e+00 3.6160095904852279e+00 -9.7657948126551408e-01 9.5735140000000000e-03 8.6473257999999997e-01
5.2539636579182591e-01 -2.5603172702963107e+01 9.6251275345980647e-01 2.0939431907339941e+01 6.8859160113519104e+00 -1.8372000334928924e+00 3.5795466720395357e+00 -9.4182476387093828e-01 9.2909130999999992e-03 8.7416548999999999e-01
5.3823926515402487e-01 -2.7037111335469103e+01 9.6523748377870699e-01 2.0395870378759742e+01 6.8227359618826569e+00 -1.9755807217775621e+00 3.5445088061413563e+00 -9.0924109150840837e-01 9.0001030000000006e-03 8.8331166999999999e-01
5.5066819768406350e-01 -2.8625873058338033e+01 9.6787438751368771e-01 1.9885130925809637e+01 6.7532541751206363e+00 -2.1264156656634419e+00 3.5109051654976540e+00 -8.7872109475476834e-01 8.7013270999999996e-03 8.9216304000000002e-01
5.6267214055492598e-01 -3.0390367583886469e+01 9.7042112607825648e-01 1.9405927332905890e+01 6.6788837836745021e+00 -2.2912947596819300e+00 3.4787417203214668e+00 -8.5016322877528450e-01 8.3948374000000006e-03 9.0071175000000003e-01
5.7424046411049656e-01 -3.2355123738219341e+01 9.7287544430047124e-01 1.8956999640125996e+01 6.6009084479916131e+00 -2.4720609365397013e+00 3.4480215076397611e+00 -8.2347149102058492e-01 8.0808944000000001e-03 9.0895022999999997e-01
5.8536287569828827e-01 -3.4549039727398792e+01 9.7523515850657527e-01 1.8537122369202407e+01 6.5204918577224040e+00 -2.6708598802837740e+00 3.4187451920472842e+00 -7.9855546046315917e-01 7.7597663000000001e-03 9.1687114999999997e-01
5.9602947583671395e-01 -3.7006343488414615e+01 9.7749816843736248e-01 1.8145107759542427e+01 6.4386844920395951e+00 -2.8902034087942616e+00 3.3909113294743007e+00 -7.7533002427246600e-01 7.4317293999999999e-03 9.2446746000000002e-01
6.0623077225690403e-01 -3.9767803665622772e+01 9.7966246022726744e-01 1.7779810023589889e+01 6.3564340904080847e+00 -3.1330493199581264e+00 3.3645166552553816e+00 -7.5371540767245826e-01 7.0970672000000004e-03 9.3173240000000002e-01
6.1595765181907103e-01 -4.2882265390752849e+01 9.8172610044618391e-01 1.7440130383409599e+01 6.2745915119425009e+00 -3.4029016285513136e+00 3.3395565195888643e+00 -7.3363685593991512e-01 6.7560703000000000e-03 9.3865947999999999e-01
6.2520145072159927e-01 -4.6408663769697696e+01 9.8368725099491983e-01 1.7125018037790152e+01 6.1939188770851743e+00 -3.7039416683673738e+00 3.3160250031519882e+00 -7.1502449687992697e-01 6.4090362999999996e-03 9.4524253000000003e-01
6.3395387025013639e-01 -5.0418611763325643e+01 9.8554415123065120e-01 1.6833475046768768e+01 6.1150973758081761e+00 -4.0411951874578964e+00 3.2939154015410779e+00 -6.9781337543501043e-01 6.0562691999999996e-03 9.5147563999999996e-01
6.4220711719577350e-01 -5.4999904465261913e+01 9.8729514775783267e-01 1.6564555304785610e+01 6.0387326978231792e+00 -4.4207618175303249e+00 3.2732201544711104e+00 -6.8194305133309863e-01 5.6980790999999996e-03 9.5735325999999998e-01
6.4995376343686595e-01 -6.0261148875625544e+01 9.8893866463728641e-01 1.6317370032377404e+01 5.9653631247771504e+00 -4.8501093988531094e+00 3.2539314127812222e+00 -6.6735773358906370e-01 5.3347821999999998e-03 9.6287009999999995e-01
6.5718688635721123e-01 -6.6338227778511850e+01 9.9047323317711378e-01 1.6091085316430775e+01 5.8954636637429800e+00 -5.3384955550029156e+00 3.2360409160511208e+00 -6.5400588929105063e-01 4.9667000000000001e-03 9.6802122999999995e-01
6.6389997055332528e-01 -7.3403240794883274e+01 9.9189747107905679e-01 1.5884925949401001e+01 5.8294535097820885e+00 -5.8975414511877711e+00 3.2195403991879443e+00 -6.4184029787728025e-01 4.5941591999999996e-03 9.7280200999999999e-01
6.7008702016898414e-01 -8.1677550837624352e+01 9.9321010627122730e-01 1.5698173109718565e+01 5.7676993855615146e+00 -6.5420750444792084e+00 3.2044215880346183e+00 -6.3081774786473133e-01 4.2174915999999996e-03 9.7720817000000004e-01
6.7574244656068183e-01 -9.1450832574939028e+01 9.9440995307537849e-01 1.5530172140526801e+01 5.7105220114300419e+00 -7.2913793817744956e+00 3.1906764987411114e+00 -6.2089911387308228e-01 3.8370333000000002e-03 9.8123572999999997e-01
6.8086118063217316e-01 -1.0311068032286053e+02 9.9549593603963282e-01 1.5380314263179148e+01 5.6581991708580466e+00 -8.1710177063883656e+00 3.1782973855996208e+00 -6.1204906972122519e-01 3.4531249000000000e-03 9.8488107999999996e-01
6.8543863070901967e-01 -1.1718990120395689e+02 9.9646708100120962e-01 1.5248061744524920e+01 5.6109700371798068e+00 -9.2160896926811660e+00 3.1672769608610714e+00 -6.0423605610354847e-01 3.0661112999999999e-03 9.8814095000000002e-01
6.8947065445495426e-01 -1.3444665718732816e+02 9.9732250912824227e-01 1.5132932554314428e+01 5.5690393219864642e+00 -1.0476264272128148e+01 3.1576085622525571e+00 -5.9743223693535363e-01 2.6763420000000000e-03 9.9101238999999997e-01
6.9295364312278873e-01 -1.5601088758159770e+02 9.9806145479432506e-01 1.5034502100863758e+01 5.5325795412886354e+00 -1.2025442706517781e+01 3.1492860709902697e+00 -5.9161328631274435e-01 2.2841723000000002e-03 9.9349282999999999e-01
6.9588449347077685e-01 -1.8367673989162839e+02 9.9868325962033100e-01 1.4952401253150885e+01 5.5017336664264773e+00 -1.3980915650489120e+01 3.1423039782770523e+00 -5.8675836111073343e-01 1.8899688000000000e-03 9.9558005999999999e-01
6.9826059372079818e-01 -2.2056967766419319e+02 9.9918736949532039e-01 1.4886330383683045e+01 5.4766182838133997e+00 -1.6547250676881102e+01 3.1366576154739492e+00 -5.8285006349433865e-01 1.4941295000000000e-03 9.9727222000000004e-01
7.0008002014380621e-01 -2.7301609330644453e+02 9.9957337628381637e-01 1.4836032192075901e+01 5.4573231173565055e+00 -2.0139666742682540e+01 3.1323426611391589e+00 -5.7987406790685636e-01 1.0971916000000000e-03 9.9856794000000004e-01
7.0134207064890863e-01 -3.5816206198573440e+02 9.9984113103126515e-01 1.4801291796750933e+01 5.4439070566008860e+00 -2.5888020151996635e+01 3.1293539521799385e+00 -5.7781820962679298e-01 7.0085733000000002e-04 9.9946672000000003e-01
