-1.4313028482818901e-01 -3.9541152968141873e+03 1.4313145435891017e-01 -3.5325392287226746e+03 -1.2071090656569970e+03 2.6992589817913540e+02 -2.4208981580120931e+02 -7.9720966945521894e+01 5.5301730000000003e-06 1.0230946000000001e-06
-1.4312487425464068e-01 -2.8142666100108204e+03 1.4314764990253601e-01 -2.3889534188518464e+03 -1.2059421846273217e+03 1.9462837854949970e+02 -1.6661620207059801e+02 -7.9668075269406259e+01 3.5894988000000002e-05 1.9923924999999999e-05
-1.4310789927156223e-01 -2.2864659825595472e+03 1.4319846135099676e-01 -1.8520568226103983e+03 -1.2022871738223114e+03 1.5972279430996764e+02 -1.3127718157971981e+02 -7.9502342487206036e+01 8.5619985000000003e-05 7.9222864999999994e-05
-1.4307429431450636e-01 -1.9415280427183222e+03 1.4329905152746883e-01 -1.4924070668993097e+03 -1.1950779005118795e+03 1.3686278363122102e+02 -1.0770819337391453e+02 -7.9175174506775804e+01 1.5173507999999999e-04 1.9661552000000001e-04
-1.4301962597108103e-01 -1.6868579513198658e+03 1.4346269102575615e-01 -1.2177185769829759e+03 -1.1834247046613052e+03 1.1993376731080342e+02 -8.9802441936747528e+01 -7.8645568072443837e+01 2.3255418000000001e-04 3.8758918999999998e-04
-1.4293986215987750e-01 -1.4865812041874094e+03 1.4370144913015440e-01 -9.9275252682315624e+02 -1.1665872054805036e+03 1.0656818947684340e+02 -7.5215343144443139e+01 -7.7878653412925772e+01 3.2689763000000001e-04 6.6622920000000002e-04
-1.4283126710125257e-01 -1.3229419473346279e+03 1.4402650820084192e-01 -8.0061728848537314e+02 -1.1439754826174055e+03 9.5595817715722745e+01 -6.2809978479631795e+01 -7.6845518476193448e+01 4.3385032000000002e-04 1.0455858000000000e-03
-1.4269034253789400e-01 -1.1858072961220978e+03 1.4444833961916265e-01 -6.3220735175723689e+02 -1.1151607905208407e+03 8.6350224882192492e+01 -5.1960861940634636e+01 -7.5523489381729362e+01 5.5265518999999999e-04 1.5378795000000000e-03
-1.4251379139969225e-01 -1.0688182884434507e+03 1.4497681255006178e-01 -4.8230734365610977e+02 -1.0798903213667838e+03 7.8414317904475922e+01 -4.2297533336718132e+01 -7.3896598062137500e+01 6.8265765000000004e-04 2.1546280000000000e-03
-1.4229849326829677e-01 -9.6770091767660949e+02 1.4562126738436404e-01 -3.4785942375636239e+02 -1.0380992542104493e+03 7.1508762705190293e+01 -3.3591191957364877e+01 -7.1956016563952673e+01 8.2327310000000005e-04 2.9067318999999999e-03
-1.4204148765946448e-01 -8.7942964068467552e+02 1.4639056577994788e-01 -2.2708433659335114e+02 -9.8992167776058136e+02 6.5436559943042880e+01 -2.5697758116463174e+01 -6.9700535073930581e+01 9.7396649000000004e-04 3.8045331000000002e-03
-1.4173996179970855e-01 -8.0177307998835192e+02 1.4729312725006993e-01 -1.1898513477636457e+02 -9.3569532541302704e+02 6.0053057866912290e+01 -1.8526288172403074e+01 -6.7136829672587865e+01 1.1342389000000000e-03 4.8578574999999999e-03
-1.4139124169495029e-01 -7.3303105529054551e+02 1.4833695589769080e-01 -2.3041023316987030e+01 -8.7595989881117373e+02 5.5248512550169899e+01 -1.2019985943227676e+01 -6.4279500845632441e+01 1.3036180000000001e-03 6.0760461999999999e-03
-1.4099278566101697e-01 -6.7187306162747984e+02 1.4952965978072413e-01 6.0996259034607370e+01 -8.1144775137681302e+02 5.0937402971652183e+01 -6.1439714040029294e+00 -6.1150969661788132e+01 1.4816515000000000e-03 7.4679780999999997e-03
-1.4054217908506281e-01 -6.1723468727595184e+02 1.5087846659274706e-01 1.3324629472781862e+02 -7.4306625345553505e+02 4.7051577264504658e+01 -8.7692277567354204e-01 -5.7781059736253304e+01 1.6679024999999999e-03 9.0420881999999994e-03
-1.4003713087593053e-01 -5.6824876305273131e+02 1.5239023428818091e-01 1.9380518035104305e+02 -6.7187187017866461e+02 4.3535698010118445e+01 3.7948887785625152e+00 -5.4206322574795820e+01 1.8619452999999999e-03 1.0806380000000001e-02
-1.3947547017214817e-01 -5.2419772085327884e+02 1.5407146093628973e-01 2.4282379785298829e+02 -5.9903683493734275e+02 4.0344109938149835e+01 7.8820063261195923e+00 -5.0469095903866851e+01 2.0633631000000000e-03 1.2768437000000001e-02
-1.3885514482474490e-01 -4.8448043276027425e+02 1.5592828926258812e-01 2.8056453074504941e+02 -5.2580805524811194e+02 3.7438635600403003e+01 1.1395056072035819e+01 -4.6616316235566480e+01 2.2717459999999998e-03 1.4935428000000001e-02
-1.3817421884952674e-01 -4.4858763003126927e+02 1.5796651427497901e-01 3.0743986698030591e+02 -4.5346260165806655e+02 3.4786976637628648e+01 1.4347168439831977e+01 -4.2698127632304832e+01 2.4866887000000002e-03 1.7314116000000001e-02
-1.3743087248432881e-01 -4.1608398374253301e+02 1.6019158309238005e-01 3.2403428963818948e+02 -3.8325863602588851e+02 3.2361527972722776e+01 1.6755685071220103e+01 -3.8766314808559372e+01 2.7077901999999999e-03 1.9910858000000000e-02
-1.3662339904014256e-01 -3.8659454362385270e+02 1.6260860437028693e-01 3.3111093695243568e+02 -3.1638652721946562e+02 3.0138508376228092e+01 1.8643218632331884e+01 -3.4872679977326804e+01 2.9346520999999999e-03 2.2731616000000000e-02
-1.3575020661868287e-01 -3.5979403351403954e+02 1.6522234315955708e-01 3.2960395216704876e+02 -2.5392203584261895e+02 2.8097260064256915e+01 2.0038197724738872e+01 -3.1067385114709786e+01 3.1668782999999998e-03 2.5781951000000001e-02
-1.3480981639482092e-01 -3.3539891249649463e+02 1.6803722604762611e-01 3.2059825458842028e+02 -1.9678388592283821e+02 2.6219734632715110e+01 2.0974881227693132e+01 -2.7397324332402096e+01 3.4040742000000001e-03 2.9067029000000001e-02
-1.3380086147153966e-01 -3.1316068157902629e+02 1.7105734458598548e-01 3.0529836641200654e+02 -1.4569858301348594e+02 2.4490067919164481e+01 2.1492948845682935e+01 -2.3904669993784907e+01 3.6458464000000000e-03 3.2591624999999999e-02
-1.3272208859750076e-01 -2.9286071870668809e+02 1.7428645014896604e-01 2.8498878998336608e+02 -1.0117463796910965e+02 2.2894251289496346e+01 2.1636708912880202e+01 -2.0625617846642939e+01 3.8918026000000000e-03 3.6360116999999997e-02
-1.3157235587695532e-01 -2.7430595292808385e+02 1.7772796078869330e-01 2.6098855434724629e+02 -6.3487415306253745e+01 2.1419857994161060e+01 2.1454012481990343e+01 -1.7589385985197396e+01 4.1415510999999999e-03 4.0376493999999999e-02
-1.3035063362852733e-01 -2.5732536705731047e+02 1.8138495866447932e-01 2.3460302047827386e+02 -3.2675943621106398e+01 2.0055824044092514e+01 2.0994945731680982e+01 -1.4817543257557059e+01 4.3947007000000003e-03 4.4644352999999998e-02
-1.2905600438521378e-01 -2.4176706300779117e+02 1.8526019004282254e-01 2.0707605374243613e+02 -8.5515945376520595e+00 1.8792265493102704e+01 2.0310395721118780e+01 -1.2323687569337489e+01 4.6508610999999997e-03 4.9166899000000000e-02
-1.2768766174933990e-01 -2.2749577573935275e+02 1.8935606872488561e-01 1.7954557918197915e+02 9.2819005674687283e+00 1.7620326410170385e+01 1.9450580301188321e+01 -1.0113448198552041e+01 4.9096423000000002e-03 5.3946949000000001e-02
-1.2624491182386496e-01 -2.1439086371503672e+02 1.9367467176214814e-01 1.5300538896621475e+02 2.1398429226080268e+01 1.6532049416108684e+01 1.8463623569145817e+01 -8.1848732002063116e+00 5.1706551000000002e-03 5.8986927000000001e-02
-1.2472717063603199e-01 -2.0234442404826055e+02 1.9821774716823165e-01 1.2827535381572966e+02 2.8511563368775455e+01 1.5520267932179170e+01 1.7394272311870363e+01 -6.5290914270950644e+00 5.4335110000000002e-03 6.4288872999999996e-02
-1.2313396671371800e-01 -1.9125985415467559e+02 2.0298670620707465e-01 1.0598187714316377e+02 3.1431168587188004e+01 1.4578514108430292e+01 1.6282796652458515e+01 -5.1312530492163164e+00 5.6978226000000002e-03 6.9854434000000007e-02
-1.2146493822282260e-01 -1.8105050310003563e+02 2.0798263196162697e-01 8.6549363907778556e+01 3.1017504420333907e+01 1.3700937824476707e+01 1.5164174724568907e+01 -3.9716596169508360e+00 5.9632034000000004e-03 7.5684873999999999e-02
-1.1971983439857364e-01 -1.7163854713405456e+02 2.1320627504950246e-01 7.0202796362266085e+01 2.8135542631634838e+01 1.2882238782544698e+01 1.4067524185304100e+01 -3.0270227999293051e+00 6.2292681999999997e-03 8.1781068999999998e-02
-1.1789851440048266e-01 -1.6295399498772483e+02 2.1865805705045699e-01 5.6980922413113518e+01 2.3612758981218217e+01 1.2117605611419069e+01 1.3015864199876614e+01 -2.2717685533471816e+00 6.4956331999999999e-03 8.8143510999999994e-02
-1.1600094731234489e-01 -1.5493382516940824e+02 2.2433807050638810e-01 4.6758415503006049e+01 1.8202325973181242e+01 1.1402667959682759e+01 1.2026158804788981e+01 -1.6793157537325296e+00 6.7619166000000000e-03 9.4772308000000000e-02
-1.1402721042467229e-01 -1.4752122355326154e+02 2.3024608406255181e-01 3.9275174627002684e+01 1.2554039131478953e+01 1.0733441058274112e+01 1.1109629988626265e+01 -1.2232581233203763e+00 7.0277381999999996e-03 1.0166719000000000e-01
-1.1197748894843237e-01 -1.4066492003228799e+02 2.3638154332443184e-01 3.4170353231998931e+01 7.1942784302430809e+00 1.0106295361073641e+01 1.0272298898196640e+01 -8.7839466627158658e-01 7.2927204000000001e-03 1.0882751000000000e-01
-1.0985208002270448e-01 -1.3431861592326732e+02 2.4274355886156790e-01 3.1018538955910294e+01 2.5152657741535407e+00 9.5179186966483940e+00 9.5157040381852163e+00 -6.2156485829020391e-01 7.5564877000000004e-03 1.1625223000000000e-01
-1.0765138441310616e-01 -1.2844043935240819e+02 2.4933093105676873e-01 2.9365476282311338e+01 -1.2260797864396471e+00 8.9652811910596313e+00 8.8377292678544777e+00 -4.3225962341753416e-01 7.8186677999999999e-03 1.2393994999999999e-01
-1.0537590593927093e-01 -1.2299249355058319e+02 2.5614215181985112e-01 2.8761087892010679e+01 -3.9008141356313240e+00 8.4456091186866011e+00 8.2334909172551303e+00 -2.9300348657681174e-01 8.0788911000000008e-03 1.3188891000000000e-01
-1.0302626006268287e-01 -1.1794047275886663e+02 2.6317537888155706e-01 2.8787769181598158e+01 -5.4934111173389724e+00 7.9563620107167106e+00 7.6962214530927406e+00 -1.8951232359779016e-01 8.3367917000000003e-03 1.4009695999999999e-01
-1.0060316243623052e-01 -1.1325327780204113e+02 2.7042847006833093e-01 2.9082548319191805e+01 -6.0818389776479531e+00 7.4952077810120183e+00 7.2180903033004622e+00 -1.1064565888809366e-01 8.5920070000000005e-03 1.4856159999999999e-01
-9.8107434629429849e-02 -1.0890269335064457e+02 2.7789896616493059e-01 2.9352296921816752e+01 -5.8142169252201290e+00 7.0600044109876130e+00 6.7909309810908782e+00 -4.8193060629375874e-02 8.8441787999999997e-03 1.5727996000000000e-01
-9.5539998403201265e-02 -1.0486312778809706e+02 2.8558410805181628e-01 2.9381730487017990e+01 -4.8841879332263449e+00 6.6487812380221474e+00 6.4068355902852021e+00 3.4776022594801238e-03 9.0929527999999999e-03 1.6624881999999999e-01
-9.2901875709869547e-02 -1.0111132690350638e+02 2.9348083670515046e-01 2.9034583511097271e+01 -3.5069352917559851e+00 6.2597230548228167e+00 6.0586044475507572e+00 4.7848702519727206e-02 9.3379794999999995e-03 1.7546460999999999e-01
-9.0194185830552318e-02 -9.7626162216694183e+01 3.0158580176549182e-01 2.8248767573450536e+01 -1.8975328116054080e+00 5.8911554061073517e+00 5.7400434459853269e+00 8.6730776487695796e-02 9.5789143999999993e-03 1.8492342000000001e-01
-8.7418153962994682e-02 -9.4388437019957507e+01 3.0989533583171303e-01 2.7026728029976905e+01 -2.5292605010066332e-01 5.5415339495965714e+00 5.4461211745581997e+00 1.2073941669552674e-01 9.8154178999999998e-03 1.9462097000000000e-01
-8.4575096908511491e-02 -9.1380687671593250e+01 3.1840549730447143e-01 2.5422436915184818e+01 1.2616213180324858e+00 5.2094289872576738e+00 5.1729918642552226e+00 1.4974050148683488e-01 1.0047156000000000e-02 2.0455266000000000e-01
-8.1666420209375756e-02 -8.8587022907289921e+01 3.2711207895490357e-01 2.3526525264782688e+01 2.5212013398313053e+00 4.8935165099494622e+00 4.9179214742220445e+00 1.7323627924276375e-01 1.0273801000000001e-02 2.1471357999999999e-01
-7.8693632461876453e-02 -8.5992994799861975e+01 3.3601056508115390e-01 2.1451042921872681e+01 3.4451320774391783e+00 4.5925695393458659e+00 4.6791341884081259e+00 1.9067495600888684e-01 1.0495031000000000e-02 2.2509846000000000e-01
-7.5658328140649142e-02 -8.3585453109072290e+01 3.4509618292054023e-01 1.9315068503553700e+01 3.9964814072598327e+00 4.3054480532756703e+00 4.4556111219953163e+00 2.0167268828948989e-01 1.0710529999999999e-02 2.3570173000000000e-01
-7.2562190461287604e-02 -8.1352435823952902e+01 3.5436389408085944e-01 1.7232298261093305e+01 4.1779576947051789e+00 4.0310910858515516e+00 4.2468684514495054e+00 2.0616829583947965e-01 1.0919989999999999e-02 2.4651751000000000e-01
-6.9406994242955308e-02 -7.9283061601275122e+01 3.6380838597169329e-01 1.5301234472456946e+01 4.0251144219925861e+00 3.7685102916321758e+00 4.0527415319999367e+00 2.0445661369574644e-01 1.1123108000000000e-02 2.5753959999999998e-01
-6.6194597320550816e-02 -7.7367445252620399e+01 3.7342409751049105e-01 1.3598398101212240e+01 3.5978827830611353e+00 3.5167826898696024e+00 3.8731851112179267e+00 1.9721132043710493e-01 1.1319591000000000e-02 2.6876150999999998e-01
-6.2926937682096187e-02 -7.5596601206384548e+01 3.8320522769126375e-01 1.2174646658965315e+01 2.9714149423945067e+00 3.2750442894452965e+00 3.7081166196566731e+00 1.8541804264763961e-01 1.1509152000000000e-02 2.8017647000000001e-01
-5.9606036331348547e-02 -7.3962379071329863e+01 3.9314572701588996e-01 1.1054352190046435e+01 2.2271482903463213e+00 3.0424852112462974e+00 3.5572986420416042e+00 1.7028701448909667e-01 1.1691511000000000e-02 2.9177742000000001e-01
-5.6234000150411648e-02 -7.2457397352079752e+01 4.0323928892542149e-01 1.0237081509605661e+01 1.4448212982969790e+00 2.8183446092164264e+00 3.4202684109184482e+00 1.5314733587887638e-01 1.1866398000000000e-02 3.0355700000000002e-01
-5.2812998998843452e-02 -7.1074974828216071e+01 4.1347941834963736e-01 9.7011125236746256e+00 6.9595207862760400e-01 2.6019048772133875e+00 3.2963094831176334e+00 1.3533787885747667e-01 1.2033550000000000e-02 3.1550762999999998e-01
-4.9345285751936918e-02 -6.9809088273846740e+01 4.2385937172618410e-01 9.4082771966720120e+00 3.9113818921189744e-02 2.3924884094964227e+00 3.1844629034411116e+00 1.1810798331549778e-01 1.2192715000000000e-02 3.2762143999999999e-01
-4.5833181987662383e-02 -6.8654320114247611e+01 4.3437219984404690e-01 9.3093892882055691e+00 -4.8290453048197568e-01 2.1894530239296923e+00 3.0835658751354176e+00 1.0253580566413863e-01 1.2343646000000000e-02 3.3989032000000002e-01
-4.2279080849278991e-02 -6.7605819002088452e+01 4.4501073927485518e-01 9.3497457458332800e+00 -8.4414711017127464e-01 1.9921885601799860e+00 2.9923111052420204e+00 8.9470462684406379e-02 1.2486109000000000e-02 3.5230591000000000e-01
-3.8685435594888518e-02 -6.6659260681442802e+01 4.5576764664765990e-01 9.4741905422787536e+00 -1.0348959485689844e+00 1.8001125154120050e+00 2.9093160488202949e+00 7.9499563080056512e-02 1.2619877000000000e-02 3.6485963999999999e-01
-3.5054768185270049e-02 -6.5810819541275464e+01 4.6663537294285073e-01 9.6313684274053326e+00 -1.0599582379313233e+00 1.6126676375094982e+00 2.8331941414749942e+00 7.2941394181958968e-02 1.2744734000000001e-02 3.7754270000000001e-01
-3.1389660696045318e-02 -6.5057138885019114e+01 4.7760618919823833e-01 9.7769721920308541e+00 -9.3589073931487610e-01 1.4293184288450966e+00 2.7626208264167125e+00 6.9858831014324663e-02 1.2860473000000001e-02 3.9034606999999999e-01
-2.7692749592455532e-02 -6.4395307016619086e+01 4.8867220364644343e-01 9.8759053602607096e+00 -6.8785396513834363e-01 1.2495477198448817e+00 2.6963885652239279e+00 7.0090551795972594e-02 1.2966896000000000e-02 4.0326054000000000e-01
-2.3966731454584597e-02 -6.3822838816500003e+01 4.9982534457750799e-01 9.9032776464941232e+00 -3.4628657833794646e-01 1.0728546306075284e+00 2.6334482086267208e+00 7.3293721273333709e-02 1.3063819000000001e-02 4.1627669000000000e-01
-2.0214345801689682e-02 -6.3337656910286221e+01 5.1105741175106045e-01 9.8445019890721053e+00 5.6267933882475321e-02 8.9874924934444422e-01 2.5729341431061181e+00 7.8993981077275524e-02 1.3151064000000001e-02 4.2938494999999999e-01
-1.6438392267870611e-02 -6.2938081285466509e+01 5.2236002498415091e-01 9.6945273034135848e+00 4.8792551154838182e-01 7.2675721223352463e-01 2.5141754330970247e+00 8.6636381965595505e-02 1.3228465999999999e-02 4.4257553999999999e-01
-1.2641707701177424e-02 -6.2622817165972933e+01 5.3372469270080436e-01 9.4564910846874746e+00 9.1968861520652212e-01 5.5640692645774914e-01 2.4566922151241926e+00 9.5633813509657647e-02 1.3295871000000001e-02 4.5583855000000001e-01
-8.8271776140565195e-03 -6.2390950075003580e+01 5.4514277765724395e-01 9.1399937835851848e+00 1.3270409452457728e+00 3.8723371648207427e-01 2.4001807700496371e+00 1.0540930580586043e-01 1.3353135000000000e-02 4.6916390000000002e-01
-4.9977218702930426e-03 -6.2241940920904966e+01 5.5660553978536220e-01 8.7592137237166217e+00 1.6909136459352387e+00 2.1877515394177349e-01 2.3444920483308902e+00 1.1543070309336435e-01 1.3400123999999999e-02 4.8254139000000001e-01
-1.1563004102338181e-03 -6.2175626791487957e+01 5.6810411905533265e-01 8.3310241769242914e+00 1.9980577045168642e+00 5.0568962104655224e-02 2.2896012490110382e+00 1.2523561580846285e-01 1.3436718000000000e-02 4.9596067999999999e-01
2.6940981996588231e-03 -6.2192223529622169e+01 5.7962956975038638e-01 7.8732749451184478e+00 2.2409065017614020e+00 -1.1785012856960408e-01 2.2355795127801814e+00 1.3444720211387845e-01 1.3462807000000000e-02 5.0941133000000005e-01
6.5504453163606480e-03 -6.2292331980251902e+01 5.9117282619203537e-01 7.4033547216059432e+00 2.4170675326189710e+00 -2.8695244734416292e-01 2.1825628814104645e+00 1.4278137710931563e-01 1.3478291000000000e-02 5.2288276000000000e-01
1.0409697983789795e-02 -6.2476948038040881e+01 6.0272477985832085e-01 6.9370415329850825e+00 2.5285122659126360e+00 -4.5721710472581290e-01 2.1307240387681512e+00 1.5004678478119232e-01 1.3483083000000000e-02 5.3636434000000000e-01
1.4268784619748814e-02 -6.2747476072075102e+01 6.1427623654034125e-01 6.4877266262998230e+00 2.5806258488968532e+00 -6.2913421358399102e-01 2.0802487888618391e+00 1.5613800344326520e-01 1.3477108000000000e-02 5.4984533999999996e-01
1.8124610741147851e-02 -6.3105746272200314e+01 6.2581793347964176e-01 6.0659600069766517e+00 2.5811630547568947e+00 -8.0320825080157165e-01 2.0313167015963782e+00 1.6102565044731929e-01 1.3460300999999999e-02 5.6331494999999998e-01
2.1974067551839199e-02 -6.3554036108149980e+01 6.3734056507429604e-01 5.6792807407234625e+00 2.5394831741040567e+00 -9.7996125356736652e-01 1.9840845330659920e+00 1.6474224467530343e-01 1.3432611000000001e-02 5.7676231000000000e-01
2.5814037667840545e-02 -6.4095098023727530e+01 6.4883480001629534e-01 5.3323104873377218e+00 2.4652640706666991e+00 -1.1599383272758255e+00 1.9386798545591799e+00 1.6736859225721867e-01 1.3393997000000000e-02 5.9017653000000003e-01
2.9641386529500297e-02 -6.4732189347618117e+01 6.6029125558546564e-01 5.0270238027206213e+00 2.3681914010231084e+00 -1.3437047207108437e+00 1.8951928219503267e+00 1.6901907963868101e-01 1.3344429999999999e-02 6.0354666000000001e-01
3.3452973851943651e-02 -6.5469109807817119e+01 6.7170053192424395e-01 4.7631489858671259e+00 2.2571925636356971e+00 -1.5318593632133060e+00 1.8536759544713539e+00 1.6982814392623136e-01 1.3283893999999999e-02 6.1686173000000000e-01
3.7245665075519019e-02 -6.6310247525480122e+01 6.8305324631245612e-01 4.5386165212659160e+00 2.1400794817310640e+00 -1.7250338398537548e+00 1.8141339545405710e+00 1.6993926718874072e-01 1.3212384000000001e-02 6.3011079000000003e-01
4.1016314190128467e-02 -6.7260625584737340e+01 6.9433998175515144e-01 4.3500673331403741e+00 2.0233317056985927e+00 -1.9238977769524075e+00 1.7765843240721042e+00 1.6949583888009220e-01 1.3129907000000000e-02 6.4328284999999996e-01
4.4761783773508923e-02 -6.8325964244508597e+01 7.0555134696346133e-01 4.1932986981112146e+00 1.9119858303966275e+00 -2.1291652430376464e+00 1.7409485861244405e+00 1.6863153514853232e-01 1.3036481000000001e-02 6.5636695000000000e-01
4.8478947853843296e-02 -6.9512749738755105e+01 7.1667798492329404e-01 4.0636815524872922e+00 1.8096656932035440e+00 -2.3416007901701530e+00 1.7071719697833778e+00 1.6746729717364175e-01 1.2932137999999999e-02 6.6935217000000002e-01
5.2164683321926253e-02 -7.0828309535097318e+01 7.2771054718925265e-01 3.9565227460132251e+00 1.7186996269549075e+00 -2.5620256178673619e+00 1.6751725055219593e+00 1.6610882432377500e-01 1.2816919000000000e-02 6.8222760000000005e-01
5.5815887106833162e-02 -7.2280907716304810e+01 7.3863974529679921e-01 3.8673213454229267e+00 1.6402804960647086e+00 -2.7913259886748305e+00 1.6448566236719198e+00 1.6464553420464031e-01 1.2690879000000000e-02 6.9498240000000000e-01
5.9429470450697297e-02 -7.3879847274103128e+01 7.4945633362486697e-01 3.7919814083773549e+00 1.5746643344005598e+00 -3.0304613454655831e+00 1.6161272543449232e+00 1.6314031027985954e-01 1.2554085000000000e-02 7.0760577999999996e-01
6.3002361771321208e-02 -7.5635590867481667e+01 7.6015111796455503e-01 3.7269277125557814e+00 1.5213830519520710e+00 -3.2804737720068164e+00 1.5888849105646881e+00 1.6165320843204761e-01 1.2406611999999999e-02 7.2008700999999997e-01
6.6531520975234515e-02 -7.7559906642662881e+01 7.7071499836259849e-01 3.6691783876186799e+00 1.4794644437592768e+00 -3.5424998631038003e+00 1.5630325735902564e+00 1.6021960326681692e-01 1.2248551000000000e-02 7.3241546999999996e-01
7.0013930869859325e-02 -7.9666025691931239e+01 7.8113894341528600e-01 3.6163459433429441e+00 1.4475834483012169e+00 -3.8177822845171292e+00 1.5384781830567333e+00 1.5886518072701072e-01 1.2080001999999999e-02 7.4458062000000003e-01
7.3446602888733226e-02 -8.1968831317927823e+01 7.9141400740584911e-01 3.5666141703771688e+00 1.4242591310319077e+00 -4.1076842938769591e+00 1.5151355174950900e+00 1.5760455178892996e-01 1.1901076999999999e-02 7.5657202000000001e-01
7.6826582816732492e-02 -8.4485079796612936e+01 8.0153134744184951e-01 3.5186932714332495e+00 1.4079699429047641e+00 -4.4137059619961265e+00 1.4929262517350455e+00 1.5644386381962538e-01 1.1711898000000000e-02 7.6837935000000002e-01
8.0150959377906700e-02 -8.7233660686664066e+01 8.1148224916126233e-01 3.4717312389810870e+00 1.3972453148702202e+00 -4.7375038430273708e+00 1.4717798158731590e+00 1.5538379181056500e-01 1.1512599000000000e-02 7.7999244000000001e-01
8.3416849922420960e-02 -9.0235881420420398e+01 8.2125808388900534e-01 3.4252370676694750e+00 1.3907550174539622e+00 -5.0809107684203987e+00 1.4516328149348854e+00 1.5442019809522070e-01 1.1303326000000001e-02 7.9140122000000002e-01
8.6621429052671450e-02 -9.3515838489752170e+01 8.3085039432387986e-01 3.3790157255405995e+00 1.3873286708778236e+00 -5.4459632507776448e+00 1.4324295688963895e+00 1.5354633130319167e-01 1.1084235000000000e-02 8.0259581999999996e-01
8.9761902859781473e-02 -9.7100801401490827e+01 8.4025081742032492e-01 3.3330576553415541e+00 1.3859952690161088e+00 -5.8349278643335767e+00 1.4141210123080004e+00 1.5275434127890389e-01 1.0855490000000001e-02 8.1356647999999998e-01
9.2835534687105398e-02 -1.0102171756581545e+02 8.4945116150666311e-01 3.2875293432707755e+00 1.3859755032787695e+00 -6.2503376542406199e+00 1.3966638855832954e+00 1.5203491903302066e-01 1.0617270000000000e-02 8.2430364000000000e-01
9.5839639405005561e-02 -1.0531377683269916e+02 8.5844338914771279e-01 3.2426441727093125e+00 1.3866771769738682e+00 -6.6950301507916770e+00 1.3800206446682439e+00 1.5137984336321686e-01 1.0369760000000000e-02 8.3479791999999997e-01
9.8771586273463829e-02 -1.1001709003542469e+02 8.6721962571348388e-01 3.1986729261847628e+00 1.3876736930194964e+00 -7.1721956159769054e+00 1.3641567577738110e+00 1.5078071344699537e-01 1.0113159000000000e-02 8.4504013000000000e-01
1.0162880180469316e-01 -1.1517750096849429e+02 8.7577216794786916e-01 3.1558816758520427e+00 1.3886826042148970e+00 -7.6854313948176110e+00 1.3490438748980660e+00 1.5023105610360132e-01 9.8476710000000005e-03 8.5502127999999999e-01
1.0440876976313754e-01 -1.2084753091833959e+02 8.8409348396864695e-01 3.1145187543180533e+00 1.3895339687364388e+00 -8.2388071235512630e+00 1.3346547164978262e+00 1.4972461028291734e-01 9.5735140000000000e-03 8.6473257999999997e-01
1.0710904547852990e-01 -1.2708760278105146e+02 8.9217625611095075e-01 3.0747913460737801e+00 1.3901553063908072e+00 -8.8369456482256687e+00 1.3209645712706957e+00 1.4925637627213523e-01 9.2909130999999992e-03 8.7416548999999999e-01
1.0972724153283414e-01 -1.3396737832383940e+02 9.0001333808379869e-01 3.0368764418606329e+00 1.3905295153234676e+00 -9.4851136782370080e+00 1.3079531590034033e+00 1.4882066785256687e-01 9.0001030000000006e-03 8.8331166999999999e-01
1.1226104493591471e-01 -1.4156752052694105e+02 9.0759780638225829e-01 3.0008693800896342e+00 1.3906970898068001e+00 -1.0189338832828607e+01 1.2955961028798972e+00 1.4841871168285742e-01 8.7013270999999996e-03 8.9216304000000002e-01
1.1470820853770164e-01 -1.4998175504942071e+02 9.1492293458136498e-01 2.9668495873217577e+00 1.3907184763300062e+00 -1.0956545336499651e+01 1.2838792295704013e+00 1.4804357421541658e-01 8.3948374000000006e-03 9.0071175000000003e-01
1.1706656534124849e-01 -1.5931948529379372e+02 9.2198223617959152e-01 2.9348276643904354e+00 1.3906601780613563e+00 -1.1794724854836158e+01 1.2727847884379497e+00 1.4769462225936034e-01 8.0808944000000001e-03 9.0895022999999997e-01
1.1933401705228630e-01 -1.6970894249037403e+02 9.2876943032407255e-01 2.9048236499420161e+00 1.3906037088352741e+00 -1.2713146776913080e+01 1.2622928724139120e+00 1.4737024520816411e-01 7.7597663000000001e-03 9.1687114999999997e-01
1.2150854552966944e-01 -1.8130121201653336e+02 9.3527847608538095e-01 2.8768069385824901e+00 1.3906104127528769e+00 -1.3722614157292945e+01 1.2523895131034928e+00 1.4706914524386697e-01 7.4317293999999999e-03 9.2446746000000002e-01
1.2358821564798739e-01 -1.9427528716987749e+02 9.4150358102622200e-01 2.8506906276499739e+00 1.3907360292023978e+00 -1.4835795871889880e+01 1.2430603433710794e+00 1.4679040648380626e-01 7.0970672000000004e-03 9.3173240000000002e-01
1.2557116957234160e-01 -2.0884444687332996e+02 9.4743918406404481e-01 2.8264152074275248e+00 1.3910252443410087e+00 -1.6067636778771067e+01 1.2342918338586737e+00 1.4653295968308408e-01 6.7560703000000000e-03 9.3865947999999999e-01
1.2745564107140323e-01 -2.2526461699568793e+02 9.5307999831451418e-01 2.8039001312292817e+00 1.3915012453431157e+00 -1.7435898661819181e+01 1.2260708415945529e+00 1.4629602303337036e-01 6.4090362999999996e-03 9.4524253000000003e-01
1.2923993834174391e-01 -2.4384502591104760e+02 9.5842095967934382e-01 2.7830800019071158e+00 1.3921833379467883e+00 -1.8961841938152119e+01 1.2183857340981008e+00 1.4607877097964903e-01 6.0562691999999996e-03 9.5147563999999996e-01
1.3092247263395113e-01 -2.6496268788346083e+02 9.6345731253324018e-01 2.7638568784661461e+00 1.3930388100271560e+00 -2.0671166330077586e+01 1.2112252947221216e+00 1.4588032715453075e-01 5.6980790999999996e-03 9.5735325999999998e-01
1.3250172962651280e-01 -2.8908139006158376e+02 9.6818452403695932e-01 2.7461617494554225e+00 1.3940834079833915e+00 -2.2595217022652388e+01 1.2045791354474014e+00 1.4569990742753780e-01 5.3347821999999998e-03 9.6287009999999995e-01
1.3397629805193284e-01 -3.1677831580056767e+02 9.7259836982424930e-01 2.7299211106463757e+00 1.3952800186373715e+00 -2.4772707827474576e+01 1.1984377650132771e+00 1.4553675003835029e-01 4.9667000000000001e-03 9.6802122999999995e-01
1.3534484965845017e-01 -3.4878065284507323e+02 9.7669487402099064e-01 2.7150798371500375e+00 1.3965971476404775e+00 -2.7252068566590868e+01 1.1927925853195007e+00 1.4538992858070565e-01 4.5941591999999996e-03 9.7280200999999999e-01
1.3660616211093130e-01 -3.8601911896018356e+02 9.8047037779475010e-01 2.7015807606695419e+00 1.3979986324908846e+00 -3.0094899659366892e+01 1.1876356999800917e+00 1.4525865488999046e-01 4.2174915999999996e-03 9.7720817000000004e-01
1.3775909608997755e-01 -4.2970600886345403e+02 9.8392147080522685e-01 2.6893820984189705e+00 1.3994436623869031e+00 -3.3381006172662360e+01 1.1829595135693534e+00 1.4514217384553241e-01 3.8370333000000002e-03 9.8123572999999997e-01
1.3880261819281808e-01 -4.8145690018000317e+02 9.8704505975380652e-01 2.6784443101595716e+00 1.4008916385624088e+00 -3.7216262957667347e+01 1.1787577727988618e+00 1.4503961716915828e-01 3.4531249000000000e-03 9.8488107999999996e-01
1.3973579234547473e-01 -5.4348456465573338e+02 9.8983834267747839e-01 2.6687406468260684e+00 1.4023047972677829e+00 -4.1745234082394347e+01 1.1750247033791403e+00 1.4495021886463186e-01 3.0661112999999999e-03 9.8814095000000002e-01
1.4055777407753894e-01 -6.1892892103434826e+02 9.9229879181144609e-01 2.6602483911701067e+00 1.4036377148285444e+00 -4.7172608352191318e+01 1.1717552159288196e+00 1.4487354767225682e-01 2.6763420000000000e-03 9.9101238999999997e-01
1.4126782769784146e-01 -7.1246058743485617e+02 9.9442420500129503e-01 2.6529493685357801e+00 1.4048617464619826e+00 -5.3802622100342873e+01 1.1689447319117339e+00 1.4480865397529294e-01 2.2841723000000002e-03 9.9349282999999999e-01
1.4186532056922879e-01 -8.3148814124889452e+02 9.9621268856560130e-01 2.6468326429638767e+00 1.4059429308327256e+00 -6.2118131526433380e+01 1.1665900262345552e+00 1.4475481537882870e-01 1.8899688000000000e-03 9.9558005999999999e-01
1.4234972024595194e-01 -9.8891824270872587e+02 9.9766264872723975e-01 2.6418889585461627e+00 1.4068544791033657e+00 -7.2961841957709510e+01 1.1646876809974234e+00 1.4471202753832349e-01 1.4941295000000000e-03 9.9727222000000004e-01
1.4272063455022793e-01 -1.2109048282759543e+03 9.9877291157510184e-01 2.6381121263325951e+00 1.4075836018032344e+00 -8.8046431548987741e+01 1.1632350129168791e+00 1.4467972925110401e-01 1.0971916000000000e-03 9.9856794000000004e-01
1.4297792035147916e-01 -1.5684743562757333e+03 9.9954304867447608e-01 2.6354967392311690e+00 1.4080838799713260e+00 -1.1204044836731789e+02 1.1622294052672999e+00 1.4465753405730489e-01 7.0085733000000002e-04 9.9946672000000003e-01
