-9.0125058594890776e-03 -2.3463706957698148e+04 9.0135381747540218e-03 -1.5555632843187987e+04 -6.1959023351800352e+03 1.5110744766067221e+03 -1.0031660273067928e+03 -3.9802305084294375e+02 5.5301730000000003e-06 1.0230946000000001e-06
-9.0121651711025062e-03 -1.7608173095276259e+04 9.0322686609607353e-03 -9.6533182097504905e+03 -6.1718715498695492e+03 1.1349145991202313e+03 -6.2485200790746376e+02 -3.9694488222486592e+02 3.5894988000000002e-05 1.9923924999999999e-05
-9.0110963048269793e-03 -1.4888875423246596e+04 9.0910331678229726e-03 -6.8291951634180305e+03 -6.0969501302809813e+03 9.6017182887637148e+02 -4.4522577421282136e+02 -3.9357910302141687e+02 8.5619985000000003e-05 7.9222864999999994e-05
-9.0089802965151299e-03 -1.3102018447016813e+04 9.2073678186670484e-03 -4.8886184039119926e+03 -5.9507236048990508e+03 8.4527713462760789e+02 -3.2305587353801189e+02 -3.8699065545538446e+02 1.5173507999999999e-04 1.9661552000000001e-04
-9.0055379868317475e-03 -1.1772274775897598e+04 9.3966203338253559e-03 -3.3744244781010943e+03 -5.7186914355793942e+03 7.5969419772833032e+02 -2.2853890528551864e+02 -3.7648178992997202e+02 2.3255418000000001e-04 3.8758918999999998e-04
-9.0005154871091366e-03 -1.0715746157425945e+04 9.6727490939640514e-03 -2.1263103620380653e+03 -5.3928066980427502e+03 6.9160870991011325e+02 -1.5083225461462558e+02 -3.6160345506651760e+02 3.2689763000000001e-04 6.6622920000000002e-04
-8.9936775659567834e-03 -9.8416995314710930e+03 1.0048686733387874e-02 -1.0801383486341497e+03 -4.9723871389446676e+03 6.3519206643996336e+02 -8.5221906972658331e+01 -3.4218708091521376e+02 4.3385032000000002e-04 1.0455858000000000e-03
-8.9848039480880035e-03 -9.0986125880464788e+03 1.0536543624453484e-02 -2.1153580360836040e+02 -4.4647832673690536e+03 5.8713531196310396e+02 -2.9566634357270640e+01 -3.1837240404751213e+02 5.5265518999999999e-04 1.5378795000000000e-03
-8.9736870264005165e-03 -8.4543814669312414e+03 1.1147733663609742e-02 4.8653865212845631e+02 -3.8854549161823420e+03 5.4537724291065342e+02 1.7068369682756362e+01 -2.9061860605139174e+02 6.8265765000000004e-04 2.1546280000000000e-03
-8.9601303170495344e-03 -7.8876190915068000e+03 1.1893059208934249e-02 1.0151767846198107e+03 -3.2572312167950486e+03 5.0854559799176462e+02 5.5067454097273959e+01 -2.5969017538967182e+02 8.2327310000000005e-04 2.9067318999999999e-03
-8.9439474067849259e-03 -7.3833438897052483e+03 1.2782768953801947e-02 1.3762788789938140e+03 -2.6086547089008532e+03 4.7567983612466310e+02 8.4634004518663346e+01 -2.2661302947201716e+02 9.7396649000000004e-04 3.8045331000000002e-03
-8.9249611832816350e-03 -6.9306375104850267e+03 1.3826600242050301e-02 1.5767452074174105e+03 -1.9714664836305496e+03 4.4608062335440547e+02 1.0601788377302493e+02 -1.9260061826582458e+02 1.1342389000000000e-03 4.8578574999999999e-03
-8.9030032727581681e-03 -6.5212844165339930e+03 1.5033809986788566e-02 1.6307505612983493e+03 -1.3774496118575880e+03 4.1922237908859302e+02 1.1965365891660787e+02 -1.5895478363144315e+02 1.3036180000000001e-03 6.0760461999999999e-03
-8.8779136326104981e-03 -6.1489374385979354e+03 1.6413197066714732e-02 1.5603075894241961e+03 -8.5500189520530432e+02 3.9469961962565242e+02 1.2622983844045453e+02 -1.2695091734769451e+02 1.4816515000000000e-03 7.4679780999999997e-03
-8.8495402215536690e-03 -5.8085824608377661e+03 1.7973120461186317e-02 1.3942545999671893e+03 -4.2591310320701217e+02 3.7219252567576478e+02 1.2669854273156952e+02 -9.7720619548679281e+01 1.6679024999999999e-03 9.0420881999999994e-03
-8.8177387761111982e-03 -5.4961826509940192e+03 1.9721511538465082e-02 1.1659044314947716e+03 -1.0285473458350644e+02 3.5144406003506492e+02 1.2223361599777473e+02 -7.2147299181365369e+01 1.8619452999999999e-03 1.0806380000000001e-02
-8.7823726033270134e-03 -5.2084340820799816e+03 2.1665885452072989e-02 9.0975238349741710e+02 1.1197613469995805e+02 3.3224423662558991e+02 1.1414809536575632e+02 -5.0789443105043183e+01 2.0633631000000000e-03 1.2768437000000001e-02
-8.7433124852327026e-03 -4.9425940974451632e+03 2.3813346393025833e-02 6.5779442199392940e+02 2.2677503763255874e+02 3.1441907455509408e+02 1.0378579318091037e+02 -3.3843221455498309e+01 2.2717459999999998e-03 1.4935428000000001e-02
-8.7004365184245695e-03 -4.6963568531956735e+03 2.6170596409621771e-02 4.3608806103449456e+02 2.5856388848938064e+02 2.9782258335402690e+02 9.2405038960144111e+01 -2.1150350595754009e+01 2.4866887000000002e-03 1.7314116000000001e-02
-8.6536301176686550e-03 -4.4677626798811198e+03 2.8743935209243808e-02 2.6216835090452975e+02 2.3035986111231583e+02 2.8233092317622271e+02 8.1073473025005342e+01 -1.2250161630353185e+01 2.7077901999999999e-03 1.9910858000000000e-02
-8.6027858176251949e-03 -4.2551286595978927e+03 3.1539271059222079e-02 1.4378661107010791e+02 1.6754721991050235e+02 2.6783799603876372e+02 7.0590662637998108e+01 -6.4671665595627319e+00 2.9346520999999999e-03 2.2731616000000000e-02
-8.5478033809989178e-03 -4.0569981744553288e+03 3.4562114840908945e-02 7.9199510745644389e+01 9.4085489785084960e+01 2.5425198480481367e+02 6.1450412698644868e+01 -3.0195808656216934e+00 3.1668782999999998e-03 2.5781951000000001e-02
-8.4885896903887474e-03 -3.8720996305058743e+03 3.7817585995603857e-02 5.8930552370334773e+01 2.9229415739245098e+01 2.4149295488014465e+02 5.3847094587203564e+01 -1.1304910378857200e+00 3.4040742000000001e-03 2.9067029000000001e-02
-8.4250586761876085e-03 -3.6993153306879603e+03 4.1310416488503289e-02 6.8634542321424917e+01 -1.4661005654011726e+01 2.2949080365405416e+02 4.7722316608198895e+01 -1.2356280885607067e-01 3.6458464000000000e-03 3.2591624999999999e-02
-8.3571314247327250e-03 -3.5376569590217009e+03 4.5044944862775840e-02 9.2474246931071221e+01 -3.2872146528545279e+01 2.1818351015721777e+02 4.2840887943192627e+01 5.1128360200961487e-01 3.8918026000000000e-03 3.6360116999999997e-02
-8.2847360341052230e-03 -3.3862453425720250e+03 4.9025124167462096e-02 1.1632631629809774e+02 -2.7605492179952005e+01 2.0751597859545251e+02 3.8879965922320025e+01 1.0902954813313899e+00 4.1415510999999999e-03 4.0376493999999999e-02
-8.2078076682052855e-03 -3.2442945832837190e+03 5.3254518984512125e-02 1.3019694049940830e+02 -6.0326016096436579e+00 1.9743898208287155e+02 3.5514011596505043e+01 1.7465018357082127e+00 4.3947007000000003e-03 4.4644352999999998e-02
-8.1262885567521433e-03 -3.1110989670066160e+03 5.7736305428785557e-02 1.2942984740667990e+02 2.2342389555739956e+01 1.8790832072297758e+02 3.2480379835054670e+01 2.4710022620060945e+00 4.6508610999999997e-03 4.9166899000000000e-02
-8.0401279231838828e-03 -2.9860220783092591e+03 6.2473275112001424e-02 1.1458343231513211e+02 4.8380937047700350e+01 1.7888412521474081e+02 2.9615939414382446e+01 3.1718949834224373e+00 4.9096423000000002e-03 5.3946949000000001e-02
-7.9492820747826976e-03 -2.8684880114733896e+03 6.7467830187800823e-02 9.0165001166536683e+01 6.5462225593719324e+01 1.7033028530103479e+02 2.6862326887775939e+01 3.7355617759661586e+00 5.1706551000000002e-03 5.8986927000000001e-02
-7.8537142404494376e-03 -2.7579737388911876e+03 7.2721992270634195e-02 6.2659074352778404e+01 7.0670678504669922e+01 1.6221397117753713e+02 2.4244629686722291e+01 4.0764701689482870e+00 5.4335110000000002e-03 6.4288872999999996e-02
-7.7533947329290571e-03 -2.6540029711187440e+03 7.8237393516874004e-02 3.8413214836918861e+01 6.4866911272160337e+01 1.5450523759277891e+02 2.1833683687575160e+01 4.1661767859137626e+00 5.6978226000000002e-03 6.9854434000000007e-02
-7.6483007685601229e-03 -2.5561406910450787e+03 8.4015286534689537e-02 2.1920126173544244e+01 5.1781850528456296e+01 1.4717667309114853e+02 1.9704560875299197e+01 4.0385149611662019e+00 5.9632034000000004e-03 7.5684873999999999e-02
-7.5384165574000610e-03 -2.4639887115746615e+03 9.0056539429109503e-02 1.4874959471229518e+01 3.6503147279164480e+01 1.4020311694520262e+02 1.7902826472911684e+01 3.7742771563309225e+00 6.2292681999999997e-03 8.1781068999999998e-02
-7.4237332311249586e-03 -2.3771817341295769e+03 9.6361639765971951e-02 1.6142080041778133e+01 2.3836165196115850e+01 1.3356141405767880e+02 1.6426399265556853e+01 3.4734367171727141e+00 6.4956331999999999e-03 8.8143510999999994e-02
-7.3042488430295665e-03 -2.2953839898068400e+03 1.0293069457192426e-01 2.2509614154812443e+01 1.6996685213751729e+01 1.2723019446466273e+02 1.5225421038926539e+01 3.2250245625438683e+00 6.7619166000000000e-03 9.4772308000000000e-02
-7.1799682598770080e-03 -2.2182862811303130e+03 1.0976343628034799e-01 2.9912718424822025e+01 1.6945016928629848e+01 1.2118968940120412e+02 1.4217374006787804e+01 3.0838536764043201e+00 7.0277381999999996e-03 1.0166719000000000e-01
-7.0509031438737279e-03 -2.1456034565487112e+03 1.1685922372234633e-01 3.4718928196844089e+01 2.2456157961856540e+01 1.1542157177297004e+02 1.3310641016954239e+01 3.0600155007778871e+00 7.2927204000000001e-03 1.0882751000000000e-01
-6.9170722050201743e-03 -2.0770723352204768e+03 1.2421702825291955e-01 3.4705172203547185e+01 3.0802765479721057e+01 1.0990882686891051e+02 1.2428439665837777e+01 3.1225722888797693e+00 7.5564877000000004e-03 1.1625223000000000e-01
-6.7785006783843910e-03 -2.0124494524739096e+03 1.3183546248960168e-01 2.9489862355952766e+01 3.8770895012163322e+01 1.0463560772700075e+02 1.1526009492224873e+01 3.2145658112836446e+00 7.8186677999999999e-03 1.2393994999999999e-01
-6.6352202880519146e-03 -1.9515094207317657e+03 1.3971278229443546e-01 2.0373720298106022e+01 4.3670556218047160e+01 9.9587129935351015e+01 1.0596720168585612e+01 3.2735460694956982e+00 8.0788911000000008e-03 1.3188891000000000e-01
-6.4872697878772412e-03 -1.8940436020884206e+03 1.4784685704434811e-01 9.7166405367672901e+00 4.4050299398662240e+01 9.4749595877657185e+01 9.6668298804079864e+00 3.2510018555046987e+00 8.3367917000000003e-03 1.4009695999999999e-01
-6.3346942404818724e-03 -1.8398585232498774e+03 1.5623520927065040e-01 9.7363246189764746e-02 3.9950539945632038e+01 9.0110084524271514e+01 8.7817321502361239e+00 3.1252170413141012e+00 8.5920070000000005e-03 1.4856159999999999e-01
-6.1775453777552962e-03 -1.7887747236399243e+03 1.6487499483928714e-01 -6.4697337749610568e+00 3.2687938292288166e+01 8.5656489248100200e+01 7.9887465494996359e+00 2.9047525147608297e+00 8.8441787999999997e-03 1.5727996000000000e-01
-6.0158812403540100e-03 -1.7406256268980246e+03 1.7376302277058647e-01 -9.0410956934949720e+00 2.4300828649568587e+01 8.1377439663896979e+01 7.3218165071725210e+00 2.6228065597280019e+00 9.0929527999999999e-03 1.6624881999999999e-01
-5.8497661777015212e-03 -1.6952565747959738e+03 1.8289575523926024e-01 -7.8670126982083790e+00 1.6866953217254917e+01 7.7262242538257055e+01 6.7921725257157890e+00 2.3253072099496226e+00 9.3379794999999995e-03 1.7546460999999999e-01
-5.6792706677378617e-03 -1.6525239211765231e+03 1.9226931748427842e-01 -4.1527800230153176e+00 1.1910377474664960e+01 7.3300823788524440e+01 6.3867728476876300e+00 2.0570116635604512e+00 9.5789143999999993e-03 1.8492342000000001e-01
-5.5044718576710483e-03 -1.6122943894001974e+03 2.0187946807924501e-01 4.1794098638385857e-01 1.0056010621861217e+01 6.9483691424918050e+01 6.0738227233682593e+00 1.8498057000972248e+00 9.8154178999999998e-03 1.9462097000000000e-01
-5.3254526627246473e-03 -1.5744441357912792e+03 2.1172164848177180e-01 4.2226875888360862e+00 1.0993200907969173e+01 6.5801870050618021e+01 5.8127697386843362e+00 1.7161613635031647e+00 1.0047156000000000e-02 2.0455266000000000e-01
-5.1423015858872920e-03 -1.5388581134678391e+03 2.2179099294335311e-01 6.1381228668512602e+00 1.3709447807352770e+01 6.2246859145576622e+01 5.5653229121058274e+00 1.6488287427300885e+00 1.0273801000000001e-02 2.1471357999999999e-01
-4.9551136191651139e-03 -1.5054296800204497e+03 2.3208227895999203e-01 5.7660085662129799e+00 1.6884322842117470e+01 5.8810613819325482e+01 5.3042596746001784e+00 1.6258532713897387e+00 1.0495031000000000e-02 2.2509846000000000e-01
-4.7639891620788249e-03 -1.4740598595891322e+03 2.4258998673144888e-01 3.4197112159093144e+00 1.9303054172043016e+01 5.5485489781432072e+01 5.0179666795580022e+00 1.6187175633816939e+00 1.0710529999999999e-02 2.3570173000000000e-01
-4.5690342019142011e-03 -1.4446569264464524e+03 2.5330828925136656e-01 -8.5124244177970765e-02 2.0170472084769930e+01 5.2264216846457423e+01 4.7101567776589981e+00 1.6008590344662541e+00 1.0919989999999999e-02 2.4651751000000000e-01
-4.3703604939725740e-03 -1.4171360007275225e+03 2.6423104239739570e-01 -3.7414769617106103e+00 1.9253651858508988e+01 4.9139873246348728e+01 4.3956660919878106e+00 1.5542239412334637e+00 1.1123108000000000e-02 2.5753959999999998e-01
-4.1680850208193673e-03 -1.3914185828108946e+03 2.7535181466081909e-01 -6.6585478381515024e+00 1.6844413843977478e+01 4.6105850240882546e+01 4.0941290747527450e+00 1.4724189560149350e+00 1.1319591000000000e-02 2.6876150999999998e-01
-3.9623298120336136e-03 -1.3674321928510356e+03 2.8666389705642625e-01 -8.2801050496080357e+00 1.3585674984589348e+01 4.3155825289868474e+01 3.8235992427162655e+00 1.3602806392577038e+00 1.1509152000000000e-02 2.8017647000000001e-01
-3.7532221244584423e-03 -1.3451100755959765e+03 2.9816029321263871e-01 -8.4716414269889455e+00 1.0235530717068047e+01 4.0283742889290984e+01 3.5957988891781776e+00 1.2305773861901397e+00 1.1691511000000000e-02 2.9177742000000001e-01
-3.5408946224515601e-03 -1.3243909384861477e+03 3.0983370946163524e-01 -7.4762839921062918e+00 7.4462907798933466e+00 3.7483794425971077e+01 3.4139296175193459e+00 1.0993392398947228e+00 1.1866398000000000e-02 3.0355700000000002e-01
-3.3254839358813687e-03 -1.3052185444512606e+03 3.2167663411835012e-01 -5.7797313805122332e+00 5.6171854332662514e+00 3.4750377933959221e+01 3.2731033030334489e+00 9.8123150650237434e-01 1.2033550000000000e-02 3.1550762999999998e-01
-3.1071319218803611e-03 -1.2875416162212014e+03 3.3368126811134963e-01 -3.9379885905590730e+00 4.8338979845140697e+00 3.2078104244822555e+01 3.1627521335358004e+00 8.8618591681081416e-01 1.2192715000000000e-02 3.2762143999999999e-01
-2.8859847635926963e-03 -1.2713135428415267e+03 3.4583957453220582e-01 -2.4227391650691859e+00 4.9260534664364783e+00 2.9461751209309753e+01 3.0699935972659578e+00 8.1788711713399842e-01 1.2343646000000000e-02 3.3989032000000002e-01
-2.6621931504246868e-03 -1.2564922220766734e+03 3.5814326872562180e-01 -1.5217420411085270e+00 5.5487961253755529e+00 2.6896265289610930e+01 2.9828928311566472e+00 7.7410521618037187e-01 1.2486109000000000e-02 3.5230591000000000e-01
-2.4359115570428474e-03 -1.2430398478527375e+03 3.7058385792893084e-01 -1.3075326776801641e+00 6.3128632972109884e+00 2.4376728598949221e+01 2.8928323217689096e+00 7.4835658538919347e-01 1.2619877000000000e-02 3.6485963999999999e-01
-2.2072987841253566e-03 -1.2309228146866901e+03 3.8315261154247215e-01 -1.6678936541011684e+00 6.8880389260361605e+00 2.1898351966976712e+01 2.7956042663110265e+00 7.3226851846923169e-01 1.2744734000000001e-02 3.7754270000000001e-01
-1.9765174176106038e-03 -1.2201115644835229e+03 3.9584059085921475e-01 -2.3752810962283704e+00 7.0696186921865145e+00 1.9456453513240085e+01 2.6912391223200491e+00 7.1782690981954211e-01 1.2860473000000001e-02 3.9034606999999999e-01
-1.7437334681962083e-03 -1.2105804750112911e+03 4.0863866888450756e-01 -3.1686082190738141e+00 6.7982406405866653e+00 1.7046438056560405e+01 2.5829057024268476e+00 6.9904576618631920e-01 1.2966896000000000e-02 4.0326054000000000e-01
-1.5091167318399988e-03 -1.2023077997524708e+03 4.2153751051632943e-01 -3.8229711489565008e+00 6.1393423883851250e+00 1.4663791730199343e+01 2.4753771153430013e+00 6.7278893372322224e-01 1.3063819000000001e-02 4.1627669000000000e-01
-1.2728397082570932e-03 -1.1952755658699898e+03 4.3452763200453798e-01 -4.1942851080321049e+00 5.2378332128725740e+00 1.2304051570970870e+01 2.3735016489440692e+00 6.3875419129882138e-01 1.3151064000000001e-02 4.2938494999999999e-01
-1.0350786824228127e-03 -1.1894695752776638e+03 4.4759934149162084e-01 -4.2322926190144363e+00 4.2651461384925105e+00 9.9628050055913135e+00 2.2810522745213242e+00 5.9883679737035855e-01 1.3228465999999999e-02 4.4257553999999999e-01
-7.9601228256880388e-04 -1.1848793295017401e+03 4.6074281829169383e-01 -3.9694454833900834e+00 3.3737788210930781e+00 7.6356605890592917e+00 2.2000967564092777e+00 5.5617587411811797e-01 1.3295871000000001e-02 4.5583855000000001e-01
-5.5582220118496721e-04 -1.1814980590200630e+03 4.7394807325100197e-01 -3.4926197646429560e+00 2.6684761172535554e+00 5.3182416297686359e+00 2.1309112451536523e+00 5.1418552504176285e-01 1.3353135000000000e-02 4.6916390000000002e-01
-3.1469229376704204e-04 -1.1793227148314313e+03 4.8720499829729297e-01 -2.9107291126601940e+00 2.1954773248719079e+00 3.0061627365467345e+00 2.0722935263167503e+00 4.7577276627092174e-01 1.3400123999999999e-02 4.8254139000000001e-01
-7.2808939317568766e-05 -1.1783540146935857e+03 5.0050334662006823e-01 -2.3265334599751242e+00 1.9483196621269843e+00 6.9501855202452134e-01 2.0221046945107313e+00 4.4287765533582141e-01 1.3436718000000000e-02 4.9596067999999999e-01
1.6963968065605330e-04 -1.1785964904184996e+03 5.1383277231008151e-01 -1.8169913377063096e+00 1.8831842500219300e+00 -1.6196379046424738e+00 1.9778541594604337e+00 4.1627584996379086e-01 1.3462807000000000e-02 5.0941133000000005e-01
4.1246286113961680e-04 -1.1800585686985632e+03 5.2718279071983964e-01 -1.4257151285623380e+00 1.9376946958581425e+00 -3.9423040186802609e+00 1.9372124401628503e+00 3.9595581084941733e-01 1.3478291000000000e-02 5.2288276000000000e-01
6.5546899586648583e-04 -1.1827526730102397e+03 5.4054286765247628e-01 -1.1642024187267288e+00 2.0482008682179806e+00 -6.2775596165602181e+00 1.8983335959252434e+00 3.8089170564047492e-01 1.3483083000000000e-02 5.3636434000000000e-01
8.9846467606516725e-04 -1.1866953514882141e+03 5.5390236981237684e-01 -1.0191135110004454e+00 2.1610968271637740e+00 -8.6300752643136960e+00 1.8600056299962728e+00 3.6987495073966248e-01 1.3477108000000000e-02 5.4984533999999996e-01
1.1412550509602749e-03 -1.1919074198094561e+03 5.6725058462492939e-01 -9.6242588996576051e-01 2.2403639407225029e+00 -1.1004633504944039e+01 1.8216462953047816e+00 3.6154708196666235e-01 1.3460300999999999e-02 5.6331494999999998e-01
1.3836443685239976e-03 -1.1984141517204052e+03 5.8057674996614750e-01 -9.6067774864255029e-01 2.2670753013242417e+00 -1.3406153811474084e+01 1.7831843157238565e+00 3.5479112064903495e-01 1.3432611000000001e-02 5.7676231000000000e-01
1.6254363359770613e-03 -1.2062455051611944e+03 5.9387007398242098e-01 -9.8245892683485769e-01 2.2373214298399406e+00 -1.5839716573433542e+01 1.7448908765706022e+00 3.4864736716531303e-01 1.3393997000000000e-02 5.9017653000000003e-01
1.8664335790372789e-03 -1.2154363366819996e+03 6.0711970536089088e-01 -1.0021712811769536e+00 2.1578259105399260e+00 -1.8310579469965298e+01 1.7072407543909547e+00 3.4256615002447288e-01 1.3344429999999999e-02 6.0354666000000001e-01
2.1064383629214901e-03 -1.2260267051453113e+03 6.2031477296894877e-01 -1.0019987117528528e+00 2.0413641621240322e+00 -2.0824208671573963e+01 1.6706991072697024e+00 3.3629202661376373e-01 1.3283893999999999e-02 6.1686173000000000e-01
2.3452533133475079e-03 -1.2380622210057961e+03 6.3344442549373581e-01 -9.7193430164333205e-01 1.9029948000215844e+00 -2.3386312606396878e+01 1.6357036864015089e+00 3.2980970991437131e-01 1.3212384000000001e-02 6.3011079000000003e-01
2.5826803350311976e-03 -1.2515943616868935e+03 6.4649777198289382e-01 -9.0790657988757617e-01 1.7576022238259577e+00 -2.6002858342982023e+01 1.6025419928622044e+00 3.2327069075221226e-01 1.3129907000000000e-02 6.4328284999999996e-01
2.8185218734398890e-03 -1.2666809368402949e+03 6.5946395121368950e-01 -8.1089329408053712e-01 1.6184240984548461e+00 -2.8680116065139650e+01 1.5713560848566668e+00 3.1692677849110990e-01 1.3036481000000001e-02 6.5636695000000000e-01
3.0525810950428490e-03 -1.2833865784326495e+03 6.7233214160288812e-01 -6.8487374558412684e-01 1.4962972726677448e+00 -3.1424695549216217e+01 1.5421600175970953e+00 3.1103924603731464e-01 1.2932137999999999e-02 6.6935217000000002e-01
3.2846613465598376e-03 -1.3017832283606178e+03 6.8509153147712964e-01 -5.3639473250441372e-01 1.3995858872897131e+00 -3.4243575644707633e+01 1.5148373770470385e+00 3.0586424273328644e-01 1.2816919000000000e-02 6.8222760000000005e-01
3.5145672364640078e-03 -1.3219508195360281e+03 6.9773137853217748e-01 -3.7330482641948021e-01 1.3340166419382899e+00 -3.7144166505751670e+01 1.4891892298082645e+00 3.0158836275198381e-01 1.2690879000000000e-02 6.9498240000000000e-01
3.7421042744809514e-03 -1.3439779284539345e+03 7.1024099001316898e-01 -2.0433510070598210e-01 1.3028889970353839e+00 -4.0134335859651273e+01 1.4649521258906053e+00 2.9833557163860652e-01 1.2554085000000000e-02 7.0760577999999996e-01
3.9670790518391737e-03 -1.3679625552801447e+03 7.2260973262448991e-01 -3.8451587998768702e-02 1.3068221929413317e+00 -4.3222478442654840e+01 1.4418710781381054e+00 2.9614034199899986e-01 1.2406611999999999e-02 7.2008700999999997e-01
4.1893001425225215e-03 -1.3940130929234890e+03 7.3482708207914815e-01 1.1575859781357785e-01 1.3441380835514387e+00 -4.6417578149724868e+01 1.4196439043550169e+00 2.9498400268234587e-01 1.2248551000000000e-02 7.3241546999999996e-01
4.4085775625187385e-03 -1.4222492807974111e+03 7.4688259336915019e-01 2.5041986377129349e-01 1.4107934190684772e+00 -4.9729267411036730e+01 1.3980235511980901e+00 2.9475423548308149e-01 1.2080001999999999e-02 7.4458062000000003e-01
4.6247231303204201e-03 -1.4528033593744360e+03 7.5876592058524928e-01 3.5954373743227336e-01 1.5009035692470418e+00 -5.3167905849500990e+01 1.3768107640299871e+00 2.9531225800731448e-01 1.1901076999999999e-02 7.5657202000000001e-01
4.8375508274259970e-03 -1.4858214187533192e+03 7.7046683673669647e-01 4.3830160545972630e-01 1.6072946790860001e+00 -5.6744668032165471e+01 1.3557924660562297e+00 2.9646658692485361e-01 1.1711898000000000e-02 7.6837935000000002e-01
5.0468773390911926e-03 -1.5214649678752151e+03 7.8197526348086388e-01 4.8527755513584497e-01 1.7214813565052853e+00 -6.0471648147465991e+01 1.3349119659299156e+00 2.9801035390309727e-01 1.1512599000000000e-02 7.7999244000000001e-01
5.2525211530765874e-03 -1.5599124881571340e+03 7.9328122157387126e-01 5.0040295039092442e-01 1.8358001648393063e+00 -6.4361952052442632e+01 1.3140927250527099e+00 2.9972711350615638e-01 1.1303326000000001e-02 7.9140122000000002e-01
5.4543043621524834e-03 -1.6013617063733927e+03 8.0437492996933324e-01 4.8607091732167584e-01 1.9426467318144423e+00 -6.8429853650992044e+01 1.2933427894803029e+00 3.0142427554437384e-01 1.1084235000000000e-02 8.0259581999999996e-01
5.6520510418445278e-03 -1.6460315438127705e+03 8.1524671662948722e-01 4.4656317921533684e-01 2.0357136547464334e+00 -7.2690906483630869e+01 1.2727146467229087e+00 3.0291687186100519e-01 1.0855490000000001e-02 8.1356647999999998e-01
5.8455888726880907e-03 -1.6941650564383690e+03 8.2588710771406548e-01 3.8704616213573945e-01 2.1103880819881802e+00 -7.7162139883098035e+01 1.2522629387931477e+00 3.0405919073913007e-01 1.0617270000000000e-02 8.2430364000000000e-01
6.0347487797272874e-03 -1.7460324174234222e+03 8.3628680776054587e-01 3.1381345156598339e-01 2.1637399914835154e+00 -8.1862244094081191e+01 1.2321517299903699e+00 3.0474481324894209e-01 1.0369760000000000e-02 8.3479791999999997e-01
6.2193651127654698e-03 -1.8019345248538536e+03 8.4643670959402673e-01 2.3309049904015067e-01 2.1946886308502629e+00 -8.6811797126315753e+01 1.2124549436973009e+00 3.0490572560771828e-01 1.0113159000000000e-02 8.4504013000000000e-01
6.3992758266157093e-03 -1.8622072202305053e+03 8.5632790423710159e-01 1.5090729309629070e-01 2.2038416896810959e+00 -9.2033531312251483e+01 1.1933179114791006e+00 3.0450603443352725e-01 9.8476710000000005e-03 8.5502127999999999e-01
6.5743224811007951e-03 -1.9272262161719830e+03 8.6595168090985908e-01 7.2176693074312320e-02 2.1929231869252739e+00 -9.7552640065108591e+01 1.1748518029423520e+00 3.0361068328481805e-01 9.5735140000000000e-03 8.6473257999999997e-01
6.7443511423056716e-03 -1.9974132086825389e+03 8.7529957657925661e-01 1.1263594111993178e-03 2.1650159258559691e+00 -1.0339717267119315e+02 1.1571746893086532e+00 3.0211294691929297e-01 9.2909130999999992e-03 8.7416548999999999e-01
6.9092114813250009e-03 -2.0732426270586857e+03 8.8436332640974702e-01 -5.8918382895429409e-02 2.1234567070634602e+00 -1.0959844331784169e+02 1.1403585319215155e+00 3.0021176990362286e-01 9.0001030000000006e-03 8.8331166999999999e-01
7.0687578557660797e-03 -2.1552503786043708e+03 8.9313492322252641e-01 -1.0654546275534089e-01 2.0723271356665824e+00 -1.1619159295634081e+02 1.1244704757568336e+00 2.9791896141570029e-01 8.7013270999999996e-03 8.9216304000000002e-01
7.2228487689973888e-03 -2.2440438065648445e+03 9.0160658776591085e-01 -1.4083506527171871e-01 2.0151044448500990e+00 -1.2321620703490976e+02 1.1095563407237949e+00 2.9534236314774509e-01 8.3948374000000006e-03 9.0071175000000003e-01
7.3713477714010111e-03 -2.3403145318339807e+03 9.0977081826470896e-01 -1.6196016101190941e-01 1.9553496705642348e+00 -1.3071713256661266e+02 1.0956277305147184e+00 2.9255306946831566e-01 8.0808944000000001e-03 9.0895022999999997e-01
7.5141227393706964e-03 -2.4448532977352947e+03 9.1762035078072413e-01 -1.7077092539856722e-01 1.8960126578078371e+00 -1.3874540384665858e+02 1.0826835500899110e+00 2.8964535459763391e-01 7.7597663000000001e-03 9.1687114999999997e-01
7.6510465963138038e-03 -2.5585693369335945e+03 9.2514819885225263e-01 -1.6864938186980188e-01 1.8395324053389275e+00 -1.4735946897683610e+02 1.0707068663812866e+00 2.8667651368573105e-01 7.4317293999999999e-03 9.2446746000000002e-01
7.7819974929017894e-03 -2.6825143331796407e+03 9.3234766340395858e-01 -1.5736430725992359e-01 1.7876515531470571e+00 -1.5662669948616627e+02 1.0596660688633643e+00 2.8373547482642442e-01 7.0970672000000004e-03 9.3173240000000002e-01
7.9068584465692236e-03 -2.8179122949862640e+03 9.3921231292712481e-01 -1.3868129036440396e-01 1.7416475847002573e+00 -1.6662527939679558e+02 1.0495226194550868e+00 2.8088037735770466e-01 6.7560703000000000e-03 9.3865947999999999e-01
8.0255182427662348e-03 -2.9661993090941464e+03 9.4573603302902642e-01 -1.1467752122255920e-01 1.7021862295898509e+00 -1.7744672386809413e+02 1.0402297618989769e+00 2.7813908147619326e-01 6.4090362999999996e-03 9.4524253000000003e-01
8.1378703534555914e-03 -3.1290728297971523e+03 9.5191296697368166e-01 -8.6638754619776395e-02 1.6695182529414390e+00 -1.8919898969518772e+02 1.0317280142699137e+00 2.7555963748208101e-01 6.0562691999999996e-03 9.5147563999999996e-01
8.2438147396175481e-03 -3.3085612489157675e+03 9.5773761478060071e-01 -5.6525721088735333e-02 1.6434754777765905e+00 -2.0201091543645362e+02 1.0239834420953318e+00 2.7316695464628232e-01 5.6980790999999996e-03 9.5735325999999998e-01
8.3432560487450100e-03 -3.5071117347708027e+03 9.6320473412603691e-01 -2.5750129150422435e-02 1.6236113772975411e+00 -2.1603776607682431e+02 1.0169382840958239e+00 2.7095549523732587e-01 5.3347821999999998e-03 9.6287009999999995e-01
8.4361054173483652e-03 -3.7277178035246438e+03 9.6830943944173531e-01 4.7891366496961192e-03 1.6093817404395889e+00 -2.3146938112815528e+02 1.0105517899255798e+00 2.6895391846017946e-01 4.9667000000000001e-03 9.6802122999999995e-01
8.5222792092021025e-03 -3.9740923979642112e+03 9.7304713254580844e-01 3.4068358545682791e-02 1.6000010748590516e+00 -2.4854121327136065e+02 1.0047694094451622e+00 2.6715545869900997e-01 4.5941591999999996e-03 9.7280200999999999e-01
8.6017004573486992e-03 -4.2509256295728155e+03 9.7741358192173522e-01 6.1512409387776093e-02 1.5946694202031708e+00 -2.6755064289225965e+02 9.9956768375601968e-01 2.6555524338689490e-01 4.2174915999999996e-03 9.7720817000000004e-01
8.6742974220947091e-03 -4.5642598532898628e+03 9.8140484343936207e-01 8.6776139684199685e-02 1.5926256841497712e+00 -2.8888107748305720e+02 9.9491037609281430e-01 2.6414754890175857e-01 3.8370333000000002e-03 9.8123572999999997e-01
8.7400050330146885e-03 -4.9220824253046658e+03 9.8501733963390214e-01 1.0940891289891654e-01 1.5930269695921839e+00 -3.1303988713314561e+02 9.9077142441449051e-01 2.6291946955788204e-01 3.4531249000000000e-03 9.8488107999999996e-01
8.7987643481997110e-03 -5.3352779098960464e+03 9.8824782997630967e-01 1.2947972084849058e-01 1.5951546438078847e+00 -3.4071910445985054e+02 9.8712839396110641e-01 2.6186156356820023e-01 3.0661112999999999e-03 9.8814095000000002e-01
8.8505221937563976e-03 -5.8192579080395808e+03 9.9109339105353123e-01 1.4674791787084776e-01 1.5985179455159908e+00 -3.7289994886479911e+02 9.8396177177383537e-01 2.6096068221079161e-01 2.6763420000000000e-03 9.9101238999999997e-01
8.8952322453098465e-03 -6.3969731950284231e+03 9.9355147602775451e-01 1.6136740424100321e-01 1.6024295397855017e+00 -4.1104584193895909e+02 9.8125414041460668e-01 2.6020514300059511e-01 2.2841723000000002e-03 9.9349282999999999e-01
8.9328546675026422e-03 -7.1049831792548885e+03 9.9561989481665814e-01 1.7341810330141424e-01 1.6064351195418169e+00 -4.5749163115971623e+02 9.7899728483195581e-01 2.5959558911651093e-01 1.8899688000000000e-03 9.9558005999999999e-01
8.9633559337443918e-03 -8.0074254316820479e+03 9.9729680418353728e-01 1.8277742307873882e-01 1.6101636099279184e+00 -5.1633993185600855e+02 9.7717784595872448e-01 2.5911175179301571e-01 1.4941295000000000e-03 9.9727222000000004e-01
8.9867113497185038e-03 -9.2354827399590758e+03 9.9858084647555023e-01 1.9007674129972230e-01 1.6133022441904199e+00 -5.9599478955269205e+02 9.7579863037127634e-01 2.5875247173465077e-01 1.0971916000000000e-03 9.9856794000000004e-01
9.0029119029006854e-03 -1.1149227878667167e+04 9.9947152619895918e-01 1.9502812533895555e-01 1.6156240256368257e+00 -7.1955542136756844e+02 9.7484211543658361e-01 2.5851024771827097e-01 7.0085733000000002e-04 9.9946672000000003e-01
