-5.1653732438603472e-01 -1.1658901925489458e+03 5.1653887594826331e-01 -1.2526759401307515e+03 -3.5921484145147514e+02 7.9799820068855652e+01 -8.5540297362717581e+01 -2.3757428072791676e+01 5.5301730000000003e-06 1.0230946000000001e-06
-5.1651779837735379e-01 -8.2673169375573991e+02 5.1654801377432291e-01 -9.1301119526128434e+02 -3.5915527625493598e+02 5.7362504558637966e+01 -6.3079222128984973e+01 -2.3754728063414397e+01 3.5894988000000002e-05 1.9923924999999999e-05
-5.1645653802039049e-01 -6.6973733985156514e+02 5.1657668253584121e-01 -7.5474228690499774e+02 -3.5896845013391982e+02 4.6963679361598373e+01 -5.2620078163238226e+01 -2.3746258953078510e+01 8.5619985000000003e-05 7.9222864999999994e-05
-5.1633526239640504e-01 -5.6719581764079567e+02 5.1663343737884848e-01 -6.5006708627715341e+02 -3.5859882814676297e+02 4.0156294360893561e+01 -4.5710951989036367e+01 -2.3729501020187904e+01 1.5173507999999999e-04 1.9661552000000001e-04
-5.1613797193565147e-01 -4.9155239487576739e+02 5.1672576581847174e-01 -5.7140796090549281e+02 -3.5799818766393469e+02 3.5118175309045782e+01 -4.0527994888654341e+01 -2.3702262457095781e+01 2.3255418000000001e-04 3.8758918999999998e-04
-5.1585011541617798e-01 -4.3212842245229467e+02 5.1686047756873499e-01 -5.0809952254422814e+02 -3.5712329453885565e+02 3.1143679562327254e+01 -3.6365607981392500e+01 -2.3662571422070549e+01 3.2689763000000001e-04 6.6622920000000002e-04
-5.1545821092796285e-01 -3.8363643045843855e+02 5.1704388192462736e-01 -4.5488994374865558e+02 -3.5593495288834436e+02 2.7883928335075169e+01 -3.2876036893932053e+01 -2.3608631613830340e+01 4.3385032000000002e-04 1.0455858000000000e-03
-5.1494963374609748e-01 -3.4305693147899257e+02 5.1728188703369471e-01 -4.0881018577787933e+02 -3.5439762183114641e+02 2.5140144300750393e+01 -2.9862357951780155e+01 -2.3538801457459485e+01 5.5265518999999999e-04 1.5378795000000000e-03
-5.1431248520235284e-01 -3.0849340642397067e+02 5.1758006126182243e-01 -3.6802429139600213e+02 -3.5247925379605897e+02 2.2787858795914307e+01 -2.7202467718261016e+01 -2.3451584797001921e+01 6.8265765000000004e-04 2.1546280000000000e-03
-5.1353550414017002e-01 -2.7866991881055498e+02 5.1794367463073099e-01 -3.3132380372957192e+02 -3.5015127986368969e+02 2.0743643302814800e+01 -2.4815665863297973e+01 -2.3345627628867863e+01 8.2327310000000005e-04 2.9067318999999999e-03
-5.1260800658297734e-01 -2.5268218572434608e+02 5.1837772705213470e-01 -2.9787661086396702e+02 -3.4738867512547887e+02 1.8948618861105061e+01 -2.2646060354184208e+01 -2.3219718677993562e+01 9.7396649000000004e-04 3.8045331000000002e-03
-5.1151984162181297e-01 -2.2986263027337355e+02 5.1888696897155240e-01 -2.6709032160244152e+02 -3.4417006578298560e+02 1.7359512273134278e+01 -2.0653545022889560e+01 -2.3072791987991206e+01 1.1342389000000000e-03 4.8578574999999999e-03
-5.1026135918332916e-01 -2.0970205133490080e+02 5.1947591645231050e-01 -2.3853266254867791e+02 -3.4047785828274510e+02 1.5943464097024645e+01 -1.8808547544264279e+01 -2.2903930793679741e+01 1.3036180000000001e-03 6.0760461999999999e-03
-5.0882338668225824e-01 -1.9180160210722656e+02 5.2014886210177502e-01 -2.1188245011557072e+02 -3.3629837628070686e+02 1.4674846039695552e+01 -1.7088799713230003e+01 -2.2712371956804581e+01 1.4816515000000000e-03 7.4679780999999997e-03
-5.0719721011610719e-01 -1.7584196820499756e+02 5.2090988391869952e-01 -1.8689795058091502e+02 -3.3162198742478631e+02 1.3533218884338227e+01 -1.5477256771610289e+01 -2.2497510367527941e+01 1.6679024999999999e-03 9.0420881999999994e-03
-5.0537456125500635e-01 -1.6156285562210522e+02 5.2176285128814914e-01 -1.6339569055925705e+02 -3.2644321892558503e+02 1.2501975618311864e+01 -1.3960708976049681e+01 -2.2258903259241219e+01 1.8619452999999999e-03 1.0806380000000001e-02
-5.0334760576132609e-01 -1.4874885468129463e+02 5.2271143054130909e-01 -1.4123573033929540e+02 -3.2076084295405565e+02 1.1567407600661618e+01 -1.2528820415324844e+01 -2.1996273574668358e+01 2.0633631000000000e-03 1.2768437000000001e-02
-5.0110893771437048e-01 -1.3721946239641059e+02 5.2375908751783118e-01 -1.2031118637856306e+02 -3.1457794322773583e+02 1.0718047207386586e+01 -1.1173449299344762e+01 -2.1709513016525637e+01 2.2717459999999998e-03 1.4935428000000001e-02
-4.9865157041599378e-01 -1.2682180477142289e+02 5.2490909186864287e-01 -1.0054047976739118e+02 -3.0790192945734913e+02 9.9441901165943705e+00 -9.8881486821409563e+00 -2.1398683405337238e+01 2.4866887000000002e-03 1.7314116000000001e-02
-4.9596893659721575e-01 -1.1742527261313751e+02 5.2616451695925381e-01 -8.1861574519132944e+01 -3.0074453437910381e+02 9.2375447563723725e+00 -8.6677987432138686e+00 -2.1064017674196855e+01 2.7077901999999999e-03 1.9910858000000000e-02
-4.9305487705437756e-01 -1.0891741174392723e+02 5.2752824518783470e-01 -6.4227455200016152e+01 -2.9312173308613444e+02 8.5909647093324750e+00 -7.5083212730823092e+00 -2.0705918068288334e+01 2.9346520999999999e-03 2.2731616000000000e-02
-4.8990364684760218e-01 -1.0120080928734501e+02 5.2900296508444711e-01 -4.7602683273933906e+01 -2.8505366566683733e+02 7.9982480254934583e+00 -6.4064648275609413e+00 -2.0324954876690523e+01 3.1668782999999998e-03 2.5781951000000001e-02
-4.8650990910233383e-01 -9.4190609388547060e+01 5.3059117421181290e-01 -3.1960569883070924e+01 -2.7656446835981933e+02 7.4539764974104656e+00 -5.3596304555052727e+00 -1.9921862215432920e+01 3.4040742000000001e-03 2.9067029000000001e-02
-4.8286873087703081e-01 -8.7812547664598000e+01 5.3229518109916141e-01 -1.7280892045995081e+01 -2.6768207499407441e+02 6.9533919257121113e+00 -4.3657330907528360e+00 -1.9497532181730492e+01 3.6458464000000000e-03 3.2591624999999999e-02
-4.7897558936162637e-01 -8.2001381873274866e+01 5.3411710234145915e-01 -3.5480768832824618e+00 -2.5843798929026485e+02 6.4922955608582509e+00 -3.4230915399095538e+00 -1.9053008933708803e+01 3.8918026000000000e-03 3.6360116999999997e-02
-4.7482636361291419e-01 -7.6699586636947615e+01 5.3605886646710310e-01 9.2503913803711608e+00 -2.4886697902841283e+02 6.0669661853890373e+00 -2.5303345421071168e+00 -1.8589479325662460e+01 4.1415510999999999e-03 4.0376493999999999e-02
-4.7041733765377919e-01 -7.1856292426150176e+01 5.3812221248753556e-01 2.1125225220205433e+01 -2.3900675773721014e+02 5.6740940320859670e+00 -1.6863257116454629e+00 -1.8108263583033690e+01 4.3947007000000003e-03 4.4644352999999998e-02
-4.6574520047319701e-01 -6.7426398318261349e+01 5.4030868989724445e-01 3.2086410478213693e+01 -2.2889761742940834e+02 5.3107259225353163e+00 -8.9010016515730428e-01 -1.7610804015442845e+01 4.6508610999999997e-03 4.9166899000000000e-02
-4.6080704189392735e-01 -6.3369821006729900e+01 5.4261966060760969e-01 4.2144106187442276e+01 -2.1858202215627665e+02 4.9742187799671083e+00 -1.4081067977652889e-01 -1.7098652152935411e+01 4.9096423000000002e-03 5.3946949000000001e-02
-4.5560035773789753e-01 -5.9650867367831090e+01 5.4505629652959475e-01 5.1309364794688527e+01 -2.0810418976535502e+02 4.6622012913631954e+00 5.6231586280740353e-01 -1.6573455734103966e+01 5.1706551000000002e-03 5.8986927000000001e-02
-4.5012304052851171e-01 -5.6237688618439478e+01 5.4761958392490184e-01 5.9594746562425719e+01 -1.9750962664158092e+02 4.3725404621536272e+00 1.2200169547688509e+00 -1.6036943262248911e+01 5.4335110000000002e-03 6.4288872999999996e-02
-4.4437338878834187e-01 -5.3101824713680884e+01 5.5031031905481687e-01 6.7014778986990976e+01 -1.8684467937805124e+02 4.1033141218712723e+00 1.8330237985450388e+00 -1.5490909476919178e+01 5.6978226000000002e-03 6.9854434000000007e-02
-4.3835009670836006e-01 -5.0217799581730411e+01 5.5312911301482603e-01 7.3586325413561156e+01 -1.7615604106721551e+02 3.8527862662525481e+00 2.4020884109719729e+00 -1.4937198556883560e+01 5.9632034000000004e-03 7.5684873999999999e-02
-4.3205225931332214e-01 -4.7562779405489138e+01 5.5607638931730707e-01 7.9328841415416974e+01 -1.6549028313888408e+02 3.6193865050334364e+00 2.9280029740174927e+00 -1.4377688716222856e+01 6.2292681999999997e-03 8.1781068999999998e-02
-4.2547936832946098e-01 -4.5116270350987399e+01 5.5915238582537641e-01 8.4264535110033208e+01 -1.5489338392717369e+02 3.4016917362534751e+00 3.4116164888100737e+00 -1.3814274713356571e+01 6.4956331999999999e-03 8.8143510999999994e-02
-4.1863131218448607e-01 -4.2859857113481446e+01 5.6235715475288894e-01 8.8418453529278352e+01 -1.4441026107748252e+02 3.1984104026617288e+00 3.8538470935922948e+00 -1.3248851956371297e+01 6.7619166000000000e-03 9.4772308000000000e-02
-4.1150836980912342e-01 -4.0776972175090151e+01 5.6569056556520769e-01 9.1818474508939062e+01 -1.3408432731656939e+02 3.0083684184266284e+00 4.2556908729794083e+00 -1.2683299631004605e+01 7.0277381999999996e-03 1.0166719000000000e-01
-4.0411120960403851e-01 -3.8852694399556619e+01 5.6915230546266526e-01 9.4495239158515020e+01 -1.2395707451803496e+02 2.8304970895762618e+00 4.6182273926281869e+00 -1.2119465279492927e+01 7.2927204000000001e-03 1.0882751000000000e-01
-3.9644090390291087e-01 -3.7073576076232989e+01 5.7274187261210141e-01 9.6482003294477977e+01 -1.1406770855782152e+02 2.6638227021451364e+00 4.9426214327683669e+00 -1.1559150751593194e+01 7.5564877000000004e-03 1.1625223000000000e-01
-3.8849889901320822e-01 -3.5427479162039738e+01 5.7645859016725010e-01 9.7814455693174494e+01 -1.0445276160544719e+02 2.5074562644299361e+00 5.2301245245930739e+00 -1.1004095929099513e+01 7.8186677999999999e-03 1.2393994999999999e-01
-3.8028701315003283e-01 -3.3903438786297293e+01 5.8030160723566238e-01 9.8530466819789396e+01 -9.5145788789478701e+01 2.3605852407221244e+00 5.4820721439731273e+00 -1.0455965513152579e+01 8.0788911000000008e-03 1.3188891000000000e-01
-3.7180746742842441e-01 -3.2491547501315175e+01 5.8426988437485816e-01 9.8669802172561475e+01 -8.6177145464995363e+01 2.2224665966323451e+00 5.6998783769251338e+00 -9.9163394616106668e+00 8.3367917000000003e-03 1.4009695999999999e-01
-3.6306284454028948e-01 -3.1182839320602170e+01 5.8836221293079072e-01 9.8273805536152778e+01 -7.7573721313582439e+01 2.0924194176091220e+00 5.8850310514803681e+00 -9.3866994801891241e+00 8.5920070000000005e-03 1.4856159999999999e-01
-3.5405610941593685e-01 -2.9969197794482241e+01 5.9257720536861436e-01 9.7385053656465260e+01 -6.9358806975034966e+01 1.9698192319329200e+00 6.0390834173282091e+00 -8.8684212330385925e+00 8.8441787999999997e-03 1.5727996000000000e-01
-3.4479058856254230e-01 -2.8843268319787434e+01 5.9691330494191708e-01 9.6046993614709095e+01 -6.1551962995156387e+01 1.8540924614997740e+00 6.1636457024325599e+00 -8.3627655817154949e+00 9.0929527999999999e-03 1.6624881999999999e-01
-3.3526997006414838e-01 -2.7798382714245101e+01 6.0136878569272012e-01 9.4303568934165000e+01 -5.4168955520909108e+01 1.7447116461922434e+00 6.2603751237901308e+00 -7.8708723473308506e+00 9.3379794999999995e-03 1.7546460999999999e-01
-3.2549829325089707e-01 -2.6828491326118012e+01 6.0594175728609456e-01 9.2198841545717571e+01 -4.7221745356457205e+01 1.6411910281638655e+00 6.3309653564318031e+00 -7.3937554599532547e+00 9.5789143999999993e-03 1.8492342000000001e-01
-3.1547997969133246e-01 -2.5928105967016876e+01 6.1063015050631220e-01 8.9776630834327207e+01 -4.0718545274915165e+01 1.5430830830949789e+00 6.3771352704363009e+00 -6.9323014135864245e+00 9.8154178999999998e-03 1.9462097000000000e-01
-3.0521978153856277e-01 -2.5092241411167457e+01 6.1543174142992729e-01 8.7080143376560898e+01 -3.4663870693179632e+01 1.4499744326221657e+00 6.4006181827081532e+00 -6.4872651221874422e+00 1.0047156000000000e-02 2.0455266000000000e-01
-2.9472277119949253e-01 -2.4316367869044463e+01 6.2034415626039219e-01 8.4151624457491508e+01 -2.9058663796406073e+01 1.3614825931139740e+00 6.4031501057771143e+00 -6.0592701099461603e+00 1.0273801000000001e-02 2.1471357999999999e-01
-2.8399439298866080e-01 -2.3596372517161281e+01 6.2536484715497631e-01 8.1032055806466872e+01 -2.3900494807771324e+01 1.2772538743379682e+00 6.3864587378940394e+00 -5.6488120140198674e+00 1.0495031000000000e-02 2.2509846000000000e-01
-2.7304040114363554e-01 -2.2928516915713303e+01 6.3049112123246376e-01 7.7760840897730304e+01 -1.9183727883859326e+01 1.1969599821833485e+00 6.3522526196311304e+00 -5.2562587733654356e+00 1.0710529999999999e-02 2.3570173000000000e-01
-2.6186687015578114e-01 -2.2309404240146314e+01 6.3572013573853647e-01 7.4375548325573590e+01 -1.4899761950020565e+01 1.1202959014051601e+00 6.3022108737227844e+00 -4.8818554284609501e+00 1.0919989999999999e-02 2.4651751000000000e-01
-2.5048020510102598e-01 -2.1735949702920951e+01 6.4104889321115888e-01 7.0911687815724406e+01 -1.1037292627856964e+01 1.0469779011548570e+00 6.2379735236897798e+00 -4.5257295539918552e+00 1.1123108000000000e-02 2.5753959999999998e-01
-2.3888711064755952e-01 -2.1205351879093932e+01 6.4647425598442565e-01 6.7402499643149994e+01 -7.5825782917450608e+00 9.7674136712591120e-01 6.1611327341099260e+00 -4.1878963980528932e+00 1.1319591000000000e-02 2.6876150999999998e-01
-2.2709458072506489e-01 -2.0715068451049277e+01 6.5199295102317845e-01 6.3878803066826819e+01 -4.5197299429135320e+00 9.0933854485045618e-01 6.0732244085601090e+00 -3.8682657346527187e+00 1.1509152000000000e-02 2.8017647000000001e-01
-2.1510990885548642e-01 -2.0262795254450221e+01 6.5760156508838918e-01 6.0368874261295289e+01 -1.8310180293290048e+00 8.4453914662495799e-01 5.9757214127030203e+00 -3.5666499237259117e+00 1.1691511000000000e-02 2.9177742000000001e-01
-2.0294069848379709e-01 -1.9846447497581586e+01 6.6329653990254456e-01 5.6898372044476147e+01 5.0282384091364341e-01 7.8212556754176021e-01 5.8700276384719698e+00 -3.2827723336311796e+00 1.1866398000000000e-02 3.0355700000000002e-01
-1.9059478033185778e-01 -1.9464139799738469e+01 6.6907421082657481e-01 5.3490262229083520e+01 2.5023097154174287e+00 7.2189102838470376e-01 5.7574722266359339e+00 -3.0162740595709177e+00 1.2033550000000000e-02 3.1550762999999998e-01
-1.7808028471379039e-01 -1.9114173771229570e+01 6.7493077301754112e-01 5.0164834496867812e+01 4.1888873184793685e+00 6.6364512969023948e-01 5.6393062747985789e+00 -2.7667246175919522e+00 1.2192715000000000e-02 3.2762143999999999e-01
-1.6540558988214005e-01 -1.8795022895793380e+01 6.8086230560171601e-01 4.6939705560540226e+01 5.5846587650414037e+00 6.0720449532372400e-01 5.5166993286988397e+00 -2.5336299287109090e+00 1.2343646000000000e-02 3.3989032000000002e-01
-1.5257933235864241e-01 -1.8505321066957414e+01 6.8686476683996722e-01 4.3829875198052598e+01 6.7121021142630726e+00 5.5239571453002634e-01 5.3907376060580043e+00 -2.3164414493068097e+00 1.2486109000000000e-02 3.5230591000000000e-01
-1.3961036561115336e-01 -1.8243851363855125e+01 6.9293401346622263e-01 4.0847798208665424e+01 7.5938158267419062e+00 4.9905353957249110e-01 5.2624225971946856e+00 -2.1145645456091815e+00 1.2619877000000000e-02 3.6485963999999999e-01
-1.2650779104595167e-01 -1.8009537573535141e+01 6.9906578618362181e-01 3.8003494062439778e+01 8.2522744845462910e+00 4.4702002407025165e-01 5.1326712360670372e+00 -1.9273677171801045e+00 1.2744734000000001e-02 3.7754270000000001e-01
-1.1328092701543652e-01 -1.7801435837247581e+01 7.0525572416836424e-01 3.5304666631984098e+01 8.7096128150984153e+00 3.9614355376663657e-01 5.0023163343100245e+00 -1.7541904441134000e+00 1.2860473000000001e-02 3.9034606999999999e-01
-9.9939288156591755e-02 -1.7618727602653287e+01 7.1149937473894187e-01 3.2756840990341267e+01 8.9874289457933028e+00 3.4627785371683129e-01 4.8721080082563271e+00 -1.5943510165621548e+00 1.2966896000000000e-02 4.0326054000000000e-01
-8.6492606052521459e-02 -1.7460714276840442e+01 7.1779218368690667e-01 3.0363526474096766e+01 9.1066112017754666e+00 2.9728139890427285e-01 4.7427159454226970e+00 -1.4471542655971241e+00 1.3063819000000001e-02 4.1627669000000000e-01
-7.2950767247844217e-02 -1.7326811852318816e+01 7.2412952428456800e-01 2.8126372047226159e+01 9.0871879166622715e+00 2.4901629981765661e-01 4.6147316727558172e+00 -1.3118978263382004e+00 1.3151064000000001e-02 4.2938494999999999e-01
-5.9323875233298573e-02 -1.7216547864234307e+01 7.3050666827729527e-01 2.6045351974070730e+01 8.9482078114966548e+00 2.0134784256493943e-01 4.4886726996634190e+00 -1.1878792524955051e+00 1.3228465999999999e-02 4.4257553999999999e-01
-4.5622167799602320e-02 -1.7129557597622544e+01 7.3691882456044711e-01 2.4118930683731961e+01 8.7076357242364413e+00 1.5414347000167739e-01 4.3649850921811026e+00 -1.0744011207272437e+00 1.3295871000000001e-02 4.5583855000000001e-01
-3.1856058360522965e-02 -1.7065583844603641e+01 7.4336111984090747e-01 2.2344249292530492e+01 8.3822751676014828e+00 1.0727223261667873e-01 4.2440483419636825e+00 -9.7077631946119980e-01 1.3353135000000000e-02 4.6916390000000002e-01
-1.8036084299039412e-02 -1.7024473028243765e+01 7.4982862281016571e-01 2.0717296581796806e+01 7.9877190207805393e+00 6.0603882733269887e-02 4.1261789417327206e+00 -8.7633264107477049e-01 1.3400123999999999e-02 4.8254139000000001e-01
-4.1729276288774431e-03 -1.7006177558515770e+01 7.5631633447508473e-01 1.9233087004267855e+01 7.5383087032321212e+00 1.4008164496761677e-02 4.0116355127980254e+00 -7.9041639672096298e-01 1.3436718000000000e-02 4.9596067999999999e-01
9.7226263285611347e-03 -1.7010756625571958e+01 7.6281920749636545e-01 1.7885821892240926e+01 7.0471224172821065e+00 -3.2645888918702015e-02 3.9006227721893310e+00 -7.1239597887658057e-01 1.3462807000000000e-02 5.0941133000000005e-01
2.3639647621127247e-02 -1.7038375474484333e+01 7.6933212685008234e-01 1.6669055365992680e+01 6.5259766522398017e+00 -7.9490704976322046e-02 3.7932967825560815e+00 -6.4166450738622016e-01 1.3478291000000000e-02 5.2288276000000000e-01
3.7567154642834222e-02 -1.7089310938505498e+01 7.7584995333922890e-01 1.5575834636839623e+01 5.9854474538786677e+00 -1.2666116457885024e-01 3.6897688101371089e+00 -5.7764171648931928e-01 1.3483083000000000e-02 5.3636434000000000e-01
5.1494062480018865e-02 -1.7163953841440950e+01 7.8236749942063644e-01 1.4598847434150944e+01 5.4348933564265591e+00 -1.7429535963363574e-01 3.5901110499587356e+00 -5.1977593034688985e-01 1.3477108000000000e-02 5.4984533999999996e-01
6.5409203572877050e-02 -1.7262814103119450e+01 7.8887953887420736e-01 1.3730545842650226e+01 4.8825096345127967e+00 -2.2253537352306318e-01 3.4943575402873566e+00 -4.6754508319237964e-01 1.3460300999999999e-02 5.6331494999999998e-01
7.9301358707766445e-02 -1.7386526977416921e+01 7.9538082130676280e-01 1.2963258058729318e+01 4.3353768829568313e+00 -2.7152836910224976e-01 3.4025151260395261e+00 -4.2045722108684302e-01 1.3432611000000001e-02 5.7676231000000000e-01
9.3159277678741881e-02 -1.7535860699139619e+01 8.0186608182127506e-01 1.2289301079864634e+01 3.7995177910886171e+00 -3.2142762557601168e-01 3.3145605139985075e+00 -3.7805111461840513e-01 1.3393997000000000e-02 5.9017653000000003e-01
1.0697164829525230e-01 -1.7711724992786287e+01 8.0833002651301977e-01 1.1701063233765453e+01 3.2799707346520792e+00 -3.7239348029849062e-01 3.2304478763470468e+00 -3.3989609579064473e-01 1.3344429999999999e-02 6.0354666000000001e-01
1.2072713770521171e-01 -1.7915181844763922e+01 8.1476735180804005e-01 1.1191085881119022e+01 2.7808570470305463e+00 -4.2459465503849736e-01 3.1501114685936038e+00 -3.0559169866355990e-01 1.3283893999999999e-02 6.1686173000000000e-01
1.3441443371806916e-01 -1.8147458448089871e+01 8.2117276380161142e-01 1.0752129508050047e+01 2.3054556162100877e+00 -4.7820957047492452e-01 3.0734689096640362e+00 -2.7476702827578398e-01 1.3212384000000001e-02 6.3011079000000003e-01
1.4802218282020285e-01 -1.8409960440313650e+01 8.2754094925054456e-01 1.0377231249228032e+01 1.8562802318455534e+00 -5.3342766019317078e-01 3.0004245770837690e+00 -2.4707990100962926e-01 1.3129907000000000e-02 6.4328284999999996e-01
1.6153906249029482e-01 -1.8704289684618846e+01 8.3386660941549851e-01 1.0059746893056891e+01 1.4351528097959327e+00 -5.9045104560152251e-01 2.9308720282119833e+00 -2.2221585768343902e-01 1.3036481000000001e-02 6.5636695000000000e-01
1.7495379153009649e-01 -1.9032264030936734e+01 8.4014446489559780e-01 9.7933872301205973e+00 1.0432795653204894e+00 -6.4949640371545492e-01 2.8646960546424953e+00 -1.9988696839170264e-01 1.2932137999999999e-02 6.6935217000000002e-01
1.8825509907212779e-01 -1.9395938348389677e+01 8.4636924112458212e-01 9.5722418439962400e+00 6.8132269344190066e-01 -7.1079668154158482e-01 2.8017778632769037e+00 -1.7983055867523387e-01 1.2816919000000000e-02 6.8222760000000005e-01
2.0143178656428129e-01 -1.9797632254503910e+01 8.5253569737850532e-01 9.3907990211834402e+00 3.4946979313284826e-01 -7.7460451097858296e-01 2.7419912207034902e+00 -1.6180764844611356e-01 1.2690879000000000e-02 6.9498240000000000e-01
2.1447270710828847e-01 -2.0239959195091682e+01 8.5863861710650169e-01 9.2439499725644545e+00 4.7502029909040983e-02 -8.4118998681716561e-01 2.6852103607555575e+00 -1.4560179755977709e-01 1.2554085000000000e-02 7.0760577999999996e-01
2.2736677579048592e-01 -2.0725861063047233e+01 8.6467281276540298e-01 9.1269986714985585e+00 -2.2514576636871617e-01 -9.1085232413432171e-01 2.6313078419191775e+00 -1.3101748606690419e-01 1.2406611999999999e-02 7.2008700999999997e-01
2.4010302133565453e-01 -2.1258650015603436e+01 8.7063314999281860e-01 9.0356529743699880e+00 -4.6932618151733818e-01 -9.8391463213323416e-01 2.5801570667358575e+00 -1.1787862205269402e-01 1.2248551000000000e-02 7.3241546999999996e-01
2.5267055511471603e-01 -2.1842053908748543e+01 8.7651453310328797e-01 8.9660193466120504e+00 -6.8612393430446461e-01 -1.0607315248050240e+00 2.5316332295961388e+00 -1.0602714340121423e-01 1.2080001999999999e-02 7.4458062000000003e-01
2.6505859180626834e-01 -2.2480270600883436e+01 8.8231191475751181e-01 8.9145900292034526e+00 -8.7681295504989099e-01 -1.1416925392051360e+00 2.4856141718219611e+00 -9.5321678532200763e-02 1.1901076999999999e-02 7.5657202000000001e-01
2.7725647005812093e-01 -2.3178031710593462e+01 8.8802030563158552e-01 8.8782288075978286e+00 -1.0428038057143845e+00 -1.2272269030655760e+00 2.4419811869485617e+00 -8.5635894991316158e-02 1.1711898000000000e-02 7.6837935000000002e-01
2.8925368347959790e-01 -2.3940677760491916e+01 8.9363478892084702e-01 8.8541526287525141e+00 -1.1856101220816426e+00 -1.3178092234384153e+00 2.4006194431552004e+00 -7.6857407875135661e-02 1.1512599000000000e-02 7.7999244000000001e-01
3.0103982898769943e-01 -2.4774240681969456e+01 8.9915049616679621e-01 8.8399098096085869e+00 -1.3068115644952345e+00 -1.4139653867608952e+00 2.3614188363613651e+00 -6.8886511904671904e-02 1.1303326000000001e-02 7.9140122000000002e-01
3.1260471011477797e-01 -2.5685551077304062e+01 9.0456265560325688e-01 8.8333609600940441e+00 -1.4080256723274840e+00 -1.5162805307415110e+00 2.3242735281885216e+00 -6.1634873110697048e-02 1.1084235000000000e-02 8.0259581999999996e-01
3.2393824403163052e-01 -2.6682350149038481e+01 9.0986654864483074e-01 8.8326556129241300e+00 -1.4908779513732948e+00 -1.6254068641289945e+00 2.2890834412435863e+00 -5.5024273646180510e-02 1.0855490000000001e-02 8.1356647999999998e-01
3.3503055452440600e-01 -2.7773436279180682e+01 9.1505755339844297e-01 8.8362115126702232e+00 -1.5569831804841661e+00 -1.7420743316218570e+00 2.2557530847576999e+00 -4.8986049706832034e-02 1.0617270000000000e-02 8.2430364000000000e-01
3.4587195133307080e-01 -2.8968829679883836e+01 9.2013113499411059e-01 8.8426861204245668e+00 -1.6079250742278284e+00 -1.8671020539112413e+00 2.2241924757919667e+00 -4.3459577220704503e-02 1.0369760000000000e-02 8.3479791999999997e-01
3.5645294048217624e-01 -3.0279970424940043e+01 9.2508285041955785e-01 8.8509624951495134e+00 -1.6452410753239466e+00 -2.0014122150455416e+00 2.1943166881600691e+00 -3.8391649281898900e-02 1.0113159000000000e-02 8.4504013000000000e-01
3.6676423461162633e-01 -3.1719955227878248e+01 9.2990835335483280e-01 8.8601203410174634e+00 -1.6704110420762408e+00 -2.1460463805022267e+00 2.1660460775965507e+00 -3.3735603591978518e-02 9.8476710000000005e-03 8.5502127999999999e-01
3.7679675297667725e-01 -3.3303819367662221e+01 9.3460339417230731e-01 8.8694188077037381e+00 -1.6848467506982123e+00 -2.3021848262398996e+00 2.1393060608882548e+00 -2.9450590124118103e-02 9.5735140000000000e-03 8.6473257999999997e-01
3.8654167310177612e-01 -3.5048885555172660e+01 9.3916384410975784e-01 8.8782749129905660e+00 -1.6898860695404718e+00 -2.4711703994461294e+00 2.1140267494047684e+00 -2.5500841806502101e-02 9.2909130999999992e-03 8.7416548999999999e-01
3.9599037912672241e-01 -3.6975168380555935e+01 9.4358567109728475e-01 8.8862461887924535e+00 -1.6867871878667415e+00 -2.6545356271270419e+00 2.0901432068298900e+00 -2.1855105200166463e-02 9.0001030000000006e-03 8.8331166999999999e-01
4.0513452379127413e-01 -3.9105888248148801e+01 9.4786496876500892e-01 8.8930139298510387e+00 -1.6767265802507885e+00 -2.8540373726640316e+00 2.0675949808101541e+00 -1.8486053273228772e-02 8.7013270999999996e-03 8.9216304000000002e-01
4.1396599744284446e-01 -4.1468081413462372e+01 9.5199794193922371e-01 8.8983458045964401e+00 -1.6607973113956465e+00 -3.0716972881384579e+00 2.0463259652015946e+00 -1.5369869206091102e-02 8.3948374000000006e-03 9.0071175000000003e-01
4.2247697969034004e-01 -4.4093373546933712e+01 9.5598093081547586e-01 8.9021297936169912e+00 -1.6400090352288048e+00 -3.3098532347801175e+00 2.0262841837519674e+00 -1.2485696456066311e-02 8.0808944000000001e-03 9.0895022999999997e-01
4.3065989808109095e-01 -4.7018914547547809e+01 9.5981039162010040e-01 8.9043109497116948e+00 -1.6152895380661991e+00 -3.5712204839712891e+00 2.0074216616131713e+00 -9.8153271586582172e-03 7.7597663000000001e-03 9.1687114999999997e-01
4.3850746942392049e-01 -5.0288571954470683e+01 9.6348291594868574e-01 8.9048988152502950e+00 -1.5874870718512992e+00 -3.8589701494383082e+00 1.9896939897559835e+00 -7.3428819457251604e-03 7.4317293999999999e-03 9.2446746000000002e-01
4.4601271011991306e-01 -5.3954435476611110e+01 9.6699523560068945e-01 8.9039570860022934e+00 -1.5573727318532946e+00 -4.1768271903675203e+00 1.9730603537475266e+00 -5.0544009484887378e-03 7.0970672000000004e-03 9.3173240000000002e-01
4.5316891550087923e-01 -5.8078715530485759e+01 9.7034421291020634e-01 8.9015903870039512e+00 -1.5256439719148063e+00 -4.5291934574590016e+00 1.9574832810309968e+00 -2.9377271496923338e-03 6.7560703000000000e-03 9.3865947999999999e-01
4.5996971148319354e-01 -6.2736235664346182e+01 9.7352686491904916e-01 8.8979354180927395e+00 -1.4929288071964883e+00 -4.9213095838033896e+00 1.9429282973634989e+00 -9.8211201933530510e-04 6.4090362999999996e-03 9.4524253000000003e-01
4.6640899258318858e-01 -6.8017610957695197e+01 9.7654033436905163e-01 8.8931531999147531e+00 -1.4597907480972043e+00 -5.3594591980621304e+00 1.9293638933073993e+00 8.2172339121079629e-04 6.0562691999999996e-03 9.5147563999999996e-01
4.7248102522483193e-01 -7.4033589403970993e+01 9.7938193804823004e-01 8.8874218635465869e+00 -1.4267314156184858e+00 -5.8512500645657646e+00 1.9167612483627874e+00 2.4820801688996896e-03 5.6980790999999996e-03 9.5735325999999998e-01
4.7818034443204904e-01 -8.0920708120870316e+01 9.8204911844462139e-01 8.8809298369323386e+00 -1.3941962319549930e+00 -6.4059765478437924e+00 1.9050941492993445e+00 4.0061802942162258e-03 5.3347821999999998e-03 9.6287009999999995e-01
4.8350185713640015e-01 -8.8849271306308808e+01 9.8453949209244584e-01 8.8738719836007114e+00 -1.3625783884714757e+00 -7.0351346102982246e+00 1.8943387556359337e+00 5.4004120271670623e-03 4.9667000000000001e-03 9.6802122999999995e-01
4.8844076986170648e-01 -9.8034304767637849e+01 9.8685081572979261e-01 8.8664425252426486e+00 -1.3322233702286572e+00 -7.7531262178442049e+00 1.8844734936409382e+00 6.6703646288314208e-03 4.5941591999999996e-03 9.7280200999999999e-01
4.9299267137019187e-01 -1.0875157204006824e+02 9.8898102497555007e-01 8.8588352356710658e+00 -1.3034326867771484e+00 -8.5782918394981653e+00 1.8754788911287532e+00 7.8209711509677569e-03 4.2174915999999996e-03 9.7720817000000004e-01
4.9715345001634048e-01 -1.2136094782834738e+02 9.9092819565247559e-01 8.8512346469638459e+00 -1.2764685568816876e+00 -9.5344201025732751e+00 1.8673375383470965e+00 8.8565814292137328e-03 3.8370333000000002e-03 9.8123572999999997e-01
5.0091937639303963e-01 -1.3634276934507531e+02 9.9269058246412611e-01 8.8438177129895745e+00 -1.2515569973566729e+00 -1.0653100756260875e+01 1.8600338583651010e+00 9.7809120112615274e-03 3.4531249000000000e-03 9.8488107999999996e-01
5.0428707233927550e-01 -1.5435592119075301e+02 9.9426660449100823e-01 8.8367476932389692e+00 -1.2288924238237868e+00 -1.1977495104255290e+01 1.8535540631630156e+00 1.0597318353429684e-02 3.0661112999999999e-03 9.8814095000000002e-01
5.0725349027859779e-01 -1.7633634532306550e+02 9.9565483552134704e-01 8.8301763187362123e+00 -1.2086358718829857e+00 -1.3568748338685799e+01 1.8478861410069656e+00 1.1308747348616669e-02 2.6763420000000000e-03 9.9101238999999997e-01
5.0981597520372690e-01 -2.0367723055261970e+02 9.9685403305878251e-01 8.8242401811477773e+00 -1.1909279993741253e+00 -1.5517762077138133e+01 1.8430196427289902e+00 1.1917461114134073e-02 2.2841723000000002e-03 9.9349282999999999e-01
5.1197224401501751e-01 -2.3858925566902059e+02 9.9786312865313720e-01 8.8190562956953489e+00 -1.1758820146701456e+00 -1.7968799702553607e+01 1.8389456494639660e+00 1.2425581395657123e-02 1.8899688000000000e-03 9.9558005999999999e-01
5.1372037518969071e-01 -2.8492332288285866e+02 9.9868122306580065e-01 8.8147272037691362e+00 -1.1635888568413337e+00 -2.1173557446064841e+01 1.8356567833134352e+00 1.2834830841295896e-02 1.4941295000000000e-03 9.9727222000000004e-01
5.1505895341258212e-01 -3.5047883119689942e+02 9.9930765395435506e-01 8.8113356576851558e+00 -1.1541200581873827e+00 -2.5643280606705098e+01 1.8331468497179222e+00 1.3146565159711516e-02 1.0971916000000000e-03 9.9856794000000004e-01
5.1598746214530988e-01 -4.5641841410993760e+02 9.9974217958799105e-01 8.8089427695680609e+00 -1.1475239111658657e+00 -3.2770533174803170e+01 1.8314100872324648e+00 1.3361994980483639e-02 7.0085733000000002e-04 9.9946672000000003e-01
