-1.7559363172234174e-01 -3.0069716778729307e+03 1.7559483446620575e-01 -2.7599772730210661e+03 -9.0866262255940342e+02 2.0464259082012299e+02 -1.8836076020764716e+02 -5.9911573372823938e+01 5.5301730000000003e-06 1.0230946000000001e-06
-1.7558699397785466e-01 -2.1488851208080350e+03 1.7561041642436220e-01 -1.8996714022954218e+03 -9.0804142800096656e+02 1.4805275366816474e+02 -1.3166658829999542e+02 -5.9883423062385752e+01 3.5894988000000002e-05 1.9923924999999999e-05
-1.7556616890277885e-01 -1.7514197141443365e+03 1.7565930282682429e-01 -1.4967365443970766e+03 -9.0609473574542199e+02 1.2181316349017943e+02 -1.0516729720840129e+02 -5.9795183338248123e+01 8.5619985000000003e-05 7.9222864999999994e-05
-1.7552494201316288e-01 -1.4915013481479461e+03 1.7575608203701631e-01 -1.2278585509293246e+03 -9.0225085846683066e+02 1.0462097246472158e+02 -8.7545513243849882e+01 -5.9620846992981214e+01 1.5173507999999999e-04 1.9661552000000001e-04
-1.7545787435537247e-01 -1.2994341782570236e+03 1.7591352187812112e-01 -1.0234254360584548e+03 -8.9602580332664297e+02 9.1881099638188601e+01 -7.4206630980850534e+01 -5.9338227933538349e+01 2.3255418000000001e-04 3.8758918999999998e-04
-1.7536001933254447e-01 -1.1482210954058855e+03 1.7614323437670712e-01 -8.5671009841926434e+02 -8.8700537023712718e+02 8.1814582344986405e+01 -6.3380758453947500e+01 -5.8928064324100816e+01 3.2689763000000001e-04 6.6622920000000002e-04
-1.7522679385371626e-01 -1.0245058091667554e+03 1.7645597823729300e-01 -7.1475421354803564e+02 -8.7484231782717279e+02 7.3542373157164548e+01 -5.4203772766414758e+01 -5.8373800259667640e+01 4.3385032000000002e-04 1.0455858000000000e-03
-1.7505390622264139e-01 -9.2067217625648311e+02 1.7686182812175558e-01 -5.9043127798108503e+02 -8.5925899050614521e+02 6.6564063327686711e+01 -4.6194497668147882e+01 -5.7661616938267521e+01 5.5265518999999999e-04 1.5378795000000000e-03
-1.7483731156149912e-01 -8.3194421332969239e+02 1.7737027929118443e-01 -4.7952483808063255e+02 -8.4005221057438143e+02 6.0566683175426924e+01 -3.9062461192631375e+01 -5.6780574560644546e+01 6.8265765000000004e-04 2.1546280000000000e-03
-1.7457318171057240e-01 -7.5511543290651139e+02 1.7799031826572109e-01 -3.7943712514850051e+02 -8.1709874124678049e+02 5.5340762168948139e+01 -3.2623141970027646e+01 -5.5722794838800098e+01 8.2327310000000005e-04 2.9067318999999999e-03
-1.7425788471886974e-01 -6.8791840004436358e+02 1.7873047096986974e-01 -2.8854100447197840e+02 -7.9036039097586286e+02 5.0738714957527058e+01 -2.6755650514365307e+01 -5.4483648028994153e+01 9.7396649000000004e-04 3.8045331000000002e-03
-1.7388796984839844e-01 -6.2868300596271104e+02 1.7959883793463410e-01 -2.0582101992968518e+02 -7.5988792464139954e+02 4.6652268608059636e+01 -2.1379498240640700e+01 -5.3061913417406224e+01 1.1342389000000000e-03 4.8578574999999999e-03
-1.7346015661709938e-01 -5.7613813004343319e+02 1.8060312001898457e-01 -1.3065791832853509e+02 -7.2582322682443987e+02 4.2999357354293423e+01 -1.6440852916253910e+01 -5.1459891847698813e+01 1.3036180000000001e-03 6.0760461999999999e-03
-1.7297132686199884e-01 -5.2929007651150494e+02 1.8175063704143429e-01 -6.2689984049704712e+01 -6.8839925676027985e+02 3.9716089168890363e+01 -1.1903879707542554e+01 -4.9683455516134387e+01 1.4816515000000000e-03 7.4679780999999997e-03
-1.7241851831246832e-01 -4.8734457853328666e+02 1.8304834286666904e-01 -1.7181659008374639e+00 -6.4793739861246490e+02 3.6751593027124734e+01 -7.7449548305218121e+00 -4.7742017875518606e+01 1.6679024999999999e-03 9.0420881999999994e-03
-1.7179892023549354e-01 -4.4965495767106000e+02 1.8450283562818165e-01 5.2362051112245688e+01 -6.0484205611926086e+02 3.4064595108253577e+01 -3.9486444797072089e+00 -4.5648418219259526e+01 1.8619452999999999e-03 1.0806380000000001e-02
-1.7110986939701267e-01 -4.1568643897619927e+02 1.8612036720894121e-01 9.9611561568443364e+01 -5.5959234220203837e+02 3.1621065160698461e+01 -5.0476378075195738e-01 -4.3418711931001681e+01 2.0633631000000000e-03 1.2768437000000001e-02
-1.7034884820062007e-01 -3.8499100821703462e+02 1.8790684761074491e-01 1.4008639026298465e+02 -5.1273104206547600e+02 2.9392560748049164e+01 2.5938167989980059e+00 -4.1071870939417700e+01 2.2717459999999998e-03 1.4935428000000001e-02
-1.6951348156199317e-01 -3.5718911734233569e+02 1.8986785229143147e-01 1.7386746566444006e+02 -4.6485089025777529e+02 2.7355025149103067e+01 5.3528571792681241e+00 -3.8629388786209297e+01 2.4866887000000002e-03 1.7314116000000001e-02
-1.6860153697913013e-01 -3.3195624216682836e+02 1.9200862199999993e-01 2.0108284376957832e+02 -4.1657878602578637e+02 2.5487907392360832e+01 7.7780354866113584e+00 -3.6114811222103995e+01 2.7077901999999999e-03 1.9910858000000000e-02
-1.6761092066928204e-01 -3.0901260835285348e+02 1.9433407184507590e-01 2.2192364039465900e+02 -3.6855808517527049e+02 2.3773491178506536e+01 9.8759394674737511e+00 -3.3553184720654428e+01 2.9346520999999999e-03 2.2731616000000000e-02
-1.6653967967608074e-01 -2.8811544517688230e+02 1.9684878634847525e-01 2.3665393760538427e+02 -3.2143011483802445e+02 2.2196392645915434e+01 1.1654787941387893e+01 -3.0970467338961068e+01 3.1668782999999998e-03 2.5781951000000001e-02
-1.6538599976241103e-01 -2.6905282057929259e+02 1.9955702439164039e-01 2.4561542905463347e+02 -2.7581507699137921e+02 2.0743160957360924e+01 1.3124930196184083e+01 -2.8392891162151390e+01 3.4040742000000001e-03 2.9067029000000001e-02
-1.6414820400565866e-01 -2.5163878507199450e+02 2.0246272251326419e-01 2.4922697556807097e+02 -2.3229342906766718e+02 1.9401969918464868e+01 1.4299151276998780e+01 -2.5846314610173952e+01 3.6458464000000000e-03 3.2591624999999999e-02
-1.6282475490483822e-01 -2.3570951245821934e+02 2.0556948996285399e-01 2.4797954932501321e+02 -1.9138857645010617e+02 1.8162364626715334e+01 1.5192783910436741e+01 -2.3355591313630512e+01 3.8918026000000000e-03 3.6360116999999997e-02
-1.6141425157108935e-01 -2.2112009391516943e+02 2.0888061529597957e-01 2.4242715527743621e+02 -1.5355133466991018e+02 1.7015065189393159e+01 1.5823665370983052e+01 -2.0943961001606738e+01 4.1415510999999999e-03 4.0376493999999999e-02
-1.5991543078124068e-01 -2.0774195148049716e+02 2.1239906390105523e-01 2.3317427235391594e+02 -1.1914718135496621e+02 1.5951800377738019e+01 1.6211946360115522e+01 -1.8632503823107548e+01 4.3947007000000003e-03 4.4644352999999998e-02
-1.5832716697780974e-01 -1.9546067196928547e+02 2.1612747799933973e-01 2.2086059589772645e+02 -8.8446676627407854e+01 1.4965172799931928e+01 1.6379777753142204e+01 -1.6439667442695161e+01 4.6508610999999997e-03 4.9166899000000000e-02
-1.5664847086425113e-01 -1.8417418233372413e+02 2.2006817994256045e-01 2.0614389317473450e+02 -6.1619507388128987e+01 1.4048545322805001e+01 1.6350897612772421e+01 -1.4380885019462799e+01 4.9096423000000002e-03 5.3946949000000001e-02
-1.5487849116089636e-01 -1.7379122997909491e+02 2.2422316809088305e-01 1.8968189130348415e+02 -3.8732495461474592e+01 1.3195948193969537e+01 1.6150146275178891e+01 -1.2468304766472350e+01 5.1706551000000002e-03 5.8986927000000001e-02
-1.5301651144426209e-01 -1.6423005724874099e+02 2.2859412423256592e-01 1.7211403055854174e+02 -1.9751492038078958e+01 1.2401993267474804e+01 1.5802928949061814e+01 -1.0710624550330079e+01 5.4335110000000002e-03 6.4288872999999996e-02
-1.5106195330774189e-01 -1.5541730243023810e+02 2.3318240616430583e-01 1.5404410245264043e+02 -4.5471824139096988e+00 1.1661815268767967e+01 1.5334661959671497e+01 -9.1130562036145975e+00 5.6978226000000002e-03 6.9854434000000007e-02
-1.4901437284972643e-01 -1.4728701763808601e+02 2.3798905593529809e-01 1.3602446040192800e+02 7.0956882549235685e+00 1.0971003294530655e+01 1.4770220853284190e+01 -7.6773954996649820e+00 5.9632034000000004e-03 7.5684873999999999e-02
-1.4687346242954349e-01 -1.3977984320907876e+02 2.4301479572520662e-01 1.1854267620220244e+02 1.5466051188742151e+01 1.0325556073928341e+01 1.4133419884548214e+01 -6.4022069392996368e+00 6.2292681999999997e-03 8.1781068999999998e-02
-1.4463904926270588e-01 -1.3284227548789588e+02 2.4826003114178782e-01 1.0201106867184164e+02 2.0911910825574658e+01 9.7218348177071316e+00 1.3446545344361443e+01 -5.2831029791671407e+00 6.4956331999999999e-03 8.8143510999999994e-02
-1.4231109542091155e-01 -1.2642603157282647e+02 2.5372485122089067e-01 8.6759643067584591e+01 2.3824173194687752e+01 9.1565268089398266e+00 1.2729953161152196e+01 -4.3131046366204497e+00 6.7619166000000000e-03 9.4772308000000000e-02
-1.3988969572491564e-01 -1.2048748853203774e+02 2.5940903337289267e-01 7.3032563900943529e+01 2.4619655110359421e+01 8.6266104244251451e+00 1.2001756588767808e+01 -3.4830645325745055e+00 7.0277381999999996e-03 1.0166719000000000e-01
-1.3737507739334254e-01 -1.1498719373170526e+02 2.6531204420710613e-01 6.0988231109603014e+01 2.3724160849643550e+01 8.1293257708533826e+00 1.1277604285660184e+01 -2.7821308799368536e+00 7.2927204000000001e-03 1.0882751000000000e-01
-1.3476760495931758e-01 -1.0988944311047513e+02 2.7143302799009367e-01 5.0702789889130742e+01 2.1556385070963941e+01 7.6621501039038469e+00 1.0570552967544668e+01 -2.1982331635725045e+00 7.5564877000000004e-03 1.1625223000000000e-01
-1.3206777008601567e-01 -1.0516187724927016e+02 2.7777083055344270e-01 4.2176629343295204e+01 1.8513355927159783e+01 7.2227719004281088e+00 9.8910432227864327e+00 -1.7185605369685317e+00 7.8186677999999999e-03 1.2393994999999999e-01
-1.2927619086428516e-01 -1.0077514854587544e+02 2.8432400094257748e-01 3.5343506253540539e+01 1.4957992487417412e+01 6.8090711974289730e+00 9.2469545588843971e+00 -1.3300241781500426e+00 8.0788911000000008e-03 1.3188891000000000e-01
-1.2639362234828747e-01 -9.6702628882061148e+01 2.9109076668457862e-01 3.0081653912285581e+01 1.1209276469531137e+01 6.4191028954707887e+00 8.6437530770814366e+00 -1.0196800944996662e+00 8.3367917000000003e-03 1.4009695999999999e-01
-1.2342094250797767e-01 -9.2920137564494709e+01 2.9806906676442368e-01 2.6226079372024284e+01 7.5352384067529057e+00 6.0510781985292121e+00 8.0846965694540422e+00 -7.7509523443562145e-01 8.5920070000000005e-03 1.4856159999999999e-01
-1.2035915925286425e-01 -8.9405697032790997e+01 3.0525653513686701e-01 2.3581555426009093e+01 4.1489304248003576e+00 5.7033512006695979e+00 7.5711000428397943e+00 -5.8465371280065226e-01 8.8441787999999997e-03 1.5727996000000000e-01
-1.1720940340824937e-01 -8.6139321394249180e+01 3.1265051721455955e-01 2.1935434459692964e+01 1.2072846610170171e+00 5.3744048430280484e+00 7.1026309096473375e+00 -4.3779096964678910e-01 9.0929527999999999e-03 1.6624881999999999e-01
-1.1397292871522893e-01 -8.3102826768245720e+01 3.2024806986804932e-01 2.1069797209499882e+01 -1.1873336038453071e+00 5.0628395288062604e+00 6.6776296546243490e+00 -3.2515646179972008e-01 9.3379794999999995e-03 1.7546460999999999e-01
-1.1065110831881270e-01 -8.0279657532837376e+01 3.2804596966984123e-01 2.0772328660231466e+01 -2.9832321382297926e+00 4.7673667590401081e+00 6.2934264181351924e+00 -2.3870533302815000e-01 9.5789143999999993e-03 1.8492342000000001e-01
-1.0724544530356384e-01 -7.7654747290792344e+01 3.3604068816221677e-01 2.0845542169584281e+01 -4.1735914656276112e+00 4.4867767637957652e+00 5.9466564080922417e+00 -1.7172424209996537e-01 9.8154178999999998e-03 1.9462097000000000e-01
-1.0375755513419971e-01 -7.5214366145877520e+01 3.4422843307753470e-01 2.1114039322827669e+01 -4.7892725642231122e+00 4.2199758386872555e+00 5.6335418991381569e+00 -1.1879792197191055e-01 1.0047156000000000e-02 2.0455266000000000e-01
-1.0018916214371217e-01 -7.2946001238126527e+01 3.5260515658229097e-01 2.1429675616050616e+01 -4.8907531193802045e+00 3.9659310995557036e+00 5.3501457219009465e+00 -7.5727251208478522e-02 1.0273801000000001e-02 2.1471357999999999e-01
-9.6542117092766541e-02 -7.0838253951202887e+01 3.6116651405681816e-01 2.1674611748728395e+01 -4.5597216726332581e+00 3.7236883536600622e+00 5.0925864642699974e+00 -3.9410553746296623e-02 1.0495031000000000e-02 2.2509846000000000e-01
-9.2818376098422820e-02 -6.8880740548366191e+01 3.6990791355964631e-01 2.1762342587683502e+01 -3.8908196065729626e+00 3.4923590850812536e+00 4.8572079367846417e+00 -7.6952957945268718e-03 1.0710529999999999e-02 2.3570173000000000e-01
-8.9020004146015422e-02 -6.7063996938572586e+01 3.7882450758344260e-01 2.1636925098151263e+01 -2.9839489258100702e+00 3.2711156029167521e+00 4.6406964110003530e+00 2.0779468539740872e-02 1.0919989999999999e-02 2.4651751000000000e-01
-8.5149178601032979e-02 -6.5379407607453004e+01 3.8791118481095133e-01 2.1270684946519154e+01 -1.9374917237118963e+00 3.0591854126667033e+00 4.4401692195840612e+00 4.6751977971953587e-02 1.1123108000000000e-02 2.5753959999999998e-01
-8.1208178673478973e-02 -6.3819129042167361e+01 3.9716259484717437e-01 2.0660735060591112e+01 -8.4268080126080080e-01 2.8558457325942266e+00 4.2532112511007956e+00 7.0497294308051489e-02 1.1319591000000000e-02 2.6876150999999998e-01
-7.7199381905991779e-02 -6.2376028199901143e+01 4.0657315646343078e-01 1.9824662441564467e+01 2.2072409360109099e-01 2.6604191224112794e+00 4.0778786125794113e+00 9.1976380216404419e-02 1.1509152000000000e-02 2.8017647000000001e-01
-7.3125267685724665e-02 -6.1043625539797446e+01 4.1613704935329721e-01 1.8795760353873746e+01 1.1874067436869269e+00 2.4722696815340908e+00 3.9126800848903445e+00 1.1096781824360198e-01 1.1691511000000000e-02 2.9177742000000001e-01
-6.8988420756225424e-02 -5.9816046858529859e+01 4.2584820588854760e-01 1.7618161248667960e+01 2.0081375113491511e+00 2.2907987514323609e+00 3.7565270434695792e+00 1.2717596592606595e-01 1.1866398000000000e-02 3.0355700000000002e-01
-6.4791503122397967e-02 -5.8687970033293553e+01 4.3570037707163384e-01 1.6342088768855476e+01 2.6502131680391448e+00 2.1154410393903684e+00 3.6086772538023872e+00 1.4031792214917665e-01 1.2033550000000000e-02 3.1550762999999998e-01
-6.0537278633660915e-02 -5.7654592738651722e+01 4.4568707482726533e-01 1.5019584945497215e+01 3.0968323891150438e+00 1.9456620110843339e+00 3.4686629099741584e+00 1.5018472168877123e-01 1.2192715000000000e-02 3.2762143999999999e-01
-5.6228595424548652e-02 -5.6711591983970017e+01 4.5580161322270923e-01 1.3700836277184921e+01 3.3456309836250449e+00 1.7809544723258579e+00 3.3362245394552668e+00 1.5668174607616001e-01 1.2343646000000000e-02 3.3989032000000002e-01
-5.1868389426591055e-02 -5.5855093610018415e+01 4.6603710022373041e-01 1.2431198965602096e+01 3.4065941390432122e+00 1.6208355416214615e+00 3.2112355090596956e+00 1.5984754670210638e-01 1.2486109000000000e-02 3.5230591000000000e-01
-4.7459670320794206e-02 -5.5081642461509681e+01 4.7638647067083201e-01 1.1249032170882943e+01 3.2995460361411495e+00 1.4648438955909193e+00 3.0936507535753539e+00 1.5985628340335467e-01 1.2619877000000000e-02 3.6485963999999999e-01
-4.3005532073279895e-02 -5.4388180010969727e+01 4.8684246154707483e-01 1.0184311450811483e+01 3.0514916094167717e+00 1.3125375106955763e+00 2.9834438105363992e+00 1.5700653623264282e-01 1.2744734000000001e-02 3.7754270000000001e-01
-3.8509142399646173e-02 -5.3772021584866089e+01 4.9739763671025800e-01 9.2579729227388459e+00 2.6939210172233499e+00 1.1634912254173364e+00 2.8805699108597613e+00 1.5169969634127217e-01 1.2860473000000001e-02 3.9034606999999999e-01
-3.3973735741207572e-02 -5.3230837726464436e+01 5.0804440338103873e-01 8.4819185537532586e+00 2.2603139908487857e+00 1.0172937602284557e+00 2.7849341926888171e+00 1.4441299642075875e-01 1.2966896000000000e-02 4.0326054000000000e-01
-2.9402620288754983e-02 -5.2762640103920617e+01 5.1877499565481244e-01 7.8595642589489838e+00 1.7839024670717529e+00 8.7354654484071581e-01 2.6963723760712863e+00 1.3566938475918466e-01 1.3063819000000001e-02 4.1627669000000000e-01
-2.4799156911276543e-02 -5.2365766809233321e+01 5.2958152396607316e-01 7.3867929752541652e+00 1.2958321481295363e+00 7.3186063204034646e-01 2.6146413882936583e+00 1.2600676796132670e-01 1.3151064000000001e-02 4.2938494999999999e-01
-2.0166780227236586e-02 -5.2038874743365447e+01 5.4045592562405320e-01 7.0532602148360564e+00 8.2373219187056224e-01 5.9185544465175299e-01 2.5394191410269982e+00 1.1595043438770020e-01 1.3228465999999999e-02 4.4257553999999999e-01
-1.5508970509537173e-02 -5.1780929880724408e+01 5.5139003076520354e-01 6.8437067195803190e+00 3.9071188030261905e-01 4.5315594709022067e-01 2.4703116805457492e+00 1.0598803406113358e-01 1.3295871000000001e-02 4.5583855000000001e-01
-1.0829267733037273e-02 -5.1591203473146159e+01 5.6237552937695356e-01 6.7395602845385936e+00 1.4790977800354979e-02 3.1539121581275165e-01 2.4068647417967277e+00 9.6551272228701773e-02 1.3353135000000000e-02 4.6916390000000002e-01
-6.1312540151537420e-03 -5.1469269164760270e+01 5.7340401251801176e-01 6.7202662735565717e+00 -2.9129697625061168e-01 1.7819198433688133e-01 2.3485802059280179e+00 8.8001282391639721e-02 1.3400123999999999e-02 4.8254139000000001e-01
-1.4185606396208417e-03 -5.1415002809132147e+01 5.8446695583024533e-01 6.7646461162229583e+00 -5.1997694219668911e-01 4.1188909636761917e-02 2.2949320053892017e+00 8.0620634630315061e-02 1.3436718000000000e-02 4.9596067999999999e-01
3.3051459910289072e-03 -5.1428584177779932e+01 5.9555575251492043e-01 6.8520116501338011e+00 -6.6843977889221073e-01 -9.5989744907766461e-02 2.2453862136184375e+00 7.4610162756585052e-02 1.3462807000000000e-02 5.0941133000000005e-01
8.0361503079454388e-03 -5.1510504909191511e+01 6.0666168035646217e-01 6.9630905350919088e+00 -7.3805671510855420e-01 -2.3371977105995656e-01 2.1994153658633424e+00 7.0090843686424847e-02 1.3478291000000000e-02 5.2288276000000000e-01
1.2770719182879697e-02 -5.1661573281039949e+01 6.1777597591899502e-01 7.0807236388252406e+00 -7.3366670022374403e-01 -3.7238398707594245e-01 2.1565146488009832e+00 6.7108514097060340e-02 1.3483083000000000e-02 5.3636434000000000e-01
1.7505084368784396e-02 -5.1882927109926293e+01 6.2888979332604267e-01 7.1903365182979462e+00 -6.6281031095754972e-01 -5.1237396196526985e-01 2.1162130219669617e+00 6.5642779197328971e-02 1.3477108000000000e-02 5.4984533999999996e-01
2.2235449523573619e-02 -5.2176045989720976e+01 6.3999422074864809e-01 7.2801983807053627e+00 -5.3492992573514608e-01 -6.5409245701616348e-01 2.0780837832956429e+00 6.5616766705919496e-02 1.3460300999999999e-02 5.6331494999999998e-01
2.6958000745762434e-02 -5.2542769691423437e+01 6.5108030513755377e-01 7.3414961554127034e+00 -3.6064139538236917e-01 -7.9795623426862505e-01 2.0417507641054282e+00 6.6908338115275495e-02 1.3432611000000001e-02 5.7676231000000000e-01
3.1668913598226406e-02 -5.2985319516633645e+01 6.6213906871132178e-01 7.3682511075511039e+00 -1.5104355142995238e-01 -9.4439893567152566e-01 2.0068911173078257e+00 6.9362492963107217e-02 1.3393997000000000e-02 5.9017653000000003e-01
3.6364342572562103e-02 -5.3506321856813308e+01 6.7316148422415389e-01 7.3571080813304812e+00 8.2857818279507695e-02 -1.0938734765534135e+00 1.9732361186387384e+00 7.2801914490202110e-02 1.3344429999999999e-02 6.0354666000000001e-01
4.1040435136606601e-02 -5.4108838423542501e+01 6.8413850794213160e-01 7.3070367892381398e+00 3.3062949207598985e-01 -1.2468556361654044e+00 1.9405738507419805e+00 7.7037405123378644e-02 1.3283893999999999e-02 6.1686173000000000e-01
4.5693345781956551e-02 -5.4796402248379529e+01 6.9506111261945658e-01 7.2189783429123704e+00 5.8277750705032361e-01 -1.4038482327714705e+00 1.9087369156118230e+00 8.1878047707311996e-02 1.3212384000000001e-02 6.3011079000000003e-01
5.0319214952689234e-02 -5.5573054479266709e+01 7.0592023803409032e-01 7.0954606061073395e+00 8.3098840906327942e-01 -1.5653835273437111e+00 1.8776073960452702e+00 8.7138588484618834e-02 1.3129907000000000e-02 6.4328284999999996e-01
5.4914193628521568e-02 -5.6443393391760665e+01 7.1670684869617407e-01 6.9402043847531480e+00 1.0683040884693118e+00 -1.7320286168666179e+00 1.8471065686431878e+00 9.2643567401103188e-02 1.3036481000000001e-02 6.5636695000000000e-01
5.9474446836689621e-02 -5.7412628649930184e+01 7.2741194209209015e-01 6.7577653622985938e+00 1.2891658716101710e+00 -1.9043899606649233e+00 1.8171896164354064e+00 9.8236819282520788e-02 1.2932137999999999e-02 6.6935217000000002e-01
6.3996143116309301e-02 -5.8486640257243423e+01 7.3802652395228030e-01 6.5531796457423868e+00 1.4894092232513254e+00 -2.0831182860383799e+00 1.7878397795801257e+00 1.0377973002377633e-01 1.2816919000000000e-02 6.8222760000000005e-01
6.8475475589655277e-02 -5.9672053729431425e+01 7.4854165771560721e-01 6.3316748963278382e+00 1.6661916724328332e+00 -2.2689149567126385e+00 1.7590615982712432e+00 1.0915540136150538e-01 1.2690879000000000e-02 6.9498240000000000e-01
7.2908654938401318e-02 -6.0976319902639609e+01 7.5894844804123429e-01 6.0984281616672833e+00 1.8178709185180635e+00 -2.4625380932791119e+00 1.7308761100236218e+00 1.1426851798703547e-01 1.2554085000000000e-02 7.0760577999999996e-01
7.7291912915500138e-02 -6.2407809474110650e+01 7.6923804905268489e-01 5.8583565351805751e+00 1.9438670327852028e+00 -2.6648101086646676e+00 1.7033154477486374e+00 1.1904590815429864e-01 1.2406611999999999e-02 7.2008700999999997e-01
8.1621519904582440e-02 -6.3975927176189167e+01 7.7940170555814370e-01 5.6159456473079414e+00 2.0444884765081306e+00 -2.8766270632317443e+00 1.6764179686879468e+00 1.2343388805413719e-01 1.2248551000000000e-02 7.3241546999999996e-01
8.5893774384317501e-02 -6.5691234582401961e+01 7.8943072831827621e-01 5.3752901041596264e+00 2.1207681435142964e+00 -3.0989667808911250e+00 1.6502245705931746e+00 1.2739783554813466e-01 1.2080001999999999e-02 7.4458062000000003e-01
9.0105009952172854e-02 -6.7565595924248996e+01 7.9931651053434849e-01 5.1397460278640006e+00 2.1742980689871731e+00 -3.3329005354001193e+00 1.6247764062854047e+00 1.3091929394206625e-01 1.1901076999999999e-02 7.5657202000000001e-01
9.4251602348173702e-02 -6.9612352124643806e+01 8.0905054433634804e-01 4.9121865675001297e+00 2.2070663748214394e+00 -3.5796056321919800e+00 1.6001112922440710e+00 1.3399409241812235e-01 1.1711898000000000e-02 7.6837935000000002e-01
9.8329979990542826e-02 -7.1846522466239108e+01 8.1862444551516345e-01 4.6948815931118890e+00 2.2213221612775595e+00 -3.8403796078119461e+00 1.5762628018976064e+00 1.3662980254694237e-01 1.1512599000000000e-02 7.7999244000000001e-01
1.0233660641630099e-01 -7.4285019558866480e+01 8.2802991230228451e-01 4.4895216467209842e+00 2.2194519012549447e+00 -4.1166563495658188e+00 1.5532588280971020e+00 1.3884329041703911e-01 1.1303326000000001e-02 7.9140122000000002e-01
1.0626801540006542e-01 -7.6946943668833185e+01 8.3725880781040218e-01 4.2972919637980862e+00 2.2038704196117509e+00 -4.4100263628811120e+00 1.5311211039375683e+00 1.4065876946136008e-01 1.1084235000000000e-02 8.0259581999999996e-01
1.1012077934713149e-01 -7.9853877345462962e+01 8.4630308583686920e-01 4.1189055452992314e+00 2.1769417122868444e+00 -4.7222614654590949e+00 1.5098649085382836e+00 1.4210552797341272e-01 1.0855490000000001e-02 8.1356647999999998e-01
1.1389154090039078e-01 -8.3030268508952602e+01 8.5515486506023963e-01 3.9546772827794285e+00 2.1409133451086650e+00 -5.0553192514064955e+00 1.4894989561783134e+00 1.4321645143716122e-01 1.0617270000000000e-02 8.2430364000000000e-01
1.1757700591657172e-01 -8.6503868220055395e+01 8.6380641255214896e-01 3.8045799382037178e+00 2.0978691506201859e+00 -5.4114190896626884e+00 1.4700259791424175e+00 1.4402509913416886e-01 1.0369760000000000e-02 8.3479791999999997e-01
1.2117394697811945e-01 -9.0306251849534533e+01 8.7225015202137524e-01 3.6683120191347065e+00 2.0496978815589300e+00 -5.7930249733399357e+00 1.4514432757986147e+00 1.4456756734351875e-01 1.0113159000000000e-02 8.4504013000000000e-01
1.2467920690507539e-01 -9.4473433796655470e+01 8.8047867205789720e-01 3.5453479786928681e+00 1.9980737417547692e+00 -6.2029400802596264e+00 1.4337429100273333e+00 1.4487811526829930e-01 9.8476710000000005e-03 8.5502127999999999e-01
1.2808969875507731e-01 -9.9046605487592430e+01 8.8848472613289631e-01 3.4350106139088763e+00 1.9444514844012577e+00 -6.6442925599042937e+00 1.4169127401686326e+00 1.4498995338902607e-01 9.5735140000000000e-03 8.6473257999999997e-01
1.3140242338275865e-01 -1.0407303354367656e+02 8.9626127381905563e-01 3.3365002253939098e+00 1.8900681646023159e+00 -7.1206551799071631e+00 1.4009388329748143e+00 1.4493456952416875e-01 9.2909130999999992e-03 8.7416548999999999e-01
1.3461445188034921e-01 -1.0960711752696419e+02 9.0380143957026027e-01 3.2489511842275873e+00 1.8359519130242374e+00 -7.6360841477336745e+00 1.3858012898792154e+00 1.4474058587155433e-01 9.0001030000000006e-03 8.8331166999999999e-01
1.3772294664895396e-01 -1.1571169928745269e+02 9.1109856218595797e-01 3.1714605577866024e+00 1.7829362244075093e+00 -8.1952132069634853e+00 1.3714802501361842e+00 1.4443528091596047e-01 8.7013270999999996e-03 8.9216304000000002e-01
1.4072515086291404e-01 -1.2245963266337355e+02 9.1814617007897792e-01 3.1031226662354534e+00 1.7316765755895474e+00 -8.8033545298430873e+00 1.3579544059733271e+00 1.4404215648256535e-01 8.3948374000000006e-03 9.0071175000000003e-01
1.4361840602920523e-01 -1.2993576113543097e+02 9.2493802249583235e-01 3.0430466917067407e+00 1.6826714393584756e+00 -9.4666305565414568e+00 1.3452005789198287e+00 1.4358263549746411e-01 8.0808944000000001e-03 9.0895022999999997e-01
1.4640013793991929e-01 -1.3823929162823478e+02 9.3146807654047525e-01 2.9903706695498569e+00 1.6362812547198844e+00 -1.0192124472992152e+01 1.3331952440688168e+00 1.4307506174894669e-01 7.7597663000000001e-03 9.1687114999999997e-01
1.4906787071978278e-01 -1.4748682984053079e+02 9.3773052015054348e-01 2.9443024091865682e+00 1.5927426271003424e+00 -1.0988079416421488e+01 1.3219171658362581e+00 1.4253582509739965e-01 7.4317293999999999e-03 9.2446746000000002e-01
1.5161923033803709e-01 -1.5781618053366793e+02 9.4371978034141635e-01 2.9040727257074703e+00 1.5522033185240576e+00 -1.1864143704267242e+01 1.3113437607304959e+00 1.4197864427391307e-01 7.0970672000000004e-03 9.3173240000000002e-01
1.5405193758467878e-01 -1.6939113610080344e+02 9.4943050671809548e-01 2.8690030501101029e+00 1.5147221249467777e+00 -1.2831676646949296e+01 1.3014470027720837e+00 1.4141478875815988e-01 6.7560703000000000e-03 9.3865947999999999e-01
1.5636382562985868e-01 -1.8240775291184457e+02 9.5485761269550551e-01 2.8384714518689047e+00 1.4802894284587975e+00 -1.3904155092461004e+01 1.2922120934140773e+00 1.4085413210744874e-01 6.4090362999999996e-03 9.4524253000000003e-01
1.5855281895260281e-01 -1.9710231855828695e+02 9.5999622603413348e-01 2.8119147183433184e+00 1.4488258093415065e+00 -1.5097681442903134e+01 1.2836165070290040e+00 1.4030496419358723e-01 6.0562691999999996e-03 9.5147563999999996e-01
1.6061696845961104e-01 -2.1376224978977370e+02 9.6484177128062942e-01 2.7888344883287579e+00 1.4203166503053468e+00 -1.6431686536669822e+01 1.2756410900390258e+00 1.3977366523168069e-01 5.6980790999999996e-03 9.5735325999999998e-01
1.6255441636645818e-01 -2.3274022343385474e+02 9.6938988732720577e-01 2.7687934486243346e+00 1.3945596226938164e+00 -1.7929831837864789e+01 1.2682677233181789e+00 1.3926531507393308e-01 5.3347821999999998e-03 9.6287009999999995e-01
1.6436343131639281e-01 -2.5447414398739701e+02 9.7363650985223837e-01 2.7514090544665493e+00 1.3714426137273448e+00 -1.9621295364094014e+01 1.2614799246098047e+00 1.3878428843461055e-01 4.9667000000000001e-03 9.6802122999999995e-01
1.6604238379717834e-01 -2.7951449856625351e+02 9.7757781361184581e-01 2.7363477270762355e+00 1.3508162190482182e+00 -2.1542526349818097e+01 1.2552622637786919e+00 1.3833387878012313e-01 4.5941591999999996e-03 9.7280200999999999e-01
1.6758977423613142e-01 -3.0856440255176864e+02 9.8121027839236930e-01 2.7233270183406533e+00 1.3325275088009172e+00 -2.3739827977437052e+01 1.2496007507494662e+00 1.3791604427228768e-01 4.2174915999999996e-03 9.7720817000000004e-01
1.6900420490508339e-01 -3.4253799168046618e+02 9.8453062305789318e-01 2.7121033438621645e+00 1.3164230836466073e+00 -2.6273120145557172e+01 1.2444824031861370e+00 1.3753272789289112e-01 3.8370333000000002e-03 9.8123572999999997e-01
1.7028440801541922e-01 -3.8265140135154218e+02 9.8753587150272537e-01 2.7024715290437684e+00 1.3023594282693349e+00 -2.9221830569287960e+01 1.2398959435993682e+00 1.3718529167709537e-01 3.4531249000000000e-03 9.8488107999999996e-01
1.7142923518243769e-01 -4.3056823777596111e+02 9.9022332791921608e-01 2.6942599722309875e+00 1.2901968756675739e+00 -3.2694330631123314e+01 1.2358310483317041e+00 1.3687453431337013e-01 3.0661112999999999e-03 9.8814095000000002e-01
1.7243765040159159e-01 -4.8864664544919174e+02 9.9259056030963921e-01 2.6873227979414676e+00 1.2798083301685026e+00 -3.6844007278371315e+01 1.2322787108954518e+00 1.3660102701925708e-01 2.6763420000000000e-03 9.9101238999999997e-01
1.7330875111976718e-01 -5.6039204058789028e+02 9.9463544995055142e-01 2.6815450977301243e+00 1.2710806134627879e+00 -4.1898811173561349e+01 1.2292311481280680e+00 1.3636507715728816e-01 2.2841723000000002e-03 9.9349282999999999e-01
1.7404176121152420e-01 -6.5136367805019438e+02 9.9635617490467276e-01 2.6768313421207526e+00 1.2639124547696186e+00 -4.8220574792818610e+01 1.2266816833113270e+00 1.3616689093288703e-01 1.8899688000000000e-03 9.9558005999999999e-01
1.7463602746721596e-01 -7.7124842112461954e+02 9.9775120177682708e-01 2.6731049614031552e+00 1.2582199873944035e+00 -5.6441041960295699e+01 1.2246247441442386e+00 1.3600650126184727e-01 1.4941295000000000e-03 9.9727222000000004e-01
1.7509106875930708e-01 -9.3968786874016575e+02 9.9881940113078138e-01 2.6703069474250349e+00 1.2539327293403650e+00 -6.7844958712559858e+01 1.2230556673674511e+00 1.3588385827686705e-01 1.0971916000000000e-03 9.9856794000000004e-01
1.7540670949380655e-01 -1.2100745619305474e+03 9.9956036076353172e-01 2.6683941203250021e+00 1.2509955823235017e+00 -8.5937227281028214e+01 1.2219703184303421e+00 1.3579891114422113e-01 7.0085733000000002e-04 9.9946672000000003e-01
