-1.9488094808009743e-02 -2.2877803007986033e+04 1.9489137840815102e-02 -1.5947772227347185e+04 -6.7426098623590688e+03 1.5446423255419884e+03 -1.0897502198330053e+03 -4.4274274795960605e+02 5.5301730000000003e-06 1.0230946000000001e-06
-1.9487358124152778e-02 -1.6507699688450717e+04 1.9507670329286620e-02 -9.5064521836131371e+03 -6.7043519212338269e+03 1.1263195555586260e+03 -6.6803832052419500e+02 -4.4100976267112753e+02 3.5894988000000002e-05 1.9923924999999999e-05
-1.9485046872694051e-02 -1.3554970222528758e+04 1.9565813643557257e-02 -6.3989380787783657e+03 -6.5854510771110745e+03 9.3225261258168268e+02 -4.6643295184816026e+02 -4.3561262292005347e+02 8.5619985000000003e-05 7.9222864999999994e-05
-1.9480471344950848e-02 -1.1621539693237230e+04 1.9680918534685655e-02 -4.2477856415685346e+03 -6.3550480337690869e+03 8.0497926290564294e+02 -3.2821163121924752e+02 -4.2510446314732900e+02 1.5173507999999999e-04 1.9661552000000001e-04
-1.9473027903746571e-02 -1.0190138630072481e+04 1.9868170484083517e-02 -2.5708787276402109e+03 -5.9940276474699804e+03 7.1053614946808466e+02 -2.2080790902590007e+02 -4.0850043537538954e+02 2.3255418000000001e-04 3.8758918999999998e-04
-1.9462167555659875e-02 -9.0604887054632018e+03 2.0141380320040168e-02 -1.2109376546126384e+03 -5.4967442557846744e+03 6.3577793807061028e+02 -1.3285025140402215e+02 -3.8532873462716651e+02 3.2689763000000001e-04 6.6622920000000002e-04
-1.9447381650631427e-02 -8.1335995741758079e+03 2.0513343967525945e-02 -1.1429630145033333e+02 -4.8727551794970395e+03 5.7421263555725034e+02 -5.9792092253238295e+01 -3.5569793732527876e+02 4.3385032000000002e-04 1.0455858000000000e-03
-1.9428193878771642e-02 -7.3530938322804377e+03 2.0996043781596054e-02 7.3365571399831560e+02 -4.1472373401666318e+03 5.2214787195118970e+02 1.5163143622850583e-01 -3.2033056922259755e+02 5.5265518999999999e-04 1.5378795000000000e-03
-1.9404155323102815e-02 -6.6836874631018309e+03 2.1600773003761637e-02 1.3359936444158534e+03 -3.3593328359368388e+03 4.7727719228710163e+02 4.7635803194392111e+01 -2.8053485165032987e+02 6.8265765000000004e-04 2.1546280000000000e-03
-1.9374841118903058e-02 -6.1017434980896824e+03 2.2338219801661761e-02 1.6989717369696773e+03 -2.5581272167768202e+03 4.3805929969613408e+02 8.3010320999873272e+01 -2.3810016350232436e+02 8.2327310000000005e-04 2.9067318999999999e-03
-1.9339848177492191e-02 -5.5905895743046112e+03 2.3218524530956325e-02 1.8401753507771298e+03 -1.7965131886393754e+03 4.0341025305384318e+02 1.0678775220239885e+02 -1.9511766433459161e+02 9.7396649000000004e-04 3.8045331000000002e-03
-1.9298793521945017e-02 -5.1379784858809080e+03 2.4251321603182739e-02 1.7917871568432222e+03 -1.1237727033059987e+03 3.7253646661644422e+02 1.1989466719444734e+02 -1.5374415654326748e+02 1.1342389000000000e-03 4.8578574999999999e-03
-1.9251313071031739e-02 -4.7346140518723187e+03 2.5445770077726103e-02 1.5995321726656259e+03 -5.7817883141236575e+02 3.4483774251521584e+02 1.2375468068593682e+02 -1.1594295375053512e+02 1.3036180000000001e-03 6.0760461999999999e-03
-1.9197060758354256e-02 -4.3732476983791457e+03 2.6810575821387361e-02 1.3179576036721705e+03 -1.8114422112063474e+02 3.1984782112033128e+02 1.2023023885356019e+02 -8.3245286681400401e+01 1.4816515000000000e-03 7.4679780999999997e-03
-1.9135707819080444e-02 -4.0480990444297067e+03 2.8354009451750452e-02 1.0032131154926867e+03 6.5716962823459482e+01 2.9719625265159601e+02 1.1145444231499152e+02 -5.6576531205342803e+01 1.6679024999999999e-03 9.0420881999999994e-03
-1.9066942306638406e-02 -3.7544709788039022e+03 3.0083918495529435e-02 7.0501441362613434e+02 1.7980123517642605e+02 2.7658306827733611e+02 9.9596855807279695e+01 -3.6181682254252088e+01 1.8619452999999999e-03 1.0806380000000001e-02
-1.8990468644489385e-02 -3.4884849914317929e+03 3.2007738664454922e-02 4.5970474652994483e+02 1.9303399093940632e+02 2.5776137386391076e+02 8.6617053755945079e+01 -2.1664824937091179e+01 2.0633631000000000e-03 1.2768437000000001e-02
-1.8906007419553533e-02 -3.2468950532054077e+03 3.4132499051986995e-02 2.8610888345035511e+02 1.4467263045831680e+02 2.4052511632121741e+02 7.4060306417425593e+01 -1.2132650172642643e+01 2.2717459999999998e-03 1.4935428000000001e-02
-1.8813295035321104e-02 -3.0269523812401717e+03 3.6464830859870782e-02 1.8517927327149539e+02 7.3104540808442010e+01 2.2470020524391776e+02 6.2938175579567158e+01 -6.4082262615541108e+00 2.4866887000000002e-03 1.7314116000000001e-02
-1.8712083719647721e-02 -2.8263064209609720e+03 3.9010967202034091e-02 1.4342829805690891e+02 8.6468248487253589e+00 2.1013805533485461e+02 5.3715010256077001e+01 -3.2656718078931899e+00 2.7077901999999999e-03 1.9910858000000000e-02
-1.8602141096015407e-02 -2.6429293228756719e+03 4.1776753890217934e-02 1.3909860211226263e+02 -3.0925006077622907e+01 1.9671057133237110e+02 4.6394027138920059e+01 -1.6333992013420389e+00 2.9346520999999999e-03 2.2731616000000000e-02
-1.8483250417390205e-02 -2.4750593024116906e+03 4.4767643550905331e-02 1.4928622525126858e+02 -4.1207715877814273e+01 1.8430655899640399e+02 4.0672256480231027e+01 -7.2501214343226328e-01 3.1668782999999998e-03 2.5781951000000001e-02
-1.8355210332364549e-02 -2.3211556771717051e+03 4.7988701508392503e-02 1.5603948468941411e+02 -2.8518950959831130e+01 1.7282874509883672e+02 3.6118427187757383e+01 -7.9198667618200380e-02 3.4040742000000001e-03 2.9067029000000001e-02
-1.8217834729252213e-02 -2.1798636068722831e+03 5.1444609706836335e-02 1.4989196683273832e+02 -4.9413195423866547e+00 1.6219150263485383e+02 3.2327148406365176e+01 4.8421494253326924e-01 3.6458464000000000e-03 3.2591624999999999e-02
-1.8070952969945889e-02 -2.0499862586701697e+03 5.5139660827183176e-02 1.3019680087436294e+02 1.7173534209266020e+01 1.5231910043740234e+02 2.9015498770577352e+01 9.6264472396362510e-01 3.8918026000000000e-03 3.6360116999999997e-02
-1.7914409578107072e-02 -1.9304617222048589e+03 5.9077766131263768e-02 1.0269332387132943e+02 2.9497567936430773e+01 1.4314416601957140e+02 2.6049920026361185e+01 1.2837429546868371e+00 4.1415510999999999e-03 4.0376493999999999e-02
-1.7748064356094842e-02 -1.8203444860900529e+03 6.3262452520257639e-02 7.5574119273565188e+01 2.9674572718372943e+01 1.3460654836591536e+02 2.3414261134528893e+01 1.3959854840854762e+00 4.3947007000000003e-03 4.4644352999999998e-02
-1.7571792384965867e-02 -1.7187900506422036e+03 6.7696862534693161e-02 5.5643448306295213e+01 2.0727128262317283e+01 1.2665233320822949e+02 2.1145933960811355e+01 1.3142972716800361e+00 4.6508610999999997e-03 4.9166899000000000e-02
-1.7385483868569338e-02 -1.6250419362492887e+03 7.2383758276494903e-02 4.5884032739468317e+01 8.6296362773598680e+00 1.1923302518795307e+02 1.9271952525748468e+01 1.1179069361928335e+00 4.9096423000000002e-03 5.3946949000000001e-02
-1.7189044328428306e-02 -1.5384209516964611e+03 7.7325516506424385e-02 4.5031168207165003e+01 -7.0178818524139019e-01 1.1230488038392724e+02 1.7769434696503978e+01 9.1495887728083525e-01 5.1706551000000002e-03 5.8986927000000001e-02
-1.6982394252953257e-02 -1.4583158370452691e+03 8.2524137468686865e-02 4.8907953643905536e+01 -3.7513028298398470e+00 1.0582832109137199e+02 1.6560506096804325e+01 7.9741036537828580e-01 5.4335110000000002e-03 6.4288872999999996e-02
-1.6765469448228543e-02 -1.3841755521016028e+03 8.7981236066324520e-02 5.2648037277792611e+01 -3.0254979710832186e-01 9.9767462689751838e+01 1.5535895509692320e+01 8.0822329333523690e-01 5.6978226000000002e-03 6.9854434000000007e-02
-1.6538220648249675e-02 -1.3155023672217349e+03 9.3698051666335075e-02 5.2742997715707105e+01 7.1727219984922277e+00 9.4089686098015846e+01 1.4591064829117858e+01 9.3312172874246702e-01 5.9632034000000004e-03 7.5684873999999999e-02
-1.6300613709804696e-02 -1.2518460767565637e+03 9.9675443197112579e-02 4.8121845807748386e+01 1.5085422840710713e+01 8.8765285777315967e+01 1.3656805402930640e+01 1.1163631956186388e+00 6.2292681999999997e-03 8.1781068999999998e-02
-1.6052629456569070e-02 -1.1927988799005107e+03 1.0591389307049476e-01 4.0015291971823480e+01 2.0420706277423665e+01 8.3767154715007209e+01 1.2712080930738669e+01 1.2899050964288916e+00 6.4956331999999999e-03 8.8143510999999994e-02
-1.5794263679105705e-02 -1.1379909208894635e+03 1.1241350718176307e-01 3.0914373094073813e+01 2.1825044333256322e+01 7.9070521267149957e+01 1.1776803251182688e+01 1.4016277530754195e+00 6.7619166000000000e-03 9.4772308000000000e-02
-1.5525526901007333e-02 -1.0870863476127627e+03 1.1917402079271391e-01 2.3250789153798998e+01 1.9765042891719347e+01 7.4652699373583488e+01 1.0891132713680641e+01 1.4314099507776974e+00 7.0277381999999996e-03 1.0166719000000000e-01
-1.5246444339920232e-02 -1.0397798861273275e+03 1.2619479951217036e-01 1.8415744019916623e+01 1.5897479777809615e+01 7.0492894205005655e+01 1.0092319086092431e+01 1.3911665220256384e+00 7.2927204000000001e-03 1.0882751000000000e-01
-1.4957056453212013e-02 -9.9579388561081021e+02 1.3347482556881624e-01 1.6454468139293123e+01 1.2100670203346278e+01 6.6572002628230393e+01 9.3988075370027673e+00 1.3124249670688817e+00 7.5564877000000004e-03 1.1625223000000000e-01
-1.4657417807659787e-02 -9.5487544166384885e+02 1.4101272624604011e-01 1.6403010250355013e+01 9.6635743540958163e+00 6.2872464775763000e+01 8.8061971640041961e+00 1.2295128535437270e+00 7.8186677999999999e-03 1.2393994999999999e-01
-1.4347597001497646e-02 -9.1679403352467068e+02 1.4880677584295904e-01 1.6958365489469262e+01 8.9429746228363403e+00 5.9378107002712284e+01 8.2935019056672594e+00 1.1662627227635947e+00 8.0788911000000008e-03 1.3188891000000000e-01
-1.4027677833704729e-02 -8.8133954812764273e+02 1.5685486625906259e-01 1.7100096443247640e+01 9.5136824435882588e+00 5.6074026706551706e+01 7.8343820552079073e+00 1.1307329463854472e+00 8.3367917000000003e-03 1.4009695999999999e-01
-1.3697757744954464e-02 -8.4832018227300307e+02 1.6515454621468745e-01 1.6401381108571890e+01 1.0606696963025904e+01 5.2946461381969520e+01 7.4071237026565306e+00 1.1177635212067822e+00 8.5920070000000005e-03 1.4856159999999999e-01
-1.3357948597139936e-02 -8.1756084356439158e+02 1.7370300164078020e-01 1.4981149891358106e+01 1.1553131065988472e+01 4.9982696245011255e+01 6.9996039457078805e+00 1.1158866129628147e+00 8.8441787999999997e-03 1.5727996000000000e-01
-1.3008375893848515e-02 -7.8890155460406777e+02 1.8249707528913447e-01 1.3231513130723101e+01 1.2027529129602307e+01 4.7170960623622392e+01 6.6087517835008311e+00 1.1142474449423443e+00 9.0929527999999999e-03 1.6624881999999999e-01
-1.2649178780361843e-02 -7.6219610404799505e+02 1.9153326673239113e-01 1.1522173869399802e+01 1.2041242204331953e+01 4.4500352365703648e+01 6.2366679319711400e+00 1.1064489750911639e+00 9.3379794999999995e-03 1.7546460999999999e-01
-1.2280509653893157e-02 -7.3731080250717173e+02 2.0080774216915681e-01 1.0036548520359192e+01 1.1776006431903321e+01 4.1960750366538882e+01 5.8863718452817562e+00 1.0908712813945929e+00 9.5789143999999993e-03 1.8492342000000001e-01
-1.1902535332875355e-02 -7.1412346000420905e+02 2.1031630500864790e-01 8.7762384185131168e+00 1.1398675345260704e+01 3.9542764214343151e+01 5.5593189988388723e+00 1.0686596419462957e+00 9.8154178999999998e-03 1.9462097000000000e-01
-1.1515435108147530e-02 -6.9252226667377045e+02 2.2005444489628398e-01 7.6704818869748728e+00 1.0970845162198399e+01 3.7237649148149579e+01 5.2551541200210021e+00 1.0414747679155316e+00 1.0047156000000000e-02 2.0455266000000000e-01
-1.1119400353192288e-02 -6.7240490355705947e+02 2.3001734751880637e-01 6.6862258157364396e+00 1.0470407395112330e+01 3.5037269385858394e+01 4.9727813206343487e+00 1.0103268912355476e+00 1.0273801000000001e-02 2.1471357999999999e-01
-1.0714636472949199e-02 -6.5367785211425667e+02 2.4019984557868482e-01 5.8654108111184442e+00 9.8762347940479440e+00 3.2934030383144929e+01 4.7114451563357349e+00 9.7577848473074480e-01 1.0495031000000000e-02 2.2509846000000000e-01
-1.0301360565238648e-02 -6.3625554696212453e+02 2.5059647762482956e-01 5.2806788270201981e+00 9.2369894850287615e+00 3.0920837724061020e+01 4.4709356223527310e+00 9.3877175620567166e-01 1.0710529999999999e-02 2.3570173000000000e-01
-9.8798018105245265e-03 -6.2005975818179763e+02 2.6120147824747247e-01 4.9564986229564774e+00 8.6737831502873828e+00 2.8991052694291700e+01 4.2509271058860412e+00 9.0117177505413681e-01 1.0919989999999999e-02 2.4651751000000000e-01
-9.4502018616769191e-03 -6.0501902487327789e+02 2.7200876827304865e-01 4.8188757910749924e+00 8.3184001492794692e+00 2.7138456346211754e+01 4.0500940744847060e+00 8.6545686365668906e-01 1.1123108000000000e-02 2.5753959999999998e-01
-9.0128136746840289e-03 -5.9106808240245448e+02 2.8301198417955220e-01 4.7090016578718465e+00 8.2322048869889581e+00 2.5357206826244777e+01 3.8657399779298478e+00 8.3377097842780812e-01 1.1319591000000000e-02 2.6876150999999998e-01
-8.5679011188894844e-03 -5.7814738773092722e+02 2.9420448790165499e-01 4.4542544345858639e+00 8.3589653485695319e+00 2.3641806659498990e+01 3.6942799564898952e+00 8.0691336621757637e-01 1.1509152000000000e-02 2.8017647000000001e-01
-8.1157393667550277e-03 -5.6620270828315518e+02 3.0557935702558775e-01 3.9532596958668815e+00 8.5412737095873510e+00 2.1987088183209284e+01 3.5323289392821255e+00 7.8395319771199290e-01 1.1691511000000000e-02 2.9177742000000001e-01
-7.6566152836232172e-03 -5.5518474395889621e+02 3.1712937498402188e-01 3.2273992572627779e+00 8.5912880876298967e+00 2.0388131334967394e+01 3.3778018011952002e+00 7.6269241077813765e-01 1.1866398000000000e-02 3.0355700000000002e-01
-7.1908243096158661e-03 -5.4504872077729931e+02 3.2884710949701812e-01 2.4119227306973867e+00 8.3774103505617745e+00 1.8840309088416532e+01 3.2304167515336104e+00 7.4077185706534177e-01 1.2033550000000000e-02 3.1550762999999998e-01
-6.7186731879729077e-03 -5.3575413785646765e+02 3.4072484393619668e-01 1.6932388058265613e+00 7.8823762294119284e+00 1.7339203535984041e+01 3.0913559058048476e+00 7.1680850971509158e-01 1.2192715000000000e-02 3.2762143999999999e-01
-6.2404780162389206e-03 -5.2726446748118167e+02 3.5275462635032973e-01 1.2262753888018594e+00 7.2074075042657899e+00 1.5880651827092688e+01 2.9622720566958831e+00 6.9104316401915766e-01 1.2343646000000000e-02 3.3989032000000002e-01
-5.7565646360258349e-03 -5.1954691453551584e+02 3.6492825966022313e-01 1.0703720898242373e+00 6.5240693715674860e+00 1.4460632942891827e+01 2.8441570001800569e+00 6.6518898185308151e-01 1.2486109000000000e-02 3.5230591000000000e-01
-5.2672670739621359e-03 -5.1257218148009974e+02 3.7723734087919125e-01 1.1714109727431030e+00 6.0006366804135620e+00 1.3075309200079033e+01 2.7365755325397778e+00 6.4163260912600839e-01 1.2619877000000000e-02 3.6485963999999999e-01
-4.7729287109809625e-03 -5.0631430219071490e+02 3.8967323169770074e-01 1.3915914888934744e+00 5.7371639728787720e+00 1.1720990267326243e+01 2.6375958264527712e+00 6.2237332151933134e-01 1.2744734000000001e-02 3.7754270000000001e-01
-4.2739011130320265e-03 -5.0075046181965519e+02 4.0222708789872624e-01 1.5686271572883728e+00 5.7348061593486062e+00 1.0394115598224744e+01 2.5443499630697772e+00 6.0817638651673722e-01 1.2860473000000001e-02 3.9034606999999999e-01
-3.7705432515562111e-03 -4.9586085325759757e+02 4.1488987896798835e-01 1.5766281924153636e+00 5.9067166481061015e+00 9.0912334659818583e+00 2.4539762963292686e+00 5.9827202590261197e-01 1.2966896000000000e-02 4.0326054000000000e-01
-3.2632222830109719e-03 -4.9162856834586728e+02 4.2765236848371574e-01 1.3651226637035083e+00 6.1198711593083717e+00 7.8089886057880236e+00 2.3644647545809665e+00 5.9068325141294808e-01 1.3063819000000001e-02 4.1627669000000000e-01
-2.7523112102941713e-03 -4.8803948269267784e+02 4.4050517294735730e-01 9.6422349709326749e-01 6.2461152202499299e+00 6.5440990136198920e+00 2.2751595402789051e+00 5.8288302657254931e-01 1.3151064000000001e-02 4.2938494999999999e-01
-2.2381912213202300e-03 -4.8508220096998303e+02 4.5343870295287031e-01 4.6219645391908909e-01 6.2032861960869479e+00 5.2933473048933166e+00 2.1867443916630656e+00 5.7264073816425665e-01 1.3228465999999999e-02 4.4257553999999999e-01
-1.7212485709185987e-03 -4.8274797998134767e+02 4.6644324162766954e-01 -3.2745743655078430e-02 5.9727713900365638e+00 4.0535596728722005e+00 2.1008877079309145e+00 5.5863377626650956e-01 1.3295871000000001e-02 4.5583855000000001e-01
-1.2018761398845147e-03 -4.8103070422259555e+02 4.7950890541215252e-01 -4.2899025270672320e-01 5.5929193376156814e+00 2.8215845544034330e+00 2.0194398217824876e+00 5.4067311782656657e-01 1.3353135000000000e-02 4.6916390000000002e-01
-6.8047148616554032e-04 -4.7992686244891041e+02 4.9262569308529303e-01 -6.7477973966963389e-01 5.1370647997697239e+00 1.5942861326860367e+00 1.9440024225891235e+00 5.1959684524897876e-01 1.3400123999999999e-02 4.8254139000000001e-01
-1.5743762438694825e-04 -4.7943555600159169e+02 5.0578346615440373e-01 -7.6435416311895565e-01 4.6851627727109957e+00 3.6853100953742413e-01 1.8754403580677390e+00 4.9688966925782840e-01 1.3436718000000000e-02 4.9596067999999999e-01
3.6681853319905575e-04 -4.7955852093858931e+02 5.1897198807561074e-01 -7.2939559485460259e-01 4.3012238375017970e+00 -8.5884478157283084e-01 1.8137658999692701e+00 4.7419872417295789e-01 1.3462807000000000e-02 5.0941133000000005e-01
8.9188461766253821e-04 -4.8030017406094652e+02 5.3218088503337901e-01 -6.2213473654658058e-01 4.0206910287159872e+00 -2.0910356548574107e+00 1.7582716621574019e+00 4.5290391145297948e-01 1.3478291000000000e-02 5.2288276000000000e-01
1.4173463112601183e-03 -4.8166768252294230e+02 5.4539973418658017e-01 -4.9758030378364387e-01 3.8488910288760820e+00 -3.3313034496412328e+00 1.7078212511354325e+00 4.3391809321205849e-01 1.3483083000000000e-02 5.3636434000000000e-01
1.9427853986214612e-03 -4.8367105563330040e+02 5.5861801464289951e-01 -4.0070484894881492e-01 3.7673399684994617e+00 -4.5829664484373964e+00 1.6611162042154342e+00 4.1754559079458731e-01 1.3477108000000000e-02 5.4984533999999996e-01
2.4677805462746949e-03 -4.8632325988118976e+02 5.7182512706907285e-01 -3.5834481981577060e-01 3.7442232394660424e+00 -5.8494455577211184e+00 1.6170422275020593e+00 4.0360820682410131e-01 1.3460300999999999e-02 5.6331494999999998e-01
2.9919084719344721e-03 -4.8964036620481386e+02 5.8501042310624296e-01 -3.7968363199040289e-01 3.7443041730190219e+00 -7.1342808742965467e+00 1.5747111090153028e+00 3.9159017966895704e-01 1.3432611000000001e-02 5.7676231000000000e-01
3.5147447240273660e-03 -4.9364172938872258e+02 5.9816322498019658e-01 -4.5858234172323314e-01 3.7367102177579974e+00 -8.4411419837052293e+00 1.5336474493097361e+00 3.8083792764301339e-01 1.3393997000000000e-02 5.9017653000000003e-01
4.0358625124037872e-03 -4.9835018476261808e+02 6.1127279608600837e-01 -5.7852095309983798e-01 3.6993246447447223e+00 -9.7738580180092356e+00 1.4936732271688147e+00 3.7069557602822500e-01 1.3344429999999999e-02 6.0354666000000001e-01
4.5548342673887576e-03 -5.0379229612476962e+02 6.2432838020851589e-01 -7.1891181830177686e-01 3.6203934006102361e+00 -1.1136443516079218e+01 1.4548935300446608e+00 3.6065182649409405e-01 1.3283893999999999e-02 6.1686173000000000e-01
5.0712331988326947e-03 -5.0999865550384425e+02 6.3731924074279389e-01 -8.5828302866786443e-01 3.4977210679464767e+00 -1.2533130313421463e+01 1.4175094399246260e+00 3.5035765325306134e-01 1.3212384000000001e-02 6.3011079000000003e-01
5.5846309575352283e-03 -5.1700418171210163e+02 6.5023460186344262e-01 -9.7823857505974854e-01 3.3372026895145770e+00 -1.3968388199035637e+01 1.3818408120111483e+00 3.3969788352916980e-01 1.3129907000000000e-02 6.4328284999999996e-01
6.0946003635840816e-03 -5.2484852454280531e+02 6.6306371716041823e-01 -1.0653704325489211e+00 3.1505615012748645e+00 -1.5446970926460725e+01 1.3481587309538474e+00 3.2871475912265186e-01 1.3036481000000001e-02 6.5636695000000000e-01
6.6007157961177412e-03 -5.3357650582130668e+02 6.7579587944415143e-01 -1.1127927303256100e+00 2.9520477277590520e+00 -1.6973932820006127e+01 1.3166402215431940e+00 3.1755455804430477e-01 1.2932137999999999e-02 6.6935217000000002e-01
7.1025520240373986e-03 -5.4323859745149412e+02 6.8842039133019162e-01 -1.1186147627453178e+00 2.7572877582044555e+00 -1.8554718541484085e+01 1.2873637690778053e+00 3.0648269575311365e-01 1.2816919000000000e-02 6.8222760000000005e-01
7.5996865445830883e-03 -5.5389152909570487e+02 7.0092662406991868e-01 -1.0881878267068745e+00 2.5798816022906221e+00 -2.0195116254483576e+01 1.2603002191901371e+00 2.9575992594278722e-01 1.2690879000000000e-02 6.9498240000000000e-01
8.0916988038083268e-03 -5.6559894058002828e+02 7.1330399794030608e-01 -1.0302352946268869e+00 2.4304218444175230e+00 -2.1901415807192024e+01 1.2353139623940956e+00 2.8563778807985496e-01 1.2554085000000000e-02 7.0760577999999996e-01
8.5781705863427864e-03 -5.7843212146190206e+02 7.2554199204903880e-01 -9.5639495264414465e-01 2.3148579881693672e+00 -2.3680386855417382e+01 1.2121814517227683e+00 2.7631484403606760e-01 1.2406611999999999e-02 7.2008700999999997e-01
9.0586879642057666e-03 -5.9247094694105579e+02 7.3763019336010727e-01 -8.7903447589857620e-01 2.2344369761607723e+00 -2.5539419488797972e+01 1.1906501924494151e+00 2.6789122208051463e-01 1.2248551000000000e-02 7.3241546999999996e-01
9.5328401275181218e-03 -6.0780483991960830e+02 7.4955826727845121e-01 -8.0963640822426697e-01 2.1858666474626105e+00 -2.7486510160264334e+01 1.1704298680864533e+00 2.6042587203896178e-01 1.2080001999999999e-02 7.4458062000000003e-01
1.0000220164027643e-02 -6.2453394257792570e+02 7.6131597726019640e-01 -7.5687170191113484e-01 2.1623004660271552e+00 -2.9530401238494253e+01 1.1512605601265218e+00 2.5383820199118434e-01 1.1901076999999999e-02 7.5657202000000001e-01
1.0460425838634439e-02 -6.4277047479034479e+02 7.7289320442289300e-01 -7.2611994472902741e-01 2.1548709020366781e+00 -3.1680664249604458e+01 1.1329219418476122e+00 2.4804023821437124e-01 1.1711898000000000e-02 7.6837935000000002e-01
1.0913060762679030e-02 -6.6264032470550876e+02 7.8427997696087071e-01 -7.1908018180288324e-01 2.1538809965873504e+00 -3.3947811248506198e+01 1.1152547023549011e+00 2.4289670264854965e-01 1.1512599000000000e-02 7.7999244000000001e-01
1.1357732445128877e-02 -6.8428476082276188e+02 7.9546642111964583e-01 -7.3395061149529650e-01 2.1504830580449288e+00 -3.6343410559536267e+01 1.0981353272150738e+00 2.3823244853706793e-01 1.1303326000000001e-02 7.9140122000000002e-01
1.1794056190205300e-02 -7.0786268815335166e+02 8.0644285924710757e-01 -7.6619170215222676e-01 2.1377783038465639e+00 -3.8880247218221186e+01 1.0815418592258046e+00 2.3389780918443251e-01 1.1084235000000000e-02 8.0259581999999996e-01
1.2221651589519267e-02 -7.3355292149481090e+02 8.1719972154745057e-01 -8.0993690640995486e-01 2.1110244031140142e+00 -4.1572473116787194e+01 1.0654661272709420e+00 2.2975557706450683e-01 1.0855490000000001e-02 8.1356647999999998e-01
1.2640146029935614e-02 -7.6155720882416961e+02 8.2772763432724239e-01 -8.5812697741669408e-01 2.0683060251463186e+00 -4.4435800279949198e+01 1.0499460895543000e+00 2.2570223104600218e-01 1.0617270000000000e-02 8.2430364000000000e-01
1.3049173914047654e-02 -7.9210355701982621e+02 8.3801740038518635e-01 -9.0469754132502522e-01 2.0100079270835640e+00 -4.7487746699727666e+01 1.0350386442299135e+00 2.2167168435740398e-01 1.0369760000000000e-02 8.3479791999999997e-01
1.3448377049939890e-02 -8.2545021096327253e+02 8.4806000881724031e-01 -9.4414030574031282e-01 1.9383489958363023e+00 -5.0747883582899583e+01 1.0207985140735634e+00 2.1763145189326474e-01 1.0113159000000000e-02 8.4504013000000000e-01
1.3837405040950698e-02 -8.6189036898657321e+02 8.5784664482173489e-01 -9.7260927849535095e-01 1.8572656887918875e+00 -5.4238150122340492e+01 1.0072815443756200e+00 2.1358961242679311e-01 9.8476710000000005e-03 8.5502127999999999e-01
1.4215915285672322e-02 -9.0175774550872507e+02 8.6736868969937408e-01 -9.8787301993928567e-01 1.7709852608447443e+00 -5.7983216293050802e+01 9.9457114468402041e-01 2.0958775689914494e-01 9.5735140000000000e-03 8.6473257999999997e-01
1.4583574926764355e-02 -9.4543343995153771e+02 8.7661776987882800e-01 -9.8955461050373783e-01 1.6837428457598671e+00 -6.2010937961371148e+01 9.8255126037732765e-01 2.0564869155535159e-01 9.2909130999999992e-03 8.7416548999999999e-01
1.4940058902140257e-02 -9.9335374318655681e+02 8.8558570789114011e-01 -9.7793719157259618e-01 1.5995440958700891e+00 -6.6352856614208577e+01 9.7136178691505182e-01 2.0183053960091249e-01 9.0001030000000006e-03 8.8331166999999999e-01
1.5285052283543536e-02 -1.0460200962325403e+03 8.9426458120043850e-01 -9.5513313093838337e-01 1.5214577820752149e+00 -7.1044848329210112e+01 9.6091651531389766e-01 1.9816808242930523e-01 8.7013270999999996e-03 8.9216304000000002e-01
1.5618249107259646e-02 -1.1040107158651363e+03 9.0264669278858045e-01 -9.2290235200950144e-01 1.4519070029225398e+00 -7.6127867687668200e+01 9.6255030954954901e-01 1.9470035482122625e-01 8.3948374000000006e-03 9.0071175000000003e-01
1.5939354322929450e-02 -1.1679953429362772e+03 9.1072462018074551e-01 -8.8444337797950423e-01 1.3922966355129094e+00 -8.1648919546181503e+01 9.4218911774011227e-01 1.9148920502341879e-01 8.0808944000000001e-03 9.0895022999999997e-01
1.6248082234498487e-02 -1.2387527872085880e+03 9.1849117622496090e-01 -8.4211803185317857e-01 1.3432293004856175e+00 -8.7662130101775105e+01 9.3380394826343960e-01 1.8851397431578837e-01 7.7597663000000001e-03 9.1687114999999997e-01
1.6544158059267712e-02 -1.3171933681416833e+03 9.2593944831257635e-01 -7.9817709803071124e-01 1.3042506390925699e+00 -9.4230289837945350e+01 9.2599480049708804e-01 1.8579867729403618e-01 7.4317293999999999e-03 9.2446746000000002e-01
1.6827318317656180e-02 -1.4043869089889517e+03 9.3306280818338216e-01 -7.5513042512482398e-01 1.2749759105539884e+00 -1.0142647977792662e+02 9.1872236923979944e-01 1.8335511858291192e-01 7.0970672000000004e-03 9.3173240000000002e-01
1.7097310053675686e-02 -1.5015978828927957e+03 9.3985489231537234e-01 -7.1406864310584017e-01 1.2541679447206540e+00 -1.0933647278151307e+02 9.1195790363036777e-01 1.8116272266549233e-01 6.7560703000000000e-03 9.3865947999999999e-01
1.7353892783744239e-02 -1.6103314847482040e+03 9.4630965095033814e-01 -6.7646445180939896e-01 1.2407736323811982e+00 -1.1806160394431990e+02 9.0564108683092104e-01 1.7921072190035173e-01 6.4090362999999996e-03 9.4524253000000003e-01
1.7596836158109849e-02 -1.7323918098496679e+03 9.5242128926315528e-01 -6.4293332842670359e-01 1.2331620076454768e+00 -1.2772248586479482e+02 8.9975100777780170e-01 1.7747396343438246e-01 6.0562691999999996e-03 9.5147563999999996e-01
1.7825923858477540e-02 -1.8699617340120462e+03 9.5818436541297147e-01 -6.1381923707062758e-01 1.2301687854906853e+00 -1.3846414022990581e+02 8.9425756404330159e-01 1.7593673203125618e-01 5.6980790999999996e-03 9.5735325999999998e-01
1.8040949700382336e-02 -2.0257058545741156e+03 9.6359369249201898e-01 -5.8926972272213596e-01 1.2305671955972024e+00 -1.5046255320318031e+02 8.8914625438384431e-01 1.7457551157498122e-01 5.3347821999999998e-03 9.6287009999999995e-01
1.8241721530816254e-02 -2.2029166064693673e+03 9.6864443657680210e-01 -5.6920983822543547e-01 1.2333272936291482e+00 -1.6393406637172870e+02 8.8439930253337140e-01 1.7338284317710728e-01 4.9667000000000001e-03 9.6802122999999995e-01
1.8428058499889419e-02 -2.4057137900955577e+03 9.7333204809226548e-01 -5.5285915085901161e-01 1.2375734552781879e+00 -1.7914816999219923e+02 8.8001408028285844e-01 1.7232291888465587e-01 4.5941591999999996e-03 9.7280200999999999e-01
1.8599794178931636e-02 -2.6393375877222757e+03 9.7765234025274450e-01 -5.4035461217898650e-01 1.2426191425728910e+00 -1.9644634406067328e+02 8.7598315342452016e-01 1.7139887108675797e-01 4.2174915999999996e-03 9.7720817000000004e-01
1.8756773442390802e-02 -2.9105754653457657e+03 9.8160141062101480e-01 -5.3064978458044454e-01 1.2479197713670331e+00 -2.1626960514135851e+02 8.7230606512278097e-01 1.7056533083737430e-01 3.8370333000000002e-03 9.8123572999999997e-01
1.8898855585934501e-02 -3.2284291678214422e+03 9.8517571954924299e-01 -5.2350995547498858e-01 1.2530382767199415e+00 -2.3920160894134841e+02 8.6897197219680411e-01 1.6985036754475372e-01 3.4531249000000000e-03 9.8488107999999996e-01
1.9025913157161907e-02 -3.6051823353301647e+03 9.8837206076362927e-01 -5.1873874786142138e-01 1.2579025816986544e+00 -2.6603788144701826e+02 8.6600664802983873e-01 1.6921964090466748e-01 3.0661112999999999e-03 9.8814095000000002e-01
1.9137831176078375e-02 -4.0582171063539745e+03 9.9118754175417101e-01 -5.1543795218628541e-01 1.2621350260560846e+00 -2.9790375990422098e+02 8.6338962867357871e-01 1.6868118032464294e-01 2.6763420000000000e-03 9.9101238999999997e-01
1.9234509473671620e-02 -4.6133501800469012e+03 9.9361964260537439e-01 -5.1334765969924201e-01 1.2658247840174792e+00 -3.3647174966716432e+02 8.6112587871279056e-01 1.6822947741363001e-01 2.2841723000000002e-03 9.9349282999999999e-01
1.9315861912386344e-02 -5.3115248875553916e+03 9.9566619638601705e-01 -5.1215821239219739e-01 1.2689581434948383e+00 -3.8439832094129667e+02 8.5922101415900110e-01 1.6784579766237723e-01 1.8899688000000000e-03 9.9558005999999999e-01
1.9381815996361525e-02 -6.2241464661390373e+03 9.9732537934402954e-01 -5.1155255841042935e-01 1.2712069627614795e+00 -4.4632683691116870e+02 8.5769000660658234e-01 1.6753823120116487e-01 1.4941295000000000e-03 9.9727222000000004e-01
1.9432318328108121e-02 -7.4962420971711217e+03 9.9859584817815616e-01 -5.1130589634736956e-01 1.2730014089605011e+00 -5.3171513915154173e+02 8.5650979488726209e-01 1.6729182073759058e-01 1.0971916000000000e-03 9.9856794000000004e-01
1.9467349419491450e-02 -9.5229367450110713e+03 9.9947711263246453e-01 -5.1117094071225577e-01 1.2742076700415281e+00 -6.6641244744875974e+02 8.5567729686333349e-01 1.6712972332112502e-01 7.0085733000000002e-04 9.9946672000000003e-01
