-9.2999750179593596e-02 -6.8499265244995750e+03 9.3000868421930491e-02 -5.7758088846275978e+03 -2.1279334010833886e+03 4.6993603362579461e+02 -3.9882304819093434e+02 -1.4091846374861788e+02 5.5301730000000003e-06 1.0230946000000001e-06
-9.2996234627389332e-02 -4.8407682253377379e+03 9.3018011476228360e-02 -3.7561259926034190e+03 -2.1239392421349849e+03 3.3684647435826315e+02 -2.6523519581953150e+02 -1.4073737675463209e+02 3.5894988000000002e-05 1.9923924999999999e-05
-9.2985205031608870e-02 -3.9110344880153630e+03 9.3071795618338130e-02 -2.8015377948925498e+03 -2.1114476754870279e+03 2.7517851400904317e+02 -2.0237343301862481e+02 -1.4017062447236839e+02 8.5619985000000003e-05 7.9222864999999994e-05
-9.2963370011754448e-02 -3.3041209303835003e+03 9.3178270763410911e-02 -2.1557362303642785e+03 -2.0868947567204013e+03 2.3482545444405713e+02 -1.6012261480073261e+02 -1.3905481189789006e+02 1.5173507999999999e-04 1.9661552000000001e-04
-9.2927848931869839e-02 -2.8567713353436357e+03 9.3351483893468618e-02 -1.6574890504025032e+03 -2.0474486524457184e+03 2.0497800613295180e+02 -1.2774415430121262e+02 -1.3725701878589143e+02 2.3255418000000001e-04 3.8758918999999998e-04
-9.2876021923181881e-02 -2.5057014764429355e+03 9.3604210399124643e-02 -1.2465755312809122e+03 -1.9909832246484116e+03 1.8144960732224078e+02 -1.0116954216890706e+02 -1.3467219361536095e+02 3.2689763000000001e-04 6.6622920000000002e-04
-9.2805461640744241e-02 -2.2195626136977667e+03 9.3948286857905822e-02 -8.9540997016660140e+02 -1.9161441676676600e+03 1.6216980598188547e+02 -7.8478862814259372e+01 -1.3122484984167588e+02 4.3385032000000002e-04 1.0455858000000000e-03
-9.2713895071151742e-02 -1.9804409513648629e+03 9.4394797273109565e-02 -5.9028472728788108e+02 -1.8224341950146193e+03 1.4595842038207567e+02 -5.8664713513151028e+01 -1.2687194297590749e+02 5.5265518999999999e-04 1.5378795000000000e-03
-9.2599179923575567e-02 -1.7770756564668575e+03 9.4954188199321471e-02 -3.2434568156692251e+02 -1.7102847271161672e+03 1.3207604390589378e+02 -4.1173605195034526e+01 -1.2160566245716720e+02 6.8265765000000004e-04 2.1546280000000000e-03
-9.2459288687713428e-02 -1.6018834251833509e+03 9.5636346481390411e-02 -9.4367849057654439e+01 -1.5810920472344840e+03 1.2002671336301655e+02 -2.5699697560728037e+01 -1.1545533462442830e+02 8.2327310000000005e-04 2.9067318999999999e-03
-9.2292297771396539e-02 -1.4494843740318672e+03 9.6450652223231972e-02 1.0097378312685791e+02 -1.4372028425133949e+03 1.0946013787569807e+02 -1.2077872692001499e+01 -1.0848786870388393e+02 9.7396649000000004e-04 3.8045331000000002e-03
-9.2096379558394670e-02 -1.3159028514586803e+03 9.7406017516731030e-02 2.6215452468641615e+02 -1.2818384609250572e+03 1.0011865945915164e+02 -2.2156218038030184e-01 -1.0080641616852307e+02 1.1342389000000000e-03 4.8578574999999999e-03
-9.1869796605219878e-02 -1.1981035797503073e+03 9.8510914740143632e-02 3.8949453267408938e+02 -1.1189539091841182e+03 9.1806466132492474e+01 9.9167816842301733e+00 -9.2546878603798689e+01 1.3036180000000001e-03 6.0760461999999999e-03
-9.1610897437529176e-02 -1.0937071994802509e+03 9.9773397056298285e-02 4.8363453198504345e+02 -9.5303435586028365e+02 8.4370718952440541e+01 1.8372377425307956e+01 -8.3872384127409433e+01 1.4816515000000000e-03 7.4679780999999997e-03
-9.1318113146326776e-02 -1.0008076476862194e+03 1.0120111501069708e-01 5.4585128475744136e+02 -7.8883880407667971e+02 7.7689441303140697e+01 2.5186542536546693e+01 -7.4965801155191443e+01 1.6679024999999999e-03 9.0420881999999994e-03
-9.0989955081565474e-02 -9.1785055016845513e+02 1.0280132777831644e-01 5.7823746891588939e+02 -6.3110823129123048e+02 7.1663469695691020e+01 3.0419023476314393e+01 -6.6020719956638416e+01 1.8619452999999999e-03 1.0806380000000001e-02
-9.0625012713148101e-02 -8.4354923688643532e+02 1.0458091359410775e-01 5.8375844071744632e+02 -4.8426041519927782e+02 6.6210912420457433e+01 3.4155346313251201e+01 -5.7231438148319910e+01 2.0633631000000000e-03 1.2768437000000001e-02
-9.0221952645128084e-02 -7.7682611849402269e+02 1.0654637456009773e-01 5.6619605398538476e+02 -3.5209837490355642e+02 6.1263246529278739e+01 3.6509811319889160e+01 -4.8782690021688310e+01 2.2717459999999998e-03 1.4935428000000001e-02
-8.9779516960310571e-02 -7.1676812535689885e+02 1.0870384471768899e-01 5.2999339600731560e+02 -2.3755901892341467e+02 5.6762479048251535e+01 3.7624666092127676e+01 -4.0839861111473731e+01 2.4866887000000002e-03 1.7314116000000001e-02
-8.9296523257452354e-02 -6.6259605814580709e+02 1.1105908986625987e-01 4.8002032367137269e+02 -1.4252799565442260e+02 5.2659062855683402e+01 3.7665997635881858e+01 -3.3540529830483457e+01 2.7077901999999999e-03 1.9910858000000000e-02
-8.8771862605263208e-02 -6.1363943018564885e+02 1.1361751754016530e-01 4.2128572702354285e+02 -6.7739356555409131e+01 4.8910303613802078e+01 3.6817041668306253e+01 -2.6987968877833008e+01 2.9346520999999999e-03 2.2731616000000000e-02
-8.8204500658405183e-02 -5.6931799810991481e+02 1.1638417156673629e-01 3.5862801774684885e+02 -1.2772694014633553e+01 4.5479163952108692e+01 3.5269715998524703e+01 -2.1247230026462777e+01 3.1668782999999998e-03 2.5781951000000001e-02
-8.7593476541493270e-02 -5.2912688986201658e+02 1.1936373750828033e-01 2.9641652511492606e+02 2.3852214435766538e+01 4.2333307663276493e+01 3.3215302101955331e+01 -1.6344031649425180e+01 3.4040742000000001e-03 2.9067029000000001e-02
-8.6937902105095957e-02 -4.9262482540845537e+02 1.2256054629008167e-01 2.3829588857971638e+02 4.4492052420951950e+01 3.9444351527865791e+01 3.0835211898862752e+01 -1.2266528805371241e+01 3.6458464000000000e-03 3.2591624999999999e-02
-8.6236963041734421e-02 -4.5942469080767063e+02 1.2597856875840091e-01 1.8700043722524489e+02 5.2127697965898854e+01 3.6787273185105356e+01 2.8292748033076830e+01 -8.9697163782675222e+00 3.8918026000000000e-03 3.6360116999999997e-02
-8.5489917397883558e-02 -4.2918568674516109e+02 1.2962142293647547e-01 1.4425659903901087e+02 5.0070717932368233e+01 3.4339916517729250e+01 2.5726588519455582e+01 -6.3819260087767855e+00 4.1415510999999999e-03 4.0376493999999999e-02
-8.4696096131971599e-02 -4.0160694933011678e+02 1.3349237130351949e-01 1.1078161488860837e+02 4.1660459719856227e+01 3.2082596509791372e+01 2.3246548323955913e+01 -4.4127459227759926e+00 4.3947007000000003e-03 4.4644352999999998e-02
-8.3854903114380097e-02 -3.7642219021925729e+02 1.3759432079472372e-01 8.6374467967575868e+01 2.9984316071924255e+01 2.9997767782672458e+01 2.0931855545359646e+01 -2.9615227974264848e+00 4.6508610999999997e-03 4.9166899000000000e-02
-8.2965814383444400e-02 -3.5339517284206750e+02 1.4192982642925589e-01 7.0084316285090807e+01 1.7649873292404088e+01 2.8069746727364148e+01 1.8831959645198644e+01 -1.9256072483258242e+00 4.9096423000000002e-03 5.3946949000000001e-02
-8.2028379075453101e-02 -3.3231592197089162e+02 1.4650108677526025e-01 6.0432750559832797e+01 6.6302247139320709e+00 2.6284480160429673e+01 1.6969504313404084e+01 -1.2076275071987534e+00 5.1706551000000002e-03 5.8986927000000001e-02
-8.1042217750649057e-02 -3.1299743077604194e+02 1.5130995211285822e-01 5.5660820970510144e+01 -1.8063741716416053e+00 2.4629344359080534e+01 1.5345011442937061e+01 -7.2110802324307877e-01 5.4335110000000002e-03 6.4288872999999996e-02
-8.0007024067228344e-02 -2.9527290713824470e+02 1.5635791627114787e-01 5.3970438689058689e+01 -7.0824314222650600e+00 2.3092979413364738e+01 1.3942580097406942e+01 -3.9422954474531990e-01 5.6978226000000002e-03 6.9854434000000007e-02
-7.8922562921341435e-02 -2.7899333345788409e+02 1.6164612569820441e-01 5.3732655960167243e+01 -9.2234184499858358e+00 2.1665139663601177e+01 1.2735892024404928e+01 -1.7147997066631696e-01 5.9632034000000004e-03 7.5684873999999999e-02
-7.7788671377092639e-02 -2.6402540228339484e+02 1.6717537492608001e-01 5.3641899993476123e+01 -8.7154183812170274e+00 2.0336571051205119e+01 1.1693865780511535e+01 -1.3431779597977575e-02 6.2292681999999997e-03 8.1781068999999998e-02
-7.6605257922540498e-02 -2.5024969838911113e+02 1.7294611019880393e-01 5.2804095378482373e+01 -6.3327592804246438e+00 1.9098898888475418e+01 1.0785408719151496e+01 1.0503330774913146e-01 6.4956331999999999e-03 8.8143510999999994e-02
-7.5372302469697894e-02 -2.3755911854101080e+02 1.7895842947238264e-01 5.0757089044831872e+01 -2.9616183185183669e+00 1.7944534835603982e+01 9.9829143168326890e+00 1.9756121574790053e-01 6.7619166000000000e-03 9.4772308000000000e-02
-7.4089855238532662e-02 -2.2585748708300648e+02 1.8521208785680005e-01 4.7430241204592811e+01 5.5686014438066478e-01 1.6866591098087458e+01 9.2643466275394601e+00 2.6967774469147182e-01 7.0277381999999996e-03 1.0166719000000000e-01
-7.2758036570967785e-02 -2.1505834693570128e+02 1.9170649852301758e-01 4.3058741554197567e+01 3.5459240979750590e+00 1.5858807961832017e+01 8.6139669843213156e+00 3.2213458938927780e-01 7.2927204000000001e-03 1.0882751000000000e-01
-7.1377039534879699e-02 -2.0508391917924317e+02 1.9844072000497354e-01 3.8071643628916412e+01 5.5647371655988431e+00 1.4915489309418813e+01 8.0219497227531367e+00 3.5381875738205015e-01 7.5564877000000004e-03 1.1625223000000000e-01
-6.9947124530101740e-02 -1.9586412431673043e+02 2.0541348250258457e-01 3.2974144558333471e+01 6.4300979389663508e+00 1.4031443975261217e+01 7.4831489537014981e+00 3.6393705119537328e-01 7.8186677999999999e-03 1.2393994999999999e-01
-6.8468618916424348e-02 -1.8733576673872409e+02 2.1262318969574587e-01 2.8242435605595887e+01 6.1939345822259426e+00 1.3201933862059036e+01 6.9954826318144026e+00 3.5333594275191915e-01 8.0788911000000008e-03 1.3188891000000000e-01
-6.6941922593591593e-02 -1.7944184079788153e+02 2.2006789153432949e-01 2.4244707491052829e+01 5.0879938408963659e+00 1.2422632456679027e+01 6.5582422089474637e+00 3.2498345486835079e-01 8.3367917000000003e-03 1.4009695999999999e-01
-6.5367500561305858e-02 -1.7213084369280813e+02 2.2774532051818658e-01 2.1195600356283403e+01 3.4503524279538054e+00 1.1689581494820832e+01 6.1706423940156805e+00 2.8374883066541157e-01 8.5920070000000005e-03 1.4856159999999999e-01
-6.3745886639225424e-02 -1.6535622683011175e+02 2.3565287355714643e-01 1.9145218990945605e+01 1.6487180864579685e+00 1.0999155678038989e+01 5.8308048921513294e+00 2.3570646411103502e-01 8.8441787999999997e-03 1.5727996000000000e-01
-6.2077679746967006e-02 -1.5907587614379497e+02 2.4378763011101717e-01 1.7997847575116758e+01 1.3552667348655716e-02 1.0348030101238542e+01 5.5352599368992070e+00 1.8721182813334550e-01 9.0929527999999999e-03 1.6624881999999999e-01
-6.0363543904105567e-02 -1.5325166515698973e+02 2.5214635218958648e-01 1.7551765089897469e+01 -1.2099003165280233e+00 9.7331517648832691e+00 5.2789389860529230e+00 1.4398282947716734e-01 9.3379794999999995e-03 1.7546460999999999e-01
-5.8604206370175618e-02 -1.4784905378604304e+02 2.6072549342262152e-01 1.7549448134333563e+01 -1.8862630308766772e+00 9.1517129488630520e+00 5.0555602099492249e+00 1.1037504731922040e-01 9.5789143999999993e-03 1.8492342000000001e-01
-5.6800463224667634e-02 -1.4283675104706489e+02 2.6952117184986751e-01 1.7728190258405636e+01 -1.9916590617863335e+00 8.6011306576329201e+00 4.8582509637898141e+00 8.8952079778577983e-02 9.8154178999999998e-03 1.9462097000000000e-01
-5.4953170067033992e-02 -1.3818637100412798e+02 2.7852921527105068e-01 1.7861238742811615e+01 -1.5964393340373728e+00 8.0790221644009108e+00 4.6802476900736476e+00 8.0393079855093683e-02 1.0047156000000000e-02 2.0455266000000000e-01
-5.3063240156690152e-02 -1.3387215457474804e+02 2.8774517031587876e-01 1.7786321309190328e+01 -8.3557806280775704e-01 7.5831863810292059e+00 4.5155268056613895e+00 8.3698717561452168e-02 1.0273801000000001e-02 2.1471357999999999e-01
-5.1131653713008714e-02 -1.2987074185458505e+02 2.9716425709403804e-01 1.7417170979665190e+01 1.2583140327023601e-01 7.1115899781498815e+00 4.3592643633303920e+00 9.6612364744826817e-02 1.0495031000000000e-02 2.2509846000000000e-01
-4.9159446755326582e-02 -1.2616092414545776e+02 3.0678142361519695e-01 1.6740580342932070e+01 1.1251335363431250e+00 6.6623481708354912e+00 4.2080712621083149e+00 1.1615530634635174e-01 1.0710529999999999e-02 2.3570173000000000e-01
-4.7147712962943733e-02 -1.2272345229519601e+02 3.1659133671900552e-01 1.5802071078303497e+01 2.0275476557940313e+00 6.2337129449904616e+00 4.0599986613364676e+00 1.3916578008121294e-01 1.0919989999999999e-02 2.4651751000000000e-01
-4.5097605535122064e-02 -1.1954086335908110e+02 3.2658837300509469e-01 1.4684824179391764e+01 2.7415767762292518e+00 5.8240596683792756e+00 3.9143549952897834e+00 1.6275861650292706e-01 1.1123108000000000e-02 2.5753959999999998e-01
-4.3010331611088935e-02 -1.1659731439415027e+02 3.3676664604307815e-01 1.3487177003308775e+01 3.2238683796035605e+00 5.4318749898480281e+00 3.7713947390519431e+00 1.8464440720586289e-01 1.1319591000000000e-02 2.6876150999999998e-01
-4.0887150410038382e-02 -1.1387844130710246e+02 3.4712001544255289e-01 1.2302603203683558e+01 3.4749180778447912e+00 5.0557463036345904e+00 3.6319575866802243e+00 2.0329301870062930e-01 1.1509152000000000e-02 2.8017647000000001e-01
-3.8729375091129913e-02 -1.1137123698040355e+02 3.5764207778309864e-01 1.1205223873098364e+01 3.5283962903300665e+00 4.6943537400672284e+00 3.4971116333803440e+00 2.1794579186597082e-01 1.1691511000000000e-02 2.9177742000000001e-01
-3.6538374613487322e-02 -1.0906394193437697e+02 3.6832615754427733e-01 1.0242109037800510e+01 3.4373663445626703e+00 4.3464595368760737e+00 3.3678719325546340e+00 2.2850803455085347e-01 1.1866398000000000e-02 3.0355700000000002e-01
-3.4315558856208218e-02 -1.0694592997742552e+02 3.7916537966563774e-01 9.4321799652584595e+00 3.2605253952049491e+00 4.0108993954128085e+00 3.2450036000257163e+00 2.3537298416934410e-01 1.2033550000000000e-02 3.1550762999999998e-01
-3.2062391638355670e-02 -1.0500763521253783e+02 3.9015260605671148e-01 8.7702315607660228e+00 3.0509229556742392e+00 3.6865763542950667e+00 3.1289279867984119e+00 2.3921945770625258e-01 1.2192715000000000e-02 3.2762143999999999e-01
-2.9780381418964177e-02 -1.0324046526375811e+02 4.0128048094701579e-01 8.2343757809076337e+00 2.8485793679150682e+00 3.3724537248418587e+00 3.0197159044306932e+00 2.4081996136280515e-01 1.2343646000000000e-02 3.3989032000000002e-01
-2.7471083157038487e-02 -1.0163673498739719e+02 4.1254142181605291e-01 7.7944721648430413e+00 2.6773786350664288e+00 3.0675484555970272e+00 2.9171463593567637e+00 2.4089709401188408e-01 1.2486109000000000e-02 3.5230591000000000e-01
-2.5136090871558353e-02 -1.0018960164043871e+02 4.2392765567331281e-01 7.4198752602092677e+00 2.5457992825918345e+00 2.7709242232089526e+00 2.8208009459134753e+00 2.4003033023074180e-01 1.2619877000000000e-02 3.6485963999999999e-01
-2.2777043221474932e-02 -9.8893016697742055e+01 4.3543119184827117e-01 7.0852179536502158e+00 2.4503549505395164e+00 2.4816872868061646e+00 2.7301668272356410e+00 2.3862018053542461e-01 1.2744734000000001e-02 3.7754270000000001e-01
-2.0395617925714413e-02 -9.7741676798259974e+01 4.4704384920039086e-01 6.7735662072236158e+00 2.3804492848769399e+00 2.1989801899153116e+00 2.6447231235467110e+00 2.3689774596117072e-01 1.2860473000000001e-02 3.9034606999999999e-01
-1.7993528043180329e-02 -9.6730983852163547e+01 4.5875727425912383e-01 6.4770343766540330e+00 2.3233391791893645e+00 1.9219767126680853e+00 2.5640079299935423e+00 2.3496554479283621e-01 1.2966896000000000e-02 4.0326054000000000e-01
-1.5572525692751221e-02 -9.5857013989304889e+01 4.7056292308390929e-01 6.1953285438025647e+00 2.2681987897911711e+00 1.6498777030348686e+00 2.4876460907879285e+00 2.3284903559910108e-01 1.3063819000000001e-02 4.1627669000000000e-01
-1.3134390893287815e-02 -9.5116486736355014e+01 4.8245211568417756e-01 5.9329992329218930e+00 2.2086992631508036e+00 1.3819050967422211e+00 2.4153534747613277e+00 2.3054983027382892e-01 1.3151064000000001e-02 4.2938494999999999e-01
-1.0680942723625783e-02 -9.4506747283757790e+01 4.9441598159934652e-01 5.6963335557639203e+00 2.1439359991097082e+00 1.1172996946360083e+00 2.3469185360975588e+00 2.2808325938413476e-01 1.3228465999999999e-02 4.4257553999999999e-01
-8.2140244425853298e-03 -9.4025746311225078e+01 5.0644553245882640e-01 5.4904949102429734e+00 2.0778575047594945e+00 8.5531462727039287e-01 2.2821726261346003e+00 2.2550207722643603e-01 1.3295871000000001e-02 4.5583855000000001e-01
-5.7355109289664447e-03 -9.3672030898166796e+01 5.1853162570201694e-01 5.3175195679726928e+00 2.0176742261597167e+00 5.9521213846063503e-01 2.2209564985973218e+00 2.2289835738725289e-01 1.3353135000000000e-02 4.6916390000000002e-01
-3.2472993815548246e-03 -9.3444736693254583e+01 5.3066500992831112e-01 5.1754092519259576e+00 1.9717543992558151e+00 3.3625936875003504e-01 2.1630969548429841e+00 2.2039533239101805e-01 1.3400123999999999e-02 4.8254139000000001e-01
-7.5131303911950276e-04 -9.3343588253483020e+01 5.4283630675709338e-01 5.0582134524786131e+00 1.9475202559679370e+00 7.7723164469200690e-02 2.1083872347247530e+00 2.1812652756286163e-01 1.3436718000000000e-02 4.9596067999999999e-01
1.7505062595824378e-03 -9.3368902843950622e+01 5.5503604710774257e-01 4.9570330878684610e+00 1.9497903151964782e+00 -1.8113358383712175e-01 2.0565880942065702e+00 2.1621219668295658e-01 1.3462807000000000e-02 5.0941133000000005e-01
4.2561906358105084e-03 -9.3521599932822312e+01 5.6725463491962846e-01 4.8614717449757148e+00 1.9797992608433417e+00 -4.4105607410099612e-01 2.0074307421288080e+00 2.1474168336570135e-01 1.3478291000000000e-02 5.2288276000000000e-01
6.7637629108302233e-03 -9.3803217031442728e+01 5.7948242878211853e-01 4.7612980279656982e+00 2.0349625618154530e+00 -7.0280370379287849e-01 1.9606326888898673e+00 2.1375810060957906e-01 1.3483083000000000e-02 5.3636434000000000e-01
9.2712273059189776e-03 -9.4215930852675129e+01 5.9170969658457417e-01 4.6479654049035988e+00 2.1093235808490123e+00 -9.6715319006554257e-01 1.9159160013478449e+00 2.1325098347189375e-01 1.3477108000000000e-02 5.4984533999999996e-01
1.1776573162363732e-02 -9.4762584457628108e+01 6.0392663365635180e-01 4.5156336397558414e+00 2.1945433235650245e+00 -1.2349046500704510e+00 1.8730287904410234e+00 2.1316213038025972e-01 1.3460300999999999e-02 5.6331494999999998e-01
1.4277780521457339e-02 -9.5446722577639065e+01 6.1612338997680505e-01 4.3618381597152878e+00 2.2811127536326752e+00 -1.5068868633295764e+00 1.8317517381280566e+00 2.1339352346726098e-01 1.3432611000000001e-02 5.7676231000000000e-01
1.6772823844496257e-02 -9.6272634404888279e+01 6.2829008831528566e-01 4.1874826100763025e+00 2.3596774778504352e+00 -1.7839635477111901e+00 1.7919182871356880e+00 2.1382015854575892e-01 1.3393997000000000e-02 5.9017653000000003e-01
1.9259666432784081e-02 -9.7245402300728941e+01 6.4041679702114174e-01 3.9964710246055875e+00 2.4221309524844461e+00 -2.0670386341584406e+00 1.7534081877410141e+00 2.1430975145127268e-01 1.3344429999999999e-02 6.0354666000000001e-01
2.1736267867626793e-02 -9.8370962575018552e+01 6.5249356630372035e-01 3.7949148167920104e+00 2.4624917215938096e+00 -2.3570638980690779e+00 1.7161569984416229e+00 2.1473247695427380e-01 1.3283893999999999e-02 6.1686173000000000e-01
2.4200591450327991e-02 -9.9656178595179369e+01 6.6451046451236973e-01 3.5902268704869642e+00 2.4773629696463679e+00 -2.6550470280565026e+00 1.6801370081136784e+00 2.1497909485659358e-01 1.3212384000000001e-02 6.3011079000000003e-01
2.6650593042196011e-02 -1.0110891665874530e+02 6.7645752371643564e-01 3.3901419701452307e+00 2.4660344340529639e+00 -2.9620576714758720e+00 1.6453545638841951e+00 2.1496766227165046e-01 1.3129907000000000e-02 6.4328284999999996e-01
2.9084234084535684e-02 -1.0273814618874118e+02 6.8832480319526590e-01 3.2018487664006354e+00 2.4302775281482174e+00 -3.2792391662273062e+00 1.6118349101868947e+00 2.1464735473662092e-01 1.3036481000000001e-02 6.5636695000000000e-01
3.1499483458646990e-02 -1.0455405143549640e+02 7.0010239850821021e-01 3.0313048332014989e+00 2.3738644001246918e+00 -3.6078155295894141e+00 1.5796117152510063e+00 2.1400075367176535e-01 1.2932137999999999e-02 6.6935217000000002e-01
3.3894311905828797e-02 -1.0656815394106025e+02 7.1178041428461936e-01 2.8828000058724843e+00 2.3019546020774073e+00 -3.9491122514790167e+00 1.5487168411400418e+00 2.1303990442848411e-01 1.2816919000000000e-02 6.8222760000000005e-01
3.6266703187371560e-02 -1.0879346771284482e+02 7.2334901864384793e-01 2.7587264004035665e+00 2.2205517181874046e+00 -4.3045504808064532e+00 1.5191721574580241e+00 2.1179990412222419e-01 1.2690879000000000e-02 6.9498240000000000e-01
3.8614650364559869e-02 -1.1124466646256059e+02 7.3479842505525372e-01 2.6596135149203541e+00 2.1355882400724453e+00 -4.6756808929201936e+00 1.4909828201090889e+00 2.1033448501463892e-01 1.2554085000000000e-02 7.0760577999999996e-01
4.0936157658671105e-02 -1.1393828119647301e+02 7.4611890140819814e-01 2.5843341402747000e+00 2.0527061224872321e+00 -5.0641889151536956e+00 1.4641391777756729e+00 2.0870659897343208e-01 1.2406611999999999e-02 7.2008700999999997e-01
4.3229249750969603e-02 -1.1689293953567123e+02 7.5730081536204885e-01 2.5304144915858666e+00 1.9766630280148128e+00 -5.4719175552624124e+00 1.4386125237610079e+00 2.0697993151371158e-01 1.2248551000000000e-02 7.3241546999999996e-01
4.5491966202710163e-02 -1.2012962571286549e+02 7.6833460713617863e-01 2.4944330892281172e+00 1.9111457105395917e+00 -5.9008855491311039e+00 1.4143577133591236e+00 2.0521795926471670e-01 1.2080001999999999e-02 7.4458062000000003e-01
4.7722365175135603e-02 -1.2367199243965243e+02 7.7921080764996586e-01 2.4723960563650405e+00 1.8586233546088524e+00 -6.3533139758000381e+00 1.3913169677950736e+00 2.0347671252932550e-01 1.1901076999999999e-02 7.5657202000000001e-01
4.9918527149474548e-02 -1.2754672702397633e+02 7.8992005666279641e-01 2.4601731236433855e+00 1.8203738305042458e+00 -6.8316532904604870e+00 1.3694247773304733e+00 2.0179785854239132e-01 1.1711898000000000e-02 7.6837935000000002e-01
5.2078560506937752e-02 -1.3178398346210895e+02 8.0045312998406482e-01 2.4537722878848638e+00 1.7965874466667546e+00 -7.3386161096196467e+00 1.3486095205324462e+00 2.0021453178494997e-01 1.1512599000000000e-02 7.7999244000000001e-01
5.4200592228724045e-02 -1.3641785830545379e+02 8.1080089412317169e-01 2.4496012999175045e+00 1.7865348712529701e+00 -7.8772116156491769e+00 1.3288041444885648e+00 1.9874678694218798e-01 1.1303326000000001e-02 7.9140122000000002e-01
5.6282786496008416e-02 -1.4148700907818301e+02 8.2095439698952943e-01 2.4446302812121563e+00 1.7887915959703045e+00 -8.4507928313119294e+00 1.3099305187274655e+00 1.9740407674413382e-01 1.1084235000000000e-02 8.0259581999999996e-01
5.8323327949952805e-02 -1.4703530229279957e+02 8.3090478626255726e-01 2.4364911612022619e+00 1.8014491887584090e+00 -9.0631019946374298e+00 1.2919284908916890e+00 1.9618594995321761e-01 1.0855490000000001e-02 8.1356647999999998e-01
6.0320438431695364e-02 -1.5311266192299234e+02 8.4064339102168606e-01 2.4235055154634222e+00 1.8223265671768156e+00 -9.7183328657001073e+00 1.2747361743062942e+00 1.9508446632832505e-01 1.0617270000000000e-02 8.2430364000000000e-01
6.2272373262352756e-02 -1.5977602347555239e+02 8.5016170360635734e-01 2.4046472304696755e+00 1.8491605660111718e+00 -1.0421198157103834e+01 1.2583099181748083e+00 1.9408538182866919e-01 1.0369760000000000e-02 8.3479791999999997e-01
6.4177423103019035e-02 -1.6709048596221353e+02 8.5945138868602422e-01 2.3794683703988886e+00 1.8797725197772515e+00 -1.1177011189631653e+01 1.2426038354528133e+00 1.9317299435717816e-01 1.0113159000000000e-02 8.4504013000000000e-01
6.6033915814764463e-02 -1.7513068978761098e+02 8.6850429233015147e-01 2.3480448544968748e+00 1.9121508962491574e+00 -1.1991781796907977e+01 1.2275823568794950e+00 1.9232884597664732e-01 9.8476710000000005e-03 8.5502127999999999e-01
6.7840216458635513e-02 -1.8398246149030430e+02 8.7731244200821590e-01 2.3107871090676757e+00 1.9445885584828262e+00 -1.2872330069515822e+01 1.2132177199838690e+00 1.9153692963611796e-01 9.5735140000000000e-03 8.6473257999999997e-01
6.9594736595648840e-02 -1.9374484966217832e+02 8.8586809193970928e-01 2.2684311430517687e+00 1.9756234046847625e+00 -1.3826427946831778e+01 1.1994864490901642e+00 1.9077997921603568e-01 9.2909130999999992e-03 8.7416548999999999e-01
7.1295924986797363e-02 -2.0453249551582149e+02 8.9416367774413497e-01 2.2218601729622041e+00 2.0041682431358101e+00 -1.4862957622557129e+01 1.1863734210963155e+00 1.9004338712396435e-01 9.0001030000000006e-03 8.8331166999999999e-01
7.2942278753042947e-02 -2.1647864315835156e+02 9.0219187086101227e-01 2.1721624460378126e+00 2.0294266879913287e+00 -1.5992118523542754e+01 1.1738643751829223e+00 1.8931671486938115e-01 8.7013270999999996e-03 8.9216304000000002e-01
7.4532337795320189e-02 -2.2973872566163774e+02 9.0994555133987365e-01 2.1202979011707925e+00 2.0509015836038289e+00 -1.7225665059857356e+01 1.1619500856639269e+00 1.8859165096075536e-01 8.3948374000000006e-03 9.0071175000000003e-01
7.6064694094530219e-02 -2.4449491276461973e+02 9.1741785319026858e-01 2.0672907449663196e+00 2.0683500634485572e+00 -1.8577213694992622e+01 1.1506216928460455e+00 1.8786221966183608e-01 8.0808944000000001e-03 9.0895022999999997e-01
7.7537984271545776e-02 -2.6096162237467519e+02 9.2460212810176079e-01 2.0140047972942132e+00 2.0817187365536123e+00 -2.0062603133993392e+01 1.1398726115056428e+00 1.8712586847307608e-01 7.7597663000000001e-03 9.1687114999999997e-01
7.8950897027206104e-02 -2.7939257162361065e+02 9.3149198172393066e-01 1.9613212225764292e+00 2.0911696600944705e+00 -2.1700361847696318e+01 1.1296968538247336e+00 1.8638280269384447e-01 7.4317293999999999e-03 9.2446746000000002e-01
8.0302175002315970e-02 -3.0008966166013107e+02 9.3808128273637570e-01 1.9099226480690825e+00 2.0969527018164893e+00 -2.3512291037862539e+01 1.1200882152824989e+00 1.8563428049276143e-01 7.0970672000000004e-03 9.3173240000000002e-01
8.1590611057648019e-02 -3.2341422979078584e+02 9.4436414470870966e-01 1.8603796577728962e+00 2.0994285124793781e+00 -2.5524195892613729e+01 1.1110409405446997e+00 1.8488319698128441e-01 6.7560703000000000e-03 9.3865947999999999e-01
8.2815057573936826e-02 -3.4980181806903272e+02 9.5033497145056534e-01 1.8131611058703081e+00 2.0990077952577568e+00 -2.7766848058292872e+01 1.1025479706484431e+00 1.8413379274658456e-01 6.4090362999999996e-03 9.4524253000000003e-01
8.3974415291885887e-02 -3.7978105520846475e+02 9.5598840259159068e-01 1.7686007786444911e+00 2.0961210561895274e+00 -3.0277203739584749e+01 1.0946036289447192e+00 1.8339177950995400e-01 6.0562691999999996e-03 9.5147563999999996e-01
8.5067651912156025e-02 -4.1399943319429883e+02 9.6131940428145568e-01 1.7269411644170036e+00 2.0912529057521749e+00 -3.3100077509210905e+01 1.0872003614265535e+00 1.8266260233073631e-01 5.6980790999999996e-03 9.5735325999999998e-01
8.6093783495376983e-02 -4.5325697290521242e+02 9.6632317848984517e-01 1.6883475180814955e+00 2.0848117397783579e+00 -3.6290303101039832e+01 1.0803308602812542e+00 1.8195276309884101e-01 5.3347821999999998e-03 9.6287009999999995e-01
8.7051893062135635e-02 -4.9855367386537961e+02 9.7099525370646578e-01 1.6528806560704383e+00 2.0772236271330633e+00 -3.9915802063058244e+01 1.0739873699936990e+00 1.8126821125320050e-01 4.9667000000000001e-03 9.6802122999999995e-01
8.7941117572984437e-02 -5.5115476917768183e+02 9.7533142145104146e-01 1.6206575785770763e+00 2.0688711250336511e+00 -4.4061780180553022e+01 1.0681958778335154e+00 1.8061128881750549e-01 4.5941591999999996e-03 9.7280200999999999e-01
8.8760662808431687e-02 -6.1268606195772691e+02 9.7932780883331794e-01 1.5913520917958259e+00 2.0601109890207083e+00 -4.8836887676102897e+01 1.0628446955738202e+00 1.7999101554953825e-01 4.2174915999999996e-03 9.7720817000000004e-01
8.9509788488951206e-02 -6.8527316050404124e+02 9.8298080599305804e-01 1.5652155655262068e+00 2.0512438986999100e+00 -5.4382202406609267e+01 1.0580303838732323e+00 1.7941155328915792e-01 3.8370333000000002e-03 9.8123572999999997e-01
9.0187823154972771e-02 -7.7175786066642422e+02 9.8628713866004725e-01 1.5420450142201021e+00 2.0425644390662119e+00 -6.0885248271489857e+01 1.0537105774264033e+00 1.7887566869861310e-01 3.4531249000000000e-03 9.8488107999999996e-01
9.0794158586885707e-02 -8.7604384881515603e+02 9.8924384094409090e-01 1.5217543886113523e+00 2.0342740280330860e+00 -6.8602437172426718e+01 1.0498784893507800e+00 1.7838888262034511e-01 3.0661112999999999e-03 9.8814095000000002e-01
9.1328246085041156e-02 -1.0036826395962715e+03 9.9184823719501314e-01 1.5042355707742177e+00 2.0265949184204648e+00 -7.7897217542637037e+01 1.0465269024694248e+00 1.7795411950757775e-01 2.6763420000000000e-03 9.9101238999999997e-01
9.1789607629745099e-02 -1.1629445218601888e+03 9.9409799642266117e-01 1.4893695191111198e+00 2.0196905741511380e+00 -8.9310065255969320e+01 1.0436499513114850e+00 1.7756988941963597e-01 2.2841723000000002e-03 9.9349282999999999e-01
9.2177832161260645e-02 -1.3669581432627533e+03 9.9599111415690333e-01 1.4770591528623802e+00 2.0136864427833436e+00 -1.0369875376745600e+02 1.0412339311795951e+00 1.7725135061513947e-01 1.8899688000000000e-03 9.9558005999999999e-01
9.2492573719809248e-02 -1.6385931859140810e+03 9.9752590337762914e-01 1.4672099596737092e+00 2.0086967865438816e+00 -1.2255947550485379e+02 1.0392990337184094e+00 1.7698851246341241e-01 1.4941295000000000e-03 9.9727222000000004e-01
9.2733577485553956e-02 -2.0241493435296543e+03 9.9870112149475676e-01 1.4597622958390215e+00 2.0048024920477636e+00 -1.4892979415502890e+02 1.0378165409538089e+00 1.7678475824541975e-01 1.0971916000000000e-03 9.9856794000000004e-01
9.2900750458554296e-02 -2.6491559639277530e+03 9.9951631500825655e-01 1.4546480161034629e+00 2.0020680727148310e+00 -1.9107793846656989e+02 1.0367907068192777e+00 1.7664353938476490e-01 7.0085733000000002e-04 9.9946672000000003e-01
