-3.3423751511740057e-01 -1.9186956402482731e+03 3.3423888016929709e-01 -1.9193782570229109e+03 -5.9668193438420815e+02 1.3166689439975423e+02 -1.3171388086546924e+02 -3.9519030647196395e+01 5.5301730000000003e-06 1.0230946000000001e-06
-3.3422488035837433e-01 -1.3553694419502169e+03 3.3425146362018399e-01 -1.3548463527146064e+03 -5.9645078075013566e+02 9.4345698598969875e+01 -9.4335995074902357e+01 -3.9508552232960902e+01 3.5894988000000002e-05 1.9923924999999999e-05
-3.3418524041655412e-01 -1.0947015476241684e+03 3.3429094258927389e-01 -1.0911746292296373e+03 -5.9572603915550565e+02 7.7053145249168082e+01 -7.6900891953919910e+01 -3.9475694096054575e+01 8.5619985000000003e-05 7.9222864999999994e-05
-3.3410676619738056e-01 -9.2455411016436972e+02 3.3436909813468713e-01 -9.1605026298337452e+02 -5.9429340131531069e+02 6.5738159201494852e+01 -6.5347658789602661e+01 -3.9410719627854334e+01 1.5173507999999999e-04 1.9661552000000001e-04
-3.3397910480633392e-01 -7.9915264974085324e+02 3.3449624110916376e-01 -7.8369071714383904e+02 -5.9196879027927264e+02 5.7369548503445444e+01 -5.6643071415034484e+01 -3.9305229270438758e+01 2.3255418000000001e-04 3.8758918999999998e-04
-3.3379284053609259e-01 -7.0075272180716581e+02 3.3468174898404313e-01 -6.7643495059310669e+02 -5.8859035325332070e+02 5.0773281866263119e+01 -4.9615366316842476e+01 -3.9151778562251501e+01 3.2689763000000001e-04 6.6622920000000002e-04
-3.3353924960254278e-01 -6.2056387458641314e+02 3.3493431011726821e-01 -5.8563489716553624e+02 -5.8401599583299458e+02 4.5368720122716667e+01 -4.3688963680029843e+01 -3.8943745874917212e+01 4.3385032000000002e-04 1.0455858000000000e-03
-3.3321016288317717e-01 -5.5356252565922773e+02 3.3526206045758544e-01 -5.0645039235207167e+02 -5.7812297846705417e+02 4.0824877273146491e+01 -3.8539898437966414e+01 -3.8675293181128175e+01 5.5265518999999999e-04 1.5378795000000000e-03
-3.3279788106738584e-01 -4.9659046683433917e+02 3.3567266804968976e-01 -4.3593621394297674e+02 -5.7080848400346838e+02 3.6934365820608299e+01 -3.3969241390113865e+01 -3.8341371405128179e+01 6.8265765000000004e-04 2.1546280000000000e-03
-3.3229511736134393e-01 -4.4752064173182322e+02 3.3617339009666880e-01 -3.7219965003745426e+02 -5.6199062733193364e+02 3.3558070523617339e+01 -2.9847403284067514e+01 -3.7937747221898967e+01 8.2327310000000005e-04 2.9067318999999999e-03
-3.3169495844899044e-01 -4.0484384933346416e+02 3.3677111184049202e-01 -3.1398083002817486e+02 -5.5160966161548322e+02 3.0597726051266513e+01 -2.6086432352790741e+01 -3.7461041579844483e+01 9.7396649000000004e-04 3.8045331000000002e-03
-3.3099083594808554e-01 -3.6744468038583744e+02 3.3747237499003957e-01 -2.6042330640370000e+02 -5.3962916629217966e+02 2.7981045945727114e+01 -2.2624915178074421e+01 -3.6908770512075961e+01 1.1342389000000000e-03 4.8578574999999999e-03
-3.3017650555374728e-01 -3.3447146302848296e+02 3.3828339849287048e-01 -2.1093924766263876e+02 -5.2603709228489527e+02 2.5653089216720502e+01 -1.9419146674942830e+01 -3.6279384360862593e+01 1.3036180000000001e-03 6.0760461999999999e-03
-3.2924603193088492e-01 -3.0525650950297324e+02 3.3921009358143928e-01 -1.6512530740867788e+02 -5.1084655934172798e+02 2.3570968188621197e+01 -1.6437661441666439e+01 -3.5572301058070600e+01 1.4816515000000000e-03 7.4679780999999997e-03
-3.2819377648108078e-01 -2.7926490988351196e+02 3.4025807595653718e-01 -1.2270724619396154e+02 -4.9409629623483471e+02 2.1700452608795391e+01 -1.3657673835247104e+01 -3.4787929280516998e+01 1.6679024999999999e-03 9.0420881999999994e-03
-3.2701438905348296e-01 -2.5606043353290568e+02 3.4143267404273830e-01 -8.3501845687413791e+01 -4.7585068566128660e+02 2.0013713661745179e+01 -1.1062666040902943e+01 -3.3927680445995875e+01 1.8619452999999999e-03 1.0806380000000001e-02
-3.2570280025732667e-01 -2.3528201097405520e+02 3.4273893664466015e-01 -4.7389541185559729e+01 -4.5619931668112599e+02 1.8487766532011843e+01 -8.6406858468850025e+00 -3.2993965592560102e+01 2.0633631000000000e-03 1.2768437000000001e-02
-3.2425421791900960e-01 -2.1662711289931229e+02 3.4418163647550165e-01 -1.4294142704022205e+01 -4.3525607007277381e+02 1.7103379441034431e+01 -6.3831120349936246e+00 -3.1990178353911585e+01 2.2717459999999998e-03 1.4935428000000001e-02
-3.2266412113265158e-01 -1.9983961091669968e+02 3.4576527608232260e-01 1.5832785099506976e+01 -4.1315762786807937e+02 1.5844275532025080e+01 -4.2837229861780788e+00 -3.0920658817475818e+01 2.4866887000000002e-03 1.7314116000000001e-02
-3.2092826039379013e-01 -1.8470081470714490e+02 3.4749408771289186e-01 4.3024041815997379e+01 -3.9006152976120745e+02 1.4696548564876453e+01 -2.3379878300670800e+00 -2.9790643669358328e+01 2.7077901999999999e-03 1.9910858000000000e-02
-3.1904265024613992e-01 -1.7102259785515625e+02 3.4937204063906679e-01 6.7306546857505907e+01 -3.6614361171878176e+02 1.3648216206004282e+01 -5.4250233133905512e-01 -2.8606193939655235e+01 2.9346520999999999e-03 2.2731616000000000e-02
-3.1700357329245143e-01 -1.5864217405710147e+02 3.5140283716222254e-01 8.8708984982250072e+01 -3.4159512089392155e+02 1.2688884308087157e+01 1.1054494267134944e+00 -2.7374113716335220e+01 3.1668782999999998e-03 2.5781951000000001e-02
-3.1480757618365218e-01 -1.4741791840207841e+02 3.5358991660782291e-01 1.0726793123966776e+02 -3.1661930352625473e+02 1.1809478358854424e+01 2.6082531359231775e+00 -2.6101847749383101e+01 3.4040742000000001e-03 2.9067029000000001e-02
-3.1245146694494147e-01 -1.3722607207842782e+02 3.5593645798846757e-01 1.2303259977630310e+02 -2.9142767321505784e+02 1.1002034443367611e+01 3.9682490329899740e+00 -2.4797366964831856e+01 3.6458464000000000e-03 3.2591624999999999e-02
-3.0993231898664847e-01 -1.2795808211019398e+02 3.5844537600932108e-01 1.3606829786618923e+02 -2.6623609562052849e+02 1.0259531813164607e+01 5.1879535444214513e+00 -2.3469046073389904e+01 3.8918026000000000e-03 3.6360116999999997e-02
-3.0724746575642148e-01 -1.1951840220552259e+02 3.6111932639420757e-01 1.4645884043331668e+02 -2.4126061236357265e+02 9.5757552929713032e+00 6.2702370042911646e+00 -2.2125527595118072e+01 4.1415510999999999e-03 4.0376493999999999e-02
-3.0439450274465646e-01 -1.1182269966223805e+02 3.6396070388832508e-01 1.5430787918546761e+02 -2.1671330356600873e+02 8.9451830729430615e+00 7.2184504693967009e+00 -2.0775583984389336e+01 4.3947007000000003e-03 4.4644352999999998e-02
-3.0137128748449776e-01 -1.0479634911595066e+02 3.6697164225824574e-01 1.5973930289307964e+02 -1.9279818381332078e+02 8.3628944454906442e+00 8.0365158472157727e+00 -1.9427976698653577e+01 4.6508610999999997e-03 4.9166899000000000e-02
-2.9817593687793204e-01 -9.8373159959111817e+01 3.7015401695496286e-01 1.6289676109576237e+02 -1.6970726339764263e+02 7.8244914746688963e+00 8.7289797981408768e+00 -1.8091313868598949e+01 4.9096423000000002e-03 5.3946949000000001e-02
-2.9480683053817031e-01 -9.2494319245270248e+01 3.7350944178508194e-01 1.6394238848112158e+02 -1.4761694507089086e+02 7.3260340162858597e+00 9.3010335450830759e+00 -1.6773916223368118e+01 5.1706551000000002e-03 5.8986927000000001e-02
-2.9126260477336052e-01 -8.7107450046579515e+01 3.7703927490267708e-01 1.6305483712123234e+02 -1.2668474024326068e+02 6.8639833509310746e+00 9.7585056097813929e+00 -1.5483685816494663e+01 5.4335110000000002e-03 6.4288872999999996e-02
-2.8754215860287513e-01 -8.2165854090688924e+01 3.8074461281743438e-01 1.6042671731525945e+02 -1.0704656671393813e+02 6.4351554772228461e+00 1.0107826134085805e+01 -1.4227990449871417e+01 5.6978226000000002e-03 6.9854434000000007e-02
-2.8364464707254694e-01 -7.7627817502219997e+01 3.8462629705227031e-01 1.5626154598413197e+02 -8.8814500087605353e+01 6.0366793406452652e+00 1.0355971311114768e+01 -1.3013556743243345e+01 5.9632034000000004e-03 7.5684873999999999e-02
-2.7956948459705122e-01 -7.3456032991794117e+01 3.8868491081452244e-01 1.5077034537862417e+02 -7.2075223009117366e+01 5.6659620673801863e+00 1.0510387232597465e+01 -1.1846382027868666e+01 6.2292681999999997e-03 8.1781068999999998e-02
-2.7531634228600022e-01 -6.9617088290381758e+01 3.9292078165899691e-01 1.4416800192197832e+02 -5.6889081810142464e+01 5.3206577324871471e+00 1.0578900412065442e+01 -1.0731663019879731e+01 6.4956331999999999e-03 8.8143510999999994e-02
-2.7088514794394281e-01 -6.6081023608642411e+01 3.9733398148796828e-01 1.3666951997889595e+02 -4.3289831390590024e+01 4.9986409307811348e+00 1.0569611876388748e+01 -9.6737426910430457e+00 6.7619166000000000e-03 9.4772308000000000e-02
-2.6627608205950659e-01 -6.2820941348323252e+01 4.0192433054575016e-01 1.2848629695832588e+02 -3.1285026393802315e+01 4.6979829060739027e+00 1.0490796552038983e+01 -8.6760770774087703e+00 7.0277381999999996e-03 1.0166719000000000e-01
-2.6148957713692111e-01 -5.9812667590778624e+01 4.0669139808445737e-01 1.1982253236147110e+02 -2.0857053655718605e+01 4.4169309600359838e+00 1.0350782099437813e+01 -7.7412225123692062e+00 7.2927204000000001e-03 1.0882751000000000e-01
-2.5652632705468742e-01 -5.7034458973208210e+01 4.1163449304334054e-01 1.1087192466675479e+02 -1.1964777930703274e+01 4.1538908327671447e+00 1.0157840949792847e+01 -6.8708438425402782e+00 7.5564877000000004e-03 1.1625223000000000e-01
-2.5138726767976294e-01 -5.4466729801103916e+01 4.1675268335587834e-01 1.0181464533575362e+02 -4.5456287487364202e+00 3.9074095180188642e+00 9.9200809813496580e+00 -6.0657355931294337e+00 7.8186677999999999e-03 1.2393994999999999e-01
-2.4607357553060827e-01 -5.2091821017491618e+01 4.2204479728130095e-01 9.2814796913803050e+01 1.4818154384586766e+00 3.6761611806345140e+00 9.6453406799714045e+00 -5.3258647360119751e+00 8.0788911000000008e-03 1.3188891000000000e-01
-2.4058668783147913e-01 -4.9893806766766062e+01 4.2750940343173638e-01 8.4018390907118061e+01 6.2148920447013891e+00 3.4589354522952229e+00 9.3410996304406666e+00 -4.6504304281293756e+00 8.3367917000000003e-03 1.4009695999999999e-01
-2.3492827577337080e-01 -4.7858301177324215e+01 4.3314483740268223e-01 7.5551780856313215e+01 9.7637389438564419e+00 3.2546249630445971e+00 9.0143939027769537e+00 -4.0379299990104940e+00 8.5920070000000005e-03 1.4856159999999999e-01
-2.2910025788354565e-01 -4.5972304941790945e+01 4.3894918845776965e-01 6.7520729801315952e+01 1.2247994925178437e+01 3.0622158684102256e+00 8.6717490283893497e+00 -3.4862406956429970e+00 8.8441787999999997e-03 1.5727996000000000e-01
-2.2310478665600547e-01 -4.4224059006819182e+01 4.4492031284399958e-01 6.0009988190207586e+01 1.3793495011293370e+01 2.8807784496620354e+00 8.3191248320272493e+00 -2.9927057873657925e+00 9.0929527999999999e-03 1.6624881999999999e-01
-2.1694424855149136e-01 -4.2602919804334370e+01 4.5105583379174252e-01 5.3083444782054343e+01 1.4529023310488755e+01 2.7094591138405044e+00 7.9618763381522264e+00 -2.5542270185134757e+00 9.3379794999999995e-03 1.7546460999999999e-01
-2.1062125731271975e-01 -4.1099246310365309e+01 4.5735314817235673e-01 4.6784763137916585e+01 1.4583235588382518e+01 2.5474730643826029e+00 7.6047292352792955e+00 -2.1673581176503336e+00 9.5789143999999993e-03 1.8492342000000001e-01
-2.0413867401867430e-01 -3.9704306403787903e+01 4.6380940652533398e-01 4.1138515712292879e+01 1.4081818625222050e+01 2.3940983922448655e+00 7.2517712715965406e+00 -1.8284002062325986e+00 9.8154178999999998e-03 1.9462097000000000e-01
-1.9749957366078619e-01 -3.8410179465916890e+01 4.7042154634638994e-01 3.6151638141399928e+01 1.3144973773702397e+01 2.2486692317928094e+00 6.9064553687885120e+00 -1.5334895589816513e+00 1.0047156000000000e-02 2.0455266000000000e-01
-1.9070723845816986e-01 -3.7209678970815403e+01 4.7718629874508178e-01 3.1815254040234567e+01 1.1885244578421707e+01 2.1105706836224307e+00 6.5716154888600720e+00 -1.2786837030751486e+00 1.0273801000000001e-02 2.1471357999999999e-01
-1.8376519128144311e-01 -3.6096288983724946e+01 4.8410015515671839e-01 2.8106754751935423e+01 1.0405763129639196e+01 1.9792346852050238e+00 6.2494973663934967e+00 -1.0600412425201817e+00 1.0495031000000000e-02 2.2509846000000000e-01
-1.7667715554414318e-01 -3.5064093659605902e+01 4.9115940728806839e-01 2.4991976391444791e+01 8.7989043654832120e+00 1.8541348571061491e+00 5.9417925333226700e+00 -8.7369052349999365e-01 1.0710529999999999e-02 2.3570173000000000e-01
-1.6944706188749067e-01 -3.4107725149690722e+01 4.9836014045974220e-01 2.2427519137986835e+01 7.1453625884762557e+00 1.7347829613082757e+00 5.6496881689796030e+00 -7.1589101724240645e-01 1.0919989999999999e-02 2.4651751000000000e-01
-1.6207905486515359e-01 -3.3222314130880498e+01 5.0569822694857358e-01 2.0363033011030236e+01 5.5136510696718650e+00 1.6207254632757637e+00 5.3739124526606732e+00 -5.8308443955709932e-01 1.1123108000000000e-02 2.5753959999999998e-01
-1.5457747288895535e-01 -3.2403443482982524e+01 5.1316934596047448e-01 1.8743440793954704e+01 3.9599781554834039e+00 1.5115397900758951e+00 5.1147921720850844e+00 -4.7193483125372893e-01 1.1319591000000000e-02 2.6876150999999998e-01
-1.4694684154411083e-01 -3.1647108736186450e+01 5.2076899028805224e-01 1.7511043873069891e+01 2.5284793393757270e+00 1.4068319056153185e+00 4.8723087941003831e+00 -3.7935914784880953e-01 1.1509152000000000e-02 2.8017647000000001e-01
-1.3919188027399043e-01 -3.0949684241217199e+01 5.2849245965299207e-01 1.6607442620476323e+01 1.2517672306881391e+00 1.3062330190960132e+00 4.6461529138816964e+00 -3.0254790530466036e-01 1.1691511000000000e-02 2.9177742000000001e-01
-1.3131750906488385e-01 -3.0307892410263502e+01 5.3633485404843873e-01 1.5975239806675528e+01 1.5172418517326505e-01 1.2093978991203120e+00 4.4357838155058564e+00 -2.3897659890383546e-01 1.1866398000000000e-02 3.0355700000000002e-01
-1.2332879496788843e-01 -2.9718771879990388e+01 5.4429112699994109e-01 1.5559490230674079e+01 -7.5949180169847830e-01 1.1160016907138823e+00 4.2404780103560622e+00 -1.8640847168331076e-01 1.2033550000000000e-02 3.1550762999999998e-01
-1.1523099889225694e-01 -2.9179656501556437e+01 5.5235603896212526e-01 1.5308900387466398e+01 -1.4782896361987983e+00 1.0257384489035830e+00 4.0593802076453480e+00 -1.4289079273281058e-01 1.2192715000000000e-02 3.2762143999999999e-01
-1.0702954218157762e-01 -2.8688152174590034e+01 5.6052419060678571e-01 1.5176744386673976e+01 -2.0083893191797593e+00 9.3831894426311258e-01 3.8915473093961581e+00 -1.0674315172582856e-01 1.2343646000000000e-02 3.3989032000000002e-01
-9.8730013298538366e-02 -2.8242117549646458e+01 5.6879001616526603e-01 1.5121530300895303e+01 -2.3595509252663263e+00 8.5346901161140942e-01 3.7359880369329606e+00 -7.6543639750841178e-02 1.2486109000000000e-02 3.5230591000000000e-01
-9.0338141085870544e-02 -2.7839646093603122e+01 5.7714781005893212e-01 1.5107400302608200e+01 -2.5462618394614922e+00 7.7092816231761985e-01 3.5916947038921458e+00 -5.1108019027888717e-02 1.2619877000000000e-02 3.6485963999999999e-01
-8.1859814820641086e-02 -2.7479052626628157e+01 5.8559170692631746e-01 1.5104310767054729e+01 -2.5865038033995318e+00 6.9044596089584598e-01 3.4576754253613831e+00 -2.9468190881414367e-02 1.2744734000000001e-02 3.7754270000000001e-01
-7.3301064159960627e-02 -2.7158859684839914e+01 5.9411570159597715e-01 1.5088002233561127e+01 -2.5005819044108684e+00 6.1178389917035325e-01 3.3329730378375069e+00 -1.0848386262908672e-02 1.2860473000000001e-02 3.9034606999999999e-01
-6.4668045771455185e-02 -2.6877786292684036e+01 6.0271366240172441e-01 1.5039788172972461e+01 -2.3100636492319238e+00 5.3471095693619675e-01 3.2166842721741746e+00 5.3596593576221100e-03 1.2966896000000000e-02 4.0326054000000000e-01
-5.5967056702794615e-02 -2.6634739289538459e+01 6.1137931786739408e-01 1.4946215180051134e+01 -2.0368416160618708e+00 4.5900571292750247e-01 3.1079721580328328e+00 1.9620935705215111e-02 1.3063819000000001e-02 4.1627669000000000e-01
-4.7204494273108355e-02 -2.6428804791138095e+01 6.2010629665255101e-01 1.4798590764553586e+01 -1.7023364427205785e+00 3.8445069643132856e-01 3.0060736745129462e+00 3.2281171771907438e-02 1.3151064000000001e-02 4.2938494999999999e-01
-3.8386896181569541e-02 -2.6259243221132351e+01 6.2888808760678161e-01 1.4592446653884840e+01 -1.3268349029095465e+00 3.1083426634812850e-01 2.9103044833649183e+00 4.3587834419823585e-02 1.3228465999999999e-02 4.4257553999999999e-01
-2.9520887029282850e-02 -2.6125483564549342e+01 6.3771809303063831e-01 1.4326947162807796e+01 -9.2898832913462148e-01 2.3794825853733426e-01 2.8200594748228731e+00 5.3712060041467613e-02 1.3295871000000001e-02 4.5583855000000001e-01
-2.0613205058340911e-02 -2.6027120901373060e+01 6.4658960204516736e-01 1.4004273409555372e+01 -5.2542767970299287e-01 1.6558717039260396e-01 2.7348102734191793e+00 6.2766334506481711e-02 1.3353135000000000e-02 4.6916390000000002e-01
-1.1670668728003875e-02 -2.5963914281033524e+01 6.5549582387999883e-01 1.3629013854842993e+01 -1.3052661048863995e-01 9.3546572351298485e-02 2.6541025105534284e+00 7.0819597040607127e-02 1.3400123999999999e-02 4.8254139000000001e-01
-2.7001900842278381e-03 -2.5935786719191672e+01 6.6442987455811076e-01 1.3207573197034815e+01 2.4372506672460770e-01 2.1622384909172787e-02 2.5775496001382767e+00 7.7912088122920276e-02 1.3436718000000000e-02 4.9596067999999999e-01
6.2912519793915656e-03 -2.5942826246729414e+01 6.7338480352630103e-01 1.2747622567500461e+01 5.8774997734058820e-01 -5.0390899471888462e-02 2.5048257501312428e+00 8.4065811831543352e-02 1.3462807000000000e-02 5.0941133000000005e-01
1.5296584982562700e-02 -2.5985288605248979e+01 6.8235356702471550e-01 1.2257602407565878e+01 8.9431948216531876e-01 -1.2270097625493737e-01 2.4356590666458078e+00 8.9293770808909254e-02 1.3478291000000000e-02 5.2288276000000000e-01
2.4308703021174161e-02 -2.6063601617085357e+01 6.9132908800540971e-01 1.1746276184489988e+01 1.1584191238337205e+00 -1.9551924925236275e-01 2.3698237119006409e+00 9.3607353621199568e-02 1.3483083000000000e-02 5.3636434000000000e-01
3.3320433343474787e-02 -2.6178371100930935e+01 7.0030422284425942e-01 1.1222364884765948e+01 1.3770722506892055e+00 -2.6906234315424249e-01 2.3071326916532393e+00 9.7020140090793947e-02 1.3477108000000000e-02 5.4984533999999996e-01
4.2324549719601423e-02 -2.6330388421930973e+01 7.0927177465619606e-01 1.0694232282831155e+01 1.5491086203068938e+00 -3.4355318145688596e-01 2.2474307286201549e+00 9.9552618361069475e-02 1.3460300999999999e-02 5.6331494999999998e-01
5.1313792495871202e-02 -2.6520640333084859e+01 7.1822451326806125e-01 1.0169643813870662e+01 1.6749216661966646e+00 -4.1922272400522642e-01 2.1905876021560564e+00 1.0123359160622053e-01 1.3432611000000001e-02 5.7676231000000000e-01
6.0280881964309141e-02 -2.6750320968542027e+01 7.2715518853384231e-01 9.6555885866490705e+00 1.7562103796909136e+00 -4.9631169767105865e-01 2.1364920387411157e+00 1.0210096843097351e-01 1.3393997000000000e-02 5.9017653000000003e-01
6.9218498308356358e-02 -2.7020845333815032e+01 7.3605651036181863e-01 9.1581575932541348e+00 1.7957227604783557e+00 -5.7507271721246522e-01 2.0850469148436397e+00 1.0220195376537553e-01 1.3344429999999999e-02 6.0354666000000001e-01
7.8119308341926208e-02 -2.7333866219852084e+01 7.4492117534503377e-01 8.6824733600452060e+00 1.7970047689397526e+00 -6.5576966494465516e-01 2.0361647487736327e+00 1.0159202677724370e-01 1.3283893999999999e-02 6.1686173000000000e-01
8.6975992248459866e-02 -2.7691294796651075e+01 7.5374189339176700e-01 8.2326648553889541e+00 1.7641692752212741e+00 -7.3868408505661498e-01 1.9897638299385572e+00 1.0033388549331772e-01 1.3212384000000001e-02 6.3011079000000003e-01
9.5781203472342535e-02 -2.8095321538123724e+01 7.6251134777982554e-01 7.8118850182787947e+00 1.7016831329282911e+00 -8.2411372487622203e-01 1.9457658462972716e+00 9.8495717526871210e-02 1.3129907000000000e-02 6.4328284999999996e-01
1.0452761551225159e-01 -2.8548444337982041e+01 7.7122224175987109e-01 7.4223454762931951e+00 1.6141800628912319e+00 -9.1237847640502046e-01 1.9040933104936597e+00 9.6149597991088673e-02 1.3036481000000001e-02 6.5636695000000000e-01
1.1320792860592005e-01 -2.9053499574725286e+01 7.7986730521303693e-01 7.0653894325226103e+00 1.5063003689397072e+00 -1.0038196323120465e+00 1.8646683978720195e+00 9.3369584561836957e-02 1.2932137999999999e-02 6.6935217000000002e-01
1.2181484967584510e-01 -2.9613696326348325e+01 7.8843927467807440e-01 6.7415827124038827e+00 1.3825564468156792e+00 -1.0988051345903560e+00 1.8274117147691888e+00 9.0230080624427833e-02 1.2816919000000000e-02 6.8222760000000005e-01
1.3034113243787160e-01 -3.0232659454094300e+01 7.9693093329706111e-01 6.4507916317751341e+00 1.2472269481945848e+00 -1.1977330897507206e+00 1.7922424866828455e+00 8.6804349205385059e-02 1.2690879000000000e-02 6.9498240000000000e-01
1.3877956403166453e-01 -3.0914477077565781e+01 8.0533509750016452e-01 6.1922987681971113e+00 1.1042762689242576e+00 -1.3010353430819774e+00 1.7590770405432237e+00 8.3162841394851902e-02 1.2554085000000000e-02 7.0760577999999996e-01
1.4712297170547273e-01 -3.1663754620476883e+01 8.1364462366326040e-01 5.9648986978411704e+00 9.5729086049039114e-01 -1.4091820765693408e+00 1.7278303512801423e+00 7.9372274081748087e-02 1.2406611999999999e-02 7.2008700999999997e-01
1.5536425623994865e-01 -3.2485682250930942e+01 8.2185244139602243e-01 5.7669978035805372e+00 8.0945487670122329e-01 -1.5226874132409869e+00 1.6984158477106295e+00 7.5494612483130732e-02 1.2248551000000000e-02 7.3241546999999996e-01
1.6349637189385685e-01 -3.3386107319917556e+01 8.2995153356906848e-01 5.5967105482229043e+00 6.6351779664199784e-01 -1.6421150014143788e+00 1.6707460849243994e+00 7.1586313467745508e-02 1.2080001999999999e-02 7.4458062000000003e-01
1.7151233977360131e-01 -3.4371621691341403e+01 8.3793494962919612e-01 5.4519440062498337e+00 5.2180102468452394e-01 -1.7680844570861427e+00 1.6447333264657842e+00 6.7697880574721134e-02 1.1901076999999999e-02 7.5657202000000001e-01
1.7940526120275418e-01 -3.5449663681439937e+01 8.4579581891461975e-01 5.3304808603996987e+00 3.8620654295849327e-01 -1.9012798449642991e+00 1.6202903284062831e+00 6.3873629451506916e-02 1.1711898000000000e-02 7.6837935000000002e-01
1.8716833777634706e-01 -3.6628638696263266e+01 8.5352737062782325e-01 5.2300410720935488e+00 2.5823248975661633e-01 -2.0424583494314374e+00 1.5973309859723006e+00 6.0152547448352862e-02 1.1512599000000000e-02 7.7999244000000001e-01
1.9479483793705149e-01 -3.7918053118065544e+01 8.6112290054747120e-01 5.1483468942130308e+00 1.3900654259345865e-01 -2.1924601363513641e+00 1.5757708065239102e+00 5.6563174760227257e-02 1.1303326000000001e-02 7.9140122000000002e-01
2.0227816382281866e-01 -3.9328685788850159e+01 8.6857583760458756e-01 5.0831697995335157e+00 2.9315921315061423e-02 -2.3522216268532876e+00 1.5555278707746463e+00 5.3134407617119024e-02 1.1084235000000000e-02 8.0259581999999996e-01
2.0961179110400324e-01 -4.0872769993694043e+01 8.7587968396399529e-01 5.0323680239815500e+00 -7.0355681577754778e-02 -2.5227878844687597e+00 1.5365232107769378e+00 4.9885233422035311e-02 1.0855490000000001e-02 8.1356647999999998e-01
2.1678932914624000e-01 -4.2564230534830592e+01 8.8302807494287694e-01 4.9939188060429771e+00 -1.5978880179693239e-01 -2.7053304425507401e+00 1.5186810701811819e+00 4.6830364063453950e-02 1.0617270000000000e-02 8.2430364000000000e-01
2.2380450764091492e-01 -4.4418950030780302e+01 8.9001476569553928e-01 4.9659394582671181e+00 -2.3899414371641375e-01 -2.9011659109127863e+00 1.5019295378537167e+00 4.3979666143491580e-02 1.0369760000000000e-02 8.3479791999999997e-01
2.3065118328992990e-01 -4.6455092121993701e+01 8.9683363787103199e-01 4.9467024156537818e+00 -3.0817107265888039e-01 -3.1117789572769947e+00 1.4862002427846703e+00 4.1338785993459824e-02 1.0113159000000000e-02 8.4504013000000000e-01
2.3732334649046632e-01 -4.8693486167862588e+01 9.0347870627076365e-01 4.9346410781584504e+00 -3.6767117628285295e-01 -3.3388491955106150e+00 1.4714302759305502e+00 3.8909452461680268e-02 9.8476710000000005e-03 8.5502127999999999e-01
2.4381512133498512e-01 -5.1158087668765283e+01 9.0994411884850424e-01 4.9283637267780467e+00 -4.1797461252107510e-01 -3.5842830379047896e+00 1.4575592865487195e+00 3.6690158357159719e-02 9.5735140000000000e-03 8.6473257999999997e-01
2.5012079903504686e-01 -5.3876548108287992e+01 9.1622418999847333e-01 4.9266313567988274e+00 -4.5964858320883079e-01 -3.8502532194631289e+00 1.4445322940356689e+00 3.4676567322791431e-02 9.2909130999999992e-03 8.7416548999999999e-01
2.5623480449749175e-01 -5.6880878625879681e+01 9.2231336726725099e-01 4.9283739318230921e+00 -4.9333336100221364e-01 -4.1392435961413403e+00 1.4322984307758904e+00 3.2862111910588111e-02 9.0001030000000006e-03 8.8331166999999999e-01
2.6215173643302342e-01 -6.0208293002028377e+01 9.2820627129948519e-01 4.9326698231240345e+00 -5.1970383835746603e-01 -4.4541066612363061e+00 1.4208110886575034e+00 3.1238334985865066e-02 8.7013270999999996e-03 8.9216304000000002e-01
2.6786634730191700e-01 -6.3902210953619978e+01 9.3389767586503836e-01 4.9387413223960159e+00 -5.3945982516102953e-01 -4.7981306534049430e+00 1.4100266249331284e+00 2.9795287262498634e-02 8.3948374000000006e-03 9.0071175000000003e-01
2.7337357673783919e-01 -6.8013533888561582e+01 9.3938254114707731e-01 4.9459411182945505e+00 -5.5331187820490635e-01 -5.1751250049543280e+00 1.3999072232409975e+00 2.8522025817206122e-02 8.0808944000000001e-03 9.0895022999999997e-01
2.7866852480879217e-01 -7.2602187713157079e+01 9.4465598711160070e-01 4.9537427650192409e+00 -5.6195854849935178e-01 -5.5895221976338281e+00 1.3904174327281236e+00 2.7406977485790900e-02 7.7597663000000001e-03 9.1687114999999997e-01
2.8374647875616960e-01 -7.7739099400222656e+01 9.4971332013791199e-01 4.9617274051466849e+00 -5.6607742604505595e-01 -6.0465082907827687e+00 1.3815255523355581e+00 2.6437906163808818e-02 7.4317293999999999e-03 9.2446746000000002e-01
2.8860291967952062e-01 -8.3508686793828872e+01 9.5455003967623653e-01 4.9695671166590412e+00 -5.6632955726439205e-01 -6.5521865998028579e+00 1.3732031859756606e+00 2.5602624788642402e-02 7.0970672000000004e-03 9.3173240000000002e-01
2.9323350916702168e-01 -9.0012013964316026e+01 9.5916182493248603e-01 4.9770195983582104e+00 -5.6332564228257798e-01 -7.1137826997187723e+00 1.3654249166130392e+00 2.4888885877201759e-02 6.7560703000000000e-03 9.3865947999999999e-01
2.9763412271929685e-01 -9.7370931112863687e+01 9.6354456815634859e-01 4.9839130264828571e+00 -5.5764890955105817e-01 -7.7399146688159197e+00 1.3581681283273024e+00 2.4284658634344199e-02 6.4090362999999996e-03 9.4524253000000003e-01
3.0180080964083339e-01 -1.0573337040377136e+02 9.6769433469558019e-01 4.9901359080958754e+00 -5.4983994014967530e-01 -8.4409346447731721e+00 1.3514127828906912e+00 2.3778225490545816e-02 6.0562691999999996e-03 9.5147563999999996e-01
3.0572985988762230e-01 -1.1528057473976142e+02 9.7160742957218571e-01 4.9956262233361173e+00 -5.4038827433018100e-01 -9.2293984155633648e+00 1.3451412341098157e+00 2.3358479209178083e-02 5.6980790999999996e-03 9.5735325999999998e-01
3.0941773721951754e-01 -1.2623654269426250e+02 9.7528033090623811e-01 5.0003634709461364e+00 -5.2975343996815416e-01 -1.0120671804998622e+01 1.3393376327813376e+00 2.3014781483871649e-02 5.3347821999999998e-03 9.6287009999999995e-01
3.1286114604787690e-01 -1.3888133666798174e+02 9.7870975649205838e-01 5.0043594001179228e+00 -5.1834208767561463e-01 -1.1133791670164703e+01 1.3339884915304916e+00 2.2737149662942456e-02 4.9667000000000001e-03 9.6802122999999995e-01
3.1605698464221327e-01 -1.5356939358266666e+02 9.8189261719489029e-01 5.0076511313584122e+00 -5.0652410532201519e-01 -1.2292642902779727e+01 1.3290817743958008e+00 2.2516283529241805e-02 4.5941591999999996e-03 9.7280200999999999e-01
3.1900239860830698e-01 -1.7075626271781900e+02 9.8482607021184343e-01 5.0102934079935677e+00 -4.9462074957116908e-01 -1.3627687593184039e+01 1.3246070817036764e+00 2.2343627978131771e-02 4.2174915999999996e-03 9.7720817000000004e-01
3.2169472741009347e-01 -1.9103768386027423e+02 9.8750746581095017e-01 5.0123549030392116e+00 -4.8293840794148107e-01 -1.5178484903330633e+01 1.3205552739504298e+00 2.2211263329508561e-02 3.8370333000000002e-03 9.8123572999999997e-01
3.2413155784777609e-01 -2.1521027841721292e+02 9.8993440059210891e-01 5.0139109622280609e+00 -4.7171627123453541e-01 -1.6997624196217952e+01 1.3169189669172623e+00 2.2112286658782659e-02 3.4531249000000000e-03 9.8488107999999996e-01
3.2631070400353296e-01 -2.4436853784966200e+02 9.9210469751423047e-01 5.0150405786562864e+00 -4.6118051206330113e-01 -1.9157020722692071e+01 1.3136910195046374e+00 2.2040122940071152e-02 3.0661112999999999e-03 9.8814095000000002e-01
3.2823019387198976e-01 -2.8006918793862627e+02 9.9401639258000207e-01 5.0158224956214390e+00 -4.5152164780455772e-01 -2.1758617103269472e+01 1.3108659956306234e+00 2.1989233215112300e-02 2.6763420000000000e-03 9.9101238999999997e-01
3.2988830946880360e-01 -3.2463158289264510e+02 9.9566777478159496e-01 5.0163320882726206e+00 -4.4290064795317957e-01 -2.4954017153376842e+01 1.3084391375492743e+00 2.1954710198915890e-02 2.2841723000000002e-03 9.9349282999999999e-01
3.3128357346113474e-01 -3.8173778776322018e+02 9.9705737278542950e-01 5.0166385837558174e+00 -4.3545252477942104e-01 -2.8983827627844335e+01 1.3064064785295151e+00 2.1932362479117052e-02 1.8899688000000000e-03 9.9558005999999999e-01
3.3241474248288266e-01 -4.5780188944341711e+02 9.9818394827455559e-01 5.0168032268681149e+00 -4.2928708204725280e-01 -3.4267721391672445e+01 1.3047648188038334e+00 2.1918713700738737e-02 1.4941295000000000e-03 9.9727222000000004e-01
3.3328090072138211e-01 -5.6580861641524518e+02 9.9904658915530575e-01 5.0168780051263413e+00 -4.2449057565791470e-01 -4.1657668958843082e+01 1.3035115116941527e+00 2.1910928074206942e-02 1.0971916000000000e-03 9.9856794000000004e-01
3.3388171393843408e-01 -7.4095934838327901e+02 9.9964496254677981e-01 5.0169034731162281e+00 -4.2112558185433446e-01 -5.3472535381029708e+01 1.3026440412806091e+00 2.1906884090189864e-02 7.0085733000000002e-04 9.9946672000000003e-01
