-1.5472129551095287e-01 -3.1214309743496765e+03 1.5472247690039873e-01 -2.8234525393752288e+03 -9.3101037964133150e+02 2.1156289527974172e+02 -1.9196230721426531e+02 -6.1251351253680816e+01 5.5301730000000003e-06 1.0230946000000001e-06
-1.5471544677705382e-01 -2.2421588255238544e+03 1.5473845336384917e-01 -1.9419625525199385e+03 -9.3036228887479285e+02 1.5370376011146135e+02 -1.3399901605917898e+02 -6.1221994194719450e+01 3.5894988000000002e-05 1.9923924999999999e-05
-1.5469709712186849e-01 -1.8347202475180106e+03 1.5478857747625652e-01 -1.5290588143562964e+03 -9.2833134360734562e+02 1.2686806962285306e+02 -1.0690413889584336e+02 -6.1129973222013554e+01 8.5619985000000003e-05 7.9222864999999994e-05
-1.5466077076020773e-01 -1.5680881839452752e+03 1.5488780695042614e-01 -1.2534763349002487e+03 -9.2432125537149977e+02 1.0927613027073158e+02 -8.8883609690270390e+01 -6.0948172546743727e+01 1.5173507999999999e-04 1.9661552000000001e-04
-1.5460167525202539e-01 -1.3708561324358468e+03 1.5504923286633499e-01 -1.0438962417693006e+03 -9.1782745722236223e+02 9.6230147518190066e+01 -7.5240307512796704e+01 -6.0653470872010622e+01 2.3255418000000001e-04 3.8758918999999998e-04
-1.5451545198893951e-01 -1.2153712555975312e+03 1.5528476124479204e-01 -8.7294189982173566e+02 -9.0841855515020961e+02 8.5911664408307445e+01 -6.4165119398336600e+01 -6.0225811458352517e+01 3.2689763000000001e-04 6.6622920000000002e-04
-1.5439806265951347e-01 -1.0879604731244192e+03 1.5560542318007903e-01 -7.2734588387119243e+02 -8.9573350406899579e+02 7.7422398142116663e+01 -5.4775047208455575e+01 -5.9647980129779647e+01 4.3385032000000002e-04 1.0455858000000000e-03
-1.5424572570973150e-01 -9.8083193628943184e+02 1.5602154840518803e-01 -5.9981753870866874e+02 -8.7948447654456845e+02 7.0251245336418208e+01 -4.6578674187222362e+01 -5.8905643218806752e+01 5.5265518999999999e-04 1.5378795000000000e-03
-1.5405487706537019e-01 -8.8910509792575454e+02 1.5654287258300736e-01 -4.8604881106347324e+02 -8.5946207805142694e+02 6.4078766262319689e+01 -3.9279602152829874e+01 -5.7987500691957571e+01 6.8265765000000004e-04 2.1546280000000000e-03
-1.5382214360961982e-01 -8.0950716122177687e+02 1.5717860975513218e-01 -3.8339071651597942e+02 -8.3554113245214432e+02 5.8691347834156339e+01 -3.2689787227536875e+01 -5.6885480508737167e+01 8.2327310000000005e-04 2.9067318999999999e-03
-1.5354432511160004e-01 -7.3972701324657771e+02 1.5793750170612231e-01 -2.9018891418036668e+02 -8.0768605516112189e+02 5.3938639625257494e+01 -2.6686256802628861e+01 -5.5594936617107301e+01 9.7396649000000004e-04 3.8045331000000002e-03
-1.5321838101313415e-01 -6.7806483817901358e+02 1.5882785405688934e-01 -2.0541543819678151e+02 -7.7595493700475845e+02 4.9710453401264502e+01 -2.1187339186710609e+01 -5.4114817136588158e+01 1.1342389000000000e-03 4.8578574999999999e-03
-1.5284142077412058e-01 -6.2322876469280641e+02 1.5985756263738257e-01 -1.2844739695168397e+02 -7.4050177265508637e+02 4.5923385054503974e+01 -1.6138592516560401e+01 -5.2447781485358441e+01 1.3036180000000001e-03 6.0760461999999999e-03
-1.5241069687911593e-01 -5.7421027453519230e+02 1.6103413258988025e-01 -5.8924385658630797e+01 -7.0157618451078224e+02 4.2512566704640825e+01 -1.1503925423848786e+01 -5.0600248676013663e+01 1.4816515000000000e-03 7.4679780999999997e-03
-1.5192359917452414e-01 -5.3020421350053232e+02 1.6236469383758434e-01 3.3492517064272942e+00 -6.5952064344237886e+02 3.9426410986713691e+01 -7.2596706642615487e+00 -4.8582360724687774e+01 1.6679024999999999e-03 9.0420881999999994e-03
-1.5137765103150022e-01 -4.9055568085160672e+02 1.6385601156607241e-01 5.8474691244515213e+01 -6.1476455405963077e+02 3.6623106284601199e+01 -3.3904444189883707e+00 -4.6407854318927882e+01 1.8619452999999999e-03 1.0806380000000001e-02
-1.5077050578735351e-01 -4.5472352080982171e+02 1.6551449594399903e-01 1.0651122979273156e+02 -5.6781517706635759e+02 3.4068209602617223e+01 1.1387677925636708e-01 -4.4093830940217963e+01 2.0633631000000000e-03 1.2768437000000001e-02
-1.5009994510549834e-01 -4.2225448488811736e+02 1.6734620660307145e-01 1.4751631837976385e+02 -5.1924586540724749e+02 3.1732954724199363e+01 3.2604126682588457e+00 -4.1660434879044438e+01 2.2717459999999998e-03 1.4935428000000001e-02
-1.4936387622140943e-01 -3.9276476544015196e+02 1.6935686016102700e-01 1.8157630016486175e+02 -4.6968135457733632e+02 2.9593023971482857e+01 6.0550184250855912e+00 -3.9130421595802318e+01 2.4866887000000002e-03 1.7314116000000001e-02
-1.4856033200451052e-01 -3.6592605882313649e+02 1.7155183005257754e-01 2.0882916538712956e+02 -4.1978089234092050e+02 2.7627650359324669e+01 8.5036064199175847e+00 -3.6528661923798417e+01 2.7077901999999999e-03 1.9910858000000000e-02
-1.4768746755429896e-01 -3.4145521200653695e+02 1.7393615582747174e-01 2.2948096534024290e+02 -3.7021937725327564e+02 2.5818933263629660e+01 1.0613167332740090e+01 -3.3881539586707859e+01 2.9346520999999999e-03 2.2731616000000000e-02
-1.4674356205700489e-01 -3.1910633168765446e+02 1.7651453807882472e-01 2.4381561120025231e+02 -3.2166771130668076e+02 2.4151327174598268e+01 1.2392500737819359e+01 -3.1216331341485535e+01 3.1668782999999998e-03 2.5781951000000001e-02
-1.4572701692893220e-01 -2.9866453027107360e+02 1.7929134351478837e-01 2.5219935428662620e+02 -2.7477256961856631e+02 2.2611236258239963e+01 1.3852712667686676e+01 -2.8560522129321630e+01 3.4040742000000001e-03 2.9067029000000001e-02
-1.4463635457868521e-01 -2.7994102450702536e+02 1.8227060833966488e-01 2.5507967024243476e+02 -2.3013674246095749e+02 2.1186697073500945e+01 1.5007534815337964e+01 -2.5941119786228718e+01 3.6458464000000000e-03 3.2591624999999999e-02
-1.4347022026382844e-01 -2.6276922668856639e+02 1.8545603318223650e-01 2.5297950278584082e+02 -1.8830091762084709e+02 1.9867129946483452e+01 1.5873393545114734e+01 -2.3383984303568926e+01 3.8918026000000000e-03 3.6360116999999997e-02
-1.4222737961534054e-01 -2.4700152513211782e+02 1.8885098985799256e-01 2.4648715380169648e+02 -1.4972754634056093e+02 1.8643133540235358e+01 1.6469358578228327e+01 -2.0913188750335735e+01 4.1415510999999999e-03 4.0376493999999999e-02
-1.4090671956594406e-01 -2.3250668995425067e+02 1.9245851883329432e-01 2.3624265085141579e+02 -1.1478743247671358e+02 1.7506318798514094e+01 1.6816911854455025e+01 -1.8550446820486108e+01 4.3947007000000003e-03 4.4644352999999998e-02
-1.3950724835010542e-01 -2.1916769857504920e+02 1.9628132922537500e-01 2.2292117476336088e+02 -8.3750160970798049e+01 1.6449173837210711e+01 1.6939603025487926e+01 -1.6314619617250923e+01 4.6508610999999997e-03 4.9166899000000000e-02
-1.3802809426626206e-01 -2.0687991988075393e+02 2.0032180218345330e-01 2.0721469683758286e+02 -5.6778133829045650e+01 1.5464949280299237e+01 1.6862591877083275e+01 -1.4221328749654450e+01 4.9096423000000002e-03 5.3946949000000001e-02
-1.3646850722403847e-01 -1.9554958785000130e+02 2.0458198666234151e-01 1.8981264233955440e+02 -3.3924966888257984e+01 1.4547563831051784e+01 1.6612119991702244e+01 -1.2282678533805237e+01 5.1706551000000002e-03 5.8986927000000001e-02
-1.3482785595925736e-01 -1.8509248149346379e+02 2.0906360702995097e-01 1.7138244516114733e+02 -1.5138016453777951e+01 1.3691523242802795e+01 1.6214936510662834e+01 -1.0507103412689620e+01 5.4335110000000002e-03 6.4288872999999996e-02
-1.3310563081892840e-01 -1.7543284104501464e+02 2.1376805545978650e-01 1.5255143415696043e+02 -2.6505152735598575e-01 1.2891852582302310e+01 1.5697700075643455e+01 -8.8993470548310682e+00 5.6978226000000002e-03 6.9854434000000007e-02
-1.3130144066681623e-01 -1.6650238138503352e+02 2.1869640038373039e-01 1.3389003996688226e+02 1.0935436412769285e+01 1.2144036703638580e+01 1.5086395733403092e+01 -7.4605559896583165e+00 5.9632034000000004e-03 7.5684873999999999e-02
-1.2941501443065645e-01 -1.5823946459028943e+02 2.2384938226565052e-01 1.1589813035174426e+02 1.8780824681682649e+01 1.1443970077999394e+01 1.4405784734159019e+01 -6.1884986359832910e+00 6.2292681999999997e-03 8.1781068999999998e-02
-1.2744619986438277e-01 -1.5058842567045286e+02 2.2922741698251364e-01 9.8994290630572493e+01 2.3648453966070338e+01 1.0787912892643652e+01 1.3678915158569833e+01 -5.0778753831745211e+00 6.4956331999999999e-03 8.8143510999999994e-02
-1.2539496354812693e-01 -1.4349883748429147e+02 2.3483059582438576e-01 8.3508811998862342e+01 2.5958192263301463e+01 1.0172452622753278e+01 1.2926709639214554e+01 -4.1207227510542577e+00 6.7619166000000000e-03 9.4772308000000000e-02
-1.2326138903155950e-01 -1.3692504801358183e+02 2.4065869056610203e-01 6.9680526310853253e+01 2.6154258975034054e+01 9.5944702391686612e+00 1.2167645471350117e+01 -3.3068733955513885e+00 7.0277381999999996e-03 1.0166719000000000e-01
-1.2104567652444653e-01 -1.3082565665425693e+02 2.4671115431254553e-01 5.7657474149836808e+01 2.4687198557657165e+01 9.0511109081462529e+00 1.1417536922845480e+01 -2.6244609570259438e+00 7.2927204000000001e-03 1.0882751000000000e-01
-1.1874814722885474e-01 -1.2516308573960251e+02 2.5298710966474963e-01 4.7501217487672299e+01 2.1996898702468254e+01 8.5397590157869097e+00 1.0689422910348647e+01 -2.0604413837385138e+00 7.5564877000000004e-03 1.1625223000000000e-01
-1.1636923436529800e-01 -1.1990319255216909e+02 2.5948537323297127e-01 3.9194318455269141e+01 1.8497336941937295e+01 8.0580132475925037e+00 9.9935560371485046e+00 -1.6011050557920279e+00 7.8186677999999999e-03 1.2393994999999999e-01
-1.1390948255385092e-01 -1.1501492667564997e+02 2.6620445732724773e-01 3.2650507704676414e+01 1.4563707434074056e+01 7.6036656926404165e+00 9.3374844795494809e+00 -1.2325653615875214e+00 8.0788911000000008e-03 1.3188891000000000e-01
-1.1136955709744553e-01 -1.1047005115837275e+02 2.7314254459904502e-01 2.7726917571018181e+01 1.0522411693611261e+01 7.1746865809496185e+00 8.7262289638072694e+00 -9.4120140493561077e-01 8.3367917000000003e-03 1.4009695999999999e-01
-1.0875023160414232e-01 -1.0624284251951383e+02 2.8029752185239343e-01 2.4237486147511206e+01 6.6441164673898596e+00 6.7692049558575951e+00 8.1625183562578059e+00 -7.1403897777841607e-01 8.5920070000000005e-03 1.4856159999999999e-01
-1.0605239417599477e-01 -1.0230987350569752e+02 2.8766696313831963e-01 2.1966908742277560e+01 3.1400403222260014e+00 6.3854954139013174e+00 7.6470854658237242e+00 -5.3906183320902790e-01 8.8441787999999997e-03 1.5727996000000000e-01
-1.0327704122018480e-01 -9.8649788353442986e+01 2.9524814666041466e-01 2.0684373567555252e+01 1.6132185125099471e-01 6.0219641441658167e+00 7.1789953265121094e+00 -4.0544588498115786e-01 9.0929527999999999e-03 1.6624881999999999e-01
-1.0042527744902280e-01 -9.5243105567067204e+01 3.0303805477483370e-01 2.0156394808411370e+01 -2.1987534171302698e+00 5.6771372771777049e+00 6.7559921709841326e+00 -3.0371435345402503e-01 9.3379794999999995e-03 1.7546460999999999e-01
-9.7498312785515406e-02 -9.2072049998263083e+01 3.1103338244307999e-01 2.0158218100029977e+01 -3.9000543018842229e+00 5.3496499543979965e+00 6.3748444453777680e+00 -2.2581690072765048e-01 9.5789143999999993e-03 1.8492342000000001e-01
-9.4497471646662196e-02 -8.9120407891407453e+01 3.1923051187365337e-01 2.0483346519390363e+01 -4.9489906653375337e+00 5.0382377176285846e+00 6.0316778432169951e+00 -1.6513929794665164e-01 9.8154178999999998e-03 1.9462097000000000e-01
-9.1424177471294499e-02 -8.6373371742557637e+01 3.2762555478596955e-01 2.0950866534879626e+01 -5.3904263966781523e+00 4.7417262207436455e+00 5.7222746431362115e+00 -1.1645032539697980e-01 1.0047156000000000e-02 2.0455266000000000e-01
-8.8279949625643131e-02 -8.3817416801732364e+01 3.3621436086314382e-01 2.1410547735406094e+01 -5.2988180522930675e+00 4.4590231873581470e+00 5.4423373166295850e+00 -7.5797989544276204e-02 1.0273801000000001e-02 2.1471357999999999e-01
-8.5066418875499650e-02 -8.1440203265361333e+01 3.4499247548807210e-01 2.1745671298040744e+01 -4.7690746178059022e+00 4.1891126664822025e+00 5.1877086735548188e+00 -4.0369010557545833e-02 1.0495031000000000e-02 2.2509846000000000e-01
-8.1785308819622843e-02 -7.9230460769650449e+01 3.5395519046013368e-01 2.1873454047827899e+01 -3.9076815568290075e+00 3.9310469400045478e+00 4.9545389976908698e+00 -8.3218384316015182e-03 1.0710529999999999e-02 2.3570173000000000e-01
-7.8438438984171022e-02 -7.7177902604163592e+01 3.6309753554240781e-01 2.1743968246150889e+01 -2.8245344014880636e+00 3.6839408873272736e+00 4.7394065730633326e+00 2.1394170301168112e-02 1.0919989999999999e-02 2.4651751000000000e-01
-7.5027727917134246e-02 -7.5273146809072614e+01 3.7241427000888938e-01 2.1337134971078065e+01 -1.6258376788147613e+00 3.4469667975787721e+00 4.5393898667833845e+00 4.9220212174530341e-02 1.1123108000000000e-02 2.5753959999999998e-01
-7.1555183905037553e-02 -7.3507638170781249e+01 3.8189990800284102e-01 2.0658692519427412e+01 -4.0829234224072591e-01 3.2193486571131764e+00 4.3520979719000712e+00 7.5162496132134521e-02 1.1319591000000000e-02 2.6876150999999998e-01
-6.8022901878508804e-02 -7.1873582879517699e+01 3.9154872698957671e-01 1.9735245157867318e+01 7.4520494145239424e-01 3.0003575517423302e+00 4.1756344708829083e+00 9.8951103258509532e-02 1.1509152000000000e-02 2.8017647000000001e-01
-6.4433066506710851e-02 -7.0363891327355432e+01 4.0135475930367770e-01 1.8608983204168027e+01 1.7684604750201243e+00 2.7893078539365139e+00 4.0086995217083681e+00 1.2017699052234697e-01 1.1691511000000000e-02 2.9177742000000001e-01
-6.0787955291773832e-02 -6.8972127619012994e+01 4.1131178369620924e-01 1.7332305317503589e+01 2.6133635287101362e+00 2.5855531572575661e+00 3.8502595636895092e+00 1.3840432494782540e-01 1.1866398000000000e-02 3.0355700000000002e-01
-5.7089913813337195e-02 -6.7692452496187059e+01 4.2141339295699087e-01 1.5962721156174212e+01 3.2500373725143432e+00 2.3884813922244854e+00 3.6997434808000413e+00 1.5325584001740400e-01 1.2033550000000000e-02 3.1550762999999998e-01
-5.3341377389575367e-02 -6.6519591606463479e+01 4.3165293474510996e-01 1.4558281675549564e+01 3.6658312631717096e+00 2.1975129815795436e+00 3.5568313270844447e+00 1.6447324455807116e-01 1.2192715000000000e-02 3.2762143999999999e-01
-4.9544855605036645e-02 -6.5448790325350814e+01 4.4202355385284064e-01 1.3173724277346263e+01 3.8634603991673813e+00 2.0120968593974520e+00 3.4213993660333353e+00 1.7194954686699912e-01 1.2343646000000000e-02 3.3989032000000002e-01
-4.5702935405075376e-02 -6.4475785316429835e+01 4.5251818375285996e-01 1.1857445439565316e+01 3.8585105137028233e+00 1.8317075307469088e+00 3.2934452842044131e+00 1.7574423573431258e-01 1.2486109000000000e-02 3.5230591000000000e-01
-4.1818268718122928e-02 -6.3596770012693966e+01 4.6312958040938373e-01 1.0649347231320315e+01 3.6765750140768767e+00 1.6558420166673624e+00 3.1730210045819387e+00 1.7607739147550658e-01 1.2619877000000000e-02 3.6485963999999999e-01
-3.7893581738984522e-02 -6.2808372741775720e+01 4.7385029691981456e-01 9.5795599616155886e+00 3.3502214337464227e+00 1.4840176624949781e+00 3.0601769584819878e+00 1.7331092379880242e-01 1.2744734000000001e-02 3.7754270000000001e-01
-3.3931665645542466e-02 -6.2107633290841960e+01 4.8467270887309355e-01 8.6679565586016540e+00 2.9160470501934732e+00 1.3157693046658925e+00 2.9549173433666223e+00 1.6792005713312638e-01 1.2860473000000001e-02 3.9034606999999999e-01
-2.9935370409891637e-02 -6.1491981279585893e+01 4.9558903125526810e-01 7.9243684779063868e+00 2.4119302696287925e+00 1.1506466968432991e+00 2.8571746709785448e+00 1.6045901144357874e-01 1.2966896000000000e-02 4.0326054000000000e-01
-2.5907610987204038e-02 -6.0959222810203428e+01 5.0659130154392429e-01 7.3493781927491399e+00 1.8746867389935165e+00 9.8821263486022959e-01 2.7667872600749313e+00 1.5152571615704230e-01 1.3063819000000001e-02 4.1627669000000000e-01
-2.1851348749135246e-02 -6.0507524744877458e+01 5.1767143042488994e-01 6.9355293444920809e+00 1.3381056076506264e+00 8.2803997081329817e-01 2.6834969295628839e+00 1.4172535349594237e-01 1.3151064000000001e-02 4.2938494999999999e-01
-1.7769610050417967e-02 -6.0135406771328640e+01 5.2882115107553129e-01 6.6688297085232922e+00 8.3150984157848173e-01 6.6971033810426617e-01 2.6069493540780595e+00 1.3163960414468773e-01 1.3228465999999999e-02 4.4257553999999999e-01
-1.3665461473404028e-02 -5.9841731118675547e+01 5.4003208678702430e-01 6.5304008106774010e+00 3.7879541957626695e-01 5.1281106422727563e-01 2.5367078303377055e+00 1.2180050370117396e-01 1.3295871000000001e-02 4.5583855000000001e-01
-9.5420222057933657e-03 -5.9625698914418273e+01 5.5129571715321901e-01 6.4981395709092800e+00 -2.0750560353018561e-03 3.5693371674672703e-01 2.4722680595670767e+00 1.1266895341159407e-01 1.3353135000000000e-02 4.6916390000000002e-01
-5.4024485684728563e-03 -5.9486846982794987e+01 5.6260342033455868e-01 6.5483012083324610e+00 -2.9915364526297050e-01 2.0167140848685738e-01 2.4130791009306387e+00 1.0462127767641612e-01 1.3400123999999999e-02 4.8254139000000001e-01
-1.2499402043807673e-03 -5.9425048334723151e+01 5.7394645615251272e-01 6.6569431732536115e+00 -5.0625050949675687e-01 4.6617027058244442e-02 2.3585619092651653e+00 9.7941871878877027e-02 1.3436718000000000e-02 4.9596067999999999e-01
2.9122722992223349e-03 -5.9440515247480604e+01 5.8531599990071115e-01 6.8011327112338629e+00 -6.2238748033115088e-01 -1.0863932569021273e-01 2.3081330077452700e+00 9.2821018470337399e-02 1.3462807000000000e-02 5.0941133000000005e-01
7.0809150330242987e-03 -5.9533804821795975e+01 5.9670310853381014e-01 6.9599112750148864e+00 -6.5107135734076360e-01 -2.6451205575519410e-01 2.2612209777356189e+00 8.9358851087608521e-02 1.3478291000000000e-02 5.2288276000000000e-01
1.1252698615551893e-02 -5.9705828036761950e+01 6.0809879674254641e-01 7.1149973406612039e+00 -5.9944054480984621e-01 -4.2142324633894512e-01 2.2172849263554668e+00 8.7572718009927469e-02 1.3483083000000000e-02 5.3636434000000000e-01
1.5424302721009475e-02 -5.9957861737414603e+01 6.1949399468981747e-01 7.2512404562102262e+00 -4.7736586571806794e-01 -5.7980449079616303e-01 2.1758266036722391e+00 8.7409291647678161e-02 1.3477108000000000e-02 5.4984533999999996e-01
1.9592382268143416e-02 -6.0291563355663563e+01 6.3087956491625063e-01 7.3568424041370921e+00 -2.9654497218352543e-01 -7.4009955780582537e-01 2.1364006954878016e+00 8.8749307699269336e-02 1.3460300999999999e-02 5.6331494999999998e-01
2.3753576703538865e-02 -6.0708990373692686e+01 6.4224632769855283e-01 7.4233551404375735e+00 -6.9679124342867105e-02 -9.0276734409099246e-01 2.0986209442318322e+00 9.1437064220809244e-02 1.3432611000000001e-02 5.7676231000000000e-01
2.7904516190484285e-02 -6.1212623710651663e+01 6.5358507795508025e-01 7.4455305516851267e+00 1.9027852921234018e-01 -1.0682848858546290e+00 2.0621632381874875e+00 9.5277727681977703e-02 1.3393997000000000e-02 5.9017653000000003e-01
3.2041812325674657e-02 -6.1805393619831754e+01 6.6488655988748491e-01 7.4210310047393122e+00 4.7076031587145911e-01 -1.2371502612064345e+00 2.0267657033407480e+00 1.0005842395961480e-01 1.3344429999999999e-02 6.0354666000000001e-01
3.6162070516940509e-02 -6.2490712325035503e+01 6.7614150079185209e-01 7.3500483510134424e+00 7.6007843534311714e-01 -1.4098858048440794e+00 1.9922258887484161e+00 1.0555854393087021e-01 1.3283893999999999e-02 6.1686173000000000e-01
4.0261902360976848e-02 -6.3272513367573609e+01 6.8734064486983382e-01 7.2348704325694637e+00 1.0478050065910922e+00 -1.5870428862691535e+00 1.9583970830030530e+00 1.1155969665125201e-01 1.3212384000000001e-02 6.3011079000000003e-01
4.4337907076749672e-02 -6.4155291227240198e+01 6.9847470251194754e-01 7.0794305159280873e+00 1.3250168651873966e+00 -1.7692046578941412e+00 1.9251813080657620e+00 1.1785425956868358e-01 1.3129907000000000e-02 6.4328284999999996e-01
4.8386693166521777e-02 -6.5144153719891889e+01 7.0953440946706148e-01 6.8888488312597538e+00 1.5844094669753783e+00 -1.9569914479679809e+00 1.8925235565183698e+00 1.2425163494290804e-01 1.3036481000000001e-02 6.5636695000000000e-01
5.2404881510284829e-02 -6.6244882316682052e+01 7.2051053529517994e-01 6.6690163056714624e+00 1.8203801465370404e+00 -2.1510657090973582e+00 1.8604040911730158e+00 1.3058316028440639e-01 1.2932137999999999e-02 6.6935217000000002e-01
5.6389096082462842e-02 -6.7463993611535471e+01 7.3139385800909085e-01 6.4262092452007593e+00 2.0289265896158062e+00 -2.3521371050544948e+00 1.8288310718799012e+00 1.3670506001139054e-01 1.2816919000000000e-02 6.8222760000000005e-01
6.0335982518505443e-02 -6.8808822378244997e+01 7.4217521479106963e-01 6.1667718556620628e+00 2.2075646055603029e+00 -2.5609692032994174e+00 1.7978337547827083e+00 1.4249844445704943e-01 1.2690879000000000e-02 6.9498240000000000e-01
6.4242201926023479e-02 -7.0287604835061785e+01 7.5284548508731053e-01 5.8968290148109341e+00 2.3551612971561346e+00 -2.7783861492591013e+00 1.7674560215080648e+00 1.4787217062930511e-01 1.2554085000000000e-02 7.0760577999999996e-01
6.8104433979221363e-02 -7.1909581391455859e+01 7.6339559906071153e-01 5.6221040271433651e+00 2.4717507401828627e+00 -3.0052804836681628e+00 1.7377509144306615e+00 1.5275882297945248e-01 1.2406611999999999e-02 7.2008700999999997e-01
7.1919392391057962e-02 -7.3685118143885546e+01 7.7381657985479335e-01 5.3477447823025930e+00 2.5583315273997962e+00 -3.2426159384378117e+00 1.7087746008152906e+00 1.5711539862688551e-01 1.2248551000000000e-02 7.3241546999999996e-01
7.5683815629950302e-02 -7.5625838100135084e+01 7.8409951823534718e-01 5.0782317939423667e+00 2.6166662867824213e+00 -3.4914693882948531e+00 1.6805841630573153e+00 1.6091838280879561e-01 1.2080001999999999e-02 7.4458062000000003e-01
7.9394473108637648e-02 -7.7744776853548203e+01 7.9423558949600359e-01 4.8173318372761065e+00 2.6490814951698041e+00 -3.7529771637038216e+00 1.6532328416297881e+00 1.6416288085590031e-01 1.1901076999999999e-02 7.5657202000000001e-01
8.3048171373046237e-02 -8.0056565684554911e+01 8.0421607036379927e-01 4.5680838343483723e+00 2.6582855729113248e+00 -4.0284136428462514e+00 1.6267680199351822e+00 1.6685953724755934e-01 1.1711898000000000e-02 7.6837935000000002e-01
8.6641763385585990e-02 -8.2577645647477681e+01 8.1403236435752935e-01 4.3328056249420470e+00 2.6472130184729332e+00 -4.3191737287514087e+00 1.6012311964023436e+00 1.6903070196973469e-01 1.1512599000000000e-02 7.7999244000000001e-01
9.0172133052989184e-02 -8.5326498548896708e+01 8.2367595952382766e-01 4.1131691789180529e+00 2.6188869207505467e+00 -4.6267952077431289e+00 1.5766537395009115e+00 1.7070817140798028e-01 1.1303326000000001e-02 7.9140122000000002e-01
9.3636226170632914e-02 -8.8323952099184325e+01 8.3313851296500574e-01 3.9102240014848832e+00 2.5762959331688644e+00 -4.9529806318887397e+00 1.5530595429609679e+00 1.7193070562612819e-01 1.1084235000000000e-02 8.0259581999999996e-01
9.7031022572649006e-02 -9.1593487834891093e+01 8.4241177476399787e-01 3.7244910212567457e+00 2.5223094277265887e+00 -5.2996177462028271e+00 1.5304638023608135e+00 1.7274131336867993e-01 1.0855490000000001e-02 8.1356647999999998e-01
1.0035356398181416e-01 -9.5161651354763748e+01 8.5148766405941534e-01 3.5560479532054683e+00 2.4596120780026807e+00 -5.6688079874916344e+00 1.5088734815581442e+00 1.7318547683292038e-01 1.0617270000000000e-02 8.2430364000000000e-01
1.0360094782068524e-01 -9.9058504847907031e+01 8.6035825213997974e-01 3.4045797397534199e+00 2.3906473062854614e+00 -6.0628970342678548e+00 1.4882883059285736e+00 1.7330962344887565e-01 1.0369760000000000e-02 8.3479791999999997e-01
1.0677033030603195e-01 -1.0331817010826157e+02 8.6901577089730631e-01 3.2694774013719856e+00 2.3175965932286333e+00 -6.4845111128599759e+00 1.4686996185694381e+00 1.7315893963287676e-01 1.0113159000000000e-02 8.4504013000000000e-01
1.0985892954326865e-01 -1.0797947368584538e+02 8.7745262127868795e-01 3.1499054338839829e+00 2.2423674727082634e+00 -6.9365999351294860e+00 1.4500890604207219e+00 1.7277750180159357e-01 9.8476710000000005e-03 8.5502127999999999e-01
1.1286402552645464e-01 -1.1308670046305664e+02 8.8566137328709504e-01 3.0448673676872189e+00 2.1665822551311487e+00 -7.4224870730354784e+00 1.4324570765315223e+00 1.7220645171220275e-01 9.5735140000000000e-03 8.6473257999999997e-01
1.1578297561045520e-01 -1.1869055202053191e+02 8.9363480824509467e-01 2.9532555770225666e+00 2.0915896511067289e+00 -7.9459325408836960e+00 1.4157625718837981e+00 1.7148374636437635e-01 9.2909130999999992e-03 8.7416548999999999e-01
1.1861319903878054e-01 -1.2484920326514818e+02 9.0136587653093203e-01 2.8739071632136155e+00 2.0184826314131259e+00 -8.5112021046350819e+00 1.3999874570597748e+00 1.7064396693662717e-01 9.0001030000000006e-03 8.8331166999999999e-01
1.2135219551017912e-01 -1.3162968079734821e+02 9.0884774829523285e-01 2.8056532964929444e+00 1.9481225045300725e+00 -9.1231581997245961e+00 1.3851039517480377e+00 1.6971809855125786e-01 8.7013270999999996e-03 8.9216304000000002e-01
1.2399753589534090e-01 -1.3910946596234334e+02 9.1607378810265194e-01 2.7472926995803673e+00 1.8811529342541848e+00 -9.7873623074078910e+00 1.3710836331301204e+00 1.6873335912235987e-01 8.3948374000000006e-03 9.0071175000000003e-01
1.2654687770905876e-01 -1.4737852965770085e+02 9.2303759719579292e-01 2.6977385457064504e+00 1.8180340665744736e+00 -1.0510208155647746e+01 1.3578972724358747e+00 1.6771330363490367e-01 8.0808944000000001e-03 9.0895022999999997e-01
1.2899795273249920e-01 -1.5654176228287301e+02 9.2973297968407276e-01 2.6559143589069563e+00 1.7590639739755234e+00 -1.1299077333983311e+01 1.3455153946612064e+00 1.6667820227015376e-01 7.7597663000000001e-03 9.1687114999999997e-01
1.3134857939093170e-01 -1.6672208324650310e+02 9.3615397635485653e-01 2.6208280321067510e+00 1.7044027170875431e+00 -1.2162539723812259e+01 1.3339088619073436e+00 1.6564502547094057e-01 7.4317293999999999e-03 9.2446746000000002e-01
1.3359666584816066e-01 -1.7806431043072499e+02 9.4229487312624194e-01 2.5915685640979960e+00 1.6541048108018712e+00 -1.3110602720206005e+01 1.3230494644844555e+00 1.6462788173003032e-01 7.0970672000000004e-03 9.3173240000000002e-01
1.3574020381766089e-01 -1.9074006077505712e+02 9.4815018414149188e-01 2.5673146045973763e+00 1.6081276497215740e+00 -1.4155023446018017e+01 1.3129098126559020e+00 1.6363820318065703e-01 6.7560703000000000e-03 9.3865947999999999e-01
1.3777728403473921e-01 -2.0495413159305596e+02 9.5371469403295284e-01 2.5473193170725290e+00 1.5663619386187426e+00 -1.5309719755358815e+01 1.3034638741105253e+00 1.6268538844674010e-01 6.4090362999999996e-03 9.4524253000000003e-01
1.3970607768994048e-01 -2.2095260847049292e+02 9.5898340720535202e-01 2.5309289369079435e+00 1.5286465972808010e+00 -1.6591285403514547e+01 1.2946870928668839e+00 1.6177630110618502e-01 6.0562691999999996e-03 9.5147563999999996e-01
1.4152486737337044e-01 -2.3903395312396881e+02 9.6395163236363701e-01 2.5175653619200422e+00 1.4947799908362649e+00 -1.8019705070979704e+01 1.2865564687243676e+00 1.6091651017464492e-01 5.6980790999999996e-03 9.5735325999999998e-01
1.4323201613037312e-01 -2.5956334082196679e+02 9.6861489798513567e-01 2.5067323473590970e+00 1.4645379750701859e+00 -1.9619267262344970e+01 1.2790506456572674e+00 1.6010850772104743e-01 5.3347821999999998e-03 9.6287009999999995e-01
1.4482599840585308e-01 -2.8299297618644079e+02 9.7296903684739577e-01 2.4979918065539346e+00 1.4376778911694414e+00 -2.1419871341497565e+01 1.2721498079387898e+00 1.5935922235858532e-01 4.9667000000000001e-03 9.6802122999999995e-01
1.4630537838325014e-01 -3.0988985926609661e+02 9.7701012685869726e-01 2.4909780810249513e+00 1.4139693886527893e+00 -2.3458806449547115e+01 1.2658361248116492e+00 1.5866628962394227e-01 4.5941591999999996e-03 9.7280200999999999e-01
1.4766883473999692e-01 -3.4097649564519025e+02 9.8073455868032400e-01 2.4853776089338662e+00 1.3931597407993137e+00 -2.5783376923077824e+01 1.2600932196847725e+00 1.5803204135524490e-01 4.2174915999999996e-03 9.7720817000000004e-01
1.4891513589206101e-01 -3.7719025221509725e+02 9.8413896810429180e-01 2.4809307724265990e+00 1.3750186708507701e+00 -2.8454726113191782e+01 1.2549062376113671e+00 1.5745680135306719e-01 3.8370333000000002e-03 9.8123572999999997e-01
1.5004316474940321e-01 -4.1977594004501287e+02 9.8722030367562064e-01 2.4774187049175120e+00 1.3593308188624382e+00 -3.1553826863135782e+01 1.2502620090980758e+00 1.5694047074816375e-01 3.4531249000000000e-03 9.8488107999999996e-01
1.5105190943268026e-01 -4.7043394553238801e+02 9.8997580133398211e-01 2.4746614334804113e+00 1.3458838790039009e+00 -3.5191086854557781e+01 1.2461488972093933e+00 1.5648268178134653e-01 3.0661112999999999e-03 9.8814095000000002e-01
1.5194045708438081e-01 -5.3157206185501184e+02 9.9240296750813184e-01 2.4725138967038025e+00 1.3344988263061994e+00 -3.9522719129753064e+01 1.2425566283797966e+00 1.5608278725136765e-01 2.6763420000000000e-03 9.9101238999999997e-01
1.5270801243541865e-01 -6.0676749501059862e+02 9.9449962983261297e-01 2.4708566663526224e+00 1.3250101749420322e+00 -4.4780867606110384e+01 1.2394765210903480e+00 1.5574037787743736e-01 2.2841723000000002e-03 9.9349282999999999e-01
1.5335389161626833e-01 -7.0169290719291121e+02 9.9626392024218813e-01 2.4696083848468517e+00 1.3172745134037953e+00 -5.1334125719986304e+01 1.2369008850557157e+00 1.5545365879614570e-01 1.8899688000000000e-03 9.9558005999999999e-01
1.5387751906253277e-01 -8.2623673464700721e+02 9.9769426651905602e-01 2.4686615171981279e+00 1.3111656344634501e+00 -5.9826414922151464e+01 1.2348235192093866e+00 1.5522293847311525e-01 1.4941295000000000e-03 9.9727222000000004e-01
1.5427847083699486e-01 -1.0004667471488264e+03 9.9878951063182497e-01 2.4679956115539916e+00 1.3065890798880262e+00 -7.1568334013916498e+01 1.2332393475294050e+00 1.5504713559624755e-01 1.0971916000000000e-03 9.9856794000000004e-01
1.5455659221804252e-01 -1.2789998111522318e+03 9.9954922994130113e-01 2.4675582095557811e+00 1.3034654256175382e+00 -9.0138861809659190e+01 1.2321437593718032e+00 1.5492567562414919e-01 7.0085733000000002e-04 9.9946672000000003e-01
