-7.4854117571161471e-01 -6.7451800538815905e+02 7.4854296463621650e-01 -7.8568989009134975e+02 -1.9578751616750367e+02 4.5295297696280947e+01 -5.2574495320885127e+01 -1.2819265292920743e+01 5.5301730000000003e-06 1.0230946000000001e-06
-7.4851287955409640e-01 -4.8958737791366474e+02 7.4854771738785730e-01 -6.0063113150014590e+02 -1.9578118969259387e+02 3.3184890193390977e+01 -4.0458117381779275e+01 -1.2818979119181666e+01 3.5894988000000002e-05 1.9923924999999999e-05
-7.4842410397591264e-01 -4.0383398626990891e+02 7.4856262853876554e-01 -5.1454961982257396e+02 -1.9576134224679629e+02 2.7565132976946796e+01 -3.4822970825884767e+01 -1.2818081323430887e+01 8.5619985000000003e-05 7.9222864999999994e-05
-7.4824835714431415e-01 -3.4764354942474358e+02 7.4859214777796623e-01 -4.5780133382446388e+02 -1.9572205549031432e+02 2.3877684638817826e+01 -3.1109208758800726e+01 -1.2816304146550690e+01 1.5173507999999999e-04 1.9661552000000001e-04
-7.4796245324835720e-01 -3.0600083095374180e+02 7.4864016949998780e-01 -4.1535834630226231e+02 -1.9565815749773236e+02 2.1139361173314754e+01 -2.8332936487642794e+01 -1.2813413522259841e+01 2.3255418000000001e-04 3.8758918999999998e-04
-7.4754530535342223e-01 -2.7309339328904088e+02 7.4871023556252025e-01 -3.8140469615744649e+02 -1.9556495709256197e+02 1.8969671440119463e+01 -2.6113384519091447e+01 -1.2809197016809323e+01 3.2689763000000001e-04 6.6622920000000002e-04
-7.4697737612057569e-01 -2.4604961409130775e+02 7.4880562754609703e-01 -3.5307097204804666e+02 -1.9543812572503893e+02 1.7180755078882552e+01 -2.4262688249118597e+01 -1.2803458442606868e+01 4.3385032000000002e-04 1.0455858000000000e-03
-7.4624037040253566e-01 -2.2323517147157804e+02 7.4892941838707705e-01 -3.2872889227694122e+02 -1.9527363384174342e+02 1.5665812553038235e+01 -2.2674230678510586e+01 -1.2796014923511539e+01 5.5265518999999999e-04 1.5378795000000000e-03
-7.4531704521862097e-01 -2.0362819845402549e+02 7.4908450429511964e-01 -3.0736527331983854e+02 -1.9506771360044246e+02 1.4358173416637152e+01 -2.1281655984041713e+01 -1.2786695164226726e+01 6.8265765000000004e-04 2.1546280000000000e-03
-7.4419108143955948e-01 -1.8654496186161634e+02 7.4927362630558891e-01 -2.8830689624802488e+02 -1.9481683575378455e+02 1.3213321592130796e+01 -2.0040857437943693e+01 -1.2775338346675762e+01 8.2327310000000005e-04 2.9067318999999999e-03
-7.4284699635770046e-01 -1.7150386401407070e+02 7.4949938496465940e-01 -2.7108393780769939e+02 -1.9451769567271955e+02 1.2199981510078668e+01 -1.8921037140452427e+01 -1.2761793443008742e+01 9.7396649000000004e-04 3.8045331000000002e-03
-7.4127007976146730e-01 -1.5815167399587662e+02 7.4976425106654276e-01 -2.5535577748322817e+02 -1.9416720459873395e+02 1.1295281300839173e+01 -1.7899849476691102e+01 -1.2745918768939410e+01 1.1342389000000000e-03 4.8578574999999999e-03
-7.3944634722629221e-01 -1.4622070339086767e+02 7.5007057349895534e-01 -2.4086785440429526e+02 -1.9376248482408457e+02 1.0481944003768229e+01 -1.6960577143822654e+01 -1.2727581707917576e+01 1.3036180000000001e-03 6.0760461999999999e-03
-7.3736250628048639e-01 -1.3550255756204891e+02 7.5042058492605235e-01 -2.2742517659190983e+02 -1.9330086751041176e+02 9.7465653181131344e+00 -1.6090397569530001e+01 -1.2706658573608523e+01 1.4816515000000000e-03 7.4679780999999997e-03
-7.3500592900857642e-01 -1.2583126295832538e+02 7.5081640639009739e-01 -2.1487529823847288e+02 -1.9277989192904550e+02 9.0785091164222766e+00 -1.5279269014195433e+01 -1.2683034485220590e+01 1.6679024999999999e-03 9.0420881999999994e-03
-7.3236463348744529e-01 -1.1707228759653925e+02 7.5126005042953181e-01 -2.0309699687857778e+02 -1.9219730628819389e+02 8.4691736262936654e+00 -1.4519189758440577e+01 -1.2656603417757873e+01 1.8619452999999999e-03 1.0806380000000001e-02
-7.2942726656985046e-01 -1.0911445504537791e+02 7.5175342397073441e-01 -1.9199247386363155e+02 -1.9155106862571523e+02 7.9114872303693389e+00 -1.3803687920694962e+01 -1.2627268162202130e+01 2.0633631000000000e-03 1.2768437000000001e-02
-7.2618309594987052e-01 -1.0186494510715802e+02 7.5229832966074439e-01 -1.8148187175454066e+02 -1.9083934948547628e+02 7.3995542527982359e+00 -1.3127463099279101e+01 -1.2594940396190816e+01 2.2717459999999998e-03 1.4935428000000001e-02
-7.2262199683884576e-01 -9.5245172904402921e+01 7.5289646810523203e-01 -1.7149928421819547e+02 -1.9006053282041921e+02 6.9283980221922761e+00 -1.2486125503196366e+01 -1.2559540719845854e+01 2.4866887000000002e-03 1.7314116000000001e-02
-7.1873445226479460e-01 -8.9187962423704192e+01 7.5354943781820649e-01 -1.6198984677203268e+02 -1.8921321960474953e+02 6.4937733013313244e+00 -1.1876005888072031e+01 -1.2520998780304179e+01 2.7077901999999999e-03 1.9910858000000000e-02
-7.1451153660447431e-01 -8.3635362144976426e+01 7.5425873798804632e-01 -1.5290750656231839e+02 -1.8829622721276991e+02 6.0920234621524161e+00 -1.1294010045918604e+01 -1.2479253209347412e+01 2.9346520999999999e-03 2.2731616000000000e-02
-7.0994492456589353e-01 -7.8537010269174345e+01 7.5502576696875590e-01 -1.4421337531120926e+02 -1.8730859374333937e+02 5.7199740958059788e+00 -1.0737511250623092e+01 -1.2434251813398744e+01 3.1668782999999998e-03 2.5781951000000001e-02
-7.0502688220579968e-01 -7.3848840412746839e+01 7.5585182378870897e-01 -1.3587441189374198e+02 -1.8624957792751843e+02 5.3748487475742923e+00 -1.0204264619926606e+01 -1.2385951550456637e+01 3.4040742000000001e-03 2.9067029000000001e-02
-6.9975026094133730e-01 -6.9532067811445785e+01 7.5673810915647777e-01 -1.2786239380908552e+02 -1.8511865900406170e+02 5.0542032274140283e+00 -9.6923400570306910e+00 -1.2334318532024396e+01 3.6458464000000000e-03 3.2591624999999999e-02
-6.9410850653256073e-01 -6.5552391329062019e+01 7.5768572395208955e-01 -1.2015313011156609e+02 -1.8391553919507794e+02 4.7558742608542142e+00 -9.2000708979522692e+00 -1.2279328126703088e+01 3.8918026000000000e-03 3.6360116999999997e-02
-6.8809564710575055e-01 -6.1879335954921729e+01 7.5869567123868442e-01 -1.1272578435708425e+02 -1.8264014100977468e+02 4.4779369349551175e+00 -8.7260104165401895e+00 -1.2220964852150809e+01 4.1415510999999999e-03 4.0376493999999999e-02
-6.8170629764466983e-01 -5.8485721159201162e+01 7.5976885550814410e-01 -1.0556235940482138e+02 -1.8129260710091148e+02 4.2186710601920980e+00 -8.2688981916017976e+00 -1.2159222404212489e+01 4.3947007000000003e-03 4.4644352999999998e-02
-6.7493565999056448e-01 -5.5347225303990093e+01 7.6090608268109139e-01 -9.8647264139806197e+01 -1.7987329895647966e+02 3.9765332586910240e+00 -7.8276320799535846e+00 -1.2094103598603045e+01 4.6508610999999997e-03 4.9166899000000000e-02
-6.6777951685382109e-01 -5.2442017197567125e+01 7.6210806111271967e-01 -9.1966946879435156e+01 -1.7838279318286786e+02 3.7501336643830507e+00 -7.4012448052960575e+00 -1.2025620256434014e+01 4.9096423000000002e-03 5.3946949000000001e-02
-6.6023423929939429e-01 -4.9750453021386598e+01 7.6337540033550633e-01 -8.5509606882545484e+01 -1.7682187976832063e+02 3.5382169104621255e+00 -6.9888852575628100e+00 -1.1953793162106983e+01 5.1706551000000002e-03 5.8986927000000001e-02
-6.5229677327303803e-01 -4.7254810952790933e+01 7.6470861332232820e-01 -7.9264931677208239e+01 -1.7519155613003855e+02 3.3396454557050896e+00 -6.5898017156540920e+00 -1.1878651835689581e+01 5.4335110000000002e-03 6.4288872999999996e-02
-6.4396465307507422e-01 -4.4939075856418512e+01 7.6610811422334635e-01 -7.3223896933383429e+01 -1.7349303632704164e+02 3.1533862416717375e+00 -6.2033290568299781e+00 -1.1800234486406126e+01 5.6978226000000002e-03 6.9854434000000007e-02
-6.3523598638953871e-01 -4.2788743835249271e+01 7.6757422088057847e-01 -6.7378574795468808e+01 -1.7172769518131324e+02 2.9784985369871158e+00 -5.8288765890964740e+00 -1.1718587718032682e+01 5.9632034000000004e-03 7.5684873999999999e-02
-6.2610946176960813e-01 -4.0790660661392380e+01 7.6910715357061321e-01 -6.1721986473939111e+01 -1.6989713651364301e+02 2.8141240319460294e+00 -5.4659186447250887e+00 -1.1633766396762947e+01 6.2292681999999997e-03 8.1781068999999998e-02
-6.1658434264925832e-01 -3.8932877668500403e+01 7.7070703601043833e-01 -5.6247965258948554e+01 -1.6800313692109586e+02 2.6594779750696800e+00 -5.1139859517576234e+00 -1.1545833363106281e+01 6.4956331999999999e-03 8.8143510999999994e-02
-6.0666046734326451e-01 -3.7204527461290347e+01 7.7237389535744139e-01 -5.0951042765828475e+01 -1.6604764967561152e+02 2.5138415908546077e+00 -4.7726584578075526e+00 -1.1454859197256017e+01 6.7619166000000000e-03 9.4772308000000000e-02
-5.9633824006468883e-01 -3.5595713248683104e+01 7.7410766371815365e-01 -4.5826344807601352e+01 -1.6403279577366862e+02 2.3765554307824455e+00 -4.4415587398416250e+00 -1.1360921871354774e+01 7.0277381999999996e-03 1.0166719000000000e-01
-5.8561862942779452e-01 -3.4097413171306314e+01 7.7590817839970649e-01 -4.0869505177397542e+01 -1.6196085549654148e+02 2.2470130265603490e+00 -4.1203467000600735e+00 -1.1264106441085051e+01 7.2927204000000001e-03 1.0882751000000000e-01
-5.7450318940724221e-01 -3.2701397826150874e+01 7.7777517838943022e-01 -3.6076600205885114e+01 -1.5983426302259022e+02 2.1246570642857083e+00 -3.8087153520414008e+00 -1.1164504942524562e+01 7.5564877000000004e-03 1.1625223000000000e-01
-5.6299401592261233e-01 -3.1400149202854802e+01 7.7970831164711529e-01 -3.1444062016964061e+01 -1.5765558879300858e+02 2.0089732538881990e+00 -3.5063854568914223e+00 -1.1062215670845015e+01 7.8186677999999999e-03 1.2393994999999999e-01
-5.5109374384423493e-01 -3.0186794616305324e+01 7.8170713560792660e-01 -2.6968622952059267e+01 -1.5542752935113103e+02 1.8994868929361570e+00 -3.2131019827380460e+00 -1.0957342750871890e+01 8.0788911000000008e-03 1.3188891000000000e-01
-5.3880559190575172e-01 -2.9055051888315678e+01 7.8377110963868502e-01 -2.2647281858357331e+01 -1.5315290555578102e+02 1.7957595904179404e+00 -2.9286320936641443e+00 -1.0849996325639966e+01 8.3367917000000003e-03 1.4009695999999999e-01
-5.2613330282069948e-01 -2.7999169377522573e+01 7.8589960509615886e-01 -1.8477236947623826e+01 -1.5083464083631395e+02 1.6973854782789721e+00 -2.6527608302987695e+00 -1.0740291544714601e+01 8.5920070000000005e-03 1.4856159999999999e-01
-5.1308117322421865e-01 -2.7013876307484502e+01 7.8809190029791854e-01 -1.4455858458613193e+01 -1.4847575621985774e+02 1.6039886205024056e+00 -2.3852894477588524e+00 -1.0628348495581900e+01 8.8441787999999997e-03 1.5727996000000000e-01
-4.9965402373134460e-01 -2.6094365478317979e+01 7.9034718555148142e-01 -1.0580644683290595e+01 -1.4607933160186079e+02 1.5152201812440569e+00 -2.1260325606186328e+00 -1.0514291539602169e+01 9.0929527999999999e-03 1.6624881999999999e-01
-4.8585719893700807e-01 -2.5236198713962626e+01 7.9266456315431322e-01 -6.8491936094186023e+00 -1.4364860771412711e+02 1.4307560928450787e+00 -1.8748163780333074e+00 -1.0398248953822844e+01 9.3379794999999995e-03 1.7546460999999999e-01
-4.7169655244518055e-01 -2.4435328174995789e+01 7.9504304990839947e-01 -3.2591741596150174e+00 -1.4118674310962348e+02 1.3502949933696664e+00 -1.6314767619036541e+00 -1.0280352354954156e+01 9.5789143999999993e-03 1.8492342000000001e-01
-4.5717849178143732e-01 -2.3688039520766377e+01 7.9748156957652783e-01 1.9168661854629662e-01 -1.3869704683751849e+02 1.2735563678591086e+00 -1.3958585363400515e+00 -1.0160736782292929e+01 9.8154178999999998e-03 1.9462097000000000e-01
-4.4230990353868604e-01 -2.2990925068799879e+01 7.9997896545515224e-01 3.5056390505396120e+00 -1.3618283013655204e+02 1.2002785135958733e+00 -1.1678129081621782e+00 -1.0039539563085141e+01 1.0047156000000000e-02 2.0455266000000000e-01
-4.2709813840631322e-01 -2.2340856874755566e+01 8.0253400288896581e-01 6.6849300480061329e+00 -1.3364742235313878e+02 1.1302169109130562e+00 -9.4719625861767287e-01 -9.9168998990924155e+00 1.0273801000000001e-02 2.1471357999999999e-01
-4.1155108602445445e-01 -2.1734976169598635e+01 8.0514535669803644e-01 9.7317994762915241e+00 -1.3109417129946982e+02 1.0631431465670556e+00 -7.3387033226267950e-01 -9.7929590251592256e+00 1.0495031000000000e-02 2.2509846000000000e-01
-3.9567708515886996e-01 -2.1170650960229406e+01 8.0781162626524416e-01 1.2648511037656020e+01 -1.2852641907655880e+02 9.9884315093418408e-01 -5.2770002030571095e-01 -9.6678591184482396e+00 1.0710529999999999e-02 2.3570173000000000e-01
-3.7948493867179833e-01 -2.0645476250739350e+01 8.1053133302170832e-01 1.5437356531520699e+01 -1.2594749332459253e+02 9.3711612155034685e-01 -3.2855299607439514e-01 -9.5417431117470191e+00 1.0919989999999999e-02 2.4651751000000000e-01
-3.6298392849281108e-01 -2.0157248791131938e+01 8.1330291793221465e-01 1.8100661534253636e+01 -1.2336070154336963e+02 8.7777345457926670e-01 -1.3629924755889061e-01 -9.4147542596462443e+00 1.1123108000000000e-02 2.5753959999999998e-01
-3.4618377070624978e-01 -1.9703952325514031e+01 8.1612474903893406e-01 2.0640795884293958e+01 -1.2076931296833898e+02 8.2063755339834865e-01 4.9189980784391685e-02 -9.2870359375478735e+00 1.1319591000000000e-02 2.6876150999999998e-01
-3.2909460058037232e-01 -1.9283743732700515e+01 8.1899512397599528e-01 2.3060181821976126e+01 -1.1817654823467439e+02 7.6554087585514563e-01 2.2804267852999602e-01 -9.1587303698196489e+00 1.1509152000000000e-02 2.8017647000000001e-01
-3.1172698753820677e-01 -1.8894941248122780e+01 8.2191226745491253e-01 2.5361293752761785e+01 -1.1558558223739354e+02 7.1232511643411023e-01 4.0038623399438533e-01 -9.0299792194850745e+00 1.1691511000000000e-02 2.9177742000000001e-01
-2.9409195012840561e-01 -1.8536013558876252e+01 8.2487432875001199e-01 2.7546645933864820e+01 -1.1299951884087277e+02 6.6084045445672346e-01 5.6634758340946012e-01 -8.9009230061043585e+00 1.1866398000000000e-02 3.0355700000000002e-01
-2.7620083625841269e-01 -1.8205567454889227e+01 8.2787940181501551e-01 2.9618832220541037e+01 -1.1042138640892897e+02 6.1094438642504212e-01 7.2605453787791530e-01 -8.7717000173544282e+00 1.2033550000000000e-02 3.1550762999999998e-01
-2.5806542799044191e-01 -1.7902341166017919e+01 8.3092550768103013e-01 3.1580485725525886e+01 -1.0785413715005983e+02 5.6250149973042163e-01 8.7963488143569313e-01 -8.6424468379558768e+00 1.2192715000000000e-02 3.2762143999999999e-01
-2.3969786668720683e-01 -1.7625195134908754e+01 8.3401060702941265e-01 3.3434298104153974e+01 -1.0530063251674170e+02 5.1538245532822180e-01 1.0272171813761020e+00 -8.5132975443188155e+00 1.2343646000000000e-02 3.3989032000000002e-01
-2.2111066798277490e-01 -1.7373104967139369e+01 8.3713259767719661e-01 3.5183011731672408e+01 -1.0276364089830508e+02 4.6946349327136827e-01 1.1689305469680249e+00 -8.3843836115099251e+00 1.2486109000000000e-02 3.5230591000000000e-01
-2.0231666189915032e-01 -1.7145154708831733e+01 8.4028932463538430e-01 3.6829421591828797e+01 -1.0024582297494855e+02 4.2462570119321086e-01 1.3049052968091330e+00 -8.2558332996734514e+00 1.2619877000000000e-02 3.6485963999999999e-01
-1.8332903775883691e-01 -1.6940531914330265e+01 8.4347857256522762e-01 3.8376366412804259e+01 -9.7749737107675998e+01 3.8075457592199902e-01 1.4352723117596105e+00 -8.1277717883252976e+00 1.2744734000000001e-02 3.7754270000000001e-01
-1.6416129927227585e-01 -1.6758522294354798e+01 8.4669807332194713e-01 3.9826726909722446e+01 -9.5277829463371702e+01 3.3773940258435287e-01 1.5601634367782722e+00 -8.0003207365219549e+00 1.2860473000000001e-02 3.9034606999999999e-01
-1.4482723459613678e-01 -1.6598505596870794e+01 8.4994551098387749e-01 4.1183422658136223e+01 -9.2832426612437004e+01 2.9547268156237649e-01 1.6797115132598297e+00 -7.8735979429417133e+00 1.2966896000000000e-02 4.0326054000000000e-01
-1.2534094627502657e-01 -1.6459952364744968e+01 8.5321851682332239e-01 4.2449403779506092e+01 -9.0415738895004253e+01 2.5384972212929613e-01 1.7940499140074877e+00 -7.7477174498424608e+00 1.3063819000000001e-02 4.1627669000000000e-01
-1.0571676141636444e-01 -1.6342420594125247e+01 8.5651468439399137e-01 4.3627650492205568e+01 -8.8029848363585387e+01 2.1276797817669202e-01 1.9033129579235162e+00 -7.6227889006104759e+00 1.3151064000000001e-02 4.2938494999999999e-01
-8.5969321515506403e-02 -1.6245554221501965e+01 8.5983155444356241e-01 4.4721160942208336e+01 -8.5676719325308369e+01 1.7212675996151472e-01 2.0076358096710734e+00 -7.4989180482794948e+00 1.3228465999999999e-02 4.4257553999999999e-01
-6.6113462688912716e-02 -1.6169080776140749e+01 8.6316663503026547e-01 4.5732951769275637e+01 -8.3358183949218287e+01 1.3182662147920565e-01 2.1071534962304201e+00 -7.3762059617507472e+00 1.3295871000000001e-02 4.5583855000000001e-01
-4.6164275557563861e-02 -1.6112810824366345e+01 8.6651739146459117e-01 4.6666047681333076e+01 -8.1075950913797612e+01 9.1768900435342693e-02 2.2020018385798856e+00 -7.2547494073839349e+00 1.3353135000000000e-02 4.6916390000000002e-01
-2.6137030392690441e-02 -1.6076637327376925e+01 8.6988125888215440e-01 4.7523480263821945e+01 -7.8831597890338017e+01 5.1855205997759390e-02 2.2923168559515528e+00 -7.1346405223083371e+00 1.3400123999999999e-02 4.8254139000000001e-01
-6.0472070574806303e-03 -1.6060535942942455e+01 8.7325563721454946e-01 4.8308274115075790e+01 -7.6626577426808595e+01 1.1986999583045388e-02 2.3782344641193025e+00 -7.0159664589015298e+00 1.3436718000000000e-02 4.9596067999999999e-01
1.4089564876335503e-02 -1.6064565878989232e+01 8.7663790124764140e-01 4.9023447971824794e+01 -7.4462212842199875e+01 -2.7934988247687698e-02 2.4598908133629864e+00 -6.8988102274881866e+00 1.3462807000000000e-02 5.0941133000000005e-01
3.4257446245069989e-02 -1.6088871292169660e+01 8.8002539056327422e-01 4.9672010447689367e+01 -7.2339707838248202e+01 -6.8011121311671419e-02 2.5374211600978689e+00 -6.7832499829112267e+00 1.3478291000000000e-02 5.2288276000000000e-01
5.4440523030764076e-02 -1.6133683555324119e+01 8.8341543217042706e-01 5.0256946708003852e+01 -7.0260135792637243e+01 -1.0834362071148695e-01 2.6109609196163723e+00 -6.6693589178418389e+00 1.3483083000000000e-02 5.3636434000000000e-01
7.4622731506917561e-02 -1.6199324109400937e+01 8.8680532793235034e-01 5.0781217888510881e+01 -6.8224451624649106e+01 -1.4903694062473427e-01 2.6806444849258622e+00 -6.5572056950336099e+00 1.3477108000000000e-02 5.4984533999999996e-01
9.4787888180197233e-02 -1.6286208042732436e+01 8.9019235959571053e-01 5.1247755363345306e+01 -6.6233493563078241e+01 -1.9019837701259545e-01 2.7466055174248396e+00 -6.4468544028161583e+00 1.3460300999999999e-02 5.6331494999999998e-01
1.1491973470299888e-01 -1.6394848699485848e+01 8.9357379633430978e-01 5.1659451390021616e+01 -6.4287982970809750e+01 -2.3193876095898480e-01 2.8089766870002362e+00 -6.3383644650907680e+00 1.3432611000000001e-02 5.7676231000000000e-01
1.3500196781515594e-01 -1.6525863226601242e+01 8.9694689977823128e-01 5.2019164934724991e+01 -6.2388526781228180e+01 -2.7437306865427147e-01 2.8678895643959628e+00 -6.2317906342243656e+00 1.3393997000000000e-02 5.9017653000000003e-01
1.5501819443137688e-01 -1.6679978542291380e+01 9.0030891647012068e-01 5.2329704194426860e+01 -6.0535627404013148e+01 -3.1762112825826261e-01 2.9234741768298695e+00 -6.1271834226263842e+00 1.3344429999999999e-02 6.0354666000000001e-01
1.7495199152466212e-01 -1.6858039353632098e+01 9.0365708792347810e-01 5.2593830680758614e+01 -5.8729682461517861e+01 -3.6180838849728436e-01 2.9758593074754272e+00 -6.0245889465122939e+00 1.3283893999999999e-02 6.1686173000000000e-01
1.9478696600972023e-01 -1.7061016055931663e+01 9.0698866068094908e-01 5.2814253611982991e+01 -5.6970985726872186e+01 -4.0706687388569540e-01 3.0251719531124373e+00 -5.9240488589073541e+00 1.3212384000000001e-02 6.3011079000000003e-01
2.1450666491784287e-01 -1.7290016317282291e+01 9.1030087122688763e-01 5.2993623989015681e+01 -5.5259740494427810e+01 -4.5353586111483457e-01 3.0715372030844779e+00 -5.8256009717652226e+00 1.3129907000000000e-02 6.4328284999999996e-01
2.3409468019288493e-01 -1.7546294936747007e+01 9.1359096358936664e-01 5.3134534103853191e+01 -5.3596057225833590e+01 -5.0136306689210419e-01 3.1150782642546693e+00 -5.7292789756877145e+00 1.3036481000000001e-02 6.5636695000000000e-01
2.5353466366211708e-01 -1.7831268590429893e+01 9.1685619185475065e-01 5.3239513499083358e+01 -5.1979958369016622e+01 -5.5070576937956761e-01 3.1559162878638740e+00 -5.6351126260046511e+00 1.2932137999999999e-02 6.6935217000000002e-01
2.7281028212366476e-01 -1.8146530018843720e+01 9.2009381262397683e-01 5.3311025941512554e+01 -5.0411388327840889e+01 -6.0173186904163234e-01 3.1941701218568168e+00 -5.5431280622687931e+00 1.2816919000000000e-02 6.8222760000000005e-01
2.9190530717163166e-01 -1.8493866601786937e+01 9.2330110009999333e-01 5.3351467924818742e+01 -4.8890213277350874e+01 -6.5462145057964771e-01 3.2299563367386592e+00 -5.4533478014128480e+00 1.2690879000000000e-02 6.9498240000000000e-01
3.1080358525439300e-01 -1.8875279798636626e+01 9.2647534105861262e-01 5.3363166392916625e+01 -4.7416229193886892e+01 -7.0956811369686934e-01 3.2633890272261312e+00 -5.3657909377455146e+00 1.2554085000000000e-02 7.0760577999999996e-01
3.2948905264544892e-01 -1.9293007933406759e+01 9.2961383736308467e-01 5.3348377128508979e+01 -4.5989166998301435e+01 -7.6678081366460049e-01 3.2945797134132260e+00 -5.2804735027211223e+00 1.2406611999999999e-02 7.2008700999999997e-01
3.4794581029769411e-01 -1.9749553969405682e+01 9.3271391853696195e-01 5.3309283223306508e+01 -4.4608693682452937e+01 -8.2648580895838952e-01 3.3236373479103398e+00 -5.1974081941296033e+00 1.2248551000000000e-02 7.3241546999999996e-01
3.6615807893085794e-01 -2.0247714566902630e+01 9.3577293422038021e-01 5.3247994663194952e+01 -4.3274422516416593e+01 -8.8892871960934383e-01 3.3506691226644185e+00 -5.1166049264139639e+00 1.2080001999999999e-02 7.4458062000000003e-01
3.8411022897321001e-01 -2.0790615156948945e+01 9.3878825919920417e-01 5.3166547174554381e+01 -4.1985915794288680e+01 -9.5437701204898018e-01 3.3757754605441264e+00 -5.0380709235148382e+00 1.1901076999999999e-02 7.5657202000000001e-01
4.0178681050327036e-01 -2.1381750488216223e+01 9.4175729843417400e-01 5.3066901833830791e+01 -4.0742690285696462e+01 -1.0231228217988049e+00 3.3990598289053349e+00 -4.9618108180566178e+00 1.1711898000000000e-02 7.6837935000000002e-01
4.1917259816237074e-01 -2.2025032246730422e+01 9.4467749460462380e-01 5.2950944973470612e+01 -3.9544218768288069e+01 -1.0954862797978473e+00 3.4206191412162004e+00 -4.8878267287070472e+00 1.1512599000000000e-02 7.7999244000000001e-01
4.3625251630038508e-01 -2.2724839536357781e+01 9.4754631553561652e-01 5.2820488437756296e+01 -3.8389941896993747e+01 -1.1718187891813372e+00 3.4405479596370245e+00 -4.8161187809979991e+00 1.1303326000000001e-02 7.9140122000000002e-01
4.5301178868426961e-01 -2.3486086417109803e+01 9.5036127934367420e-01 5.2677269332510676e+01 -3.7279263374802419e+01 -1.2525078237890104e+00 3.4589381226089708e+00 -4.7466847775498877e+00 1.1084235000000000e-02 8.0259581999999996e-01
4.6943580376037686e-01 -2.4314288347426462e+01 9.5311993180562071e-01 5.2522951249310232e+01 -3.6211565101942853e+01 -1.3379810720694774e+00 3.4758783587683544e+00 -4.6795209470145744e+00 1.0855490000000001e-02 8.1356647999999998e-01
4.8551024939214138e-01 -2.5215652018955026e+01 9.5581986898973847e-01 5.2359124447111654e+01 -3.5186202843563905e+01 -1.4287126297170856e+00 3.4914544262407121e+00 -4.6146216193786280e+00 1.0617270000000000e-02 8.2430364000000000e-01
5.0122108291837286e-01 -2.6197172887554274e+01 9.5845873222662270e-01 5.2187307896280572e+01 -3.4202513976179617e+01 -1.5252293802487169e+00 3.5057490385211514e+00 -4.5519795959621128e+00 1.0369760000000000e-02 8.3479791999999997e-01
5.1655454612411023e-01 -2.7266752134604111e+01 9.6103421062375405e-01 5.2008947615029101e+01 -3.3259821594645373e+01 -1.6281185167557641e+00 3.5188418781976765e+00 -4.4915863176907855e+00 1.0113159000000000e-02 8.4504013000000000e-01
5.3149718021147463e-01 -2.8433334588275898e+01 9.6354404358007173e-01 5.1825421166628225e+01 -3.2357438112934432e+01 -1.7380367304595652e+00 3.5308096255638599e+00 -4.4334319663072979e+00 9.8476710000000005e-03 8.5502127999999999e-01
5.4603582579967080e-01 -2.9707071137105839e+01 9.6598602078597384e-01 5.1638037183506974e+01 -3.1494670037301901e+01 -1.8557205851633922e+00 3.5417258525531619e+00 -4.3775058001326634e+00 9.5735140000000000e-03 8.6473257999999997e-01
5.6015769777925628e-01 -3.1099519279098782e+01 9.6835799479618101e-01 5.1448036801080661e+01 -3.0670817858674287e+01 -1.9819996544432050e+00 3.5516611900602246e+00 -4.3237959022734662e+00 9.2909130999999992e-03 8.7416548999999999e-01
5.7385031045787260e-01 -3.2623869755143694e+01 9.7065786845687285e-01 5.1256595909145489e+01 -2.9885184753457178e+01 -2.1178108815825150e+00 3.5606832365543912e+00 -4.2722897726045721e+00 9.0001030000000006e-03 8.8331166999999999e-01
5.8710156738536845e-01 -3.4295235659144971e+01 9.7288360999312495e-01 5.1064826265286193e+01 -2.9137075144132961e+01 -2.2642173538439505e+00 3.5688566332844878e+00 -4.2229741488273174e+00 8.7013270999999996e-03 8.9216304000000002e-01
5.9989971644123818e-01 -3.6130988972962570e+01 9.7503324546519010e-01 5.0873777457108496e+01 -2.8425801368149944e+01 -2.4224296760610819e+00 3.5762430438408144e+00 -4.1758353560468739e+00 8.3948374000000006e-03 9.0071175000000003e-01
6.1223342468889197e-01 -3.8151187676790293e+01 9.7710487134136315e-01 5.0684438152884269e+01 -2.7750682867865237e+01 -2.5938334522248589e+00 3.5829012474394770e+00 -4.1308592095856609e+00 8.0808944000000001e-03 9.0895022999999997e-01
6.2409171849223999e-01 -4.0379081059086410e+01 9.7909664443968913e-01 5.0497738585605298e+01 -2.7111052918492405e+01 -2.7800213044828936e+00 3.5888870857216513e+00 -4.0880313901183953e+00 7.7597663000000001e-03 9.1687114999999997e-01
6.3546404339910822e-01 -4.2841757426737217e+01 9.8100679198625507e-01 5.0314551962350535e+01 -2.6506258479818097e+01 -2.9828342878365603e+00 3.5942535725401061e+00 -4.0473374483202536e+00 7.4317293999999999e-03 9.2446746000000002e-01
6.4634027911209302e-01 -4.5570950371010944e+01 9.8283361412976267e-01 5.0135696050222315e+01 -2.5935662891386546e+01 -3.2044132919440660e+00 3.5990508919154709e+00 -4.0087626915051997e+00 7.0970672000000004e-03 9.3173240000000002e-01
6.5671070954685240e-01 -4.8604048593191656e+01 9.8457547891238284e-01 4.9961935789735620e+01 -2.5398649064917802e+01 -3.4472631753536365e+00 3.6033264306649420e+00 -3.9722927750890222e+00 6.7560703000000000e-03 9.3865947999999999e-01
6.6656609768637798e-01 -5.1985421706671438e+01 9.8623083484262020e-01 4.9793982581258263e+01 -2.4894619318266543e+01 -3.7143375426248864e+00 3.6071248416150645e+00 -3.9379133057794329e+00 6.4090362999999996e-03 9.4524253000000003e-01
6.7589759575586805e-01 -5.5768090245267615e+01 9.8779819580787509e-01 4.9632500277687811e+01 -2.4423002628975425e+01 -4.0091446568769662e+00 3.6104880414862106e+00 -3.9056103901732642e+00 6.0562691999999996e-03 9.5147563999999996e-01
6.8469689493127139e-01 -6.0016022520027519e+01 9.8927616622017345e-01 4.9478102491466267e+01 -2.3983247454191041e+01 -4.3358948702537443e+00 3.6134553051535256e+00 -3.8753702132136052e+00 5.6980790999999996e-03 9.5735325999999998e-01
6.9295607563074324e-01 -6.4807088465374093e+01 9.9066341587043749e-01 4.9331357665725228e+01 -2.3574835026619677e+01 -4.6996884522646827e+00 3.6160632406323727e+00 -3.8471796777915763e+00 5.3347821999999998e-03 9.6287009999999995e-01
7.0066775722318975e-01 -7.0237261969335947e+01 9.9195870507421424e-01 4.9192788043196700e+01 -2.3197267635744115e+01 -5.1067854905420740e+00 3.6183458787580469e+00 -3.8210259954384429e+00 4.9667000000000001e-03 9.6802122999999995e-01
7.0782499323228587e-01 -7.6426351005542188e+01 9.9316086706966622e-01 4.9062873209882646e+01 -2.2850083672346887e+01 -5.5649729221350945e+00 3.6203346719451450e+00 -3.7968971200754527e+00 4.5941591999999996e-03 9.7280200999999999e-01
7.1442139110331093e-01 -8.3526436008146220e+01 9.9426882813415363e-01 4.8942049566469322e+01 -2.2532845205293661e+01 -6.0841076616085257e+00 3.6220585666623775e+00 -3.7747815190150455e+00 4.2174915999999996e-03 9.7720817000000004e-01
7.2045099243631416e-01 -9.1734152017401811e+01 9.9528158746765205e-01 4.8830713919410911e+01 -2.2245149896635297e+01 -6.6769072215530523e+00 3.6235440489919695e+00 -3.7546685367454877e+00 3.8370333000000002e-03 9.8123572999999997e-01
7.2590839275294849e-01 -1.0130991951617540e+02 9.9619823730933488e-01 4.8729222674699400e+01 -2.1986629539828659e+01 -7.3601928194100301e+00 3.6248149846964139e+00 -3.7365481558584901e+00 3.4531249000000000e-03 9.8488107999999996e-01
7.3078869658390755e-01 -1.1260874314425224e+02 9.9701795539385540e-01 4.8637893855146984e+01 -2.1756946642484724e+01 -8.1568832030576282e+00 3.6258929804908497e+00 -3.7204111855308990e+00 3.0661112999999999e-03 9.8814095000000002e-01
7.3508748752721786e-01 -1.2613268180956675e+02 9.9773999992220019e-01 4.8557009053298096e+01 -2.1555797217589475e+01 -9.0993987632766320e+00 3.6267971818150575e+00 -3.7062494159886743e+00 2.6763420000000000e-03 9.9101238999999997e-01
7.3880091807336357e-01 -1.4262731926596936e+02 9.9836372464912737e-01 4.8486812161300755e+01 -2.1382914312417704e+01 -1.0235936043643800e+01 3.6275443439357522e+00 -3.6940554643288466e+00 2.2841723000000002e-03 9.9349282999999999e-01
7.4192567966357814e-01 -1.6327547343672788e+02 9.9888857385402008e-01 4.8427512627467806e+01 -2.1238064683680545e+01 -1.1643088143466310e+01 3.6281488927616095e+00 -3.6838227755550190e+00 1.8899688000000000e-03 9.9558005999999999e-01
7.4445898771899011e-01 -1.9014150541781865e+02 9.9931407982631415e-01 4.8379284083287970e+01 -2.1121051597095828e+01 -1.3454840428104566e+01 3.6286228912734377e+00 -3.6755458182848217e+00 1.4941295000000000e-03 9.9727222000000004e-01
7.4639879123258124e-01 -2.2742284972285259e+02 9.9963989806951858e-01 4.8342262594094841e+01 -2.1031705711720821e+01 -1.5944365241202856e+01 3.6289761314202957e+00 -3.6692194058997605e+00 1.0971916000000000e-03 9.9856794000000004e-01
7.4774434166164416e-01 -2.8657065667782757e+02 9.9986590285498722e-01 4.8316535973282875e+01 -2.0969859500200347e+01 -1.9859056729384530e+01 3.6292162296546584e+00 -3.6648368792384045e+00 7.0085733000000002e-04 9.9946672000000003e-01
