-3.7620131918768279e-01 -1.4638663676286378e+03 3.7620272717260850e-01 -1.4895062497048696e+03 -4.3031399097582704e+02 9.8738710516091984e+01 -1.0042198185391221e+02 -2.8238896708538068e+01 5.5301730000000003e-06 1.0230946000000001e-06
-3.7618709812392331e-01 -1.0574394331012495e+03 3.7621451747112877e-01 -1.0825932596576847e+03 -4.3023573037412541e+02 7.2062515014879992e+01 -7.3723081909468149e+01 -2.8235354118797446e+01 3.5894988000000002e-05 1.9923924999999999e-05
-3.7614248135372014e-01 -8.6903496402927078e+02 3.7625150802602719e-01 -8.9295408765173511e+02 -4.2999027182613412e+02 5.9686318137423562e+01 -6.1288789808938830e+01 -2.8224242312894788e+01 8.5619985000000003e-05 7.9222864999999994e-05
-3.7605415462963904e-01 -7.4565163823199100e+02 3.7632473731898664e-01 -7.6748753110177825e+02 -4.2950467482915604e+02 5.1568924613691451e+01 -5.3072734268634953e+01 -2.8202256242391659e+01 1.5173507999999999e-04 1.9661552000000001e-04
-3.7591046524245514e-01 -6.5428749173226925e+02 3.7644386629539467e-01 -6.7315794711247213e+02 -4.2871564820040493e+02 4.5544535816735262e+01 -4.6907021348896713e+01 -2.8166522625127524e+01 2.3255418000000001e-04 3.8758918999999998e-04
-3.7570081533479083e-01 -5.8216515369470835e+02 3.7661768135156254e-01 -5.9719071092232309e+02 -4.2756650478644400e+02 4.0774911437297803e+01 -4.1953020497044427e+01 -2.8114459188203178e+01 3.2689763000000001e-04 6.6622920000000002e-04
-3.7541538584402301e-01 -5.2296979298666690e+02 3.7685432320617862e-01 -5.3329733164487232e+02 -4.2600596536452099e+02 3.6846097998405121e+01 -3.7797499247757528e+01 -2.8043717343166584e+01 4.3385032000000002e-04 1.0455858000000000e-03
-3.7504498200737107e-01 -4.7310545827455127e+02 3.7716141498785266e-01 -4.7792476415383476e+02 -4.2398765173989545e+02 3.3522677320997097e+01 -3.4206546490168918e+01 -2.7952155887525333e+01 5.5265518999999999e-04 1.5378795000000000e-03
-3.7458093785923491e-01 -4.3032203634909649e+02 3.7754614141378456e-01 -4.2887797466008516e+02 -4.2146991552739939e+02 3.0657612955445266e+01 -3.1035216257588857e+01 -2.7837829838902895e+01 6.8265765000000004e-04 2.1546280000000000e-03
-3.7401505174263244e-01 -3.9311251767984845e+02 3.7801530225548335e-01 -3.8471418941889016e+02 -4.1841584087764141e+02 2.8152663301542841e+01 -2.8187802082798662e+01 -2.7698987172312911e+01 8.2327310000000005e-04 2.9067318999999999e-03
-3.7333954236879591e-01 -3.6041422191476357e+02 3.7857534876856508e-01 -3.4444192545666868e+02 -4.1479335484875753e+02 2.5938751779679190e+01 -2.5598106832709675e+01 -2.7534070562152756e+01 9.7396649000000004e-04 3.8045331000000002e-03
-3.7254701668951323e-01 -3.3144675363673747e+02 3.7923241032892374e-01 -3.0735723856744676e+02 -4.1057538995451119e+02 2.3965316540558756e+01 -2.3218714988554709e+01 -2.7341721702390945e+01 1.1342389000000000e-03 4.8578574999999999e-03
-3.7163044642211801e-01 -3.0561793936735427e+02 3.7999231389522614e-01 -2.7294828203550276e+02 -4.0574007287334211e+02 2.2194126476809103e+01 -2.1014746635826647e+01 -2.7120787226364239e+01 1.3036180000000001e-03 6.0760461999999999e-03
-3.7058315104515471e-01 -2.8246617843971615e+02 3.8086059810674444e-01 -2.4083649476755727e+02 -4.0027091998341314e+02 2.0595488384681964e+01 -1.8960015136048927e+01 -2.6870325202262833e+01 1.4816515000000000e-03 7.4679780999999997e-03
-3.6939878402938237e-01 -2.6162346976102646e+02 3.8184252469885832e-01 -2.1073860617858759e+02 -3.9415701479438712e+02 1.9145816697248748e+01 -1.7034549627755826e+01 -2.6589611464903829e+01 1.6679024999999999e-03 9.0420881999999994e-03
-3.6807132350796296e-01 -2.4279085239987242e+02 3.8294308623814860e-01 -1.8244116802256241e+02 -3.8739316479801425e+02 1.7826018762969593e+01 -1.5222941778951466e+01 -2.6278145635771832e+01 1.8619452999999999e-03 1.0806380000000001e-02
-3.6659506362381311e-01 -2.2572151882252626e+02 3.8416701329607367e-01 -1.5578282231757288e+02 -3.7998001455926089e+02 1.6620382527219181e+01 -1.3513200568546916e+01 -2.5935655727958338e+01 2.0633631000000000e-03 1.2768437000000001e-02
-3.6496461054186191e-01 -2.1020894065027827e+02 3.8551877775509807e-01 -1.3064165278553389e+02 -3.7192412533781015e+02 1.5515797362431996e+01 -1.1895939330480422e+01 -2.5562102071898888e+01 2.2717459999999998e-03 1.4935428000000001e-02
-3.6317487575265411e-01 -1.9607824519250903e+02 3.8700259836049417e-01 -1.0692581387944725e+02 -3.6323798251840850e+02 1.4501188472472043e+01 -1.0363779409617086e+01 -2.5157678792149635e+01 2.4866887000000002e-03 1.7314116000000001e-02
-3.6122107622283051e-01 -1.8317990077657785e+02 3.8862244059558237e-01 -8.4566519499203309e+01 -3.5393990211356640e+02 1.3567103234951006e+01 -8.9109092752892973e+00 -2.4722812467154846e+01 2.7077901999999999e-03 1.9910858000000000e-02
-3.5909872611868221e-01 -1.7138490190120962e+02 3.9038202354350821e-01 -6.3512541896080769e+01 -3.4405423916776459e+02 1.2705396280414465e+01 -7.5327408340964697e+00 -2.4258167231221673e+01 2.9346520999999999e-03 2.2731616000000000e-02
-3.5680364132057579e-01 -1.6058116099529332e+02 3.9228481614445498e-01 -4.3725999954312364e+01 -3.3361056704523156e+02 1.1908994601272097e+01 -6.2256514632092106e+00 -2.3764629770161676e+01 3.1668782999999998e-03 2.5781951000000001e-02
-3.5433193490852793e-01 -1.5067064371281145e+02 3.9433404093843111e-01 -2.5178882990485114e+01 -3.2264410331416883e+02 1.1171711384961421e+01 -4.9867727966916631e+00 -2.3243312451027062e+01 3.4040742000000001e-03 2.9067029000000001e-02
-3.5168001415258909e-01 -1.4156712476751494e+02 3.9653267656046165e-01 -7.8502425939198446e+00 -3.1119505543876716e+02 1.0488098592778810e+01 -3.8138227765875428e+00 -2.2695534451770786e+01 3.6458464000000000e-03 3.2591624999999999e-02
-3.4884458502726817e-01 -1.3319441575049743e+02 3.9888345399780117e-01 8.2760679124407925e+00 -2.9930833984253206e+02 9.8533450677221435e+00 -2.7049717615077435e+00 -2.2122823881012124e+01 3.8918026000000000e-03 3.6360116999999997e-02
-3.4582264619229941e-01 -1.2548489738578279e+02 4.0138886158031684e-01 2.3213334521203020e+01 -2.8703312718752682e+02 9.2631577088934005e+00 -1.6587285818380741e+00 -2.1526895614287707e+01 4.1415510999999999e-03 4.0376493999999999e-02
-3.4261149124985479e-01 -1.1837834343340168e+02 4.0405114310909451e-01 3.6973550513705199e+01 -2.7442234143082453e+02 8.7137116460303332e+00 -6.7384870147811038e-01 -2.0909638604530855e+01 4.3947007000000003e-03 4.4644352999999998e-02
-3.3920870874454401e-01 -1.1182094031769287e+02 4.0687229785643914e-01 4.9568737831910163e+01 -2.6153215758418867e+02 8.2015755587384618e+00 2.5074315327791097e-01 -2.0273100331910765e+01 4.6508610999999997e-03 4.9166899000000000e-02
-3.3561217915379787e-01 -1.0576446346751652e+02 4.0985408306106608e-01 6.1012040490912362e+01 -2.4842136041388116e+02 7.7236623180356609e+00 1.1160182599059691e+00 -1.9619465152182819e+01 4.9096423000000002e-03 5.3946949000000001e-02
-3.3182007864988894e-01 -1.0016559724735497e+02 4.1299801080911158e-01 7.1318598422974588e+01 -2.3515076225559767e+02 7.2771864709566580e+00 1.9228966794798643e+00 -1.8951035914115671e+01 5.1706551000000002e-03 5.8986927000000001e-02
-3.2783087232829433e-01 -9.4985338231435051e+01 4.1630535364831428e-01 8.0506271835365979e+01 -2.2178248693829121e+02 6.8596270947631215e+00 2.6722934195931343e+00 -1.8270212051010613e+01 5.4335110000000002e-03 6.4288872999999996e-02
-3.2364332097933296e-01 -9.0188510009810031e+01 4.1977713897383362e-01 8.8596164147320422e+01 -2.0837937595276691e+02 6.4686977735087803e+00 3.3651535677500806e+00 -1.7579467241254466e+01 5.6978226000000002e-03 6.9854434000000007e-02
-3.1925647356412390e-01 -8.5743322818999275e+01 4.2341415526622905e-01 9.5613030759768179e+01 -1.9500425015055430e+02 6.1023193969131935e+00 4.0024832604317515e+00 -1.6881325360252848e+01 5.9632034000000004e-03 7.5684873999999999e-02
-3.1466967097660725e-01 -8.1621006352602237e+01 4.2721694897247076e-01 1.0158552417093878e+02 -1.8171925519533445e+02 5.7585978910580673e+00 4.5853720191269103e+00 -1.6178337571555538e+01 6.2292681999999997e-03 8.1781068999999998e-02
-3.0988254303392754e-01 -7.7795486073731865e+01 4.3118582700113089e-01 1.0654632968683342e+02 -1.6858519072860270e+02 5.4358042792074990e+00 5.1150109497103591e+00 -1.5473058280480986e+01 6.4956331999999999e-03 8.8143510999999994e-02
-3.0489500847643347e-01 -7.4243101372981357e+01 4.3532085672238385e-01 1.1053217029369759e+02 -1.5566087471569205e+02 5.1323575983408878e+00 5.5927047876949381e+00 -1.4768022118313358e+01 6.7619166000000000e-03 9.4772308000000000e-02
-2.9970727045325318e-01 -7.0942354921842153e+01 4.3962186971079370e-01 1.1358372083836288e+02 -1.4300252512199742e+02 4.8468096780427556e+00 6.0198801328848903e+00 -1.4065720521629826e+01 7.0277381999999996e-03 1.0166719000000000e-01
-2.9431981576988964e-01 -6.7873695343143197e+01 4.4408846236911198e-01 1.1574541336737114e+02 -1.3066321019077401e+02 4.5778320196582811e+00 6.3980880389349251e+00 -1.3368579010346973e+01 7.2927204000000001e-03 1.0882751000000000e-01
-2.8873342542187974e-01 -6.5019330771153363e+01 4.4871998719510697e-01 1.1706516534747038e+02 -1.1869234137086913e+02 4.3242046945332859e+00 6.7290057063182527e+00 -1.2678940928981923e+01 7.5564877000000004e-03 1.1625223000000000e-01
-2.8294915277507243e-01 -6.2363045869628579e+01 4.5351557087170336e-01 1.1759401613143613e+02 -1.0713519477813630e+02 4.0848049836957587e+00 7.0144269957384395e+00 -1.1999041986259941e+01 7.8186677999999999e-03 1.2393994999999999e-01
-2.7696832206082100e-01 -5.9890052306917866e+01 4.5847411551457762e-01 1.1738575495682163e+02 -9.6032514369735452e+01 3.8585984226087513e+00 7.2562740708117595e+00 -1.1330995406588263e+01 8.0788911000000008e-03 1.3188891000000000e-01
-2.7079255094810795e-01 -5.7586863447844742e+01 4.6359427995822106e-01 1.1649641551047038e+02 -8.5420265368010547e+01 3.6446315028543665e+00 7.4565535762684476e+00 -1.0676778325446909e+01 8.3367917000000003e-03 1.4009695999999999e-01
-2.6442372044737805e-01 -5.5441160858110088e+01 4.6887450470785619e-01 1.1498379919769310e+02 -7.5329288751591832e+01 3.4420232517440956e+00 7.6173801921464994e+00 -1.0038215282065913e+01 8.5920070000000005e-03 1.4856159999999999e-01
-2.5786398995862214e-01 -5.3441694326067406e+01 4.7431299946347821e-01 1.1290694321655074e+02 -6.5785208949692247e+01 3.2499592896290395e+00 7.7409451908143643e+00 -9.4169682934960832e+00 8.8441787999999997e-03 1.5727996000000000e-01
-2.5111578222329312e-01 -5.1578178486771122e+01 4.7990775559581367e-01 1.1032557515616762e+02 -5.6808297552678354e+01 3.0676855027078824e+00 7.8295058299844813e+00 -8.8145276273005297e+00 9.0929527999999999e-03 1.6624881999999999e-01
-2.4418178332430610e-01 -4.9841208208795031e+01 4.8565654614632014e-01 1.0729956554918631e+02 -4.8413457878162909e+01 2.8945028275883011e+00 7.8853693605972710e+00 -8.2322043729263719e+00 9.3379794999999995e-03 1.7546460999999999e-01
-2.3706493516199695e-01 -4.8222179686699626e+01 4.9155693206516560e-01 1.0388838163840148e+02 -4.0610298690428777e+01 2.7297622532425763e+00 7.9108765827086431e+00 -7.6711264813226476e+00 9.5789143999999993e-03 1.8492342000000001e-01
-2.2976845802624721e-01 -4.6713225393077039e+01 4.9760624349729077e-01 1.0015057867695919e+02 -3.3403250372850515e+01 2.5728613456980236e+00 7.9083851854454075e+00 -7.1322383945225223e+00 9.8154178999999998e-03 1.9462097000000000e-01
-2.2229581297627540e-01 -4.5307142417273120e+01 5.0380161097230480e-01 9.6143277828527985e+01 -2.6791706864657648e+01 2.4232388192388727e+00 7.8802530553153440e+00 -6.6162987632034245e+00 1.0047156000000000e-02 2.0455266000000000e-01
-2.1465069431659514e-01 -4.3997336549184624e+01 5.1013997164246472e-01 9.1921700092475490e+01 -2.0770380919912423e+01 2.2803715743424631e+00 7.8288217170894816e+00 -6.1238826874451009e+00 1.0273801000000001e-02 2.1471357999999999e-01
-2.0683706721722420e-01 -4.2777777715429650e+01 5.1661803809277917e-01 8.7538759919164832e+01 -1.5329474134928271e+01 2.1437719011611378e+00 7.7564005905071394e+00 -5.6553889274609856e+00 1.0495031000000000e-02 2.2509846000000000e-01
-1.9885912256943364e-01 -4.1642946362487116e+01 5.2323233576888395e-01 8.3044661145935123e+01 -1.0455115540466194e+01 2.0129836924838798e+00 7.6652519824307559e+00 -5.2110432711394239e+00 1.0710529999999999e-02 2.3570173000000000e-01
-1.9072128450978978e-01 -4.0587794103470493e+01 5.2997919673906202e-01 7.8486574046848119e+01 -6.1296318362731608e+00 1.8875799587807280e+00 7.5575767506834604e+00 -4.7909077219884892e+00 1.0919989999999999e-02 2.4651751000000000e-01
-1.8242821794419584e-01 -3.9607707447622943e+01 5.3685475345626499e-01 7.3908362463726462e+01 -2.3321135815705794e+00 1.7671604702274837e+00 7.4355020149627036e+00 -4.3948894706101678e+00 1.1123108000000000e-02 2.5753959999999998e-01
-1.7398480597576654e-01 -3.8698471436927441e+01 5.4385495747205037e-01 6.9350360521567069e+01 9.6127894623134680e-01 1.6513491397930808e+00 7.3010693237119959e+00 -4.0227513070927126e+00 1.1319591000000000e-02 2.6876150999999998e-01
-1.6539614238078656e-01 -3.7856239135327044e+01 5.5097558567456040e-01 6.4849198502576485e+01 3.7767970409467639e+00 1.5397918789084204e+00 7.1562251137359807e+00 -3.6741228207046279e+00 1.1509152000000000e-02 2.8017647000000001e-01
-1.5666753913275216e-01 -3.7077505546870576e+01 5.5821223405054321e-01 6.0437698337603614e+01 6.1427235831557407e+00 1.4321547777631747e+00 7.0028114073749146e+00 -3.3485137199287602e+00 1.1691511000000000e-02 2.9177742000000001e-01
-1.4780453392641296e-01 -3.6359083623317630e+01 5.6556031144737362e-01 5.6144840339707628e+01 8.0888741765515313e+00 1.3281224110658167e+00 6.8425603373643495e+00 -3.0453263132242476e+00 1.1866398000000000e-02 3.0355700000000002e-01
-1.3881282998543770e-01 -3.5698077531545934e+01 5.7301508947688595e-01 5.1995722619291939e+01 9.6461855078858836e+00 1.2273954747740055e+00 6.6770873339495802e+00 -2.7638674390423668e+00 1.2033550000000000e-02 3.1550762999999998e-01
-1.2969834873070668e-01 -3.5091867703467450e+01 5.8057165884952044e-01 4.8011645168489743e+01 1.0846281914513737e+01 1.1296898952456875e+00 6.5078886077203011e+00 -2.5033635453829493e+00 1.2192715000000000e-02 3.2762143999999999e-01
-1.2046719216010304e-01 -3.4538090854932847e+01 5.8822496056421869e-01 4.4210185022226774e+01 1.1721081742382626e+01 1.0347349653115971e+00 6.3363391030295171e+00 -2.2629729819018860e+00 1.2343646000000000e-02 3.3989032000000002e-01
-1.1112565037255434e-01 -3.4034624456391299e+01 5.9596977967044429e-01 4.0605334298349099e+01 1.2302423903216258e+01 9.4227208616155833e-01 6.1636884244954802e+00 -2.0417993045353708e+00 1.2486109000000000e-02 3.5230591000000000e-01
-1.0168017147186542e-01 -3.3579572099495039e+01 6.0380077022009981e-01 3.7207664133552434e+01 1.2621725635853421e+01 8.5205321504288145e-01 5.9910681361544107e+00 -1.8389033164882163e+00 1.2619877000000000e-02 3.6485963999999999e-01
-9.2137384138843981e-02 -3.3171252874045607e+01 6.1171243655358909e-01 3.4024534557376072e+01 1.2709671910709305e+01 7.6383990023066239e-01 5.8194870305993094e+00 -1.6533156589051166e+00 1.2744734000000001e-02 3.7754270000000001e-01
-8.2504075059175008e-02 -3.2808189707183402e+01 6.1969915201375469e-01 3.1060311794450111e+01 1.2595941599827865e+01 6.7740193460417442e-01 5.6498373725283875e+00 -1.4840479506790623e+00 1.2860473000000001e-02 3.9034606999999999e-01
-7.2787173875337230e-02 -3.2489100078800895e+01 6.2775517142183568e-01 2.8316611702186897e+01 1.2308971223828603e+01 5.9251610535979626e-01 5.4828979993827840e+00 -1.3301029622017078e+00 1.2966896000000000e-02 4.0326054000000000e-01
-6.2993768234686831e-02 -3.2212889221091672e+01 6.3587461860151051e-01 2.5792560802736169e+01 1.1875755245981990e+01 5.0896533824853085e-01 5.3193395054781760e+00 -1.1904847961675940e+00 1.3063819000000001e-02 4.1627669000000000e-01
-5.3131058645206730e-02 -3.1978642696710132e+01 6.4405152380677055e-01 2.3485067258469662e+01 1.1321683298732603e+01 4.2653726623332622e-01 5.1597291533909031e+00 -1.0642070253853151e+00 1.3151064000000001e-02 4.2938494999999999e-01
-4.3206403619757083e-02 -3.1785622957312018e+01 6.5227978629404570e-01 2.1389077137562580e+01 1.0670416855177415e+01 3.4502362874869408e-01 5.0045378374752456e+00 -9.5030113142846262e-01 1.3228465999999999e-02 4.4257553999999999e-01
-3.3227259483741278e-02 -3.1633264334408427e+01 6.6055322422603779e-01 1.9497857738614819e+01 9.9437972995295709e+00 2.6421879424017169e-01 4.8541457788582179e+00 -8.4782277760587432e-01 1.3295871000000001e-02 4.5583855000000001e-01
-2.3201210471272882e-02 -3.1521171641955604e+01 6.6886554971980361e-01 1.7803260285616652e+01 9.1617902210444271e+00 1.8391904489728916e-01 4.7088499610668002e+00 -7.5585816349043722e-01 1.3353135000000000e-02 4.6916390000000002e-01
-1.3135931104966914e-02 -3.1449118540565255e+01 6.7721040003665056e-01 1.6295971415536062e+01 8.3424549745381480e+00 1.0392130588059367e-01 4.5688707595225395e+00 -6.7352837119007258e-01 1.3400123999999999e-02 4.8254139000000001e-01
-3.0392012440231264e-03 -3.1417048216035447e+01 6.8558132510617864e-01 1.4965763061923845e+01 7.5019874733517158e+00 2.4022283653476917e-02 4.4343593983505638e+00 -5.9999309841784554e-01 1.3436718000000000e-02 4.9596067999999999e-01
7.0811240119407204e-03 -3.1425074854892976e+01 6.9397181247819684e-01 1.3801720430905080e+01 6.6546216900056896e+00 -5.5982772488516908e-02 4.3054046485874702e+00 -5.3445650074759210e-01 1.3462807000000000e-02 5.0941133000000005e-01
1.7217084226722079e-02 -3.1473486521414074e+01 7.0237526237080616e-01 1.2792460675554853e+01 5.8128533149338741e+00 -1.3630085398677405e-01 4.1820403946375659e+00 -4.7616404694954501e-01 1.3478291000000000e-02 5.2288276000000000e-01
2.7360681343909510e-02 -3.1562749781483351e+01 7.1078504381221241e-01 1.1926322457435724e+01 4.9873957936045823e+00 -2.1714280102873884e-01 4.0642516517089859e+00 -4.2440917752748852e-01 1.3483083000000000e-02 5.3636434000000000e-01
3.7503842066673732e-02 -3.1693515664420591e+01 7.1919446345083027e-01 1.1191552282402807e+01 4.1872937602984832e+00 -2.9872411922613917e-01 3.9519817971510283e+00 -3.7853169396454334e-01 1.3477108000000000e-02 5.4984533999999996e-01
4.7638432905851236e-02 -3.1866626987168779e+01 7.2759677803124156e-01 1.0576457238510699e+01 3.4200251725838076e+00 -3.8126627357048881e-01 3.8451377182254047e+00 -3.3791826415123388e-01 1.3460300999999999e-02 5.6331494999999998e-01
5.7756282752069732e-02 -3.2083127960351810e+01 7.3598521310813236e-01 1.0069545294915860e+01 2.6915986845820514e+00 -4.6499812785065409e-01 3.7435973260239410e+00 -3.0200235350518750e-01 1.3432611000000001e-02 5.7676231000000000e-01
6.7849197923831372e-02 -3.2344275793234566e+01 7.4435297552225155e-01 9.6596432308187286e+00 2.0066762985091655e+00 -5.5015741109172356e-01 3.6472130188680403e+00 -2.7026295236770664e-01 1.3393997000000000e-02 5.9017653000000003e-01
7.7908939595387694e-02 -3.2651553343725887e+01 7.5269323468647331e-01 9.3359969645275385e+00 1.3686713888161837e+00 -6.3699197545992625e-01 3.5558179831816421e+00 -2.4222362635272837e-01 1.3344429999999999e-02 6.0354666000000001e-01
8.7927253892906898e-02 -3.3006685146883875e+01 7.6099914753771369e-01 9.0883538314906929e+00 7.7994642613960863e-01 -7.2576160857939187e-01 3.4692302745756605e+00 -2.1745073911880530e-01 1.3283893999999999e-02 6.1686173000000000e-01
9.7895901990640521e-02 -3.3411656750113934e+01 7.6926388348884700e-01 8.9070239892620471e+00 2.4181458642335418e-01 -8.1674005429540619e-01 3.3872566641181905e+00 -1.9555154560971541e-01 1.3212384000000001e-02 6.3011079000000003e-01
1.0780661496667293e-01 -3.3868733955509704e+01 7.7748058700083056e-01 8.7829303158975449e+00 -2.4524727594832629e-01 -9.1021643232599647e-01 3.3096969947353845e+00 -1.7617221130948424e-01 1.3129907000000000e-02 6.4328284999999996e-01
1.1765114647121416e-01 -3.4380488682803474e+01 7.8564242124856010e-01 8.7076418529087753e+00 -6.8156427159705701e-01 -1.0064978208700999e+00 3.2363467390307146e+00 -1.5899539645359836e-01 1.3036481000000001e-02 6.5636695000000000e-01
1.2742128025064098e-01 -3.4949827807288393e+01 7.9374257435884665e-01 8.6733916261983008e+00 -1.0680351637368166e+00 -1.1059116323194391e+00 3.1669995371073054e+00 -1.4373798781781807e-01 1.2932137999999999e-02 6.6935217000000002e-01
1.3710880757537208e-01 -3.5580023772109477e+01 8.0177424069648118e-01 8.6730826779456329e+00 -1.4061448288201439e+00 -1.2088079439885997e+00 3.1014522375227123e+00 -1.3014857456593365e-01 1.2816919000000000e-02 6.8222760000000005e-01
1.4670557238411869e-01 -3.6274753351632761e+01 8.0973065829210777e-01 8.7002888640405249e+00 -1.6978091766337442e+00 -1.3155628809660556e+00 3.0395016962875339e+00 -1.1800511094806623e-01 1.2690879000000000e-02 6.9498240000000000e-01
1.5620345623580084e-01 -3.7038139753131695e+01 8.1760509636626666e-01 8.7492414382345292e+00 -1.9452957139909812e+00 -1.4265812849866071e+00 2.9809517346496404e+00 -1.0711240137162567e-01 1.2554085000000000e-02 7.0760577999999996e-01
1.6559438583358926e-01 -3.7874800912276577e+01 8.2539086156737240e-01 8.8148074239073591e+00 -2.1511415411531929e+00 -1.5423011480897373e+00 2.9256117804153763e+00 -9.7299765628905813e-02 1.2406611999999999e-02 7.2008700999999997e-01
1.7487037064511440e-01 -3.8789908595697440e+01 8.3308132916160993e-01 8.8924673260040503e+00 -2.3180796176792358e+00 -1.6631973701147609e+00 2.8732986674017127e+00 -8.8418714720547992e-02 1.2248551000000000e-02 7.3241546999999996e-01
1.8402348033034072e-01 -3.9789250808531264e+01 8.4066992431899679e-01 8.9782813153235974e+00 -2.4489714992480205e+00 -1.7897864812416828e+00 2.8238371925092149e+00 -8.0340750691621707e-02 1.2080001999999999e-02 7.4458062000000003e-01
1.9304585978965044e-01 -4.0879306915152320e+01 8.4815013458934196e-01 9.0688536440218499e+00 -2.5467494662360570e+00 -1.9226319793441624e+00 2.7770607548831165e+00 -7.2955291261133995e-02 1.1901076999999999e-02 7.5657202000000001e-01
2.0192974421192739e-01 -4.2067334689612380e+01 8.5551552237820339e-01 9.1613021193983535e+00 -2.6143657688350808e+00 -2.0623505096326356e+00 2.7328122855051373e+00 -6.6167696524913541e-02 1.1711898000000000e-02 7.6837935000000002e-01
2.1066748164668198e-01 -4.3361472649736264e+01 8.6275974366082619e-01 9.2532110160235348e+00 -2.6547493863851241e+00 -2.2096190938537736e+00 2.6909432025767011e+00 -5.9897379547797246e-02 1.1512599000000000e-02 7.7999244000000001e-01
2.1925149538384231e-01 -4.4770849422209054e+01 8.6987651679224598e-01 9.3425958676332304e+00 -2.6707692717100162e+00 -2.3651823667131540e+00 2.6513152598906240e+00 -5.4076058903009837e-02 1.1303326000000001e-02 7.9140122000000002e-01
2.2767435919417206e-01 -4.6305729076760684e+01 8.7685968488708110e-01 9.4278632501055046e+00 -2.6652048384062366e+00 -2.5298629249313089e+00 2.6137986058303593e+00 -4.8646785771577210e-02 1.1084235000000000e-02 8.0259581999999996e-01
2.3592872961289474e-01 -4.7977655479156482e+01 8.8370315967771984e-01 9.5077703453496483e+00 -2.6407211195146258e+00 -2.7045706364498443e+00 2.5782732967802025e+00 -4.3561223431365037e-02 1.0855490000000001e-02 8.1356647999999998e-01
2.4400741365606932e-01 -4.9799647327422754e+01 8.9040097765613258e-01 9.5813870548957958e+00 -2.5998516111250778e+00 -2.8903160723903429e+00 2.5446274038006820e+00 -3.8779713903862909e-02 1.0617270000000000e-02 8.2430364000000000e-01
2.5190335377250644e-01 -5.1786409895549298e+01 8.9694728759791387e-01 9.6480603862213066e+00 -2.5449834337157187e+00 -3.0882245276194755e+00 2.5127580434407646e+00 -3.4269294909391519e-02 1.0369760000000000e-02 8.3479791999999997e-01
2.5960963536781118e-01 -5.3954589995621362e+01 9.0333635680026148e-01 9.7073772592226391e+00 -2.4783475084766824e+00 -3.2995528739474955e+00 2.4825702623151704e+00 -3.0003060575701061e-02 1.0113159000000000e-02 8.4504013000000000e-01
2.6711949432842380e-01 -5.6323077773330716e+01 9.0956257731995516e-01 9.7591334017043767e+00 -2.4020149117127141e+00 -3.5257093849218126e+00 2.4539768909953557e+00 -2.5959010374434179e-02 9.8476710000000005e-03 8.5502127999999999e-01
2.7442631702162018e-01 -5.8913361323584176e+01 9.1562046597335711e-01 9.8033022864838948e+00 -2.3178930238406679e+00 -3.7682769185843368e+00 2.4268980540462408e+00 -2.2119360800352553e-02 9.5735140000000000e-03 8.6473257999999997e-01
2.8152367791572069e-01 -6.1749965684450181e+01 9.2150469552630687e-01 9.8400066958633765e+00 -2.2277260722993728e+00 -4.0290419334645806e+00 2.4012606377110104e+00 -1.8469779861749129e-02 9.2909130999999992e-03 8.7416548999999999e-01
2.8840530195988151e-01 -6.4860951994249376e+01 9.2721006350422641e-01 9.8694932216078772e+00 -2.1330986526615874e+00 -4.3100261064397580e+00 2.3769979910915162e+00 -1.4998829897571503e-02 9.0001030000000006e-03 8.8331166999999999e-01
2.9506510972834482e-01 -6.8278552180914971e+01 9.3273152961999473e-01 9.8921061454128409e+00 -2.0354416219688813e+00 -4.6135280306183386e+00 2.3540493246946399e+00 -1.1697382340048256e-02 8.7013270999999996e-03 8.9216304000000002e-01
3.0149719484831389e-01 -7.2039910850903041e+01 9.3806419706001032e-01 9.9082771181795586e+00 -1.9360337646542192e+00 -4.9421705612441542e+00 2.3323594193544150e+00 -8.5581995556095122e-03 8.3948374000000006e-03 9.0071175000000003e-01
3.0769586162016144e-01 -7.6188026035091397e+01 9.4320334367408631e-01 9.9184875266893631e+00 -1.8360164672200461e+00 -5.2989616401567101e+00 2.3118780525583937e+00 -5.5755422306477493e-03 8.0808944000000001e-03 9.0895022999999997e-01
3.1365559492126355e-01 -8.0772867309844472e+01 9.4814439702353526e-01 9.9232660819718017e+00 -1.7363950745289705e+00 -5.6873654550800028e+00 2.2925597340611423e+00 -2.7448625208816527e-03 7.7597663000000001e-03 9.1687114999999997e-01
3.1937109030216576e-01 -8.5852805376005691e+01 9.5288295933308431e-01 9.9231784327644217e+00 -1.6380526347582276e+00 -6.1113942532194550e+00 2.2743632538204825e+00 -6.4031236513597306e-05 7.4317293999999999e-03 9.2446746000000002e-01
3.2483726151062492e-01 -9.1496397871366838e+01 9.5741481372885473e-01 9.9187893019909588e+00 -1.5417578353903656e+00 -6.5757224091887041e+00 2.2572512941999316e+00 2.4743547421490234e-03 7.0970672000000004e-03 9.3173240000000002e-01
3.3004922544352649e-01 -9.7784626099386671e+01 9.6173591176240403e-01 9.9106909912952599e+00 -1.4481736467962802e+00 -7.0858289277065420e+00 2.2411901724424341e+00 4.8682157300146099e-03 6.7560703000000000e-03 9.3865947999999999e-01
3.3500233976709243e-01 -1.0481382961079993e+02 9.6584240460062087e-01 9.8994591501279423e+00 -1.3578674975876612e+00 -7.6481854352443355e+00 2.2261494293456061e+00 7.1210485305445203e-03 6.4090362999999996e-03 9.4524253000000003e-01
3.3969215777263123e-01 -1.1269941055430874e+02 9.6973060559785140e-01 9.8856621300078018e+00 -1.2713213659271816e+00 -8.2704916071493599e+00 2.2121017085168679e+00 9.2345428228078740e-03 6.0562691999999996e-03 9.5147563999999996e-01
3.4411450361695534e-01 -1.2158092397007046e+02 9.7339705267568943e-01 9.8698510564711324e+00 -1.1889392151954781e+00 -8.9620018798106091e+00 2.1990222564507844e+00 1.1210227793888956e-02 5.6980790999999996e-03 9.5735325999999998e-01
3.4826539708196352e-01 -1.3162862833184255e+02 9.7683844594318536e-01 9.8525551972861543e+00 -1.1110578090581580e+00 -9.7339427321618874e+00 2.1868889475464348e+00 1.3049442911372430e-02 5.3347821999999998e-03 9.6287009999999995e-01
3.5214112881505838e-01 -1.4305279108693782e+02 9.8005171007663794e-01 9.8342772862071897e+00 -1.0379524422217437e+00 -1.0600110603506959e+01 2.1756818661063777e+00 1.4753478852150647e-02 4.9667000000000001e-03 9.6802122999999995e-01
3.5573820766085446e-01 -1.5611639670526390e+02 9.8303395065374000e-01 9.8154909182942571e+00 -9.6984857201984886e-01 -1.1577685895138636e+01 2.1653832477477630e+00 1.6323503247161742e-02 4.5941591999999996e-03 9.7280200999999999e-01
3.5905342085351194e-01 -1.7115380940092061e+02 9.8578250405741130e-01 9.7966369643484175e+00 -9.0692361976853020e-01 -1.2688435396410888e+01 2.1559771955573468e+00 1.7760641765787000e-02 4.2174915999999996e-03 9.7720817000000004e-01
3.6208377382440254e-01 -1.8859796472175489e+02 9.8829488757196593e-01 9.7781242690923946e+00 -8.4931905861266022e-01 -1.3960463026112352e+01 2.1474496364431443e+00 1.9065992489412393e-02 3.8370333000000002e-03 9.8123572999999997e-01
3.6482655039444395e-01 -2.0902286745907801e+02 9.9056884928694511e-01 9.7603254586443668e+00 -7.9714321429362578e-01 -1.5430958981914070e+01 2.1397881079625307e+00 2.0240564860186869e-02 3.4531249000000000e-03 9.8488107999999996e-01
3.6727929020197442e-01 -2.3321162537344873e+02 9.9260234938317993e-01 9.7435760809812955e+00 -7.5047746887452116e-01 -1.7150607275620793e+01 2.1329816709572551e+00 2.1285344665058738e-02 3.0661112999999999e-03 9.8814095000000002e-01
3.6943977365466879e-01 -2.6227223468671650e+02 9.9439354765683263e-01 9.7281775810867597e+00 -7.0938435715035963e-01 -1.9191105959005384e+01 2.1270208422177768e+00 2.2201224581552936e-02 2.6763420000000000e-03 9.9101238999999997e-01
3.7130606707379005e-01 -2.9785026548485956e+02 9.9594084094727209e-01 9.7143929212954685e+00 -6.7390569760602803e-01 -2.1659017355568622e+01 2.1218974116982388e+00 2.2989039094324090e-02 2.2841723000000002e-03 9.9349282999999999e-01
3.7287650764610486e-01 -3.4255558154278202e+02 9.9724285066111484e-01 9.7024509591980070e+00 -6.4407125330903114e-01 -2.4723610725475829e+01 2.1176044507143650e+00 2.3649550619071574e-02 1.8899688000000000e-03 9.9558005999999999e-01
3.7414969589984221e-01 -4.0094037603390109e+02 9.9829841653424611e-01 9.6925371866566721e+00 -6.1990097360580043e-01 -2.8680805362506042e+01 2.1141360427532390e+00 2.4183407977922872e-02 1.4941295000000000e-03 9.9727222000000004e-01
3.7512460104127826e-01 -4.8225224423516960e+02 9.9910668396352809e-01 9.6848082962058211e+00 -6.0140542824126664e-01 -3.4133452105885688e+01 2.1114877828182190e+00 2.4591196038494943e-02 1.0971916000000000e-03 9.9856794000000004e-01
3.7580084686832421e-01 -6.1169257669321439e+02 9.9966734105000521e-01 9.6793775736420198e+00 -5.8858279616274500e-01 -4.2729536614712778e+01 2.1096543929523426e+00 2.4873558024409038e-02 7.0085733000000002e-04 9.9946672000000003e-01
