-3.2582941966635987e-01 -1.3805336578841420e+03 3.2583077611596173e-01 -1.3762472667127167e+03 -3.9402443824177590e+02 9.2126208802336237e+01 -9.1846947385171447e+01 -2.5718739235705808e+01 5.5301730000000003e-06 1.0230946000000001e-06
-3.2581710274795622e-01 -1.0083251465540159e+03 3.2584351848715992e-01 -1.0036659162911717e+03 -3.9395867723607665e+02 6.7828059714980427e+01 -6.7531459417620269e+01 -2.5715767882892550e+01 3.5894988000000002e-05 1.9923924999999999e-05
-3.2577845999047178e-01 -8.3566762720138013e+02 3.2588349604841771e-01 -8.3005610385442401e+02 -3.9375241718891647e+02 5.6549730321886379e+01 -5.6208556189424620e+01 -2.5706447653381758e+01 8.5619985000000003e-05 7.9222864999999994e-05
-3.2570195987263456e-01 -7.2245659083326689e+02 3.2596263864449909e-01 -7.1523056093513276e+02 -3.9334434285452187e+02 4.9145740866547577e+01 -4.8728556983074441e+01 -2.5688005611859026e+01 1.5173507999999999e-04 1.9661552000000001e-04
-3.2557750993785112e-01 -6.3847355632278197e+02 3.2609138734710735e-01 -6.2893894163084110e+02 -3.9268120942005373e+02 4.3643522267996183e+01 -4.3117048645046566e+01 -2.5658029715010784e+01 2.3255418000000001e-04 3.8758918999999998e-04
-3.2539593134079869e-01 -5.7202294851753334e+02 3.2627923805858117e-01 -5.5948212901114448e+02 -3.9171526186185292e+02 3.9279766282610851e+01 -3.8610194844475160e+01 -2.5614350020120618e+01 3.2689763000000001e-04 6.6622920000000002e-04
-3.2514871975330784e-01 -5.1732881359062594e+02 3.2653498886483573e-01 -5.0109924337813015e+02 -3.9040320612084281e+02 3.5677690671612304e+01 -3.4831553217512408e+01 -2.5554989815623475e+01 4.3385032000000002e-04 1.0455858000000000e-03
-3.2482791155572077e-01 -4.7110595589127178e+02 3.2686687846604218e-01 -4.5053346576196964e+02 -3.8870575832292803e+02 3.2623177772974891e+01 -3.1567968871465723e+01 -2.5478142721301513e+01 5.5265518999999999e-04 1.5378795000000000e-03
-3.2442600112166575e-01 -4.3130209813993645e+02 3.2728267174901471e-01 -4.0577087500481804e+02 -3.8658747593853349e+02 2.9982640263758078e+01 -2.8687287707180399e+01 -2.5382162481650557e+01 6.8265765000000004e-04 2.1546280000000000e-03
-3.2393588496426379e-01 -3.9654561374308616e+02 3.2778971757031372e-01 -3.6548596721645396e+02 -3.8401673526679195e+02 2.7666949478487499e+01 -2.6102180282265380e+01 -2.5265559383091450e+01 8.2327310000000005e-04 2.9067318999999999e-03
-3.2335082367917417e-01 -3.6587167131589882e+02 3.2839498812776891e-01 -3.2876600255815015e+02 -3.8096580142158479e+02 2.5613545103495241e+01 -2.3752175859178852e+01 -2.5127000913313015e+01 9.7396649000000004e-04 3.8045331000000002e-03
-3.2266441411870550e-01 -3.3857367508525817e+02 3.2910510774753454e-01 -2.9496128017860599e+02 -3.7741094339301873e+02 2.3776726475250385e+01 -2.1593895141212670e+01 -2.4965314659685276e+01 1.1342389000000000e-03 4.8578574999999999e-03
-3.2187056906001810e-01 -3.1411700874371752e+02 3.2992637391819085e-01 -2.6359775573271065e+02 -3.7333257538800513e+02 2.2122013471285687e+01 -1.9595364303894595e+01 -2.4779492565980448e+01 1.3036180000000001e-03 6.0760461999999999e-03
-3.2096350247760402e-01 -2.9208616110932746e+02 3.3086477252698382e-01 -2.3432327543537193e+02 -3.6871540754067422e+02 2.0622690124103631e+01 -1.7732517943868242e+01 -2.4568695921296474e+01 1.4816515000000000e-03 7.4679780999999997e-03
-3.1993771761790624e-01 -2.7215082213344255e+02 3.3192599019713492e-01 -2.0687287338307993e+02 -3.6354858464086942e+02 1.9257584805450964e+01 -1.5986946872088481e+01 -2.4332260200176510e+01 1.6679024999999999e-03 9.0420881999999994e-03
-3.1878799891873200e-01 -2.5404335393004274e+02 3.3311542264754784e-01 -1.8104553036441817e+02 -3.5782581506637507e+02 1.8009598163844345e+01 -1.4344394180499609e+01 -2.4069699895031313e+01 1.8619452999999999e-03 1.0806380000000001e-02
-3.1750940451516130e-01 -2.3754332786179290e+02 3.3443818244576246e-01 -1.5668802554752025e+02 -3.5154546747955834e+02 1.6864690377012071e+01 -1.2793714888710515e+01 -2.3780712287755986e+01 2.0633631000000000e-03 1.2768437000000001e-02
-3.1609726278574768e-01 -2.2246664391056467e+02 3.3589910258105565e-01 -1.3368343887200734e+02 -3.4471064655794885e+02 1.5811170097682494e+01 -1.1326139419242626e+01 -2.3465180883445228e+01 2.2717459999999998e-03 1.4935428000000001e-02
-3.1454716655274284e-01 -2.0865765162565296e+02 3.3750274246455325e-01 -1.1194266314454524e+02 -3.3732921401928576e+02 1.4839178780449135e+01 -9.9347327317488396e+00 -2.3123176923681640e+01 2.4866887000000002e-03 1.7314116000000001e-02
-3.1285497321242861e-01 -1.9598338617896985e+02 3.3925338779439612e-01 -9.1398076231433777e+01 -3.2941379100009090e+02 1.3940314434368718e+01 -8.6139970993827362e+00 -2.2754960627706044e+01 2.7077901999999999e-03 1.9910858000000000e-02
-3.1101679756685496e-01 -1.8432918338534014e+02 3.4115505797160928e-01 -7.1998583905838927e+01 -3.2098167508935762e+02 1.3107345021251792e+01 -7.3595604907250349e+00 -2.2360979284125595e+01 2.9346520999999999e-03 2.2731616000000000e-02
-3.0902901573380126e-01 -1.7359540716100437e+02 3.4321150205508244e-01 -5.3705846407620761e+01 -3.1205476022698548e+02 1.2333995744007973e+01 -6.1679455745179039e+00 -2.1941865960253633e+01 3.1668782999999998e-03 2.5781951000000001e-02
-3.0688826123681512e-01 -1.6369485803567565e+02 3.4542620280658937e-01 -3.6491173003441496e+01 -3.0265936462116883e+02 1.1614780088438751e+01 -5.0363800414838158e+00 -2.1498434817240906e+01 3.4040742000000001e-03 2.9067029000000001e-02
-3.0459142239857151e-01 -1.5455074317198623e+02 3.4780237938746755e-01 -2.0333022116761551e+01 -2.9282601622356106e+02 1.0944868623650001e+01 -3.9626450844565002e+00 -2.1031674884693352e+01 3.6458464000000000e-03 3.2591624999999999e-02
-3.0213564625083428e-01 -1.4609510355586241e+02 3.5034298331359892e-01 -5.2149917912167263e+00 -2.8258921356667150e+02 1.0319986524312965e+01 -2.9449585810170200e+00 -2.0542743962872898e+01 3.8918026000000000e-03 3.6360116999999997e-02
-2.9951833332117417e-01 -1.3826748594259493e+02 3.5305070384876891e-01 8.8759123721212063e+00 -2.7198709759447325e+02 9.7363286996055987e+00 -1.9818703136161595e+00 -2.0032957458125587e+01 4.1415510999999999e-03 4.0376493999999999e-02
-2.9673713958794989e-01 -1.3101390715908767e+02 3.5592796598215676e-01 2.1950671100056386e+01 -2.6106111068861208e+02 9.1904928845064173e+00 -1.0721818729776578e+00 -1.9503779133701865e+01 4.3947007000000003e-03 4.4644352999999998e-02
-2.9378997648030775e-01 -1.2428598558880122e+02 3.5897693042833567e-01 3.4019437991359936e+01 -2.4985560247458511e+02 8.6794243390415939e+00 -2.1487711659701203e-01 -1.8956808167456586e+01 4.6508610999999997e-03 4.9166899000000000e-02
-2.9067500827154108e-01 -1.1804021594315881e+02 3.6219949632395232e-01 4.5092530940251841e+01 -2.3841738983294815e+02 8.2003694936536284e+00 5.9093542572107660e-01 -1.8393765388488095e+01 4.9096423000000002e-03 5.3946949000000001e-02
-2.8739065533739111e-01 -1.1223737502153733e+02 3.6559729785687739e-01 5.5181238122361378e+01 -2.2679530665209285e+02 7.7508384557868180e+00 1.3460743544955602e+00 -1.7816478576136703e+01 5.1706551000000002e-03 5.8986927000000001e-02
-2.8393558829110549e-01 -1.0684200160183809e+02 3.6917171033373453e-01 6.4298499792731505e+01 -2.1503969411698233e+02 7.3285721178878926e+00 2.0513187266710737e+00 -1.7226865748625581e+01 5.4335110000000002e-03 6.4288872999999996e-02
-2.8030873384837962e-01 -1.0182197495531599e+02 3.7292384411237162e-01 7.2459420822990410e+01 -2.0320191643127842e+02 6.9315158869713223e+00 2.7074490479222337e+00 -1.6626919114808182e+01 5.6978226000000002e-03 6.9854434000000007e-02
-2.7650926831075523e-01 -9.7148134359960594e+01 3.7685455134355944e-01 7.9681692954743681e+01 -1.9133381854703885e+02 6.5577957506059796e+00 3.3152719371160413e+00 -1.6018686306908080e+01 5.9632034000000004e-03 7.5684873999999999e-02
-2.7253662082392094e-01 -9.2793964821774111e+01 3.8096442260014229e-01 8.5985909597732487e+01 -1.7948721651796760e+02 6.2056989176039625e+00 3.8756425254999343e+00 -1.5404252608519098e+01 6.2292681999999997e-03 8.1781068999999998e-02
-2.6839047077107170e-01 -8.8735317227170299e+01 3.8525378957371764e-01 9.1395705896847105e+01 -1.6771336955787919e+02 5.8736564413797225e+00 4.3894837008352177e+00 -1.4785725032078441e+01 6.4956331999999999e-03 8.8143510999999994e-02
-2.6407074777290895e-01 -8.4950167460731365e+01 3.8972272507463629e-01 9.5937924662186518e+01 -1.5606247199537026e+02 5.5602286350679480e+00 4.8577968552570301e+00 -1.4165208255689770e+01 6.7619166000000000e-03 9.4772308000000000e-02
-2.5957762777767929e-01 -8.1418401847705539e+01 3.9437104707702142e-01 9.9642580891545308e+01 -1.4458315586539808e+02 5.2640910694593117e+00 5.2816747133852608e+00 -1.3544792134437794e+01 7.0277381999999996e-03 1.0166719000000000e-01
-2.5491153240951447e-01 -7.8121631914020412e+01 3.9919831939293904e-01 1.0254282570508596e+02 -1.3332202460073168e+02 4.9840244783313477e+00 5.6623049092239777e+00 -1.2926531195265442e+01 7.2927204000000001e-03 1.0882751000000000e-01
-2.5007313809167386e-01 -7.5043036263031993e+01 4.0420384223401873e-01 1.0467478462712701e+02 -1.2232324614696670e+02 4.7189044765743882e+00 6.0009733187606802e+00 -1.2312429411506699e+01 7.5564877000000004e-03 1.1625223000000000e-01
-2.4506335714839925e-01 -7.2167202628082720e+01 4.0938667176238142e-01 1.0607737252308566e+02 -1.1162810399445796e+02 4.4676918437070290e+00 6.2990649752103955e+00 -1.1704423216398020e+01 7.8186677999999999e-03 1.2393994999999999e-01
-2.3988333650159471e-01 -6.9479999247991913e+01 4.1474562143897920e-01 1.0679202909857214e+02 -1.0127466919303386e+02 4.2294248282743663e+00 6.5580610003206861e+00 -1.1104364225185263e+01 8.0788911000000008e-03 1.3188891000000000e-01
-2.3453447722063170e-01 -6.6968471236873569e+01 4.2027924179849763e-01 1.0686240953818694e+02 -9.1297520528025842e+01 4.0032130929557219e+00 6.7795325205797461e+00 -1.0514010813780466e+01 8.3367917000000003e-03 1.4009695999999999e-01
-2.2901840845594207e-01 -6.4620723035958477e+01 4.2598584741615281e-01 1.0633404537394300e+02 -8.1727448702653859e+01 3.7882302689754987e+00 6.9651358021530223e+00 -9.9350116653430049e+00 8.5920070000000005e-03 1.4856159999999999e-01
-2.2333700047222160e-01 -6.2425833302936404e+01 4.3186350342429258e-01 1.0525396825192269e+02 -7.2591286571452997e+01 3.5837089832870648e+00 7.1166017750797250e+00 -9.3688972509759179e+00 8.8441787999999997e-03 1.5727996000000000e-01
-2.1749235161522656e-01 -6.0373766498907436e+01 4.3791003899579506e-01 1.0367031078778706e+02 -6.3911740272046622e+01 3.3889353301914671e+00 7.2357273101816508e+00 -8.8170696241446294e+00 9.0929527999999999e-03 1.6624881999999999e-01
-2.1148678831177370e-01 -5.8455299172928008e+01 4.4412304734406866e-01 1.0163189792799486e+02 -5.5707314363741723e+01 3.2032444110784333e+00 7.3243636409667863e+00 -8.2807954858163288e+00 9.3379794999999995e-03 1.7546460999999999e-01
-2.0532285855313848e-01 -5.6661951232894204e+01 4.5049989246475108e-01 9.9187825987715669e+01 -4.7992269138763483e+01 3.0260160721800871e+00 7.3844047190044675e+00 -7.7612005134183688e+00 9.5789143999999993e-03 1.8492342000000001e-01
-1.9900335144486028e-01 -5.4985931069020431e+01 4.5703768891061192e-01 9.6387058894777340e+01 -4.0776674060389858e+01 2.8566717561209991e+00 7.4177742708354115e+00 -7.2592667918457794e+00 9.8154178999999998e-03 1.9462097000000000e-01
-1.9253126462373374e-01 -5.3420071023721086e+01 4.6373333550004869e-01 9.3278013432141009e+01 -3.4066437281048628e+01 2.6946701662902406e+00 7.4264135511707945e+00 -6.7758294363848064e+00 1.0047156000000000e-02 2.0455266000000000e-01
-1.8590979774120711e-01 -5.1957778190118574e+01 4.7058352205878534e-01 8.9908164666210183e+01 -2.7863432947145245e+01 2.5395041615685194e+00 7.4122681977203895e+00 -6.3115750715601342e+00 1.0273801000000001e-02 2.1471357999999999e-01
-1.7914238504639077e-01 -5.0592997233474122e+01 4.7758469571137718e-01 8.6323698592224474e+01 -2.2165705780704641e+01 2.3906987516780696e+00 7.3772755706674893e+00 -5.8670463182882955e+00 1.0495031000000000e-02 2.2509846000000000e-01
-1.7223265628644696e-01 -4.9320161140577540e+01 4.8473310133140524e-01 8.2569154864499410e+01 -1.6967640510896342e+01 2.2478075815683400e+00 7.3233524454468437e+00 -5.4426417824807345e+00 1.0710529999999999e-02 2.3570173000000000e-01
-1.6518444322319145e-01 -4.8134156811828362e+01 4.9202477479977752e-01 7.8687122153973974e+01 -1.2260217518935516e+01 2.1104107935429752e+00 7.2523831094734685e+00 -5.0386213388578662e+00 1.0919989999999999e-02 2.4651751000000000e-01
-1.5800178614969537e-01 -4.7030292972013314e+01 4.9945553626302946e-01 7.4717976402113905e+01 -8.0312948222686487e+00 1.9781129910792521e+00 7.1662085930219490e+00 -4.6551117715147576e+00 1.1123108000000000e-02 2.5753959999999998e-01
-1.5068891434047982e-01 -4.6004267110687501e+01 5.0702101035842162e-01 7.0699632729760282e+01 -4.2658913137980647e+00 1.8505408675944550e+00 7.0666160640670599e+00 -4.2921128374205564e+00 1.1319591000000000e-02 2.6876150999999998e-01
-1.4325023953491431e-01 -4.5052138062795649e+01 5.1471663295563896e-01 6.6667353191271332e+01 -9.4650615670877514e-01 1.7273412850320518e+00 6.9553295261956078e+00 -3.9495049791409240e+00 1.1509152000000000e-02 2.8017647000000001e-01
-1.3569036245381857e-01 -4.4170302699693330e+01 5.2253764441509110e-01 6.2653598323160942e+01 1.9465454630918875e+00 1.6081797049939452e+00 6.8340022038238191e+00 -3.6270578090253784e+00 1.1691511000000000e-02 2.9177742000000001e-01
-1.2801407931606398e-01 -4.3355474352447644e+01 5.3047908284621381e-01 5.8687922013664782e+01 4.4347916707030155e+00 1.4927386823780779e+00 6.7042087796754464e+00 -3.3244400687782338e+00 1.1866398000000000e-02 3.0355700000000002e-01
-1.2022632970576008e-01 -4.2604657577161525e+01 5.3853583804106187e-01 5.4796873755433403e+01 6.5412840304319930e+00 1.3807155951643151e+00 6.5674390189043956e+00 -3.0412272000982532e+00 1.2033550000000000e-02 3.1550762999999998e-01
-1.1233224218846638e-01 -4.1915135510281459e+01 5.4670260428241502e-01 5.1003994865916070e+01 8.2902460347905222e+00 1.2718219880796673e+00 6.4250945705225142e+00 -2.7769132994587555e+00 1.2192715000000000e-02 3.2762143999999999e-01
-1.0433710172818386e-01 -4.1284450731272919e+01 5.5497391405227381e-01 4.7329809332211013e+01 9.7067503924354135e+00 1.1657817901693850e+00 6.2784837301374692e+00 -2.5309201627851952e+00 1.2343646000000000e-02 3.3989032000000002e-01
-9.6246356203956857e-02 -4.0710391913149202e+01 5.6334413129016025e-01 4.3791868850192188e+01 1.0816404670789014e+01 1.0623301867186821e+00 6.1288198182865630e+00 -2.3026079114561657e+00 1.2486109000000000e-02 3.5230591000000000e-01
-8.8065590343465755e-02 -4.0190979060508134e+01 5.7180747835991463e-01 4.0404818451408033e+01 1.1645055150428178e+01 9.6121214201428029e-01 5.9772192537455631e+00 -2.0912843828485763e+00 1.2619877000000000e-02 3.6485963999999999e-01
-7.9800545272832535e-02 -3.9724455902191814e+01 5.8035801582459801e-01 3.7180508731479136e+01 1.2218503472714634e+01 8.6218155160650634e-01 5.8247017418052600e+00 -1.8962158647162406e+00 1.2744734000000001e-02 3.7754270000000001e-01
-7.1457098966815458e-02 -3.9309276399710804e+01 5.8898966267158959e-01 3.4128114916683387e+01 1.2562253957312743e+01 7.6499995207489890e-01 5.6721906156294661e+00 -1.7166359330428453e+00 1.2860473000000001e-02 3.9034606999999999e-01
-6.3041253215605553e-02 -3.8944098125547157e+01 5.9769620979598459e-01 3.1254290633964612e+01 1.2701277292276345e+01 6.6943536116076396e-01 5.5205142622444745e+00 -1.5517546738748946e+00 1.2966896000000000e-02 4.0326054000000000e-01
-5.4559146658030133e-02 -3.8627775108653957e+01 6.0647130651719694e-01 2.8563327539959175e+01 1.2659805939743789e+01 5.7526144703488558e-01 5.3704088493029802e+00 -1.4007673841786792e+00 1.3063819000000001e-02 4.1627669000000000e-01
-4.6017015681942497e-02 -3.8359352747008970e+01 6.1530850102915302e-01 2.6057338651078052e+01 1.2461152395715514e+01 4.8225617875247395e-01 5.2225207649675758e+00 -1.2628620693753290e+00 1.3151064000000001e-02 4.2938494999999999e-01
-3.7421233523832087e-02 -3.8138062345021652e+01 6.2420119995009782e-01 2.3736456829366151e+01 1.2127556029610016e+01 3.9020125481884693e-01 5.0774110669931254e+00 -1.1372276150649017e+00 1.3228465999999999e-02 4.4257553999999999e-01
-2.8778258136010926e-02 -3.7963318157558696e+01 6.3314272225618728e-01 2.1599020060050492e+01 1.1680056797315549e+01 2.9888066317696826e-01 4.9355589730191332e+00 -1.0230597020460099e+00 1.3295871000000001e-02 4.5583855000000001e-01
-2.0094658253020370e-02 -3.7834716364463972e+01 6.4212627231469199e-01 1.9641780935799144e+01 1.1138394861999128e+01 2.0808002296357442e-01 4.7973669882176910e+00 -9.1956684527024735e-01 1.3353135000000000e-02 4.6916390000000002e-01
-1.1377080808622486e-02 -3.7752033420024397e+01 6.5114497359249301e-01 1.7860101884184569e+01 1.0520934081387674e+01 1.1758531634910296e-01 4.6631654238829885e+00 -8.2597582678220349e-01 1.3400123999999999e-02 4.8254139000000001e-01
-2.6322639690035676e-03 -3.7715227353264602e+01 6.6019185517268353e-01 1.6248157473986478e+01 9.8446088943858712e+00 2.7182083964511383e-02 4.5332178634261346e+00 -7.4153626923354787e-01 1.3436718000000000e-02 4.9596067999999999e-01
6.1329889336329546e-03 -3.7724439515626273e+01 6.6925987872136528e-01 1.4799122573007031e+01 9.1249289323142975e+00 -6.3345805635417474e-02 4.4077262348430271e+00 -6.6552422864194671e-01 1.3462807000000000e-02 5.0941133000000005e-01
1.4911783334659201e-02 -3.7779997917679033e+01 6.7834191152085221e-01 1.3505364181127659e+01 8.3758958031782864e+00 -1.5421687930939121e-01 4.2868366861198757e+00 -5.9724567293699926e-01 1.3478291000000000e-02 5.2288276000000000e-01
2.3697192086438890e-02 -3.7882422107086150e+01 6.8743078714496231e-01 1.2358608517993231e+01 7.6100937893821854e+00 -2.4565369052117592e-01 4.1706441576973221e+00 -5.3603858241532787e-01 1.3483083000000000e-02 5.3636434000000000e-01
3.2482222875318378e-02 -3.8032429418382904e+01 6.9651927175052253e-01 1.1350112431675250e+01 6.8386783738505255e+00 -3.3788356487682725e-01 4.0591983487605594e+00 -4.8127515183408964e-01 1.3477108000000000e-02 5.4984533999999996e-01
4.1259831254830293e-02 -3.8230942729449367e+01 7.0560007756076670e-01 1.0470812536513513e+01 6.0714272202609205e+00 -4.3113989425106292e-01 3.9525086944407444e+00 -4.3236308775347287e-01 1.3460300999999999e-02 5.6331494999999998e-01
5.0022940195498411e-02 -3.8479100077043519e+01 7.1466588309043255e-01 9.7114656559582535e+00 5.3167953516512574e+00 -5.2566348685643449e-01 3.8505492711989371e+00 -3.8874634845648454e-01 1.3432611000000001e-02 5.7676231000000000e-01
5.8764453118041515e-02 -3.8778267386878184e+01 7.2370934662916109e-01 9.0627734027274478e+00 4.5819736162030900e+00 -6.2170408879041683e-01 3.7532634753174303e+00 -3.4990533031925719e-01 1.3393997000000000e-02 5.9017653000000003e-01
6.7477234343567893e-02 -3.9130049187260497e+01 7.3272308601639780e-01 8.5154958679655675e+00 3.8729747960170631e+00 -7.1952148347866007e-01 3.6605688306056101e+00 -3.1535717748016850e-01 1.3344429999999999e-02 6.0354666000000001e-01
7.6154135159982594e-02 -3.9536307656352449e+01 7.4169970560819043e-01 8.0605481632811244e+00 3.1947036068640871e+00 -8.1938734629903642e-01 3.5723609245767665e+00 -2.8465496745149954e-01 1.3283893999999999e-02 6.1686173000000000e-01
8.4788019888393851e-02 -3.9999180378869760e+01 7.5063182324398481e-01 7.6890839157071040e+00 2.5510506484758526e+00 -9.2158715651341039e-01 3.4885177190960475e+00 -2.5738700890392197e-01 1.3212384000000001e-02 6.3011079000000003e-01
9.3371726783503084e-02 -4.0521100203821980e+01 7.5951202979643018e-01 7.3925679376578843e+00 1.9449544382642128e+00 -1.0264215446699789e+00 3.4089023768329376e+00 -2.3317585826458131e-01 1.3129907000000000e-02 6.4328284999999996e-01
1.0189811364981705e-01 -4.1104819844920748e+01 7.6833293636327327e-01 7.1628340318077468e+00 1.3785243376383585e+00 -1.1342088089741709e+00 3.3333675169279475e+00 -2.1167703917270475e-01 1.3036481000000001e-02 6.5636695000000000e-01
1.1036006435824924e-01 -4.1753442607941253e+01 7.7708718100905716e-01 6.9921292076623311e+00 8.5310042746683579e-01 -1.2452871794327629e+00 3.2617574210680083e+00 -1.9257738530943391e-01 1.2932137999999999e-02 6.6935217000000002e-01
1.1875046929631489e-01 -4.2470450911083432e+01 7.8576740854002436e-01 6.8731510969348388e+00 3.6935287747183104e-01 -1.3600169959806492e+00 3.1939112235380458e+00 -1.7559370162249519e-01 1.2816919000000000e-02 6.8222760000000005e-01
1.2706226446774138e-01 -4.3259745622497057e+01 7.9436631095431109e-01 6.7990717587674299e+00 -7.2642967315122473e-02 -1.4787839050308311e+00 3.1296647803896538e+00 -1.6047086925246068e-01 1.2690879000000000e-02 6.9498240000000000e-01
1.3528841845926465e-01 -4.4125686555257097e+01 8.0287661395854948e-01 6.7635531945573746e+00 -4.7331991553321767e-01 -1.6020017075427460e+00 3.0688532795500962e+00 -1.4698014536703033e-01 1.2554085000000000e-02 7.0760577999999996e-01
1.4342193895723121e-01 -4.5073139789634801e+01 8.1129108370956615e-01 6.7607545124576394e+00 -8.3354728781718102e-01 -1.7301158108081738e+00 3.0113126177307548e+00 -1.3491735535263272e-01 1.2406611999999999e-02 7.2008700999999997e-01
1.5145590533060627e-01 -4.6107535555001817e+01 8.1960256052287861e-01 6.7853310809196854e+00 -1.1545593408460637e+00 -1.8636075186296057e+00 2.9568807050357573e+00 -1.2410104580618007e-01 1.2248551000000000e-02 7.3241546999999996e-01
1.5938344908116914e-01 -4.7234928119908709e+01 8.2780393864759727e-01 6.8324288898514265e+00 -1.4378828559115659e+00 -2.0029980560379048e+00 2.9053992571724017e+00 -1.1437072800406092e-01 1.2080001999999999e-02 7.4458062000000003e-01
1.6719776687671623e-01 -4.8462068189388162e+01 8.3588817974982366e-01 6.8976736281161699e+00 -1.6852895561599059e+00 -2.1488535955605066e+00 2.8567147076830395e+00 -1.0558505867303170e-01 1.1901076999999999e-02 7.5657202000000001e-01
1.7489213358426464e-01 -4.9796486515651395e+01 8.4384832639604945e-01 6.9771507494381257e+00 -1.8987284872287340e+00 -2.3017910295331871e+00 2.8106786657804248e+00 -9.7620282659211563e-02 1.1711898000000000e-02 7.6837935000000002e-01
1.8245992181985765e-01 -5.1246591845992327e+01 8.5167752227825289e-01 7.0673914258075223e+00 -2.0802881639086523e+00 -2.4624846889324248e+00 2.7671488728825784e+00 -9.0368115576718269e-02 1.1512599000000000e-02 7.7999244000000001e-01
1.8989456936555554e-01 -5.2821773721159147e+01 8.5936897850540395e-01 7.1653397725997729e+00 -2.2321409137820436e+00 -2.6316728977827273e+00 2.7259897274492966e+00 -8.3735129543282050e-02 1.1303326000000001e-02 7.9140122000000002e-01
1.9718964433545311e-01 -5.4532541597347475e+01 8.6691604102045505e-01 7.2683388244252800e+00 -2.3565074590306843e+00 -2.8101676834148708e+00 2.6870723106372756e+00 -7.7640467026784094e-02 1.1084235000000000e-02 8.0259581999999996e-01
2.0433878652626464e-01 -5.6390658694692654e+01 8.7431212992504936e-01 7.3740974691949335e+00 -2.4556249136411656e+00 -2.9988630533236589e+00 2.6502749449269256e+00 -7.2014010399392842e-02 1.0855490000000001e-02 8.1356647999999998e-01
2.1133576606673826e-01 -5.8409326193129878e+01 8.8155080015481269e-01 7.4806646984366836e+00 -2.5317179190071450e+00 -3.1987474776147886e+00 2.6154830289717421e+00 -6.6796800990003791e-02 1.0617270000000000e-02 8.2430364000000000e-01
2.1817447038445376e-01 -6.0603380223928937e+01 8.8862572799595485e-01 7.5864019808542880e+00 -2.5869718689632988e+00 -3.4109165663431575e+00 2.5825888711105809e+00 -6.1938413681425539e-02 1.0369760000000000e-02 8.3479791999999997e-01
2.2484891072242347e-01 -6.2989528767279630e+01 8.9553071782697002e-01 7.6899561560653797e+00 -2.6235133441559966e+00 -3.6365883963145254e+00 2.5514925661026076e+00 -5.7396193899691084e-02 1.0113159000000000e-02 8.4504013000000000e-01
2.3135322865569435e-01 -6.5586630058030096e+01 9.0225970886033457e-01 7.7902299123320118e+00 -2.6433941459833825e+00 -3.8771214659285667e+00 2.5221001223882107e+00 -5.3134412535172433e-02 9.8476710000000005e-03 8.5502127999999999e-01
2.3768169609134787e-01 -6.8416019496508596e+01 9.0880677514250774e-01 7.8863580133260740e+00 -2.6485777170349656e+00 -4.1340356110617060e+00 2.4943248887117537e+00 -4.9123261823012167e-02 9.5735140000000000e-03 8.6473257999999997e-01
2.4382874785150882e-01 -7.1501914238710640e+01 9.1516615926242739e-01 7.9776801241603685e+00 -2.6409297579156701e+00 -4.4090382422894985e+00 2.4680864556843001e+00 -4.5338084881828791e-02 9.2909130999999992e-03 8.7416548999999999e-01
2.4978894909033639e-01 -7.4871865455487779e+01 9.2133223864301361e-01 8.0637195766049743e+00 -2.6222110264169163e+00 -4.7040527790229838e+00 2.4433106363745569e+00 -4.1758640246822055e-02 9.0001030000000006e-03 8.8331166999999999e-01
2.5555703439363470e-01 -7.8557340640846419e+01 9.2729956599136454e-01 8.1441543815084003e+00 -2.5940729200990162e+00 -5.0212561396475701e+00 2.4199290638767152e+00 -3.8368489823104888e-02 8.7013270999999996e-03 8.9216304000000002e-01
2.6112788822904770e-01 -8.2594393452010721e+01 9.3306284907365789e-01 8.2188045457526684e+00 -2.5580552654303679e+00 -5.3631210992336369e+00 2.3978789686703923e+00 -3.5154180932541079e-02 8.3948374000000006e-03 9.0071175000000003e-01
2.6649657752906747e-01 -8.7024519993484603e+01 9.3861698442364805e-01 8.2875962846523592e+00 -2.5155850327521287e+00 -5.7324708616678022e+00 2.3771027710061343e+00 -3.2105201192553383e-02 8.0808944000000001e-03 9.0895022999999997e-01
2.7165832562462805e-01 -9.1895664336807073e+01 9.4395703037586776e-01 8.3505696885257255e+00 -2.4679794073475931e+00 -6.1325432458265432e+00 2.3575478498706417e+00 -2.9213153388938456e-02 7.7597663000000001e-03 9.1687114999999997e-01
2.7660853831151139e-01 -9.7263510079917765e+01 9.4907823403242619e-01 8.4078377458572060e+00 -2.4164457273186972e+00 -6.5670718605032814e+00 2.3391661677506854e+00 -2.6471433088415257e-02 7.4317293999999999e-03 9.2446746000000002e-01
2.8134281036694958e-01 -1.0319308682433368e+02 9.5397603800470709e-01 8.4595813762261862e+00 -2.3620863193315764e+00 -7.0403889599388609e+00 2.3219139431404852e+00 -2.3875037856125485e-02 7.0970672000000004e-03 9.3173240000000002e-01
2.8585691251642148e-01 -1.0976077780220487e+02 9.5864606692997101e-01 8.5060349947650131e+00 -2.3059026240228464e+00 -7.5575524521880428e+00 2.3057514280453142e+00 -2.1420132973883631e-02 6.7560703000000000e-03 9.3865947999999999e-01
2.9014682401666131e-01 -1.1705696136379530e+02 9.6308416117985107e-01 8.5474736619742107e+00 -2.2487998693709517e+00 -8.1245144728725087e+00 2.2906424993035461e+00 -1.9103921258380417e-02 6.4090362999999996e-03 9.4524253000000003e-01
2.9420869355604812e-01 -1.2518932585841196e+02 9.6728633641015760e-01 8.5842011872460375e+00 -2.1915926917900355e+00 -8.7483314171608715e+00 2.2765545538034191e+00 -1.6924381076624227e-02 6.0562691999999996e-03 9.5147563999999996e-01
2.9803890442062292e-01 -1.3428744994653530e+02 9.7124885097787028e-01 8.6165421575527876e+00 -2.1350098793895391e+00 -9.4374575217022549e+00 2.2634580401404141e+00 -1.4880120418938133e-02 5.6980790999999996e-03 9.5735325999999998e-01
3.0163400932807211e-01 -1.4450867007976044e+02 9.7496813852414577e-01 8.6448316777672414e+00 -2.0797014239642748e+00 -1.0202117625062410e+01 2.2513264397723636e+00 -1.2970155134764646e-02 5.3347821999999998e-03 9.6287009999999995e-01
3.0499079559374381e-01 -1.5604645670930194e+02 9.7844087539130986e-01 8.6694087240322553e+00 -2.0262432719788497e+00 -1.1054844982046928e+01 2.2401358434819501e+00 -1.1193970335566759e-02 4.9667000000000001e-03 9.6802122999999995e-01
3.0810623951443666e-01 -1.6914183121949591e+02 9.8166393343096336e-01 8.6906092463208378e+00 -1.9751437899532844e+00 -1.2011211598387792e+01 2.2298649617989792e+00 -9.5512612684361311e-03 4.5941591999999996e-03 9.7280200999999999e-01
3.1097755850121284e-01 -1.8410019691026400e+02 9.8463443393757544e-01 8.7087610091970422e+00 -1.9268483214129597e+00 -1.3090911304047175e+01 2.2204945905398770e+00 -8.0419049985909173e-03 4.2174915999999996e-03 9.7720817000000004e-01
3.1360215894658477e-01 -2.0131585438096258e+02 9.8734969371488934e-01 8.7241783424983073e+00 -1.8817458200508272e+00 -1.4319336033626373e+01 2.2120079825282581e+00 -6.6659346800009133e-03 3.8370333000000002e-03 9.8123572999999997e-01
3.1597768835732892e-01 -2.2131044622931702e+02 9.8980727900951715e-01 8.7371253927256696e+00 -1.8401731375545110e+00 -1.5730058685053942e+01 2.2043900455394230e+00 -5.4234244486463220e-03 3.4531249000000000e-03 9.8488107999999996e-01
3.1810201580468039e-01 -2.4479458280464428e+02 9.9200498528584147e-01 8.7479768247662850e+00 -1.8024194166714513e+00 -1.7368816495986771e+01 2.1976277171907204e+00 -4.3146386870202792e-03 3.0661112999999999e-03 9.8814095000000002e-01
3.1997321889112945e-01 -2.7277293457312066e+02 9.9394082374261705e-01 8.7568868708437169e+00 -1.7687315484482062e+00 -1.9300318531226445e+01 2.1917096318685685e+00 -3.3396663214348573e-03 2.6763420000000000e-03 9.9101238999999997e-01
3.2158962285003229e-01 -3.0673769793689564e+02 9.9561306176316555e-01 8.7641149030703467e+00 -1.7393168557598322e+00 -2.1620803996533532e+01 2.1866260315340447e+00 -2.4987302814007532e-03 2.2841723000000002e-03 9.9349282999999999e-01
3.2294978751240694e-01 -3.4905742067929498e+02 9.9702020943197822e-01 8.7698595939567845e+00 -1.7143470735139152e+00 -2.4483317500637718e+01 2.1823685497157861e+00 -1.7920004721222174e-03 1.8899688000000000e-03 9.9558005999999999e-01
3.2405250079033227e-01 -4.0386962406089128e+02 9.9816101279301561e-01 8.7742896619299895e+00 -1.6939615563404906e+00 -2.8155812619949106e+01 2.1789302668086723e+00 -1.2196388688903138e-03 1.4941295000000000e-03 9.9727222000000004e-01
3.2489686990937133e-01 -4.7959708075776376e+02 9.9903454823349613e-01 8.7775450449115748e+00 -1.6782680387403548e+00 -3.3185149069879010e+01 2.1763055191054645e+00 -7.8173001503202251e-04 1.0971916000000000e-03 9.9856794000000004e-01
3.2548256903943812e-01 -5.9924927078279279e+02 9.9964047866846273e-01 8.7797327313122864e+00 -1.6673402644657074e+00 -4.1069088413393764e+01 2.1744892588225970e+00 -4.7815218757259398e-04 7.0085733000000002e-04 9.9946672000000003e-01
