-1.4851952910066132e-01 -2.4071835068193036e+03 1.4852070414510046e-01 -2.1844323775637718e+03 -6.6431494241482221e+02 1.5841245048531653e+02 -1.4396953382782402e+02 -4.3076923189427298e+01 5.5301730000000003e-06 1.0230946000000001e-06
-1.4851391480431220e-01 -1.7795608708852196e+03 1.4853679782732590e-01 -1.5560086130362263e+03 -6.6409966327541190e+02 1.1771078888201323e+02 -1.0323077692439107e+02 -4.3067223280869015e+01 3.5894988000000002e-05 1.9923924999999999e-05
-1.4849630066698039e-01 -1.4882531060133820e+03 1.4858728969866000e-01 -1.2626792956722672e+03 -6.6342461008783448e+02 9.8810535445240035e+01 -8.4236312804870252e+01 -4.3036803785544379e+01 8.5619985000000003e-05 7.9222864999999994e-05
-1.4846143039194826e-01 -1.2970346589266419e+03 1.4868724721614393e-01 -1.0680649102237310e+03 -6.6208982240750095e+02 8.6392939477207349e+01 -7.1659732344130219e+01 -4.2976639878729081e+01 1.5173507999999999e-04 1.9661552000000001e-04
-1.4840470363679653e-01 -1.1549526466427583e+03 1.4884985750856808e-01 -9.2118146217498429e+02 -6.5992293022274862e+02 7.7153913815667437e+01 -6.2194416814002963e+01 -4.2878926752972809e+01 2.3255418000000001e-04 3.8758918999999998e-04
-1.4832193650129172e-01 -1.0422940834905637e+03 1.4908711395081567e-01 -8.0234225217386222e+02 -6.5677137599123466e+02 6.9815018471217527e+01 -5.4562456392063318e+01 -4.2736715904980350e+01 3.2689763000000001e-04 6.6622920000000002e-04
-1.4820925254353257e-01 -9.4932802469895739e+02 1.4941012857193608e-01 -7.0189102481677639e+02 -6.5249977581669566e+02 6.3745397000777366e+01 -4.8135523660340397e+01 -4.2543781838432473e+01 4.3385032000000002e-04 1.0455858000000000e-03
-1.4806302178731032e-01 -8.7052493095734610e+02 1.4982930689382495e-01 -6.1440368114568389e+02 -6.4698919745704029e+02 5.8586780869358840e+01 -4.2559320076886372e+01 -4.2294574650247185e+01 5.5265518999999999e-04 1.5378795000000000e-03
-1.4787982301886390e-01 -8.0243514450417274e+02 1.5035445600960176e-01 -5.3656228310874496e+02 -6.4013735690512704e+02 5.4115815594702397e+01 -3.7615680565432676e+01 -4.1984214191386727e+01 6.8265765000000004e-04 2.1546280000000000e-03
-1.4765641832761009e-01 -7.4275703084735778e+02 1.5099485756397485e-01 -4.6621782908043326e+02 -6.3185926164218085e+02 5.0183663603428748e+01 -3.3161885711605237e+01 -4.1608504938027451e+01 8.2327310000000005e-04 2.9067318999999999e-03
-1.4738973575902709e-01 -6.8987558767657981e+02 1.5175931747968335e-01 -4.0192419235262730e+02 -6.2208808945002465e+02 4.6685999991375205e+01 -2.9100501374213373e+01 -4.1163951933894992e+01 9.7396649000000004e-04 3.8045331000000002e-03
-1.4707685663106071e-01 -6.4261055571865904e+02 1.5265620231570015e-01 -3.4268299322265733e+02 -6.1077612102368107e+02 4.3546782615387620e+01 -2.5362950735597213e+01 -4.0647847029378227e+01 1.1342389000000000e-03 4.8578574999999999e-03
-1.4671500626648692e-01 -6.0007157943213508e+02 1.5369346583341326e-01 -2.8779539324835395e+02 -5.9789563731853150e+02 4.0708707911079713e+01 -2.1899926253621331e+01 -4.0058190980202852e+01 1.3036180000000001e-03 6.0760461999999999e-03
-1.4630154727981523e-01 -5.6156870368191881e+02 1.5487866824007740e-01 -2.3676924232638697e+02 -5.8343967682510606e+02 3.8127501896456110e+01 -1.8675463140775378e+01 -3.9393832797652465e+01 1.4816515000000000e-03 7.4679780999999997e-03
-1.4583397414146293e-01 -5.2655465509032581e+02 1.5621899177090126e-01 -1.8925872688617818e+02 -5.6742259579918027e+02 3.5768154849155934e+01 -1.5663116768486775e+01 -3.8654427591277837e+01 1.6679024999999999e-03 9.0420881999999994e-03
-1.4530990949446318e-01 -4.9458863087373624e+02 1.5772125124740138e-01 -1.4502323216593035e+02 -5.4988038099211144e+02 3.3602458567709320e+01 -1.2843332154503186e+01 -3.7840507943429031e+01 1.8619452999999999e-03 1.0806380000000001e-02
-1.4472710073850889e-01 -4.6530734145979898e+02 1.5939190386942426e-01 -1.0389808947226369e+02 -5.3087063236887559e+02 3.1607301861839240e+01 -1.0201669912967219e+01 -3.6953423861381630e+01 2.0633631000000000e-03 1.2768437000000001e-02
-1.4408341845564240e-01 -4.3840859239047990e+02 1.6123705372799102e-01 -6.5773196765706317e+01 -5.1047225999227533e+02 2.9763488959273015e+01 -7.7274788432859625e+00 -3.5995385778662573e+01 2.2717459999999998e-03 1.4935428000000001e-02
-1.4337685376660259e-01 -4.1363747824676818e+02 1.6326245938347109e-01 -3.0576690246437018e+01 -4.8878461596165454e+02 2.8054888287680722e+01 -5.4129211509900701e+00 -3.4969436249849046e+01 2.4866887000000002e-03 1.7314116000000001e-02
-1.4260551839023267e-01 -3.9077667641310137e+02 1.6547353369528614e-01 1.7376084471346391e+00 -4.6592702672913242e+02 2.6467750318135462e+01 -3.2522338857142672e+00 -3.3879425122575057e+01 2.7077901999999999e-03 1.9910858000000000e-02
-1.4176764137604392e-01 -3.6963906141008454e+02 1.6787535318819174e-01 3.1200328245166254e+01 -4.4203641266501188e+02 2.4990272545206381e+01 -1.2411425146033426e+00 -3.2729966248806392e+01 2.9346520999999999e-03 2.2731616000000000e-02
-1.4086157088645374e-01 -3.5006221171814838e+02 1.7047265294339667e-01 5.7834513289029879e+01 -4.1726623190389893e+02 2.3612229911771159e+01 6.2359202012085091e-01 -3.1526388926863607e+01 3.1668782999999998e-03 2.5781951000000001e-02
-1.3988577241454755e-01 -3.3190406331628901e+02 1.7326983170744359e-01 8.1662217726579115e+01 -3.9178373609405924e+02 2.2324692814495258e+01 2.3445471329562206e+00 -3.0274671347775801e+01 3.4040742000000001e-03 2.9067029000000001e-02
-1.3883882759592023e-01 -3.1503952744689747e+02 1.7627095529812992e-01 1.0270975341978364e+02 -3.6576802321715354e+02 2.1119807730554513e+01 3.9239468181460024e+00 -2.8981363959289808e+01 3.6458464000000000e-03 3.2591624999999999e-02
-1.3771943599091399e-01 -2.9935785153016650e+02 1.7947975149562678e-01 1.2101208186439511e+02 -3.3940712813479553e+02 1.9990629189350901e+01 5.3638708450421353e+00 -2.7653499967751287e+01 3.8918026000000000e-03 3.6360116999999997e-02
-1.3652641270830118e-01 -2.8476045710937274e+02 1.8289961685432038e-01 1.3661580387503298e+02 -3.1289496358044721e+02 1.8930968283894760e+01 6.6664949603683068e+00 -2.6298521669322071e+01 4.1415510999999999e-03 4.0376493999999999e-02
-1.3525868929640320e-01 -2.7115913442601101e+02 1.8653361414837138e-01 1.4958184284455061e+02 -2.8642810351590344e+02 1.7935295486733416e+01 7.8342389863111119e+00 -2.4924142585780928e+01 4.3947007000000003e-03 4.4644352999999998e-02
-1.3391531374309049e-01 -2.5847474557796824e+02 1.9038447237171505e-01 1.5998698244862581e+02 -2.6020279024266500e+02 1.6998646841134708e+01 8.8698583941802909e+00 -2.3538265200695790e+01 4.6508610999999997e-03 4.9166899000000000e-02
-1.3249544928762394e-01 -2.4663595016658104e+02 1.9445459014398175e-01 1.6792484872325863e+02 -2.3441161530961060e+02 1.6116537317890366e+01 9.7765623399788097e+00 -2.2148862519180650e+01 4.9096423000000002e-03 5.3946949000000001e-02
-1.3099837590585317e-01 -2.3557826023387503e+02 1.9874603145309638e-01 1.7350614912031810e+02 -2.0924041513875642e+02 1.5284908260460087e+01 1.0558058627075608e+01 -2.0763867912472580e+01 5.1706551000000002e-03 5.8986927000000001e-02
-1.2942348763685951e-01 -2.2524319777884639e+02 2.0326053331859956e-01 1.7685832610526450e+02 -1.8486505482359703e+02 1.4500071053785128e+01 1.1218603594405664e+01 -1.9391062429888549e+01 5.4335110000000002e-03 6.4288872999999996e-02
-1.2777029525631312e-01 -2.1557761637812177e+02 2.0799949812832635e-01 1.7812462190895846e+02 -1.6144884050876189e+02 1.3758664459465434e+01 1.1763004760734024e+01 -1.8037970185323921e+01 5.6978226000000002e-03 6.9854434000000007e-02
-1.2603842330607612e-01 -2.0653309062505156e+02 2.1296400215320788e-01 1.7746265758602567e+02 -1.3913984245571123e+02 1.3057615660744190e+01 1.2196616960133341e+01 -1.6711755053354761e+01 5.9632034000000004e-03 7.5684873999999999e-02
-1.2422761157940111e-01 -1.9806541629389361e+02 2.1815479128987036e-01 1.7504256081858318e+02 -1.1806860086769288e+02 1.2394108999925662e+01 1.2525303694993324e+01 -1.5419128398009921e+01 6.2292681999999997e-03 8.1781068999999998e-02
-1.2233771393277242e-01 -1.9013416472118246e+02 2.2357228446655600e-01 1.7104474372249402e+02 -9.8346351217669280e+01 1.1765551807035171e+01 1.2755408618396475e+01 -1.4166265084429380e+01 6.4956331999999999e-03 8.8143510999999994e-02
-1.2036869828590610e-01 -1.8270230312132773e+02 2.2921657364312287e-01 1.6565737991674607e+02 -8.0063579724999727e+01 1.1169575426024583e+01 1.2893686442451360e+01 -1.2958731344357583e+01 6.7619166000000000e-03 9.4772308000000000e-02
-1.1832064483951202e-01 -1.7573585563890057e+02 2.3508742891992579e-01 1.5907366595607974e+02 -6.3289031978357698e+01 1.0603976766032542e+01 1.2947235925080607e+01 -1.1801433353701624e+01 7.0277381999999996e-03 1.0166719000000000e-01
-1.1619374577825403e-01 -1.6920361372862976e+02 2.4118429938929681e-01 1.5148901012029671e+02 -4.8069209088154061e+01 1.0066725259580679e+01 1.2923420739782621e+01 -1.0698526033542606e+01 7.2927204000000001e-03 1.0882751000000000e-01
-1.1398830942930546e-01 -1.6307687481549272e+02 2.4750630121482253e-01 1.4309811838517436e+02 -3.4428367179019624e+01 9.5559417944909164e+00 1.2829783793528684e+01 -9.6534741172318306e+00 7.5564877000000004e-03 1.1625223000000000e-01
-1.1170475164819874e-01 -1.5732928589663766e+02 2.5405224232426915e-01 1.3409219873831253e+02 -2.2368866182020039e+01 9.0698826044280221e+00 1.2673962341715750e+01 -8.6689401885910815e+00 7.8186677999999999e-03 1.2393994999999999e-01
-1.0934359522474596e-01 -1.5193642560532547e+02 2.6082062411254281e-01 1.2465593614205656e+02 -1.1872065827129170e+01 8.6069272331746109e+00 1.2463591567610067e+01 -7.7468280939658509e+00 8.0788911000000008e-03 1.3188891000000000e-01
-1.0690547879422910e-01 -1.4687589719906504e+02 2.6780961589728436e-01 1.1496556950009976e+02 -2.8996304921104485e+00 8.1655693204799782e+00 1.2206220855461167e+01 -6.8882887179717098e+00 8.3367917000000003e-03 1.4009695999999999e-01
-1.0439114495581311e-01 -1.4212699917749597e+02 2.7501708897807631e-01 1.0518595566409039e+02 4.6048949199818079e+00 7.7444044570763726e+00 1.1909226763726366e+01 -6.0937397941756783e+00 8.5920070000000005e-03 1.4856159999999999e-01
-1.0180144621333942e-01 -1.3767062885664373e+02 2.8244059960683954e-01 9.5468901417725945e+01 1.0714122202337482e+01 7.3421226243347855e+00 1.1579733549008422e+01 -5.3629047369381109e+00 8.8441787999999997e-03 1.5727996000000000e-01
-9.9137339034532562e-02 -1.3348914239189048e+02 2.9007740601743603e-01 8.5951422020658811e+01 1.5514647519896767e+01 6.9574994219518800e+00 1.1224540670228242e+01 -4.6948583456331878e+00 9.0929527999999999e-03 1.6624881999999999e-01
-9.6399883851000179e-02 -1.2956624065842442e+02 2.9792446842566989e-01 7.6754461694161591e+01 1.9104679477917664e+01 6.5893890543476337e+00 1.0850058177390913e+01 -4.0880832494534616e+00 9.3379794999999995e-03 1.7546460999999999e-01
-9.3590242087836284e-02 -1.2588686240166689e+02 3.0597845754408792e-01 6.7981980251409155e+01 2.1591553656340473e+01 6.2367176425393263e+00 1.0462252444190003e+01 -3.5405333649136130e+00 9.5789143999999993e-03 1.8492342000000001e-01
-9.0709685074811391e-02 -1.2243710131744285e+02 3.1423572903757546e-01 5.9720483281736037e+01 2.3089193302595522e+01 5.8984794289860885e+00 1.0066603803018895e+01 -3.0497048151629458e+00 9.8154178999999998e-03 1.9462097000000000e-01
-8.7759579194389120e-02 -1.1920410125179497e+02 3.2269236609736435e-01 5.2038847421767265e+01 2.3715600748080181e+01 5.5737261297115186e+00 9.6680718457521895e+00 -2.6127060930877692e+00 1.0047156000000000e-02 2.0455266000000000e-01
-8.4741382911329488e-02 -1.1617597289290100e+02 3.3134418795583453e-01 4.4988576412550117e+01 2.3590409243792415e+01 5.2615666281402893e+00 9.2710727569147355e+00 -2.2263320017727279e+00 1.0273801000000001e-02 2.1471357999999999e-01
-8.1656661624672361e-02 -1.1334176617247904e+02 3.4018670731250600e-01 3.8604416878858032e+01 2.2832570264252372e+01 4.9611626968036777e+00 8.8794720332620400e+00 -1.8871450785276309e+00 1.0495031000000000e-02 2.2509846000000000e-01
-7.8507069845357338e-02 -1.1069134794985119e+02 3.4921518142284846e-01 3.2905219696585981e+01 2.1558226908221634e+01 4.6717214536777512e+00 8.4965803933740425e+00 -1.5915399624763198e+00 1.0710529999999999e-02 2.3570173000000000e-01
-7.5294354166620517e-02 -1.0821537673935904e+02 3.5842460358348005e-01 2.7895108119920046e+01 1.9878798951170246e+01 4.3924935826178348e+00 8.1251645330714233e+00 -1.3358186903789255e+00 1.0919989999999999e-02 2.4651751000000000e-01
-7.2020356234391084e-02 -1.0590524605590036e+02 3.6780969461736535e-01 2.3564857553780143e+01 1.7899347484550550e+01 4.1227674303163333e+00 7.7674649998094205e+00 -1.1162558334696164e+00 1.1123108000000000e-02 2.5753959999999998e-01
-6.8687003836101407e-02 -1.0375303025970332e+02 3.7736492841822045e-01 1.9893443257985627e+01 1.5717163533561731e+01 3.8618750339117942e+00 7.4252222116014099e+00 -9.2915791431057382e-01 1.1319591000000000e-02 2.6876150999999998e-01
-6.5296307930290287e-02 -1.0175144116087792e+02 3.8708454046531493e-01 1.6849659238221314e+01 1.3420702573773591e+01 3.6091725262087353e+00 7.0997077112445561e+00 -7.7091737885958567e-01 1.1509152000000000e-02 2.8017647000000001e-01
-6.1850365616999706e-02 -9.9893791463568633e+01 3.9696251930866966e-01 1.4393937826521849e+01 1.1088764305059392e+01 3.3640518950913862e+00 6.7917628615658980e+00 -6.3806018434805623e-01 1.1691511000000000e-02 2.9177742000000001e-01
-5.8351363108171420e-02 -9.8173961725729370e+01 4.0699259805425553e-01 1.2480014512407774e+01 8.7900032276077606e+00 3.1259332720264288e+00 6.5018406536841358e+00 -5.2728496679328241e-01 1.1866398000000000e-02 3.0355700000000002e-01
-5.4801551964473741e-02 -9.6586355571669955e+01 4.1716832248240665e-01 1.1056687175532797e+01 6.5826572809894666e+00 2.8942542445765738e+00 6.2300489647091410e+00 -4.3549421050673198e-01 1.2033550000000000e-02 3.1550762999999998e-01
-5.1203269888078051e-02 -9.5125883642263119e+01 4.2748299144420882e-01 1.0069487021024372e+01 4.5146033821292955e+00 2.6684890929692271e+00 5.9761950081514525e+00 -3.5981979502000638e-01 1.2192715000000000e-02 3.2762143999999999e-01
-4.7558925870675617e-02 -9.3787931164070685e+01 4.3792969943550764e-01 9.4621746044791823e+00 2.6235778723900403e+00 2.4481191132417988e+00 5.7398343101481544e+00 -2.9763947689005377e-01 1.2343646000000000e-02 3.3989032000000002e-01
-4.3871003163874253e-02 -9.2568331805953065e+01 4.4850132808210691e-01 9.1782355959271023e+00 9.3763843283249493e-01 2.2326516906512666e+00 5.5203165311909261e+00 -2.4658715542302478e-01 1.2486109000000000e-02 3.5230591000000000e-01
-4.0142047397611555e-02 -9.1463362085187427e+01 4.5919058019897552e-01 9.1621551109475696e+00 -5.2421833528585660e-01 2.0216087579722348e+00 5.3168240451891284e+00 -2.0455721789930198e-01 1.2619877000000000e-02 3.6485963999999999e-01
-3.6374675491344974e-02 -9.0469701140515184e+01 4.6998995424584228e-01 9.3604617472612759e+00 -1.7512943058550443e+00 1.8145269095022072e+00 5.1284173084140150e+00 -1.6970176012447694e-01 1.2744734000000001e-02 3.7754270000000001e-01
-3.2571566742861865e-02 -8.9584430117239691e+01 4.8089176987160070e-01 9.7226827465807482e+00 -2.7403340475914932e+00 1.6109552911782661e+00 4.9540710979447597e+00 -1.4042484192580651e-01 1.2860473000000001e-02 3.9034606999999999e-01
-2.8735456887486063e-02 -8.8805014085997016e+01 4.9188818494391284e-01 1.0202110468822827e+01 -3.4945847057247654e+00 1.4104536273127959e+00 4.7927096694027247e+00 -1.1537077810547378e-01 1.2966896000000000e-02 4.0326054000000000e-01
-2.4869144038871319e-02 -8.8129292960120338e+01 5.0297117851960538e-01 1.0756339821241999e+01 -4.0228489161505800e+00 1.2125909006297215e+00 4.6432353697343816e+00 -9.3410141200052643e-02 1.3063819000000001e-02 4.1627669000000000e-01
-2.0975470866621271e-02 -8.7555470011779178e+01 5.1413260193348043e-01 1.1347671224417253e+01 -4.3384697664283669e+00 1.0169428486071839e+00 4.5045600632686256e+00 -7.3622033623511732e-02 1.3151064000000001e-02 4.2938494999999999e-01
-1.7057342418669380e-02 -8.7082108702107931e+01 5.2536412770950447e-01 1.1943334349672133e+01 -4.4584052686973070e+00 8.2309124734378702e-01 4.3756204319112264e+00 -5.5276351039681412e-02 1.3228465999999999e-02 4.4257553999999999e-01
-1.3117702358105693e-02 -8.6708124929650339e+01 5.3665731767922265e-01 1.2515563891344428e+01 -4.4022846289931481e+00 6.3062121926866066e-01 4.2554001894674753e+00 -3.7811101536075663e-02 1.3295871000000001e-02 4.5583855000000001e-01
-9.1595448447635286e-03 -8.6432786768062314e+01 5.4800358892255163e-01 1.3041558756147767e+01 -4.1915550807379489e+00 4.3912019340047870e-01 4.1429435543876929e+00 -2.0814773563625849e-02 1.3353135000000000e-02 4.6916390000000002e-01
-5.1858996832361004e-03 -8.6255713355873482e+01 5.5939425634178785e-01 1.3503302651037439e+01 -3.8486880277501823e+00 2.4817567647744543e-01 4.0373651859909501e+00 -4.0040470396847522e-03 1.3400123999999999e-02 4.8254139000000001e-01
-1.1998382636698723e-03 -8.6176877495915292e+01 5.7082051563200475e-01 1.3887310107906446e+01 -3.3964772851256488e+00 5.7373689620754398e-02 3.9378578551120906e+00 1.2796666076290838e-02 1.3436718000000000e-02 4.9596067999999999e-01
2.7955383198221828e-03 -8.6196609972902166e+01 5.8227347734025869e-01 1.4184291306959917e+01 -2.8574160826604955e+00 -1.3370318660805847e-01 3.8436948487853515e+00 2.9673434981285392e-02 1.3462807000000000e-02 5.0941133000000005e-01
6.7970873875737026e-03 -8.6315616230929820e+01 5.9374413280638294e-01 1.4388752615285371e+01 -2.2531915539685050e+00 -3.2547682797427235e-01 3.7542345733325275e+00 4.6641334405519111e-02 1.3478291000000000e-02 5.2288276000000000e-01
1.0801651407935126e-02 -8.6534936032035816e+01 6.0522343079620222e-01 1.4498577674792411e+01 -1.6042409517776270e+00 -5.1837706406857720e-01 3.6689163021627236e+00 6.3661471708631498e-02 1.3483083000000000e-02 5.3636434000000000e-01
1.4806043145290271e-02 -8.6856055473268952e+01 6.1670223492752463e-01 1.4514565308373339e+01 -9.2943729162414745e-01 -7.1284271534348775e-01 3.5872558383344169e+00 8.0653063406410527e-02 1.3477108000000000e-02 5.4984533999999996e-01
1.8807051600849695e-02 -8.7280821299469821e+01 6.2817134069974490e-01 1.4439988593561432e+01 -2.4583814401286075e-01 -9.0932358481380327e-01 3.5088467418880036e+00 9.7510865959490226e-02 1.3460300999999999e-02 5.6331494999999998e-01
2.2801450923840588e-02 -8.7811509619383401e+01 6.3962150103824955e-01 1.4280095501217735e+01 4.3147548499187999e-01 -1.1082831725988278e+00 3.4333505855250626e+00 1.1411205215333182e-01 1.3432611000000001e-02 5.7676231000000000e-01
2.6786006352300246e-02 -8.8450837607932058e+01 6.5104344332401975e-01 1.4041734918611622e+01 1.0894831479672558e+00 -1.3102011892546153e+00 3.3604914006619135e+00 1.3032811514857756e-01 1.3393997000000000e-02 5.9017653000000003e-01
3.0757465301885889e-02 -8.9201986952967644e+01 6.6242784384922682e-01 1.3732923315963886e+01 1.7172502648629282e+00 -1.5155755413628560e+00 3.2900496405137827e+00 1.4603147742936720e-01 1.3344429999999999e-02 6.0354666000000001e-01
3.4712569247461550e-02 -9.0068633532742808e+01 6.7376536187643898e-01 1.3362457780695701e+01 2.3058892112360052e+00 -1.7249254593495582e+00 3.2218545489145405e+00 1.6110182618103450e-01 1.3283893999999999e-02 6.1686173000000000e-01
3.8648065604684534e-02 -9.1054983311119926e+01 6.8504667369782757e-01 1.2939589793222074e+01 2.8484833574846871e+00 -1.9387950033184920e+00 3.1557773257110795e+00 1.7543100055598035e-01 1.3212384000000001e-02 6.3011079000000003e-01
4.2560689907625404e-02 -9.2165654934541124e+01 6.9626242154635709e-01 1.2473725938558088e+01 3.3399652759431722e+00 -2.1577551861454323e+00 3.0917245923773260e+00 1.8892544499035660e-01 1.3129907000000000e-02 6.4328284999999996e-01
4.6447186601544899e-02 -9.3406485458551899e+01 7.0740327319939733e-01 1.1974159204079925e+01 3.7769717595258374e+00 -2.3824084645223871e+00 3.0296302827310777e+00 2.0150886181156497e-01 1.3036481000000001e-02 6.5636695000000000e-01
5.0304312013290248e-02 -9.4783056456397034e+01 7.1845993049352463e-01 1.1449916948326457e+01 4.1576764397005732e+00 -2.6133925265408728e+00 2.9694545249381363e+00 2.1312338540435458e-01 1.2932137999999999e-02 6.6935217000000002e-01
5.4128825440105388e-02 -9.6302280112703727e+01 7.2942310378011710e-01 1.0909496618971620e+01 4.4816115649831980e+00 -2.8513824866134221e+00 2.9111725640257466e+00 2.2372906561704065e-01 1.2816919000000000e-02 6.8222760000000005e-01
5.7917506972010840e-02 -9.7971697575210456e+01 7.4028356301416443e-01 1.0360797810213372e+01 4.7494830995696722e+00 -3.0971055311032014e+00 2.8547715098030717e+00 2.3330395091717349e-01 1.2690879000000000e-02 6.9498240000000000e-01
6.1667151551010491e-02 -9.9799705149715379e+01 7.5103212072466441e-01 9.8110096648011709e+00 4.9629863097705957e+00 -3.3513247517120934e+00 2.8002488578754781e+00 2.4184291605871930e-01 1.2554085000000000e-02 7.0760577999999996e-01
6.5374571941488130e-02 -1.0179563758216530e+02 7.6165964052942559e-01 9.2665469085828853e+00 5.1246242563094349e+00 -3.6148716452641567e+00 2.7476058882196961e+00 2.4935615346667858e-01 1.2406611999999999e-02 7.2008700999999997e-01
6.9036613582190876e-02 -1.0396986866793745e+02 7.7215707970907421e-01 8.7330173856988438e+00 5.2375390746506758e+00 -3.8886335220365602e+00 2.6968460612033374e+00 2.5586754318734850e-01 1.2248551000000000e-02 7.3241546999999996e-01
7.2650145675039052e-02 -1.0633391603918578e+02 7.8251546366265035e-01 8.2152104479904615e+00 5.3053508968988883e+00 -4.1735668182279042e+00 2.6479725084599104e+00 2.6141334093865393e-01 1.2080001999999999e-02 7.4458062000000003e-01
7.6212067125919603e-02 -1.0890056564194470e+02 7.9272590293721001e-01 7.7171111590847739e+00 5.3320156422676321e+00 -4.4707110276954936e+00 2.6009860741775861e+00 2.6603846219180777e-01 1.1901076999999999e-02 7.5657202000000001e-01
7.9719312485479393e-02 -1.1168401615384289e+02 8.0277961025743005e-01 7.2419292920665121e+00 5.3216881191808705e+00 -4.7811841269692934e+00 2.5558838226362974e+00 2.6979666456309315e-01 1.1711898000000000e-02 7.6837935000000002e-01
8.3168860860315219e-02 -1.1470004820322174e+02 8.1266792607001226e-01 6.7921405413809230e+00 5.2786153018468003e+00 -5.1062105061187530e+00 2.5126583627322501e+00 2.7274743728261264e-01 1.1512599000000000e-02 7.7999244000000001e-01
8.6557721060990439e-02 -1.1796619703094812e+02 8.2238227596967461e-01 6.3695424125039777e+00 5.2070344160318962e+00 -5.4471209393083839e+00 2.4712972343725035e+00 2.7495464196735375e-01 1.1303326000000001e-02 7.9140122000000002e-01
8.9882961306001624e-02 -1.2150200128846329e+02 8.3191425584716883e-01 5.9753107828828771e+00 5.1110888707269826e+00 -5.8053747532537372e+00 2.4317822078682907e+00 2.7648395032386786e-01 1.1084235000000000e-02 8.0259581999999996e-01
9.3141682488208644e-02 -1.2532919589629826e+02 8.4125555525606543e-01 5.6100683831620231e+00 4.9947702025628553e+00 -6.1825672308372823e+00 2.3940904382725643e+00 2.7740400083923117e-01 1.0855490000000001e-02 8.1356647999999998e-01
9.6331044908404523e-02 -1.2947206912727611e+02 8.5039803404596759e-01 5.2739483596616017e+00 4.8618505692940275e+00 -6.5804568057302077e+00 2.3581926843903993e+00 2.7778084999681174e-01 1.0617270000000000e-02 8.2430364000000000e-01
9.9448262334522114e-02 -1.3395776607859446e+02 8.5933370533290865e-01 4.9666645159995655e+00 4.7158653942001862e+00 -7.0009817763042186e+00 2.3240564868598819e+00 2.7768135153086015e-01 1.0369760000000000e-02 8.3479791999999997e-01
1.0249060497203094e-01 -1.3881669173861380e+02 8.6805474401415439e-01 4.6875691932206891e+00 4.5600621683529594e+00 -7.4462873332830686e+00 2.2916437869046047e+00 2.7716907038483329e-01 1.0113159000000000e-02 8.4504013000000000e-01
1.0545540243433360e-01 -1.4408297724008102e+02 8.7655349528300297e-01 4.4357263846244575e+00 4.3973984685928595e+00 -7.9187548463229236e+00 2.2609136616864807e+00 2.7630489891170812e-01 9.8476710000000005e-03 8.5502127999999999e-01
1.0834004374276601e-01 -1.4979502298381709e+02 8.8482247462878671e-01 4.2099617541026282e+00 4.2305298330095322e+00 -8.4210360797210271e+00 2.2318215077277230e+00 2.7514582413305755e-01 9.5735140000000000e-03 8.6473257999999997e-01
1.1114199217858045e-01 -1.5599617655467526e+02 8.9285441041087954e-01 4.0089164187898563e+00 4.0618095407753767e+00 -8.9560968084123580e+00 2.2043207622078116e+00 2.7374656864564811e-01 9.2909130999999992e-03 8.7416548999999999e-01
1.1385877043096254e-01 -1.6273544462378803e+02 9.0064220128468842e-01 3.8311023189778477e+00 3.8932946641279225e+00 -9.5272628822858874e+00 2.1783628339393548e+00 2.7215520248704617e-01 9.0001030000000006e-03 8.8331166999999999e-01
1.1648797841941100e-01 -1.7006860222316502e+02 9.0817896729046432e-01 3.6749393194018967e+00 3.7267570708769928e+00 -1.0138282224773558e+01 2.1538978967188815e+00 2.7041751310878576e-01 8.7013270999999996e-03 8.9216304000000002e-01
1.1902728438254767e-01 -1.7805904769365088e+02 9.1545802430889589e-01 3.5387962970744353e+00 3.5636997860720094e+00 -1.0793393997755430e+01 2.1308758242304755e+00 2.6857366081413281e-01 8.3948374000000006e-03 9.0071175000000003e-01
1.2147443973010091e-01 -1.8677943835352684e+02 9.2247292663511926e-01 3.4210233875154779e+00 3.4053701311194393e+00 -1.1497418745056573e+01 2.1092460771662749e+00 2.6666022046523558e-01 8.0808944000000001e-03 9.0895022999999997e-01
1.2382726716131903e-01 -1.9631324631686223e+02 9.2921743291951020e-01 3.3199787976601298e+00 3.2527890487526561e+00 -1.2255868200978554e+01 2.0889588981326801e+00 2.6470933240186606e-01 7.7597663000000001e-03 9.1687114999999997e-01
1.2608367254655667e-01 -2.0675690703536347e+02 9.3568554022689154e-01 3.2340535707424456e+00 3.1067637539180231e+00 -1.3075055612769695e+01 2.0699652435876761e+00 2.6274931631584930e-01 7.4317293999999999e-03 9.2446746000000002e-01
1.2824164789767162e-01 -2.1822246540414216e+02 9.4187149255133384e-01 3.1616950661265824e+00 2.9679127715797819e+00 -1.3962300600594137e+01 2.0522173793633107e+00 2.6080448215853913e-01 7.0970672000000004e-03 9.3173240000000002e-01
1.3029926542723164e-01 -2.3084087476739018e+02 9.4776976378655386e-01 3.1014081914938938e+00 2.8366904248121072e+00 -1.4926112970325050e+01 2.0356691879527435e+00 2.5889577329347119e-01 6.7560703000000000e-03 9.3865947999999999e-01
1.3225469240049742e-01 -2.4476636026793412e+02 9.5337510029992112e-01 3.0517782712511985e+00 2.7134020593271986e+00 -1.5976476565572685e+01 2.0202763782048971e+00 2.5704084609059552e-01 6.4090362999999996e-03 9.4524253000000003e-01
1.3410617331304286e-01 -2.6018186171565230e+02 9.5868246984364824e-01 3.0114756262133957e+00 2.5982324137281383e+00 -1.7125193627998669e+01 2.0059968539328574e+00 2.5525448584663640e-01 6.0562691999999996e-03 9.5147563999999996e-01
1.3585205959472180e-01 -2.7730662184446948e+02 9.6368714670280875e-01 2.9792606265964139e+00 2.4912575857372730e+00 -1.8386244755056300e+01 1.9927907059753240e+00 2.5354876588883229e-01 5.6980790999999996e-03 9.5735325999999998e-01
1.3749077990570097e-01 -2.9640584358639501e+02 9.6838462654731927e-01 2.9539857593226202e+00 2.3924701046546155e+00 -1.9777031125973757e+01 1.9806198971277147e+00 2.5193360845210000e-01 5.3347821999999998e-03 9.6287009999999995e-01
1.3902086984042705e-01 -3.1780455984005317e+02 9.7277071157995620e-01 2.9345988160961451e+00 2.3017922313736991e+00 -2.1317998677646933e+01 1.9694499800191383e+00 2.5041654930007701e-01 4.9667000000000001e-03 9.6802122999999995e-01
1.4044095113484978e-01 -3.4190662186430046e+02 9.7684145093274477e-01 2.9201413540092434e+00 2.2190918985919690e+00 -2.3035122973354909e+01 1.9592482353953100e+00 2.4900415490189254e-01 4.5941591999999996e-03 9.7280200999999999e-01
1.4174975542959534e-01 -3.6922254598276174e+02 9.8059320878537215e-01 2.9097457212230751e+00 2.1441998854126569e+00 -2.4961054273594300e+01 1.9499847210207948e+00 2.4770054015269757e-01 4.2174915999999996e-03 9.7720817000000004e-01
1.4294610050679302e-01 -4.0041035143927155e+02 9.8402259624677324e-01 2.9026349749346361e+00 2.0769141222398075e+00 -2.7137868719580169e+01 1.9416320961467566e+00 2.4650877142690600e-01 3.8370333000000002e-03 9.8123572999999997e-01
1.4402891405324858e-01 -4.3633967497579420e+02 9.8712653947354534e-01 2.8981175720940531e+00 2.0170302352456027e+00 -2.9621194076630434e+01 1.9341655765148689e+00 2.4543149309626330e-01 3.4531249000000000e-03 9.8488107999999996e-01
1.4499722474925425e-01 -4.7819470151446779e+02 9.8990225412554267e-01 2.8955839068831049e+00 1.9643204843553566e+00 -3.2486858331887582e+01 1.9275629645545473e+00 2.4447003717767413e-01 3.0661112999999999e-03 9.8814095000000002e-01
1.4585015632779524e-01 -5.2765002627518311e+02 9.9234722833627220e-01 2.8945049533214173e+00 1.9185747588148478e+00 -3.5842158219614710e+01 1.9218046159093292e+00 2.4362520823541878e-01 2.6763420000000000e-03 9.9101238999999997e-01
1.4658694539692996e-01 -5.8719559949583243e+02 9.9445927380170485e-01 2.8944227178234323e+00 1.8795735879347222e+00 -3.9846926458178416e+01 1.9168732996097244e+00 2.4289736755644803e-01 2.2841723000000002e-03 9.9349282999999999e-01
1.4720693549899655e-01 -6.6078760237067956e+02 9.9623650875067149e-01 2.8949533161182428e+00 1.8471559183946566e+00 -4.4755669779356431e+01 1.9127543511167548e+00 2.4228653884017673e-01 1.8899688000000000e-03 9.9558005999999999e-01
1.4770957414021629e-01 -7.5535228242029223e+02 9.9767734943006170e-01 2.8957803911194961e+00 1.8211319378224506e+00 -5.1014774868815529e+01 1.9094354165545915e+00 2.4179255214897355e-01 1.4941295000000000e-03 9.9727222000000004e-01
1.4809445437624669e-01 -8.8502048185711351e+02 9.9878062931204648e-01 2.8966487936980871e+00 1.8013663218884641e+00 -5.9536832057677536e+01 1.9069063137726610e+00 2.4141509610316872e-01 1.0971916000000000e-03 9.9856794000000004e-01
1.4836142768725480e-01 -1.0884851707737400e+03 9.9954592265654241e-01 2.8973712458736856e+00 1.7877389002419506e+00 -7.2825842990729853e+01 1.9051582432826804e+00 2.4115371242714839e-01 7.0085733000000002e-04 9.9946672000000003e-01
