-2.6437798553832448e-01 -1.9430464939485921e+03 2.6437927911716735e-01 -1.8835660313741319e+03 -5.6540757334514797e+02 1.3059714993051770e+02 -1.2670191469047461e+02 -3.7037290655582254e+01 5.5301730000000003e-06 1.0230946000000001e-06
-2.6436799159094271e-01 -1.4089923787509251e+03 2.6439318297387643e-01 -1.3487747546227999e+03 -5.6525224679767757e+02 9.5607902594819961e+01 -9.1678251199690592e+01 -3.7030263351228335e+01 3.5894988000000002e-05 1.9923924999999999e-05
-2.6433663685818143e-01 -1.1613628778536697e+03 2.6443680454749580e-01 -1.0992816258289511e+03 -5.6476515098551943e+02 7.9372047074755358e+01 -7.5354735891937693e+01 -3.7008223923312748e+01 8.5619985000000003e-05 7.9222864999999994e-05
-2.6427456466387822e-01 -9.9911970638950845e+02 2.6452316110534418e-01 -9.3390881765396261e+02 -5.6380184967582363e+02 6.8719600901033445e+01 -6.4554067012952089e+01 -3.6964628032800618e+01 1.5173507999999999e-04 1.9661552000000001e-04
-2.6417358598892582e-01 -8.7890027368720575e+02 2.6466364543786797e-01 -8.0925642176625990e+02 -5.6223756505481265e+02 6.0809939341415927e+01 -5.6433041502817765e+01 -3.6893805840143344e+01 2.3255418000000001e-04 3.8758918999999998e-04
-2.6402625311838651e-01 -7.8391828467246762e+02 2.6486861901259834e-01 -7.0855810665571346e+02 -5.5996142478064246e+02 5.4543725140443620e+01 -4.9892403942715099e+01 -3.6790693148601740e+01 3.2689763000000001e-04 6.6622920000000002e-04
-2.6382566564052928e-01 -7.0587996910632160e+02 2.6514768187366972e-01 -6.2357809031889281e+02 -5.5687440407199495e+02 4.9378159567414954e+01 -4.4391206002334407e+01 -3.6650729009478830e+01 4.3385032000000002e-04 1.0455858000000000e-03
-2.6356536187450008e-01 -6.4006461312667614e+02 2.6550982369065512e-01 -5.4968112504756493e+02 -5.5288864791932758e+02 4.5004638430586418e+01 -3.9623974714704531e+01 -3.6469815350832398e+01 5.5265518999999999e-04 1.5378795000000000e-03
-2.6323925175518953e-01 -5.8352014110232960e+02 2.6596351713099986e-01 -4.8402141562777587e+02 -5.4792745883598400e+02 4.1230494688535899e+01 -3.5402149599328084e+01 -3.6244306740470776e+01 6.8265765000000004e-04 2.1546280000000000e-03
-2.6284157151346549e-01 -5.3427094966586378e+02 2.6651678091013781e-01 -4.2474574931468766e+02 -5.4192561613352234e+02 3.7927067805225384e+01 -3.1601938844909689e+01 -3.5971015475194839e+01 8.2327310000000005e-04 2.9067318999999999e-03
-2.6236685279676136e-01 -4.9092519299456956e+02 2.6717722275178579e-01 -3.7059719590902444e+02 -5.3482988312859709e+02 3.5003951240750467e+01 -2.8138407602955603e+01 -3.5647225876841254e+01 9.7396649000000004e-04 3.8045331000000002e-03
-2.6180990009115002e-01 -4.5246176876522543e+02 2.6795207079898009e-01 -3.2069913338214957e+02 -5.2659957791867987e+02 3.2395018997148100e+01 -2.4951376220245386e+01 -3.5270712588928191e+01 1.1342389000000000e-03 4.8578574999999999e-03
-2.6116577422412357e-01 -4.1810666136873266e+02 2.6884819656546682e-01 -2.7442901229751584e+02 -5.1720714489744159e+02 3.0050311216511790e+01 -2.1997196871537156e+01 -3.4839760296491143e+01 1.3036180000000001e-03 6.0760461999999999e-03
-2.6042978041468390e-01 -3.8725714876740591e+02 2.6987213156074702e-01 -2.3134021584443863e+02 -5.0663867510412695e+02 2.7931058919732557e+01 -1.9243681893565256e+01 -3.4353182983599609e+01 1.4816515000000000e-03 7.4679780999999997e-03
-2.5959745859708894e-01 -3.5943331373180297e+02 2.7103008075194951e-01 -1.9111124301687400e+02 -4.9489431531492875e+02 2.6006492996146992e+01 -1.6666823895529742e+01 -3.3810340175754753e+01 1.6679024999999999e-03 9.0420881999999994e-03
-2.5866457686426481e-01 -3.3424518353632891e+02 2.7232793168553748e-01 -1.5351130426015010e+02 -4.8198855209314041e+02 2.4251724556803236e+01 -1.4248592033462096e+01 -3.3211150016018365e+01 1.8619452999999999e-03 1.0806380000000001e-02
-2.5762712538710009e-01 -3.1137169198197722e+02 2.7377126294695514e-01 -1.1837606247956241e+02 -4.6795031548605078e+02 2.2646288322228553e+01 -1.1975395535937842e+01 -3.2556096714268719e+01 2.0633631000000000e-03 1.2768437000000001e-02
-2.5648131361203302e-01 -2.9054392927406747e+02 2.7536534805942159e-01 -8.5590061985731353e+01 -4.5282291731364052e+02 2.1173119136106838e+01 -9.8369838154420162e+00 -3.1846233317585710e+01 2.2717459999999998e-03 1.4935428000000001e-02
-2.5522356555511416e-01 -2.7153439584720206e+02 2.7711516203096215e-01 -5.5073433398254075e+01 -4.3666374502963646e+02 1.9817809864147364e+01 -7.8256355558179553e+00 -3.1083176400731357e+01 2.4866887000000002e-03 1.7314116000000001e-02
-2.5385051990775748e-01 -2.5414860467698455e+02 2.7902538120728382e-01 -2.6771776839566943e+01 -4.1954379015852152e+02 1.8568069276969446e+01 -5.9355106069657051e+00 -3.0269095983378346e+01 2.7077901999999999e-03 1.9910858000000000e-02
-2.5235902422041290e-01 -2.3821877048246512e+02 2.8110039136361153e-01 -6.4804886555893892e-01 -4.0154686519732309e+02 1.7413309388685189e+01 -4.1622381002076425e+00 -2.9406694350014138e+01 2.9346520999999999e-03 2.2731616000000000e-02
-2.5074613807510859e-01 -2.2359908648154075e+02 2.8334428329095940e-01 2.3323777396328005e+01 -3.8276871672654448e+02 1.6344337924109322e+01 -2.5024745871990213e+00 -2.8499182588009603e+01 3.1668782999999998e-03 2.5781951000000001e-02
-2.4900912991290872e-01 -2.1016197973021721e+02 2.8576085720985944e-01 4.5163978541987916e+01 -3.6331582407509285e+02 1.5353114745475192e+01 -9.5363440742336247e-01 -2.7550245541500963e+01 3.4040742000000001e-03 2.9067029000000001e-02
-2.4714547491888511e-01 -1.9779518066936106e+02 2.8835362571284762e-01 6.4891347910074842e+01 -3.4330401198105136e+02 1.4432562009833575e+01 4.8636299166950825e-01 -2.6564000406195166e+01 3.6458464000000000e-03 3.2591624999999999e-02
-2.4515285819465971e-01 -1.8639941661832472e+02 2.9112580935073495e-01 8.2526618630881728e+01 -3.2285694575672028e+02 1.3576415582756637e+01 1.8192897341195322e+00 -2.5544951443579517e+01 3.8918026000000000e-03 3.6360116999999997e-02
-2.4302917052834802e-01 -1.7588649876495705e+02 2.9408034251757909e-01 9.8095300589031666e+01 -3.0210437536383557e+02 1.2779101970795596e+01 3.0467765296582918e+00 -2.4497934338940990e+01 4.1415510999999999e-03 4.0376493999999999e-02
-2.4077250998083038e-01 -1.6617779707802197e+02 2.9721987124382027e-01 1.1162986237239676e+02 -2.8118032129184127e+02 1.2035640976947944e+01 4.1704443535318481e+00 -2.3428058575969082e+01 4.3947007000000003e-03 4.4644352999999998e-02
-2.3838118188575183e-01 -1.5720296914993676e+02 3.0054675319628099e-01 1.2317140798712070e+02 -2.6022114194012687e+02 1.1341564954635647e+01 5.1920123981089468e+00 -2.2340644848694492e+01 4.6508610999999997e-03 4.9166899000000000e-02
-2.3585369673449408e-01 -1.4889889455945132e+02 3.0406306062065214e-01 1.3277087580453875e+02 -2.3936353486083053e+02 1.0692851311003718e+01 6.1133842564991028e+00 -2.1241157780273998e+01 4.9096423000000002e-03 5.3946949000000001e-02
-2.3318877281996059e-01 -1.4120879541311018e+02 3.0777057666338536e-01 1.4048976077688820e+02 -2.1874255797360999e+02 1.0085867402773179e+01 6.9367118560589258e+00 -2.0135138995465184e+01 5.1706551000000002e-03 5.8986927000000001e-02
-2.3038533147776324e-01 -1.3408146919062298e+02 3.1167080199228669e-01 1.4640046516198595e+02 -1.9848962004188817e+02 9.5173222950386673e+00 7.6644447389153179e+00 -1.9028136080325044e+01 5.4335110000000002e-03 6.4288872999999996e-02
-2.2744250184503570e-01 -1.2747066044621556e+02 3.1576494817592293e-01 1.5058622808062375e+02 -1.7873061263445763e+02 8.9842280709725699e+00 8.2993599866806775e+00 -1.7925636063401384e+01 5.6978226000000002e-03 6.9854434000000007e-02
-2.2435961557286299e-01 -1.2133449582955426e+02 3.2005394503983658e-01 1.5314072683366118e+02 -1.5958407820233757e+02 8.4838645622354072e+00 8.8445791530980618e+00 -1.6832996434949404e+01 5.9632034000000004e-03 7.5684873999999999e-02
-2.2113620947006662e-01 -1.1563501417529186e+02 3.2453843698843837e-01 1.5416735363648513e+02 -1.4115957402736231e+02 8.0137506534069729e+00 9.3035713466188916e+00 -1.5755382183276023e+01 6.2292681999999997e-03 8.1781068999999998e-02
-2.1777202338817653e-01 -1.1033774832361838e+02 3.2921878594749332e-01 1.5377823204038629e+02 -1.2355619326154003e+02 7.5716185521899746e+00 9.6801447623442751e+00 -1.4697705203064229e+01 6.4956331999999999e-03 8.8143510999999994e-02
-2.1426700022143100e-01 -1.0541136387801812e+02 3.3409507136412059e-01 1.5209298354540019e+02 -1.0686130359727967e+02 7.1553917932391213e+00 9.9784266121774614e+00 -1.3664569527365311e+01 6.7619166000000000e-03 9.4772308000000000e-02
-2.1062128273423433e-01 -1.0082733793348291e+02 3.3916709462052225e-01 1.4923730428531056e+02 -9.1149508782584377e+01 6.7631656250666792e+00 1.0202835735143211e+01 -1.2660221792883346e+01 7.0277381999999996e-03 1.0166719000000000e-01
-2.0683521303239985e-01 -9.6559680578786939e+01 3.4443437976960500e-01 1.4534140167506916e+02 -7.6481879188925319e+01 6.3931901456798741e+00 1.0358045416427972e+01 -1.1688509551191746e+01 7.2927204000000001e-03 1.0882751000000000e-01
-2.0290933996574856e-01 -9.2584696000692176e+01 3.4989616323627937e-01 1.4053833322744785e+02 -6.2905470643261069e+01 6.0438560857756993e+00 1.0448940830426654e+01 -1.0752848718201260e+01 7.5564877000000004e-03 1.1625223000000000e-01
-1.9884440379415469e-01 -8.8880746647074957e+01 3.5555141515048244e-01 1.3496226358357106e+02 -5.0453036822692184e+01 5.7136801151625916e+00 1.0480572470810126e+01 -9.8561935410477375e+00 7.8186677999999999e-03 1.2393994999999999e-01
-1.9464133513003157e-01 -8.5428061416693282e+01 3.6139884081842089e-01 1.2874673594194419e+02 -3.9143061766236876e+01 5.4012933234460929e+00 1.0458104684053303e+01 -9.0010187441069025e+00 8.0788911000000008e-03 1.3188891000000000e-01
-1.9030127080104312e-01 -8.2208575850242127e+01 3.6743685865392661e-01 1.2202298794518271e+02 -2.8980114630241435e+01 5.1054319930477874e+00 1.0386763130829031e+01 -8.1893065499103042e+00 8.3367917000000003e-03 1.4009695999999999e-01
-1.8582553269982191e-01 -7.9205759410620416e+01 3.7366362960331601e-01 1.1491830435761896e+02 -1.9955321804363439e+01 4.8249266223241012e+00 1.0271781300640193e+01 -7.4225744306112045e+00 8.5920070000000005e-03 1.4856159999999999e-01
-1.8121563835911009e-01 -7.6404485844197481e+01 3.8007704243296009e-01 1.0755451818618873e+02 -1.2047170619091370e+01 4.5586943660654065e+00 1.0118348219641778e+01 -6.7018159210155996e+00 8.8441787999999997e-03 1.5727996000000000e-01
-1.7647329037661835e-01 -7.3790902231147570e+01 3.8667472844171424e-01 1.0004662469406126e+02 -5.2224570532781325e+00 4.3057308313442340e+00 9.9315579333124173e+00 -6.0275792183376051e+00 9.0929527999999999e-03 1.6624881999999999e-01
-1.7160037641502596e-01 -7.1352318278727566e+01 3.9345406146091805e-01 9.2501584830934362e+01 5.6257248237220081e-01 4.0651034990001254e+00 9.7163608254998284e+00 -5.3999601813795577e+00 9.3379794999999995e-03 1.7546460999999999e-01
-1.6659896391441018e-01 -6.9077104297881164e+01 4.0041216521061018e-01 8.5017307794865459e+01 5.3609366289551561e+00 3.8359451261732715e+00 9.4775201657151840e+00 -4.8186229883782863e+00 9.5789143999999993e-03 1.8492342000000001e-01
-1.6147131595495795e-01 -6.6954607759265599e+01 4.0754589123088403e-01 7.7681879256189958e+01 9.2335323324079468e+00 3.6174491477280153e+00 9.2195737400220743e+00 -4.2828457559159565e+00 9.8154178999999998e-03 1.9462097000000000e-01
-1.5621986481911310e-01 -6.4975059860680659e+01 4.1485185566296162e-01 7.0572931884783131e+01 1.2247692926659102e+01 3.4088632925033941e+00 8.9467984521669486e+00 -3.7915482279611439e+00 1.0047156000000000e-02 2.0455266000000000e-01
-1.5084720670400595e-01 -6.3129502448897846e+01 4.2232644660540808e-01 6.3757277182293642e+01 1.4475704234698270e+01 3.2094849724869756e+00 8.6631820540500009e+00 -3.3433317202060686e+00 1.0273801000000001e-02 2.1471357999999999e-01
-1.4535612815930588e-01 -6.1409731352541947e+01 4.2996578733305801e-01 5.7290788419036012e+01 1.5993308215576631e+01 3.0186581265864927e+00 8.3724022426664071e+00 -2.9365243037042097e+00 1.0495031000000000e-02 2.2509846000000000e-01
-1.3974957436179813e-01 -5.9808225356622295e+01 4.3776578043430414e-01 5.1218415857825811e+01 1.6878266082989029e+01 2.8357681884170187e+00 8.0778083592620895e+00 -2.5692204886467365e+00 1.0710529999999999e-02 2.3570173000000000e-01
-1.3403065440295447e-01 -5.8318095378582555e+01 4.4572210045488231e-01 4.5574442824849470e+01 1.7208953983297292e+01 2.6602388713008236e+00 7.7824123654205284e+00 -2.2393263471471454e+00 1.0919989999999999e-02 2.4651751000000000e-01
-1.2820264657650360e-01 -5.6933037164534902e+01 4.5383018654165685e-01 4.0382914323223908e+01 1.7063082465792856e+01 2.4915291263136208e+00 7.4888843819438566e+00 -1.9446028986297135e+00 1.1123108000000000e-02 2.5753959999999998e-01
-1.2226898251571952e-01 -5.5647283140502708e+01 4.6208526451126480e-01 3.5658205685423070e+01 1.6516500386267833e+01 2.3291297027066182e+00 7.1995528702179321e+00 -1.6827075169422854e+00 1.1319591000000000e-02 2.6876150999999998e-01
-1.1623324190585116e-01 -5.4455562905235354e+01 4.7048235420633067e-01 3.1405722871317398e+01 1.5642140640703259e+01 2.1725603585263924e+00 6.9164111003046793e+00 -1.4512339167901407e+00 1.1509152000000000e-02 2.8017647000000001e-01
-1.1009915777169280e-01 -5.3353068695307265e+01 4.7901626213925147e-01 2.7622731660849396e+01 1.4509113443967580e+01 2.0213675166986014e+00 6.6411279640295646e+00 -1.2477501460034122e+00 1.1691511000000000e-02 2.9177742000000001e-01
-1.0387062176515460e-01 -5.2335424163849517e+01 4.8768157413598240e-01 2.4299255741698740e+01 1.3181938557271963e+01 1.8751220114127973e+00 6.3750634218527722e+00 -1.0698331137183912e+00 1.1866398000000000e-02 3.0355700000000002e-01
-9.7551641864698474e-02 -5.1398648595552842e+01 4.9647271418575428e-01 2.1418998743116195e+01 1.1719942335741329e+01 1.7334160065805504e+00 6.1192841940574620e+00 -9.1509844525650397e-01 1.2033550000000000e-02 3.1550762999999998e-01
-9.1146379388331533e-02 -5.0539137838395568e+01 5.0538389294757080e-01 1.8960353243198519e+01 1.0176804765533095e+01 1.5958618192360572e+00 5.8745877008343328e+00 -7.8122884308738783e-01 1.2192715000000000e-02 3.2762143999999999e-01
-8.4659122555753780e-02 -4.9753637074589641e+01 5.1440914453128195e-01 1.6897368629342207e+01 8.6002936817564084e+00 1.4620894561823310e+00 5.6415224514269591e+00 -6.6599669320377097e-01 1.2343646000000000e-02 3.3989032000000002e-01
-7.8094291775928415e-02 -4.9039221551629396e+01 5.2354231914136928e-01 1.5200724369450956e+01 7.0320561658788803e+00 1.3317449791650033e+00 5.4204139004692706e+00 -5.6728375550316601e-01 1.2486109000000000e-02 3.5230591000000000e-01
-7.1456418496799734e-02 -4.8393276081970647e+01 5.3277711250180493e-01 1.3838656174327879e+01 5.5076506508767347e+00 1.2044884347353344e+00 5.2113885840263139e+00 -4.8309590875666109e-01 1.2619877000000000e-02 3.6485963999999999e-01
-6.4750161068004797e-02 -4.7813481469254640e+01 5.4210704378740748e-01 1.2777841632988501e+01 4.0566320916748975e+00 1.0799925811139637e+00 5.0144003561634500e+00 -4.1157534488285258e-01 1.2744734000000001e-02 3.7754270000000001e-01
-5.7980288878161812e-02 -4.7297798948327532e+01 5.5152547769248605e-01 1.1984201237854281e+01 2.7027625341544783e+00 9.5794108788160726e-01 4.8292551157271504e+00 -3.5100764250213934e-01 1.2860473000000001e-02 3.9034606999999999e-01
-5.1151671779729013e-02 -4.6844454391778612e+01 5.6102563914326953e-01 1.1423642326902160e+01 1.4643146099357816e+00 8.3802691313780731e-01 4.6556352899823441e+00 -2.9982668701728121e-01 1.2966896000000000e-02 4.0326054000000000e-01
-4.4269290664145755e-02 -4.6451947777520665e+01 5.7060059858547796e-01 1.1062695502927276e+01 3.5444485138514603e-01 7.1995110995856715e-01 4.4931234428069589e+00 -2.5661614351170248e-01 1.3063819000000001e-02 4.1627669000000000e-01
-3.7338205736409447e-02 -4.6119006129541440e+01 5.8024331612160984e-01 1.0869079950851177e+01 -6.1837235365255727e-01 6.0342092461218710e-01 4.3412236480627602e+00 -2.2010776768170462e-01 1.3151064000000001e-02 4.2938494999999999e-01
-3.0363588240498535e-02 -4.5844616409812154e+01 5.8994659737365440e-01 1.0812163955664293e+01 -1.4498640503809692e+00 4.8814903658315023e-01 4.1993826033498571e+00 -1.8917783482550563e-01 1.3228465999999999e-02 4.4257553999999999e-01
-2.3350678158808341e-02 -4.5628000338092264e+01 5.9970315233280924e-01 1.0863337711444636e+01 -2.1394658328363181e+00 3.7385152846839897e-01 4.0670070778930629e+00 -1.6284148800193435e-01 1.3295871000000001e-02 4.5583855000000001e-01
-1.6304805362433283e-02 -4.5468616127229566e+01 6.0950556593462180e-01 1.0996294051288920e+01 -2.6898020744547346e+00 2.6024695753807237e-01 3.9434809923638161e+00 -1.4024532171341969e-01 1.3353135000000000e-02 4.6916390000000002e-01
-9.2313631733141333e-03 -4.5366156799349426e+01 6.1934633484006207e-01 1.1187231016461483e+01 -3.1061813293756546e+00 1.4705462580034112e-01 3.8281792327656525e+00 -1.2065883561165937e-01 1.3400123999999999e-02 4.8254139000000001e-01
-2.1358189393789750e-03 -4.5320551068244804e+01 6.2921785272309450e-01 1.1414964983965914e+01 -3.3960883076085802e+00 3.3993440383537354e-02 3.7204804127135289e+00 -1.0346492849459044e-01 1.3436718000000000e-02 4.9596067999999999e-01
4.9763071157387095e-03 -4.5331965479188710e+01 6.3911243969553577e-01 1.1660985889207931e+01 -3.5687169583447678e+00 -7.9219764928150305e-02 3.6197767734809982e+00 -8.8149863019444483e-02 1.3462807000000000e-02 5.0941133000000005e-01
1.2099420742417932e-02 -4.5400808642267911e+01 6.4902231288219614e-01 1.1909434889454701e+01 -3.6345158784262397e+00 -1.9287127437700358e-01 3.5254828868887138e+00 -7.4292741244950722e-02 1.3478291000000000e-02 5.2288276000000000e-01
1.9227901253185298e-02 -4.5527737565076691e+01 6.5893965262681242e-01 1.2147041403396653e+01 -3.6047810608290485e+00 -3.0725267324468986e-01 3.4370419007222286e+00 -6.1555272698012461e-02 1.3483083000000000e-02 5.3636434000000000e-01
2.6356075084861930e-02 -4.5713665767132063e+01 6.6885656571097407e-01 1.2363007255407364e+01 -3.4912878539451166e+00 -4.2266193175988054e-01 3.3539305300897873e+00 -4.9671486789447376e-02 1.3477108000000000e-02 5.4984533999999996e-01
3.3478226373704734e-02 -4.5959773683033248e+01 6.7876510006655266e-01 1.2548854241907309e+01 -3.3059588360082977e+00 -5.3940515411907430e-01 3.2756626443956369e+00 -3.8437852637893712e-02 1.3460300999999999e-02 5.6331494999999998e-01
4.0588612818117931e-02 -4.6267521564597821e+01 6.8865726684434603e-01 1.2698245495645173e+01 -3.0605924980019488e+00 -6.5779851512423759e-01 3.2017911502995298e+00 -2.7703824549598233e-02 1.3432611000000001e-02 5.7676231000000000e-01
4.7681476253794319e-02 -4.6638665427280046e+01 6.9852505512650787e-01 1.2806792077791860e+01 -2.7666115251813994e+00 -7.7817023872711566e-01 3.1319085396934443e+00 -1.7363393376061558e-02 1.3393997000000000e-02 5.9017653000000003e-01
5.4751026791003299e-02 -4.7075274360201284e+01 7.0836040985790349e-01 1.2871836970905266e+01 -2.4348857387485934e+00 -9.0086227293229060e-01 3.0656473497728238e+00 -7.3466891247791384e-03 1.3344429999999999e-02 6.0354666000000001e-01
6.1791463964873394e-02 -4.7579752578479408e+01 7.1815526127096840e-01 1.2892239795927546e+01 -2.0755690241612705e+00 -1.0262327554291826e+00 3.0026788930193447e+00 2.3869043964730866e-03 1.3283893999999999e-02 6.1686173000000000e-01
6.8796997885674060e-02 -4.8154865447815205e+01 7.2790155431056802e-01 1.2868163087252679e+01 -1.6979932029866722e+00 -1.1546586718312153e+00 2.9427116930133885e+00 1.1855467900158206e-02 1.3212384000000001e-02 6.3011079000000003e-01
7.5761817513392560e-02 -4.8803765772209829e+01 7.3759120449670879e-01 1.2800859257114762e+01 -1.3105889387270524e+00 -1.2865378144640254e+00 2.8854894006075682e+00 2.1060032007649051e-02 1.3129907000000000e-02 6.4328284999999996e-01
8.2680127670728132e-02 -4.9530029155337445e+01 7.4721614941804104e-01 1.2692469707599257e+01 -9.2084262077177670e-01 -1.4222922135045288e+00 2.8307884538091010e+00 2.9989364533690117e-02 1.3036481000000001e-02 6.5636695000000000e-01
8.9546154330661654e-02 -5.0337692712454299e+01 7.5676835608807425e-01 1.2545835067765363e+01 -5.3527369773790467e-01 -1.5623713136594501e+00 2.7784151055751813e+00 3.8624613961208254e-02 1.2932137999999999e-02 6.6935217000000002e-01
9.6354128753744828e-02 -5.1231296362055637e+01 7.6623979887653271e-01 1.2364320283165098e+01 -1.5945402801920405e-01 -1.7072550838537286e+00 2.7282028668342626e+00 4.6942070704550656e-02 1.2816919000000000e-02 6.8222760000000005e-01
1.0309831921352292e-01 -5.2215936278390409e+01 7.7562250364664365e-01 1.2151657738936199e+01 2.0197877135672032e-01 -1.8574584542394992e+00 2.6800094393253353e+00 5.4916459724106276e-02 1.2690879000000000e-02 6.9498240000000000e-01
1.0977302042139397e-01 -5.3297320467188285e+01 7.8490853304270802e-01 1.1911805404551890e+01 5.4526739994090234e-01 -2.0135353531355795e+00 2.6337141185187201e+00 6.2522813028631302e-02 1.2554085000000000e-02 7.0760577999999996e-01
1.1637255881417918e-01 -5.4481834469114062e+01 7.9408999384631551e-01 1.1648830180666639e+01 8.6748508560292537e-01 -2.1760835515258661e+00 2.5892139795798972e+00 6.9738346177497301e-02 1.2406611999999999e-02 7.2008700999999997e-01
1.2289131899197547e-01 -5.5776620898656553e+01 8.0315907375741735e-01 1.1366779483378618e+01 1.1664672454681646e+00 -2.3457507626680556e+00 2.5464231878737409e+00 7.6543656001359719e-02 1.2248551000000000e-02 7.3241546999999996e-01
1.2932372785544416e-01 -5.7189663150460468e+01 8.1210801932568299e-01 1.1069638940156981e+01 1.4407448178054065e+00 -2.5232403277977946e+00 2.5052691070295925e+00 8.2923228782304445e-02 1.2080001999999999e-02 7.4458062000000003e-01
1.3566426518095165e-01 -5.8729885996663668e+01 8.2092915066292926e-01 1.0761218101957541e+01 1.6894646773359852e+00 -2.7093184025136532e+00 2.4656902153408931e+00 8.8866466056802221e-02 1.1901076999999999e-02 7.5657202000000001e-01
1.4190747419571098e-01 -6.0407272552823251e+01 8.2961487615554963e-01 1.0445115257374015e+01 1.9123156351372286e+00 -2.9048221488688286e+00 2.4276344314790297e+00 9.4367353919146371e-02 1.1711898000000000e-02 7.6837935000000002e-01
1.4804797744049292e-01 -6.2233000759617596e+01 8.3815771453315868e-01 1.0124669532987623e+01 2.1094537142534819e+00 -3.1106692839442323e+00 2.3910571136230980e+00 9.9424803474556719e-02 1.1512599000000000e-02 7.7999244000000001e-01
1.5408045033177364e-01 -6.4219589186385448e+01 8.4655025808751827e-01 9.8029386264647638e+00 2.2814313199406731e+00 -3.3278675870531300e+00 2.3559199181996280e+00 1.0404229592695055e-01 1.1303326000000001e-02 7.9140122000000002e-01
1.5999967403743987e-01 -6.6381091271344161e+01 8.5478524623468510e-01 9.4826706564249452e+00 2.4291183888185004e+00 -3.5575286541887605e+00 2.3221885995670140e+00 1.0822744488203818e-01 1.1084235000000000e-02 8.0259581999999996e-01
1.6580048788865431e-01 -6.8733286556955434e+01 8.6285549930907790e-01 9.1663064412045046e+00 2.5536571713590410e+00 -3.8008799873097940e+00 2.2898328370589516e+00 1.1199190507609398e-01 1.0855490000000001e-02 8.1356647999999998e-01
1.7147783696799002e-01 -7.1293939872648878e+01 8.7075398476941002e-01 8.8559695761590458e+00 2.6563840040076530e+00 -4.0592827925964636e+00 2.2588246477821867e+00 1.1535047834042131e-01 1.0617270000000000e-02 8.2430364000000000e-01
1.7702676153428981e-01 -7.4083082455794141e+01 8.7847380248626017e-01 8.5534854284372717e+00 2.7387848283195888e+00 -4.3342503240463417e+00 2.2291379749136011e+00 1.1832096085058523e-01 1.0369760000000000e-02 8.3479791999999997e-01
1.8244240231023645e-01 -7.7123348912313929e+01 8.8600819209828685e-01 8.2603585260442536e+00 2.8024473069529390e+00 -4.6274701183986604e+00 2.2007472678576603e+00 1.2092335369760371e-01 1.0113159000000000e-02 8.4504013000000000e-01
1.8772000576992331e-01 -8.0440375570376233e+01 8.9335054036844341e-01 7.9778523664396825e+00 2.8490142982594082e+00 -4.9408297433395818e+00 2.1736286424401787e+00 1.2317966779227711e-01 9.8476710000000005e-03 8.5502127999999999e-01
1.9285492413885447e-01 -8.4063268934283911e+01 9.0049438118397784e-01 7.7069452546476951e+00 2.8801543723842933e+00 -5.2764474074922205e+00 2.1477579506794302e+00 1.2511289925993863e-01 9.5735140000000000e-03 8.6473257999999997e-01
1.9784264183179723e-01 -8.8025184939474002e+01 9.0743343233750651e-01 7.4483834146541588e+00 2.8975271462956620e+00 -5.6367097154502943e+00 2.1231111662415518e+00 1.2674717409340122e-01 9.2909130999999992e-03 8.7416548999999999e-01
2.0267874901492933e-01 -9.2363982804479221e+01 9.1416155874594041e-01 7.2026967937119606e+00 2.9027593185007006e+00 -6.0243132487985429e+00 2.0996645295710290e+00 1.2810695327062302e-01 9.0001030000000006e-03 8.8331166999999999e-01
2.0735897333126252e-01 -9.7123061080970601e+01 9.2067281658777389e-01 6.9702211350635581e+00 2.8974242179794940e+00 -6.4423188243737499e+00 2.0773937215597549e+00 1.2921667238607035e-01 8.7013270999999996e-03 8.9216304000000002e-01
2.1187916403793056e-01 -1.0235233011217385e+02 9.2696143123443986e-01 6.7511235295725927e+00 2.8830262963524689e+00 -6.8942133774397822e+00 2.0562747804205155e+00 1.3010080422207013e-01 8.3948374000000006e-03 9.0071175000000003e-01
2.1623531844404220e-01 -1.0810944510862200e+02 9.3302183403138395e-01 6.5454232436495090e+00 2.8609887760937163e+00 -7.3839894186865207e+00 2.0362832324193310e+00 1.3078301408189152e-01 8.0808944000000001e-03 9.0895022999999997e-01
2.2042356076039882e-01 -1.1446126942860622e+02 9.3884863287320564e-01 6.3530136643822628e+00 2.8326454009435524e+00 -7.9162377305640863e+00 2.0173947892638204e+00 1.3128629693846330e-01 7.7597663000000001e-03 9.1687114999999997e-01
2.2444016324977678e-01 -1.2148574543103261e+02 9.4443664162851670e-01 6.1736841476844742e+00 2.7992360484182681e+00 -8.4962671595556518e+00 1.9995853107872863e+00 1.3163263713052495e-01 7.4317293999999999e-03 9.2446746000000002e-01
2.2828155151449753e-01 -1.2927422699087577e+02 9.4978088749615630e-01 6.0071379851417266e+00 2.7619027609348934e+00 -9.1302533518374940e+00 1.9828305918862759e+00 1.3184314617123427e-01 7.0970672000000004e-03 9.3173240000000002e-01
2.3194429392128713e-01 -1.3793440080849945e+02 9.5487659629276156e-01 5.8530120102448198e+00 2.7216898881397449e+00 -9.8254243713338170e+00 1.9671070821463543e+00 1.3193745463087414e-01 6.7560703000000000e-03 9.3865947999999999e-01
2.3542512803912846e-01 -1.4759412124368515e+02 9.5971922923384090e-01 5.7108888012347228e+00 2.6795458979974121e+00 -1.0590305975734999e+01 1.9523913387683307e+00 1.3193411061311350e-01 6.4090362999999996e-03 9.4524253000000003e-01
2.3872092891383812e-01 -1.5840624016353533e+02 9.6430443879648597e-01 5.5803184649086148e+00 2.6363251704458772e+00 -1.1435028186829397e+01 1.9386607319697982e+00 1.3185038755549197e-01 6.0562691999999996e-03 9.5147563999999996e-01
2.4182876194377201e-01 -1.7055525339314730e+02 9.6862814228151906e-01 5.4608204514106884e+00 2.5927926521093139e+00 -1.2371751677707531e+01 1.9258932014768133e+00 1.3170202858141256e-01 5.6980790999999996e-03 9.5735325999999998e-01
2.4474583000411976e-01 -1.8426584505247698e+02 9.7268644825134520e-01 5.3519100044837860e+00 2.5496290259996002e+00 -1.3415211408502477e+01 1.9140671963262723e+00 1.3150360754467036e-01 5.3347821999999998e-03 9.6287009999999995e-01
2.4746952632260977e-01 -1.9981503980675694e+02 9.7647573009210020e-01 5.2530957344374283e+00 2.5074347625370468e+00 -1.4583497268529708e+01 1.9031634502186563e+00 1.3126834395220122e-01 4.9667000000000001e-03 9.6802122999999995e-01
2.4999739746651628e-01 -2.1754878732051463e+02 9.7999257452014699e-01 5.1638932839753711e+00 2.4667372697123477e+00 -1.5899115919529359e+01 1.8931618316154157e+00 1.3100830787784473e-01 4.5941591999999996e-03 9.7280200999999999e-01
2.5232718564322276e-01 -2.3790634969777759e+02 9.8323384043179374e-01 5.0838362535377533e+00 2.4279953142341761e+00 -1.7390561405763435e+01 1.8840444768835551e+00 1.3073426272202093e-01 4.2174915999999996e-03 9.7720817000000004e-01
2.5445678639965830e-01 -2.6145582949557058e+02 9.8619660005357590e-01 5.0124765538304619e+00 2.3916065255252894e+00 -1.9094601913384615e+01 1.8757945484032135e+00 1.3045574841986179e-01 3.8370333000000002e-03 9.8123572999999997e-01
2.5638429092286141e-01 -2.8894975927072892e+02 9.8887819779197428e-01 4.9493918031142687e+00 2.3579117652224784e+00 -2.1059873901157562e+01 1.8683965034761165e+00 1.3018130957601820e-01 3.4531249000000000e-03 9.8488107999999996e-01
2.5810797017726894e-01 -3.2141413754975844e+02 9.9127622816477057e-01 4.8941910024879505e+00 2.3272009289352162e+00 -2.3352646519889120e+01 1.8618360310675681e+00 1.2991842437321016e-01 3.0661112999999999e-03 9.8814095000000002e-01
2.5962626432957436e-01 -3.6030006483312752e+02 9.9338852108861786e-01 4.8465184707857141e+00 2.2997186383117336e+00 -2.6066662264578959e+01 1.8561003402419831e+00 1.2967353656583691e-01 2.6763420000000000e-03 9.9101238999999997e-01
2.6093781447415154e-01 -4.0776250869572692e+02 9.9521318601632935e-01 4.8060553619168518e+00 2.2756684749159488e+00 -2.9341272335366398e+01 1.8511780547303047e+00 1.2945215061413912e-01 2.2841723000000002e-03 9.9349282999999999e-01
2.6204145205791307e-01 -4.6721995647056002e+02 9.9674859722444853e-01 4.7725247526873504e+00 2.2552171861553876e+00 -3.3397910469747849e+01 1.8470592703092197e+00 1.2925896066702250e-01 1.8899688000000000e-03 9.9558005999999999e-01
2.6293619359274067e-01 -5.4463790693162377e+02 9.9799338645703473e-01 4.7456853934535115e+00 2.2384985682980130e+00 -3.8623883907960526e+01 1.8437356094733062e+00 1.2909777932281657e-01 1.4941295000000000e-03 9.9727222000000004e-01
2.6362131468147154e-01 -6.5214374773586019e+02 9.9894654591266940e-01 4.7253436203200003e+00 2.2256153157840108e+00 -4.5808721583991208e+01 1.8412000113419207e+00 1.2897165013237763e-01 1.0971916000000000e-03 9.9856794000000004e-01
2.6409655094557904e-01 -8.2281561161410559e+02 9.9960770778061558e-01 4.7113407526757962e+00 2.2166388543838180e+00 -5.7112203161989832e+01 1.8394459489600470e+00 1.2888278996466293e-01 7.0085733000000002e-04 9.9946672000000003e-01
