-4.3462445972204339e-01 -1.0053902175824643e+03 4.3462592747949103e-01 -1.0444984521414988e+03 -2.8574312860954723e+02 6.6981716373515141e+01 -6.9532633902761788e+01 -1.8636059709686059e+01 5.5301730000000003e-06 1.0230946000000001e-06
-4.3460803016202360e-01 -7.3546364995177055e+02 4.3463661352988109e-01 -7.7435669050759907e+02 -2.8571444849617745e+02 4.9374835617272502e+01 -5.1915759220775115e+01 -1.8634764240206110e+01 3.5894988000000002e-05 1.9923924999999999e-05
-4.3455648451703227e-01 -6.1024158114920897e+02 4.3467013964738543e-01 -6.4858178043427847e+02 -2.8562448316638887e+02 4.1201864406952282e+01 -4.3716957900879066e+01 -1.8630700397214685e+01 8.5619985000000003e-05 7.9222864999999994e-05
-4.3445444086972224e-01 -5.2812107736253108e+02 4.3473651047873046e-01 -5.6551895814694581e+02 -2.8544644747079047e+02 3.5835871071073015e+01 -3.8306702594988600e+01 -1.8622657663084645e+01 1.5173507999999999e-04 1.9661552000000001e-04
-4.3428843687375690e-01 -4.6718799294900077e+02 4.3484448215074778e-01 -5.0323127063845578e+02 -2.8515700866566186e+02 3.1847506659970797e+01 -3.4254393343513946e+01 -1.8609580480530905e+01 2.3255418000000001e-04 3.8758918999999998e-04
-4.3404622885054706e-01 -4.1896112908572002e+02 4.3500201814914286e-01 -4.5323072360665537e+02 -2.8473512194404083e+02 2.8683679198240512e+01 -3.1006433157609575e+01 -1.8590515078560138e+01 3.2689763000000001e-04 6.6622920000000002e-04
-4.3371647286116993e-01 -3.7925233015797448e+02 4.3521649675445429e-01 -4.1133274756843480e+02 -2.8416153908399048e+02 2.6071386382944546e+01 -2.8289801803489222e+01 -1.8564586648777599e+01 4.3385032000000002e-04 1.0455858000000000e-03
-4.3328854621877694e-01 -3.4567982103803104e+02 4.3549482713325777e-01 -3.7516645151338491e+02 -2.8341856672337951e+02 2.3855500176000433e+01 -2.5949697896064887e+01 -1.8530987755667365e+01 5.5265518999999999e-04 1.5378795000000000e-03
-4.3275243715460260e-01 -3.1675599854619838e+02 4.3584352110117058e-01 -3.4326048362998216e+02 -2.8248994665088418e+02 2.1939249117862911e+01 -2.3889933056297256e+01 -1.8488972231798389e+01 6.8265765000000004e-04 2.1546280000000000e-03
-4.3209867031448723e-01 -2.9148688234914567e+02 4.3626874158111295e-01 -3.1464117544109519e+02 -2.8136080024813646e+02 2.0258078964691059e+01 -2.2046732023330595e+01 -1.8437851966684075e+01 8.2327310000000005e-04 2.9067318999999999e-03
-4.3131825599463630e-01 -2.6917350067405749e+02 4.3677633562118745e-01 -2.8863298927311354e+02 -2.8001761464647018e+02 1.8766688180601459e+01 -2.0375725116612291e+01 -1.8376995577469781e+01 9.7396649000000004e-04 3.8045331000000002e-03
-4.3040265302461528e-01 -2.4930415068167071e+02 4.3737185853617694e-01 -2.6475004399724668e+02 -2.7844825168585947e+02 1.7431992016865205e+01 -1.8844879628628281e+01 -1.8305828141886078e+01 1.1342389000000000e-03 4.8578574999999999e-03
-4.2934374164672828e-01 -2.3149180866155407e+02 4.3806059154723348e-01 -2.4263303441186090e+02 -2.7664197215444057e+02 1.6229036034910738e+01 -1.7430387676958727e+01 -1.8223831644770804e+01 1.3036180000000001e-03 6.0760461999999999e-03
-4.2813380387095190e-01 -2.1543580361155281e+02 4.3884755455934527e-01 -2.2201035193869885e+02 -2.7458946946127401e+02 1.5138490273405468e+01 -1.6114140091129027e+01 -1.8130545907599803e+01 1.4816515000000000e-03 7.4679780999999997e-03
-4.2676550756764775e-01 -2.0089720754864535e+02 4.3973751650769322e-01 -2.0267318584003826e+02 -2.7228290528148364e+02 1.4145041709806225e+01 -1.4882101599886905e+01 -1.8025569669696953e+01 1.6679024999999999e-03 9.0420881999999994e-03
-4.2523189568885361e-01 -1.8768250518323902e+02 4.4073500236829616e-01 -1.8445883876888519e+02 -2.6971594783825037e+02 1.3236326526974041e+01 -1.3723228875980704e+01 -1.7908561874551516e+01 1.8619452999999999e-03 1.0806380000000001e-02
-4.2352637627190054e-01 -1.7563236890892796e+02 4.4184429965981958e-01 -1.6723922829578217e+02 -2.6688380539251767e+02 1.2402196308898681e+01 -1.2628724089654165e+01 -1.7779242810738950e+01 2.0633631000000000e-03 1.2768437000000001e-02
-4.2164271783238388e-01 -1.6461377463011391e+02 4.4306946144006126e-01 -1.5091276399270239e+02 -2.6378326010630479e+02 1.1634202738439043e+01 -1.1591509120814658e+01 -1.7637395382771661e+01 2.2717459999999998e-03 1.4935428000000001e-02
-4.1957504162783255e-01 -1.5451428282231919e+02 4.4441431133778558e-01 -1.3539840260585518e+02 -2.6041268838878119e+02 1.0925223796113155e+01 -1.0605841618320756e+01 -1.7482865890526071e+01 2.4866887000000002e-03 1.7314116000000001e-02
-4.1731782183155874e-01 -1.4523786250312136e+02 4.4588244343964867e-01 -1.2063128047131175e+02 -2.5677208403736870e+02 1.0269191206657197e+01 -9.6670342001689527e+00 -1.7315565046821398e+01 2.7077901999999999e-03 1.9910858000000000e-02
-4.1486587597090030e-01 -1.3670171175621007e+02 4.4747722850931948e-01 -1.0655933487691451e+02 -2.5286305551647516e+02 9.6608828131419830e+00 -8.7712380423803626e+00 -1.7135467950212270e+01 2.9346520999999999e-03 2.2731616000000000e-02
-4.1221437014272527e-01 -1.2883388527977269e+02 4.4920181059523195e-01 -9.3140778521590860e+01 -2.4868883561699022e+02 9.0957683138420364e+00 -7.9152821932052770e+00 -1.6942614807159782e+01 3.1668782999999998e-03 2.5781951000000001e-02
-4.0935881379792716e-01 -1.2157141947085113e+02 4.5105911042283292e-01 -8.0342053226343509e+01 -2.4425426277169871e+02 8.5698870378647083e+00 -7.0965440594425733e+00 -1.6737110382776745e+01 3.4040742000000001e-03 2.9067029000000001e-02
-4.0629505626442264e-01 -1.1485886305635054e+02 4.5305182765608065e-01 -6.8136212348933569e+01 -2.3956575313550732e+02 8.0797528572420259e+00 -6.3128477738904945e+00 -1.6519123315386576e+01 3.6458464000000000e-03 3.2591624999999999e-02
-4.0301929196265540e-01 -1.0864713281255129e+02 4.5518243750519705e-01 -5.6501644335871035e+01 -2.3463127469905899e+02 7.6222800334272396e+00 -5.5623848451968056e+00 -1.6288885613936340e+01 3.8918026000000000e-03 3.6360116999999997e-02
-3.9952805345159081e-01 -1.0289256169683821e+02 4.5745319524966471e-01 -4.5420979235015395e+01 -2.2946028856898053e+02 7.1947218048624961e+00 -4.8436465306647669e+00 -1.6046690737563484e+01 4.1415510999999999e-03 4.0376493999999999e-02
-3.9581821403646772e-01 -9.7556144429896023e+01 4.5986613454210318e-01 -3.4880221456753489e+01 -2.2406369582803978e+02 6.7946220112894471e+00 -4.1553707200920069e+00 -1.5792892243437070e+01 4.3947007000000003e-03 4.4644352999999998e-02
-3.9188698776879882e-01 -9.2602912276564382e+01 4.6242306740826872e-01 -2.4868009407211463e+01 -2.1845376273137322e+02 6.4197750204378075e+00 -3.4964971349550522e+00 -1.5527901384963771e+01 4.6508610999999997e-03 4.9166899000000000e-02
-3.8773192596936751e-01 -8.8001409250261972e+01 4.6512558650855307e-01 -1.5374988078808265e+01 -2.1264403933951687e+02 6.0681923228210897e+00 -2.8661293539587325e+00 -1.5252184449534557e+01 4.9096423000000002e-03 5.3946949000000001e-02
-3.8335092157448170e-01 -8.3723263074064405e+01 4.6797506231111019e-01 -6.3932943598535328e+00 -2.0664926861404243e+02 5.7380754155432321e+00 -2.2635040187383897e+00 -1.4966260186223487e+01 5.1706551000000002e-03 5.8986927000000001e-02
-3.7874220131271719e-01 -7.9742802917647737e+01 4.7097264818022788e-01 2.0839171181408007e+00 -2.0048527423425870e+02 5.4277920375357729e+00 -1.6879630611149796e+00 -1.4670695867095159e+01 5.4335110000000002e-03 6.4288872999999996e-02
-3.7390433352817420e-01 -7.6036787897502592e+01 4.7411927528795644e-01 1.0062801157098869e+01 -1.9416885891524942e+02 5.1358572272425604e+00 -1.1389322078344404e+00 -1.4366104259340386e+01 5.6978226000000002e-03 6.9854434000000007e-02
-3.6883621948797041e-01 -7.2584091470627740e+01 4.7741565826785454e-01 1.7549208838624686e+01 -1.8771767366441517e+02 4.8609160532171982e+00 -6.1590013844498603e-01 -1.4053139073121484e+01 5.9632034000000004e-03 7.5684873999999999e-02
-3.6353709772849424e-01 -6.9365477968697363e+01 4.8086229238811645e-01 2.4548949757760312e+01 -1.8115009758906803e+02 4.6017296796887743e+00 -1.1840292139561692e-01 -1.3732491081474384e+01 6.2292681999999997e-03 8.1781068999999998e-02
-3.5800654057840225e-01 -6.6363439384614324e+01 4.8445945581307043e-01 3.1067987373851278e+01 -1.7448509988528642e+02 4.3571628252875794e+00 3.5399074832941457e-01 -1.3404883368131827e+01 6.4956331999999999e-03 8.8143510999999994e-02
-3.5224445415861905e-01 -6.3561990960980083e+01 4.8820720960317887e-01 3.7112664732161903e+01 -1.6774210517720462e+02 4.1261731250424623e+00 8.0169150743279438e-01 -1.3071067092682593e+01 6.7619166000000000e-03 9.4772308000000000e-02
-3.4625107316683312e-01 -6.0946525022254505e+01 4.9210540110728590e-01 4.2689858666978360e+01 -1.6094084879476858e+02 3.9078016215936979e+00 1.2250999861144123e+00 -1.2731815597946634e+01 7.0277381999999996e-03 1.0166719000000000e-01
-3.4002696000824612e-01 -5.8503677956149289e+01 4.9615366452799237e-01 4.7807104772221976e+01 -1.5410123567744094e+02 3.7011646395597584e+00 1.6246153240933978e+00 -1.2387920348532017e+01 7.2927204000000001e-03 1.0882751000000000e-01
-3.3357301696508268e-01 -5.6221216675873706e+01 5.0035141300641062e-01 5.2472684863647217e+01 -1.4724321368915048e+02 3.5054469819725322e+00 2.0006415838604292e+00 -1.2040186181525971e+01 7.5564877000000004e-03 1.1625223000000000e-01
-3.2689046098832009e-01 -5.4087924693948082e+01 5.0469785501802933e-01 5.6695718075375567e+01 -1.4038660894594946e+02 3.3198947791421336e+00 2.3535954505575138e+00 -1.1689425094813442e+01 7.8186677999999999e-03 1.2393994999999999e-01
-3.1998082195918709e-01 -5.2093510689578665e+01 5.0919199550346284e-01 6.0486204744372287e+01 -1.3355098957776480e+02 3.1438099543153615e+00 2.6839102659751610e+00 -1.1336451285352226e+01 8.0788911000000008e-03 1.3188891000000000e-01
-3.1284596876668447e-01 -5.0228533624105900e+01 5.1383261890721155e-01 6.3855032300356797e+01 -1.2675556254424404e+02 2.9765459023355945e+00 2.9920388361822465e+00 -1.0982077679688063e+01 8.3367917000000003e-03 1.4009695999999999e-01
-3.0548807453755755e-01 -4.8484318412791247e+01 5.1861831179264806e-01 6.6814002499802555e+01 -1.2001901433837440e+02 2.8175021014314785e+00 3.2784575787774561e+00 -1.0627109446376355e+01 8.5920070000000005e-03 1.4856159999999999e-01
-2.9790963402130988e-01 -4.6852894860953420e+01 5.2354745153452431e-01 6.9375805701646414e+01 -1.1335940989113062e+02 2.6661205689569276e+00 3.5436675358229701e+00 -1.0272340329188072e+01 8.8441787999999997e-03 1.5727996000000000e-01
-2.9011344620518931e-01 -4.5326934093696558e+01 5.2861821762646399e-01 7.1553998372744260e+01 -1.0679406828124571e+02 2.5218818709990467e+00 3.7881960896992464e+00 -9.9185475074536491e+00 9.0929527999999999e-03 1.6624881999999999e-01
-2.8210261431418798e-01 -4.3899695711250409e+01 5.3382859168096330e-01 7.3362953004460621e+01 -1.0033946401127649e+02 2.3843019259088440e+00 4.0125971974537249e+00 -9.5664875267766689e+00 9.3379794999999995e-03 1.7546460999999999e-01
-2.7388053711853549e-01 -4.2564978326685413e+01 5.3917636308313710e-01 7.4817804380369410e+01 -9.4011129889766522e+01 2.2529289399953747e+00 4.2174512233453658e+00 -9.2168922723993472e+00 9.5789143999999993e-03 1.8492342000000001e-01
-2.6545093501121969e-01 -4.1317080214653160e+01 5.4465911202947914e-01 7.5934374638559291e+01 -8.7823598164264638e+01 2.1273411467983911e+00 4.4033634687777399e+00 -8.8704661951483725e+00 9.8154178999999998e-03 1.9462097000000000e-01
-2.5681780654545183e-01 -4.0150752858217444e+01 5.5027423779659523e-01 7.6729102000501754e+01 -8.1790298283912378e+01 2.0071436820576594e+00 4.5709639631465544e+00 -8.5278819081840798e+00 1.0047156000000000e-02 2.0455266000000000e-01
-2.4798541974215954e-01 -3.9061165504078240e+01 5.5601896439494913e-01 7.7218953136249027e+01 -7.5923498079118517e+01 1.8919663598968872e+00 4.7209055319802573e+00 -8.1897766118032536e+00 1.0273801000000001e-02 2.1471357999999999e-01
-2.3895835555252176e-01 -3.8043878564302126e+01 5.6189031230013020e-01 7.7421326879625568e+01 -7.0234288924253036e+01 1.7814622250639089e+00 4.8538609616996808e+00 -7.8567516206787236e+00 1.0495031000000000e-02 2.2509846000000000e-01
-2.2974145570292695e-01 -3.7094807974582046e+01 5.6788513237533278e-01 7.7353963769753406e+01 -6.4732518685631277e+01 1.6753050255345059e+00 4.9705214014257724e+00 -7.5293682558072073e+00 1.0710529999999999e-02 2.3570173000000000e-01
-2.2033983138747984e-01 -3.6210200460768696e+01 5.7400010021760928e-01 7.7034841622025368e+01 -5.9426778460315013e+01 1.5731876681553825e+00 5.0715934552591424e+00 -7.2081464551201577e+00 1.0919989999999999e-02 2.4651751000000000e-01
-2.1075887196050869e-01 -3.5386610595446570e+01 5.8023171050412370e-01 7.6482077593972349e+01 -5.4324399232582770e+01 1.4748207656132095e+00 5.1577962222397886e+00 -6.8935639820087715e+00 1.1123108000000000e-02 2.5753959999999998e-01
-2.0100421885904407e-01 -3.4620876656809486e+01 5.8657629395339139e-01 7.5713829506599140e+01 -4.9431439708918283e+01 1.3799309101964787e+00 5.2298585933419321e+00 -6.5860545467269693e+00 1.1319591000000000e-02 2.6876150999999998e-01
-1.9108175691031209e-01 -3.3910100996630767e+01 5.9303002297902541e-01 7.4748192091206803e+01 -4.4752700502553814e+01 1.2882592930458823e+00 5.2885160902151576e+00 -6.2860071139861855e+00 1.1509152000000000e-02 2.8017647000000001e-01
-1.8099762302424138e-01 -3.3251633283683177e+01 5.9958890603599002e-01 7.3603105081097652e+01 -4.0291748527098640e+01 1.1995605803709051e+00 5.3345077139156025e+00 -5.9937659879981631e+00 1.1691511000000000e-02 2.9177742000000001e-01
-1.7075821488596982e-01 -3.2643054912050623e+01 6.0624878196685428e-01 7.2296260865894041e+01 -3.6050955198624344e+01 1.1136018215341918e+00 5.3685727740297455e+00 -5.7096312950202055e+00 1.1866398000000000e-02 3.0355700000000002e-01
-1.6037012141578910e-01 -3.2082160570226861e+01 6.1300536523176385e-01 7.0845011741875965e+01 -3.2031512364568549e+01 1.0301607987204653e+00 5.3914481319402290e+00 -5.4338576662254710e+00 1.2033550000000000e-02 3.1550762999999998e-01
-1.4984018361669310e-01 -3.1566948304931973e+01 6.1985420633221588e-01 6.9266293493748407e+01 -2.8233509600419737e+01 9.4902556967261531e-01 5.4038649066041495e+00 -5.1666566693971170e+00 1.2192715000000000e-02 3.2762143999999999e-01
-1.3917545111184343e-01 -3.1095610849656463e+01 6.2679072007979109e-01 6.7576547689183968e+01 -2.4655970041930878e+01 8.6999315977076086e-01 5.4065457869569968e+00 -4.9081969294107557e+00 1.2343646000000000e-02 3.3989032000000002e-01
-1.2838319083707628e-01 -3.0666515372487808e+01 6.3381017994240740e-01 6.5791652626610528e+01 -2.1296922710072952e+01 7.9286876166569664e-01 5.4002022769039506e+00 -4.6586057249448674e+00 1.2486109000000000e-02 3.5230591000000000e-01
-1.1747085227087412e-01 -3.0278203748397139e+01 6.4090774065930634e-01 6.3926860528535244e+01 -1.8153457154636406e+01 7.1746464956811185e-01 5.3855334155953889e+00 -4.4179698701977124e+00 1.2619877000000000e-02 3.6485963999999999e-01
-1.0644609351188727e-01 -2.9929380504613182e+01 6.4807842127981297e-01 6.1996747237567014e+01 -1.5221808679161011e+01 6.4359957744637564e-01 5.3632167552622203e+00 -4.1863382190051324e+00 1.2744734000000001e-02 3.7754270000000001e-01
-9.5316755201412584e-02 -2.9618906046365030e+01 6.5531712212457560e-01 6.0015164990553473e+01 -1.2497423488403379e+01 5.7109783226046740e-01 5.3339196888117879e+00 -3.9637231270932416e+00 1.2860473000000001e-02 3.9034606999999999e-01
-8.4090843138379501e-02 -2.9345790522277166e+01 6.6261863609305904e-01 5.7995202105389389e+01 -9.9750350766115972e+00 4.9978839320303159e-01 5.2982838670990198e+00 -3.7501023376969576e+00 1.2966896000000000e-02 4.0326054000000000e-01
-7.2776545664364034e-02 -2.9109189333227544e+01 6.6997763735605131e-01 5.5949158820277461e+01 -7.6487478256887842e+00 4.2950434086398781e-01 5.2569303215339120e+00 -3.5454216678682426e+00 1.3063819000000001e-02 4.1627669000000000e-01
-6.1382181508547018e-02 -2.8908398236752497e+01 6.7738871527814282e-01 5.3888516836091263e+01 -5.5121058330486230e+00 3.6008183486675938e-01 5.2104565495451656e+00 -3.3495965101685070e+00 1.3151064000000001e-02 4.2938494999999999e-01
-4.9916251942755840e-02 -2.8742851296098504e+01 6.8484634049524717e-01 5.1823936932164159e+01 -3.5581832087697380e+00 2.9135975935672320e-01 5.1594353686207333e+00 -3.1625152494506064e+00 1.3228465999999999e-02 4.4257553999999999e-01
-3.8387371241408508e-02 -2.8612117535999136e+01 6.9234491014457356e-01 4.9765239964053727e+01 -1.7796489334902075e+00 2.2317862155928503e-01 5.1044136229683748e+00 -2.9840405841722850e+00 1.3295871000000001e-02 4.5583855000000001e-01
-2.6804301451541945e-02 -2.8515900337362059e+01 6.9987872524964034e-01 4.7721416237191981e+01 -1.6885243740049596e-01 1.5538009810848186e-01 5.0459118038092061e+00 -2.8140128603665722e+00 1.3353135000000000e-02 4.6916390000000002e-01
-1.5175908930276649e-02 -2.8454036637290169e+01 7.0744201898900760e-01 4.5700624331005613e+01 1.2821239563808162e+00 8.7806099348216371e-02 4.9844228710487215e+00 -2.6522513720576630e+00 1.3400123999999999e-02 4.8254139000000001e-01
-3.5111817298310588e-03 -2.8426497662549068e+01 7.1502894538878481e-01 4.3710208639798445e+01 2.5813620140217655e+00 2.0298188502548609e-02 4.9204123554263077e+00 -2.4985581380936903e+00 1.3436718000000000e-02 4.9596067999999999e-01
8.1808051725069664e-03 -2.8433390403072440e+01 7.2263360193761583e-01 4.1756716711076820e+01 3.7370763267237157e+00 -4.7303324483738196e-02 4.8543179304019182e+00 -2.3527190657622410e+00 1.3462807000000000e-02 5.0941133000000005e-01
1.9890855104351290e-02 -2.8474959962783959e+01 7.3025000697169373e-01 3.9845921130557670e+01 4.7575311028709466e+00 -1.1515989859732501e-01 4.7865496652272954e+00 -2.2145070921984740e+00 1.3478291000000000e-02 5.2288276000000000e-01
3.1609727930781262e-02 -2.8551593243011702e+01 7.3787215055847866e-01 3.7982842899584767e+01 5.6509936970030994e+00 -1.8343596991286826e-01 4.7174897639764213e+00 -2.0836835419098305e+00 1.3483083000000000e-02 5.3636434000000000e-01
4.3328096591806364e-02 -2.8663823559424483e+01 7.4549396622796604e-01 3.6171788048124967e+01 6.4256762270001646e+00 -2.5229948316206063e-01 4.6474933653498134e+00 -1.9600009062393733e+00 1.3477108000000000e-02 5.4984533999999996e-01
5.5036564487380202e-02 -2.8812336322988866e+01 7.5310934228017912e-01 3.4416380670522564e+01 7.0896873800430038e+00 -3.2192282254143589e-01 4.5768889794302066e+00 -1.8432047250466699e+00 1.3460300999999999e-02 5.6331494999999998e-01
6.6725691554921474e-02 -2.8997976280031107e+01 7.6071213874640864e-01 3.2719596405244445e+01 7.6509915285649859e+00 -3.9248384643422396e-01 4.5059788152160367e+00 -1.7330352965562807e+00 1.3432611000000001e-02 5.7676231000000000e-01
7.8386011654327792e-02 -2.9221756245292809e+01 7.6829619869670540e-01 3.1083800889554656e+01 8.1173695880905079e+00 -4.6416693855782087e-01 4.4350398336343426e+00 -1.6292294133883658e+00 1.3393997000000000e-02 5.9017653000000003e-01
9.0008006490455039e-02 -2.9484866462285723e+01 7.7585533127864181e-01 2.9510793713096696e+01 8.4963829910532631e+00 -5.3716386605433453e-01 4.3643245195839269e+00 -1.5315224634130511e+00 1.3344429999999999e-02 6.0354666000000001e-01
1.0158214038314517e-01 -2.9788686613865455e+01 7.8338333433229668e-01 2.8001847053943631e+01 8.7953460362573637e+00 -6.1167507833048429e-01 4.2940618193463198e+00 -1.4396494293570803e+00 1.3283893999999999e-02 6.1686173000000000e-01
1.1309889503725412e-01 -3.0134800189519414e+01 7.9087401700524229e-01 2.6557742473692038e+01 9.0213019619252286e+00 -6.8791113789036373e-01 4.2244579877829409e+00 -1.3533464529198793e+00 1.3212384000000001e-02 6.3011079000000003e-01
1.2454871738760953e-01 -3.0525008260427445e+01 7.9832116583006452e-01 2.5178821582926687e+01 9.1810008875387350e+00 -7.6609369640190095e-01 4.1556979621233054e+00 -1.2723523493238915e+00 1.3129907000000000e-02 6.4328284999999996e-01
1.3592208044656062e-01 -3.0961348810297824e+01 8.0571858430058896e-01 2.3865020277127591e+01 9.2808853244176870e+00 -8.4645731584134687e-01 4.0879462817850953e+00 -1.1964094163126824e+00 1.3036481000000001e-02 6.5636695000000000e-01
1.4720949199648392e-01 -3.1446117434811317e+01 8.1306009852562733e-01 2.2615908927816431e+01 9.3270776916396603e+00 -9.2925113347214117e-01 4.0213481352298066e+00 -1.1252644708279551e+00 1.2932137999999999e-02 6.6935217000000002e-01
1.5840146851226344e-01 -3.1981889341115828e+01 8.2033954026773759e-01 2.1430736824278881e+01 9.3253712187148725e+00 -1.0147404323144400e+00 3.9560307606374883e+00 -1.0586700243302327e+00 1.2816919000000000e-02 6.8222760000000005e-01
1.6948858731633154e-01 -3.2571547881825907e+01 8.2755078086570355e-01 2.0308464548304876e+01 9.2812261527458269e+00 -1.1032089834764955e+00 3.8921044432666259e+00 -9.9638461920847088e-01 1.2690879000000000e-02 6.9498240000000000e-01
1.8046146919365602e-01 -3.3218314034759771e+01 8.3468771992704127e-01 1.9247804323450357e+01 9.1997672388023961e+00 -1.1949611011421906e+00 3.8296636990596920e+00 -9.3817383037859381e-01 1.2554085000000000e-02 7.0760577999999996e-01
1.9131078708424631e-01 -3.3925781046508170e+01 8.4174429098174608e-01 1.8247253728643990e+01 9.0857842683543115e+00 -1.2903241588771832e+00 3.7687885441437916e+00 -8.8381071706626313e-01 1.2406611999999999e-02 7.2008700999999997e-01
2.0202730954568837e-01 -3.4697956631156210e+01 8.4871448975102504e-01 1.7305126671555662e+01 8.9437390232396137e+00 -1.3896517156892636e+00 3.7095454007074093e+00 -8.3307605928071715e-01 1.2248551000000000e-02 7.3241546999999996e-01
2.1260187467562464e-01 -3.5539306642912287e+01 8.5559235718605708e-01 1.6419587012079599e+01 8.7777657613985838e+00 -1.4933264171554479e+00 3.6519883656053334e+00 -7.8575894111682976e-01 1.2080001999999999e-02 7.4458062000000003e-01
2.2302540749676680e-01 -3.6454807903062694e+01 8.6237199077548587e-01 1.5588676727487213e+01 8.5916837463528033e+00 -1.6017636733251455e+00 3.5961603343305200e+00 -7.4165694531826343e-01 1.1901076999999999e-02 7.5657202000000001e-01
2.3328893734191047e-01 -3.7450008961359835e+01 8.6904755585291404e-01 1.4810341711319932e+01 8.3890027091509971e+00 -1.7154158140187730e+00 3.5420938417869863e+00 -7.0057631868549874e-01 1.1711898000000000e-02 7.6837935000000002e-01
2.4338362393145607e-01 -3.8531101628427280e+01 8.7561330255814129e-01 1.4082459204420374e+01 8.1729377019367071e+00 -1.8347769949352486e+00 3.4898121683557761e+00 -6.6233195336369810e-01 1.1512599000000000e-02 7.7999244000000001e-01
2.5330071391087372e-01 -3.9704995467657497e+01 8.8206353756843248e-01 1.3402848513089397e+01 7.9464193740828284e+00 -1.9603879178219954e+00 3.4393303838843057e+00 -6.2674766090801770e-01 1.1303326000000001e-02 7.9140122000000002e-01
2.6303162777577338e-01 -4.0979419241212774e+01 8.8839268063598253e-01 1.2769315188063652e+01 7.7121079205083189e+00 -2.0928429019923001e+00 3.3906559451356904e+00 -5.9365586176704632e-01 1.1084235000000000e-02 8.0259581999999996e-01
2.7256788163934154e-01 -4.2363017966931544e+01 8.9459521370419859e-01 1.2179647395680830e+01 7.4724048210516107e+00 -2.2327958464235023e+00 3.3437899426102802e+00 -5.6289780778741183e-01 1.0855490000000001e-02 8.1356647999999998e-01
2.8190116546490440e-01 -4.3865486699750249e+01 9.0066573179141707e-01 1.1631639648475254e+01 7.2294686397265755e+00 -2.3809692790906896e+00 3.2987275894669157e+00 -5.3432323361644973e-01 1.0617270000000000e-02 8.2430364000000000e-01
2.9102332568091371e-01 -4.5497713767051842e+01 9.0659893168341243e-01 1.1123109420546607e+01 6.9852295475643382e+00 -2.5381635587910960e+00 3.2554590651240152e+00 -5.0779026309185260e-01 1.0369760000000000e-02 8.3479791999999997e-01
2.9992637387345422e-01 -4.7271952387369787e+01 9.1238961758714221e-01 1.0651907574996176e+01 6.7414040781349582e+00 -2.7052679298469000e+00 3.2139702558453553e+00 -4.8316523049924753e-01 1.0113159000000000e-02 8.4504013000000000e-01
3.0860249547874985e-01 -4.9202022654037656e+01 9.1803270678449445e-01 1.0215929395269232e+01 6.4995099607161961e+00 -2.8832735358361550e+00 3.1742433529476033e+00 -4.6032245418865803e-01 9.8476710000000005e-03 8.5502127999999999e-01
3.1704404978316447e-01 -5.1303548339214515e+01 9.2352322963228706e-01 9.8131253639430049e+00 6.2608795284163641e+00 -3.0732885334791455e+00 3.1362575304467799e+00 -4.3914397121189491e-01 9.5735140000000000e-03 8.6473257999999997e-01
3.2524361338573626e-01 -5.3594250358552969e+01 9.2885635783100118e-01 9.4415063726241915e+00 6.0266752250800595e+00 -3.2765570916952389e+00 3.0999892882769604e+00 -4.1951925465581724e-01 9.2909130999999992e-03 8.7416548999999999e-01
3.3319393673564324e-01 -5.6094273963030240e+01 9.3402737615604770e-01 9.0991533412633832e+00 5.7979041186584626e+00 -3.4944799104680304e+00 3.0654132832960679e+00 -4.0134502457231264e-01 9.0001030000000006e-03 8.8331166999999999e-01
3.4088799628724464e-01 -5.8826610250254980e+01 9.3903171638024707e-01 8.7842196705685165e+00 5.5754298965294948e+00 -3.7286413529085465e+00 3.0325024651939247e+00 -3.8452476113573575e-01 8.7013270999999996e-03 8.9216304000000002e-01
3.4831896842256038e-01 -6.1817581526980781e+01 9.4386494031258916e-01 8.4949371353202459e+00 5.3599873187187823e+00 -3.9808400485803479e+00 3.0012287021814430e+00 -3.6896870882224614e-01 8.3948374000000006e-03 9.0071175000000003e-01
3.5548027291380602e-01 -6.5097460101041605e+01 9.4852276806696634e-01 8.2296183142944006e+00 5.1521934824890909e+00 -4.2531284837654351e+00 2.9715630828890491e+00 -3.5459326807886693e-01 8.0808944000000001e-03 9.0895022999999997e-01
3.6236553815336436e-01 -6.8701195726862835e+01 9.5300105544718705e-01 7.9866590075255672e+00 4.9525610012555674e+00 -4.5478588087729941e+00 2.9434762749102563e+00 -3.4132093362497123e-01 7.7597663000000001e-03 9.1687114999999997e-01
3.6896863592381413e-01 -7.2669350043866217e+01 9.5729581656196228e-01 7.7645390596327317e+00 4.7615088331724600e+00 -4.8677423628751813e+00 2.9169388445939788e+00 -3.2907988547383937e-01 7.4317293999999999e-03 9.2446746000000002e-01
3.7528369009043583e-01 -7.7049250152418594e+01 9.6140322947865142e-01 7.5618228175786761e+00 4.5793726023235868e+00 -5.2159234401404042e+00 2.8919214600239047e+00 -3.1780367891716271e-01 7.0970672000000004e-03 9.3173240000000002e-01
3.8130505921619906e-01 -8.1896479746795308e+01 9.6531962491576984e-01 7.3771606737177882e+00 4.4064153858168602e+00 -5.5960712026928983e+00 2.8683952595962436e+00 -3.0743109717032241e-01 6.7560703000000000e-03 9.3865947999999999e-01
3.8702738002429649e-01 -8.7276710209061491e+01 9.6904151451172105e-01 7.2092863480720073e+00 4.2428357750921002e+00 -6.0125015831227993e+00 2.8463319020755580e+00 -2.9790568810764007e-01 6.4090362999999996e-03 9.4524253000000003e-01
3.9244551524310234e-01 -9.3268175492306099e+01 9.7256555690231805e-01 7.0570181692517009e+00 4.0887789492956577e+00 -6.4703290163626894e+00 2.8257039789650160e+00 -2.8917569437597329e-01 6.0562691999999996e-03 9.5147563999999996e-01
3.9755464053124234e-01 -9.9964947019874145e+01 9.7588861425824813e-01 6.9192555665486806e+00 3.9443416421234470e+00 -6.9756787722202809e+00 2.8064848702815182e+00 -2.8119362901331380e-01 5.6980790999999996e-03 9.5735325999999998e-01
4.0235015755252335e-01 -1.0748118212206877e+02 9.7900769574760760e-01 6.7949801732672830e+00 3.8095826557571955e+00 -7.5359564657330109e+00 2.7886492555097013e+00 -2.7391620900091568e-01 5.3347821999999998e-03 9.6287009999999995e-01
4.0682778090100391e-01 -1.1595718596773222e+02 9.8192001407336738e-01 6.6832513590498115e+00 3.6845271754209179e+00 -8.1602370107573456e+00 2.7721729374803532e+00 -2.6730395196783002e-01 4.9667000000000001e-03 9.6802122999999995e-01
4.1098347725344486e-01 -1.2556766773881978e+02 9.8462294589714694e-01 6.5832066038194510e+00 3.5691751450376579e+00 -8.8597928354803752e+00 2.7570331275664257e+00 -2.6132111890213328e-01 4.5941591999999996e-03 9.7280200999999999e-01
4.1481353490936523e-01 -1.3653392559218054e+02 9.8711407706918675e-01 6.4940575474994748e+00 3.4635047883919521e+00 -9.6488776530617866e+00 2.7432083726685135e+00 -2.5593538864755550e-01 4.2174915999999996e-03 9.7720817000000004e-01
4.1831449425098655e-01 -1.4914158644894349e+02 9.8939115739837602e-01 6.4150899155282488e+00 3.3674800030345446e+00 -1.0545867007802926e+01 2.7306788923115075e+00 -2.5111779785952182e-01 3.8370333000000002e-03 9.8123572999999997e-01
4.2148321728328897e-01 -1.6376844611247043e+02 9.9145214588222486e-01 6.3456601999764795e+00 3.2810531908724299e+00 -1.1575055278847207e+01 2.7194263830833978e+00 -2.4684245362420351e-01 3.4531249000000000e-03 9.8488107999999996e-01
4.2431686155648951e-01 -1.8092909731225666e+02 9.9329519374562458e-01 6.2851936937802888e+00 3.2041695375947339e+00 -1.2769539698667032e+01 2.7094342006275558e+00 -2.4308645965765616e-01 3.0661112999999999e-03 9.8814095000000002e-01
4.2681286278102870e-01 -2.0135105964733725e+02 9.9491863313335493e-01 6.2331840174349029e+00 3.1367720688866036e+00 -1.4176149269864670e+01 2.7006874366012985e+00 -2.3982977116308710e-01 2.6763420000000000e-03 9.9101238999999997e-01
4.2896898698261265e-01 -2.2611496793898937e+02 9.9632101103256299e-01 6.1891893358599770e+00 3.0788033444917717e+00 -1.5864539719334442e+01 2.6931729271233884e+00 -2.3705503926730653e-01 2.2841723000000002e-03 9.9349282999999999e-01
4.3078331311719853e-01 -2.5693637722144689e+02 9.9750107796527010e-01 6.1528329205854044e+00 3.0302080333724879e+00 -1.7945500689040504e+01 2.6868790900090675e+00 -2.3474742686096209e-01 1.8899688000000000e-03 9.9558005999999999e-01
4.3225422437848782e-01 -2.9681282970948706e+02 9.9845778233462545e-01 6.1237991389172333e+00 2.9909364551757132e+00 -2.0613047822387220e+01 2.6817962511110225e+00 -2.3289474430808965e-01 1.4941295000000000e-03 9.9727222000000004e-01
4.3338052989302411e-01 -3.5184822953139627e+02 9.9919034957735731e-01 6.1018327392060847e+00 2.9609422878645688e+00 -2.4263237804322081e+01 2.6779161207090163e+00 -2.3148698120049044e-01 1.0971916000000000e-03 9.9856794000000004e-01
4.3416179503545826e-01 -4.3872270242456915e+02 9.9969849700614022e-01 6.0867301889110426e+00 2.9401763105032868e+00 -2.9981075060377670e+01 2.6752307064274587e+00 -2.3051598919100322e-01 7.0085733000000002e-04 9.9946672000000003e-01
