-1.5049789790229959e-01 -1.8439243513587824e+03 1.5049907497080128e-01 -1.6820569490722903e+03 -4.9002081464180100e+02 1.1914248742681924e+02 -1.0873090898008778e+02 -3.1520754852883176e+01 5.5301730000000003e-06 1.0230946000000001e-06
-1.5049220882017103e-01 -1.3809212423650556e+03 1.5051513126013702e-01 -1.2186440575796535e+03 -4.8991641666516853e+02 8.9357590111421885e+01 -7.8927272427328091e+01 -3.1516069251521245e+01 3.5894988000000002e-05 1.9923924999999999e-05
-1.5047436005201340e-01 -1.1659174013298914e+03 1.5056550581605821e-01 -1.0025925351999068e+03 -4.8958899432924073e+02 7.5521845635121309e+01 -6.5043413728657342e+01 -3.1501372798955689e+01 8.5619985000000003e-05 7.9222864999999994e-05
-1.5043902528409844e-01 -1.0246553039544854e+03 1.5066523108710073e-01 -8.5955322786232227e+02 -4.8894130945061755e+02 6.6425564321160522e+01 -5.5865197402587341e+01 -3.1472296580774490e+01 1.5173507999999999e-04 1.9661552000000001e-04
-1.5038154289469921e-01 -9.1955026394660581e+02 1.5082746356240112e-01 -7.5190675108693290e+02 -4.8788909236722066e+02 5.9650841172936538e+01 -4.8972859270084200e+01 -3.1425046590412830e+01 2.3255418000000001e-04 3.8758918999999998e-04
-1.5029767325153312e-01 -8.3606104963698920e+02 1.5106416875081807e-01 -6.6510965636937624e+02 -4.8635703478351735e+02 5.4262201038728037e+01 -4.3430537148017464e+01 -3.1356219777479108e+01 3.2689763000000001e-04 6.6622920000000002e-04
-1.5018348827617833e-01 -7.6701287507339725e+02 1.5138643286314066e-01 -5.9200701994791950e+02 -4.8427725514562189e+02 4.9798115764632293e+01 -3.8777312526628236e+01 -3.1262730634087973e+01 4.3385032000000002e-04 1.0455858000000000e-03
-1.5003530963897571e-01 -7.0833140138798228e+02 1.5180463724453935e-01 -5.2856078723964902e+02 -4.8158868539311885e+02 4.5996561370041768e+01 -3.4752509691751378e+01 -3.1141778978848912e+01 5.5265518999999999e-04 1.5378795000000000e-03
-1.4984967055355422e-01 -6.5747736440029007e+02 1.5232856620182861e-01 -4.7228087588378082e+02 -4.7823690705176682e+02 4.2694305146608656e+01 -3.1194822054575585e+01 -3.0990837763232054e+01 6.8265765000000004e-04 2.1546280000000000e-03
-1.4962328997842850e-01 -6.1275898510927050e+02 1.5296747981426576e-01 -4.2153511216062077e+02 -4.7417421687679530e+02 3.9782662501355652e+01 -2.7997958099873905e+01 -3.0807651286379055e+01 8.2327310000000005e-04 2.9067318999999999e-03
-1.4935305503880836e-01 -5.7299087927691596e+02 1.5373016354445568e-01 -3.7520627927807749e+02 -4.6935983318115746e+02 3.7185546563700974e+01 -2.5088608062961640e+01 -3.0590240000561401e+01 9.7396649000000004e-04 3.8045331000000002e-03
-1.4903600817405208e-01 -5.3730892101103279e+02 1.5462496451207755e-01 -3.3250545302965349e+02 -4.6376016518093297e+02 3.4847551454024618e+01 -2.2414461079275259e+01 -3.0336908423078800e+01 1.1342389000000000e-03 4.8578574999999999e-03
-1.4866933774657834e-01 -5.0506268532150710e+02 1.5565981799834067e-01 -2.9286311487852100e+02 -4.5734910961957070e+02 3.2727027977711629e+01 -1.9937224974079502e+01 -3.0046254889421554e+01 1.3036180000000001e-03 6.0760461999999999e-03
-1.4825037123934728e-01 -4.7574948354107170e+02 1.5684226664472514e-01 -2.5586197985658615e+02 -4.5010834646119821e+02 3.0791836000945406e+01 -1.7628327946662353e+01 -2.9717181856072585e+01 1.4816515000000000e-03 7.4679780999999997e-03
-1.4777656974762624e-01 -4.4897203973177557e+02 1.5817947599886462e-01 -2.2119352565021151e+02 -4.4202759715676189e+02 2.9016618258446325e+01 -1.5466147045369471e+01 -2.9348905444096335e+01 1.6679024999999999e-03 9.0420881999999994e-03
-1.4724552424663415e-01 -4.2441037573951581e+02 1.5967824504836858e-01 -1.8862876791364408e+02 -4.3310484416869144e+02 2.7380988965119830e+01 -1.3434152859427691e+01 -2.8940964058255748e+01 1.8619452999999999e-03 1.0806380000000001e-02
-1.4665495213008287e-01 -4.0180248873983567e+02 1.6134501599009293e-01 -1.5799786271029146e+02 -4.2334647259373241e+02 2.5868288461366753e+01 -1.1519621737156871e+01 -2.8493224660122699e+01 2.0633631000000000e-03 1.2768437000000001e-02
-1.4600269561489623e-01 -3.8093078518176401e+02 1.6318587873249962e-01 -1.2917544983227560e+02 -4.1276735457225584e+02 2.4464709077713088e+01 -9.7127204900776576e+00 -2.8005887532030794e+01 2.2717459999999998e-03 1.4935428000000001e-02
-1.4528671906234189e-01 -3.6161224340748720e+02 1.6520657845622244e-01 -1.0206977248639048e+02 -4.0139081636898266e+02 2.3158660329624887e+01 -8.0058313416342948e+00 -2.7479487054247414e+01 2.4866887000000002e-03 1.7314116000000001e-02
-1.4450510903823066e-01 -3.4369124447803478e+02 1.6741251544416685e-01 -7.6614464910769541e+01 -3.8924854691407955e+02 2.1940306889394208e+01 -6.3930516254636469e+00 -2.6914891047624021e+01 2.7077901999999999e-03 1.9910858000000000e-02
-1.4365607100195601e-01 -3.2703411237641438e+02 1.6980875442602952e-01 -5.2762483703023420e+01 -3.7638034310810843e+02 2.0801216338475250e+01 -4.8697991786357999e+00 -2.6313294157547908e+01 2.9346520999999999e-03 2.2731616000000000e-02
-1.4273793111247246e-01 -3.1152506827213330e+02 1.7240001948128775e-01 -3.0478970480828213e+01 -3.6283382769829967e+02 1.9734098262814516e+01 -3.4325196286265469e+00 -2.5676211166118176e+01 3.1668782999999998e-03 2.5781951000000001e-02
-1.4174913442231718e-01 -2.9706302449073115e+02 1.7519069913621010e-01 -9.7413550814459136e+00 -3.4866399935011714e+02 1.8732597464184703e+01 -2.0784392194334274e+00 -2.5005464005697117e+01 3.4040742000000001e-03 2.9067029000000001e-02
-1.4068824367362429e-01 -2.8355909618308783e+02 1.7818484976186366e-01 9.4682827183273535e+00 -3.3393268644667279e+02 1.7791133451424511e+01 -8.0537136664447706e-01 -2.4303165489644080e+01 3.6458464000000000e-03 3.2591624999999999e-02
-1.3955394110410335e-01 -2.7093466578766828e+02 1.8138619047710319e-01 2.7163804623498294e+01 -3.1870793938323180e+02 1.6904775871624736e+01 3.8843843473117823e-01 -2.3571701733326762e+01 3.8918026000000000e-03 3.6360116999999997e-02
-1.3834502603906812e-01 -2.5911978344477819e+02 1.8479810994458556e-01 4.3357789188559067e+01 -3.0306327699445399e+02 1.6069141302391380e+01 1.5044471147588192e+00 -2.2813707914320901e+01 4.1415510999999999e-03 4.0376493999999999e-02
-1.3706041579442568e-01 -2.4805191066138599e+02 1.8842366382226433e-01 5.8063414004431856e+01 -2.8707687480978683e+02 1.5280312474602868e+01 2.5439201222880858e+00 -2.2032043290197326e+01 4.3947007000000003e-03 4.4644352999999998e-02
-1.3569914567667657e-01 -2.3767488392634067e+02 1.9226557476338979e-01 7.1296019170659065e+01 -2.7083069152475747e+02 1.4534771667586996e+01 3.5080213728567959e+00 -2.1229762930830919e+01 4.6508610999999997e-03 4.9166899000000000e-02
-1.3426036777892900e-01 -2.2793805277698254e+02 1.9632623581451600e-01 8.3074384224039292e+01 -2.5440949758822109e+02 1.3829345271089903e+01 4.3978881873738853e+00 -2.0410086113723988e+01 4.9096423000000002e-03 5.3946949000000001e-02
-1.3274335248588101e-01 -2.1879558395694167e+02 2.0060770616799201e-01 9.3421712745273993e+01 -2.3789990164645286e+02 1.3161159289648712e+01 5.2146914567102973e+00 -1.9576363605083532e+01 5.1706551000000002e-03 5.8986927000000001e-02
-1.3114748576485274e-01 -2.1020585319205884e+02 2.0511171880747789e-01 1.0236640380464695e+02 -2.2138929789005351e+02 1.2527600235059092e+01 5.9596860557728064e+00 -1.8732042442226760e+01 5.4335110000000002e-03 6.4288872999999996e-02
-1.2947227187475413e-01 -2.0213096312957097e+02 2.0983967286242858e-01 1.0994256283130211e+02 -2.0496485826801182e+02 1.1926284526591726e+01 6.6342485449231177e+00 -1.7880631539968906e+01 5.6978226000000002e-03 6.9854434000000007e-02
-1.2771733035612079e-01 -1.9453630602612378e+02 2.1479264210311189e-01 1.1619033805649259e+02 -1.8871246468002678e+02 1.1355030427819628e+01 7.2399083010637275e+00 -1.7025663480945575e+01 5.9632034000000004e-03 7.5684873999999999e-02
-1.2588239753609606e-01 -1.8739021023219300e+02 2.1997137069309952e-01 1.2115603978569636e+02 -1.7271572518643632e+02 1.0811835771381769e+01 7.7783679276724351e+00 -1.6170659529088738e+01 6.2292681999999997e-03 8.1781068999999998e-02
-1.2396732532444538e-01 -1.8066363335967787e+02 2.2537627658727419e-01 1.2489209600084408e+02 -1.5705497822968013e+02 1.0294857856391625e+01 8.2515174331036576e+00 -1.5319093431543564e+01 6.4956331999999999e-03 8.8143510999999994e-02
-1.2197208121355628e-01 -1.7432988160148102e+02 2.3100745153182967e-01 1.2745683772798380e+02 -1.4180639499719311e+02 9.8023970401578744e+00 8.6614409064433566e+00 -1.4474356795616620e+01 6.7619166000000000e-03 9.4772308000000000e-02
-1.1989674647245994e-01 -1.6836438789006226e+02 2.3686466616128149e-01 1.2891414720454173e+02 -1.2704110029906346e+02 9.3328809862924764e+00 9.0104173203809594e+00 -1.3639725559376025e+01 7.0277381999999996e-03 1.0166719000000000e-01
-1.1774151584583473e-01 -1.6274450374183988e+02 2.4294737084796886e-01 1.2933296785842072e+02 -1.1282443500962688e+02 8.8848526781157897e+00 9.3009152366185681e+00 -1.2818329019005773e+01 7.2927204000000001e-03 1.0882751000000000e-01
-1.1550670176795597e-01 -1.5744933422818684e+02 2.4925468380902949e-01 1.2878672859618314e+02 -9.9215310811984892e+01 8.4569599043956636e+00 9.5355822728005482e+00 -1.2013123415954739e+01 7.5564877000000004e-03 1.1625223000000000e-01
-1.1319272563380006e-01 -1.5245956065466561e+02 2.5578541574195152e-01 1.2735254970360947e+02 -8.6265601840450472e+01 8.0479437347607039e+00 9.7172316702974815e+00 -1.1226863001173937e+01 7.8186677999999999e-03 1.2393994999999999e-01
-1.1080011719705160e-01 -1.4775730638475000e+02 2.6253807152357733e-01 1.2511068767663519e+02 -7.4019709991534583e+01 7.6566301684474087e+00 9.8488238292377090e+00 -1.0462078414237624e+01 8.0788911000000008e-03 1.3188891000000000e-01
-1.0832952359999572e-01 -1.4332603328424935e+02 2.6951082472504939e-01 1.2214350840718420e+02 -6.2514301334838983e+01 7.2819240765088997e+00 9.9334443895063131e+00 -9.7210607555710560e+00 8.3367917000000003e-03 1.4009695999999999e-01
-1.0578169733366169e-01 -1.3915040977001036e+02 2.7670155159188237e-01 1.1853473459277856e+02 -5.1778039451087182e+01 6.9228004415952746e+00 9.9742814102538553e+00 -9.0058434040778064e+00 8.5920070000000005e-03 1.4856159999999999e-01
-1.0315750225775108e-01 -1.3521622734954508e+02 2.8410781405392704e-01 1.1436856184327523e+02 -4.1831553455638101e+01 6.5782992882748177e+00 9.9745995612139868e+00 -8.3181926559135935e+00 8.8441787999999997e-03 1.5727996000000000e-01
-1.0045790758070958e-01 -1.3151030297946684e+02 2.9172687671540631e-01 1.0972878395078973e+02 -3.2687453973064407e+01 6.2475197470530102e+00 9.9377137930288946e+00 -7.6595990729200247e+00 9.0929527999999999e-03 1.6624881999999999e-01
-9.7683987859726928e-02 -1.2802040421476516e+02 2.9955570685491495e-01 1.0469794827988201e+02 -2.4350515189109739e+01 5.9296149281620529e+00 9.8669614326202986e+00 -7.0312745425572212e+00 9.3379794999999995e-03 1.7546460999999999e-01
-9.4836919990772900e-02 -1.2473517710942842e+02 3.0759098292043796e-01 9.9356539495824691e+01 -1.6817938148686363e+01 5.6237875272669884e+00 9.7656761301972637e+00 -6.4341522085187002e+00 9.5789143999999993e-03 1.8492342000000001e-01
-9.1917992238489565e-02 -1.2164409221546501e+02 3.1582906904429631e-01 9.3782243431087522e+01 -1.0079751980529954e+01 5.3292867975086864e+00 9.6371603139036299e+00 -5.8688925567418817e+00 9.8154178999999998e-03 1.9462097000000000e-01
-8.8928589186370754e-02 -1.1873737366630913e+02 3.2426605751823689e-01 8.8049216556780408e+01 -4.1192417128010321e+00 5.0454033512196830e+00 9.4846598859692595e+00 -5.3358876746614126e+00 1.0047156000000000e-02 2.0455266000000000e-01
-8.5870188726797900e-02 -1.1600593861967303e+02 3.3289777728845044e-01 8.2227472548536284e+01 1.0865044643382740e+00 4.7714658006114776e+00 9.3113392379567568e+00 -4.8352720410962124e+00 1.0273801000000001e-02 2.1471357999999999e-01
-8.2744377110860648e-02 -1.1344138198556981e+02 3.4171975148048184e-01 7.6382364898598468e+01 5.5659573633573816e+00 4.5068392520668379e+00 9.1202606770599406e+00 -4.3669382766007550e+00 1.0495031000000000e-02 2.2509846000000000e-01
-7.9552830888572207e-02 -1.1103590147688311e+02 3.5072724836933761e-01 7.0574110654946509e+01 9.3525146165465820e+00 4.2509205973213469e+00 8.9143615665487861e+00 -3.9305502428095185e+00 1.0710529999999999e-02 2.3570173000000000e-01
-7.6297319918833359e-02 -1.0878227140454864e+02 3.5991527288446817e-01 6.4857444159692847e+01 1.2483794003635937e+01 4.0031373275436106e+00 8.6964383812905126e+00 -3.5255613635594369e+00 1.0919989999999999e-02 2.4651751000000000e-01
-7.2979710379396642e-02 -1.0667380906478330e+02 3.6927855811474980e-01 5.9281360505932170e+01 1.5000911775950579e+01 3.7629439855767055e+00 8.4691304434910624e+00 -3.1512347980354019e+00 1.1123108000000000e-02 2.5753959999999998e-01
-6.9601955736973975e-02 -1.0470433726423583e+02 3.7881159079353849e-01 5.3888948761706828e+01 1.6947758147921054e+01 3.5298206712146629e+00 8.2349078947549472e+00 -2.8066629818620794e+00 1.1319591000000000e-02 2.6876150999999998e-01
-6.6166093737272585e-02 -1.0286815506910725e+02 3.8850861979368778e-01 4.8717304438255653e+01 1.8370272147331125e+01 3.3032702346479814e+00 7.9960606346826051e+00 -2.4907891563146061e+00 1.1509152000000000e-02 2.8017647000000001e-01
-6.2674249414959082e-02 -1.0116001435077818e+02 3.9836364763253107e-01 4.3797573162810160e+01 1.9315729002966162e+01 3.0828170386804401e+00 7.7546921222141467e+00 -2.2024298401793381e+00 1.1691511000000000e-02 2.9177742000000001e-01
-5.9128638103623565e-02 -9.9575098758284497e+01 4.0837042197686335e-01 3.9155044633363978e+01 1.9832062095864398e+01 2.8680050300306750e+00 7.5127150872422117e+00 -1.9402969785266428e+00 1.1866398000000000e-02 3.0355700000000002e-01
-5.5531541356066749e-02 -9.8108989659389835e+01 4.1852250360308485e-01 3.4809307269881330e+01 1.9967226068727683e+01 2.6583949104286484e+00 7.2718483887508585e+00 -1.7030179712140849e+00 1.2033550000000000e-02 3.1550762999999998e-01
-5.1885328014048673e-02 -9.6757660163489319e+01 4.2881320693207581e-01 3.0774526279214932e+01 1.9768587146213260e+01 2.4535638818647505e+00 7.0336190823240354e+00 -1.4891587547615222e+00 1.2192715000000000e-02 3.2762143999999999e-01
-4.8192439158468242e-02 -9.5517450636643773e+01 4.3923564250428571e-01 2.7059732358042279e+01 1.9282410464073681e+01 2.2531033068166439e+00 6.7993641184040534e+00 -1.2972426067060387e+00 1.2343646000000000e-02 3.3989032000000002e-01
-4.4455391119327281e-02 -9.4385055749903898e+01 4.4978270848471513e-01 2.3669189675080673e+01 1.8553338208641307e+01 2.0566175172450936e+00 6.5702362807488601e+00 -1.1257702358404287e+00 1.2486109000000000e-02 3.5230591000000000e-01
-4.0676763435874064e-02 -9.3357507877256822e+01 4.6044712464298854e-01 2.0602775322282145e+01 1.7624002473950117e+01 1.8637218956549684e+00 6.3472100396056907e+00 -9.7323637698410848e-01 1.2619877000000000e-02 3.6485963999999999e-01
-3.6859207886495632e-02 -9.2432168899607007e+01 4.7122140686829939e-01 1.7856417631312166e+01 1.6534657744196473e+01 1.6740421085266961e+00 6.1310906317478002e+00 -8.3814663318799854e-01 1.2744734000000001e-02 3.7754270000000001e-01
-3.3005439458825572e-02 -9.1606718135314509e+01 4.8209789265446434e-01 1.5422545164891625e+01 1.5322896275898703e+01 1.4872124244254792e+00 5.9225234443491015e+00 -7.1903069828578303e-01 1.2860473000000001e-02 3.9034606999999999e-01
-2.9118230329815614e-02 -9.0879142663992809e+01 4.9306875808995931e-01 1.3290535747605269e+01 1.4023419086712593e+01 1.3028742507418962e+00 5.7220046223206502e+00 -6.1446227120574404e-01 1.2966896000000000e-02 4.0326054000000000e-01
-2.5200415885663963e-02 -9.0247733141005327e+01 5.0412600086788351e-01 1.1447186189452861e+01 1.2667891897281581e+01 1.1206752813473653e+00 5.5298930242189730e+00 -5.2305556211323323e-01 1.3063819000000001e-02 4.1627669000000000e-01
-2.1254876662030631e-02 -8.9711075205814168e+01 5.1526149125606679e-01 9.8771564987516403e+00 1.1284830920513683e+01 9.4026730114422108e-01 5.3464216817735588e+00 -4.4348911752711229e-01 1.3151064000000001e-02 4.2938494999999999e-01
-1.7284556403822010e-02 -8.9268049060978228e+01 5.2646692112696247e-01 8.5634221724413244e+00 9.8995721380288284e+00 7.6130718330999425e-01 5.1717111330344823e+00 -3.7450658198929476e-01 1.3228465999999999e-02 4.4257553999999999e-01
-1.3292437985478051e-02 -8.8917824123078560e+01 5.3773387191779054e-01 7.4876888364860035e+00 8.5342766774064032e+00 5.8345189178235835e-01 5.0057811223209088e+00 -3.1492446774716548e-01 1.3295871000000001e-02 4.5583855000000001e-01
-9.2815554508287046e-03 -8.8659860240057498e+01 5.4905378065046595e-01 6.6307894132225211e+00 7.2079919883242676e+00 4.0636082587047806e-01 4.8485635481068963e+00 -2.6363240166534502e-01 1.3353135000000000e-02 4.6916390000000002e-01
-5.2549789632733157e-03 -8.8493907516315772e+01 5.6041798240668816e-01 5.9730547155492193e+00 5.9367464721253231e+00 2.2969248908794881e-01 4.6999142174633874e+00 -2.1960468880054759e-01 1.3400123999999999e-02 4.8254139000000001e-01
-1.2158208257088687e-03 -8.8420009363754801e+01 5.7181769333790600e-01 5.4946481422247349e+00 4.7336869526330378e+00 5.3103907862740662e-02 4.5596249213246898e+00 -1.8189284797068508e-01 1.3436718000000000e-02 4.9596067999999999e-01
2.8327765593265108e-03 -8.8438506689801756e+01 5.8324404464538826e-01 5.1758643509294142e+00 3.6092381981568171e+00 -1.2375110158526770e-01 4.4274341973775071e+00 -1.4963010513466676e-01 1.3462807000000000e-02 5.0941133000000005e-01
6.8876286497970007e-03 -8.8550043585367817e+01 5.9468804860015301e-01 4.9973972266601896e+00 2.5712932207811630e+00 -3.0122264948463684e-01 4.3030381800024111e+00 -1.2203059665834058e-01 1.3478291000000000e-02 5.2288276000000000e-01
1.0945535853846278e-02 -8.8755575415172828e+01 6.0614067499812840e-01 4.9405622543583370e+00 1.6254122143245715e+00 -4.7966724261091720e-01 4.1860999153008818e+00 -9.8385414583222572e-02 1.3483083000000000e-02 5.3636434000000000e-01
1.5003268479976739e-02 -8.9056378774665774e+01 6.1759280868506317e-01 4.9874917951069717e+00 7.7504397912524114e-01 -6.5944849386588444e-01 4.0762585711445007e+00 -7.8063352984564266e-02 1.3477108000000000e-02 5.4984533999999996e-01
1.9057572756977947e-02 -8.9454062961959096e+01 6.2903526654656250e-01 5.1212881141573332e+00 2.1729727320651534e-02 -8.4093882800725339e-01 3.9731373514162156e+00 -6.0502969777040901e-02 1.3460300999999999e-02 5.6331494999999998e-01
2.3105179863818853e-02 -8.9950584695337042e+01 6.4045882299314205e-01 5.3261457695391394e+00 -6.3463490596517991e-01 -1.0245213263542556e+00 3.8763506232125486e+00 -4.5212906029433911e-02 1.3432611000000001e-02 5.7676231000000000e-01
2.7142811949575990e-02 -9.0548265450296896e+01 6.5185422695026352e-01 5.5874401844269679e+00 -1.1956181016111707e+00 -1.2105918944087772e+00 3.7855101441215342e+00 -3.1765123171913726e-02 1.3393997000000000e-02 5.9017653000000003e-01
3.1167173103541251e-02 -9.1249809225031555e+01 6.6321217637328089e-01 5.8917855706460660e+00 -1.6640106345905827e+00 -1.3995602531796711e+00 3.7002307397478797e+00 -1.9791305614083599e-02 1.3344429999999999e-02 6.0354666000000001e-01
3.5174961395078308e-02 -9.2058325776256865e+01 6.7452335222751236e-01 6.2270686107958939e+00 -2.0436254757979122e+00 -1.5918525537894812e+00 3.6201347486913811e+00 -8.9776424500914373e-03 1.3283893999999999e-02 6.1686173000000000e-01
3.9162880913479053e-02 -9.2977358266362458e+01 6.8577845246831204e-01 6.5824559254400468e+00 -2.3390985934573179e+00 -1.7879140640241196e+00 3.5448559634618495e+00 9.3964910685353793e-04 1.3212384000000001e-02 6.3011079000000003e-01
4.3127623708178853e-02 -9.4010908693216834e+01 6.9696814107096206e-01 6.9483792548051921e+00 -2.5557070324901461e+00 -1.9882104715939914e+00 3.4740426615293614e+00 1.0179535404445206e-02 1.3129907000000000e-02 6.4328284999999996e-01
4.7065890858505544e-02 -9.5163473666238545e+01 7.0808310749579872e-01 7.3165040006891635e+00 -2.6991937886172335e+00 -2.1932313668787966e+00 3.4073597839571010e+00 1.8920750522653861e-02 1.3036481000000001e-02 6.5636695000000000e-01
5.0974395483643298e-02 -9.6440083709727446e+01 7.1911407518322989e-01 7.6796876984461511e+00 -2.7756260913271307e+00 -2.4034931436914428e+00 3.3444911207140859e+00 2.7306378585541826e-02 1.2932137999999999e-02 6.6935217000000002e-01
5.4849853712740482e-02 -9.7846341843404318e+01 7.3005177606868132e-01 8.0319113558349802e+00 -2.7912444721122709e+00 -2.6195414956900360e+00 3.2851404719433552e+00 3.5448273180888598e-02 1.2816919000000000e-02 6.8222760000000005e-01
5.8689002744694241e-02 -9.9388477145385679e+01 7.4088700155270437e-01 8.3682175286951086e+00 -2.7523478607651888e+00 -2.8419556949923206e+00 3.2290321326668399e+00 4.3431262509912950e-02 1.2690879000000000e-02 6.9498240000000000e-01
6.2488594828222388e-02 -1.0107339634758917e+02 7.5161058551094029e-01 8.6846304083038053e+00 -2.6651889840364422e+00 -3.0713519458863217e+00 3.1759114230496723e+00 5.1316983987018824e-02 1.2554085000000000e-02 7.0760577999999996e-01
6.6245400271827348e-02 -1.0290874718243209e+02 7.6221341278913779e-01 8.9780715895873122e+00 -2.5358837770113309e+00 -3.3083876480487984e+00 3.1255445994525415e+00 5.9147462537638820e-02 1.2406611999999999e-02 7.2008700999999997e-01
6.9956222493616882e-02 -1.0490299177937916e+02 7.7268646167824306e-01 9.2462911161795862e+00 -2.3703375285700701e+00 -3.5537669837609225e+00 3.0777183411407543e+00 6.6948471712196533e-02 1.2248551000000000e-02 7.3241546999999996e-01
7.3617888991411640e-02 -1.0706548511591849e+02 7.8302077842934570e-01 9.4877642674837830e+00 -2.1741850542971397e+00 -3.8082453257764550e+00 3.0322392460460348e+00 7.4732450018187652e-02 1.2080001999999999e-02 7.4458062000000003e-01
7.7227257362673496e-02 -1.0940656578001337e+02 7.9320749424371473e-01 9.7016176787690345e+00 -1.9527443071750548e+00 -4.0726357883864530e+00 2.9889330072317444e+00 8.2501017039150665e-02 1.1901076999999999e-02 7.5657202000000001e-01
8.0781221324433689e-02 -1.1193766252373204e+02 8.0323784226283468e-01 9.8875468847926591e+00 -1.7109810794550850e+00 -4.3478160137160557e+00 2.9476434053616147e+00 9.0247693349965102e-02 1.1711898000000000e-02 7.6837935000000002e-01
8.4276719743185236e-02 -1.1467141911801306e+02 8.1310318305345886e-01 1.0045732751960253e+01 -1.4534855487814540e+00 -4.6347364953253880e+00 2.9082309775673107e+00 9.7959575437752189e-02 1.1512599000000000e-02 7.7999244000000001e-01
8.7710721585062323e-02 -1.1762181825181871e+02 8.2279496213252035e-01 1.0176774329954162e+01 -1.1844584546241388e+00 -4.9344279037858634e+00 2.8705723050479786e+00 1.0561929430998586e-01 1.1303326000000001e-02 7.9140122000000002e-01
9.1080256015481420e-02 -1.2080435787314262e+02 8.3230479491731080e-01 1.0281612419233822e+01 -9.0770497314859488e-01 -5.2480136442962175e+00 2.8345586450968168e+00 1.1320653187211591e-01 1.1084235000000000e-02 8.0259581999999996e-01
9.4382385309464412e-02 -1.2423621430333770e+02 8.4162439027031932e-01 1.0361467443719880e+01 -6.2663704343247373e-01 -5.5767185225349341e+00 2.8000939976702965e+00 1.2069919476542094e-01 1.0855490000000001e-02 8.1356647999999998e-01
9.7614231941315410e-02 -1.2793646696272789e+02 8.5074562695439382e-01 1.0417780375270674e+01 -3.4428019328257781e-01 -5.9218844457448174e+00 2.7670955008158975e+00 1.2807457220502724e-01 1.0617270000000000e-02 8.2430364000000000e-01
1.0077297256469261e-01 -1.3192634049633250e+02 8.5966053664270514e-01 1.0452160098110618e+01 -6.3286663840713048e-02 -6.2849851413770530e+00 2.7354901137808199e+00 1.3531014720314963e-01 1.0369760000000000e-02 8.3479791999999997e-01
1.0385584102257259e-01 -1.3622948856445416e+02 8.6836131241376524e-01 1.0466332170264090e+01 2.1404752504647245e-01 -6.6676442011816137e+00 2.7052153240395125e+00 1.4238425204760730e-01 1.0113159000000000e-02 8.4504013000000000e-01
1.0686013135721414e-01 -1.4087233091307908e+02 8.7684031724644440e-01 1.0462098198371610e+01 4.8576232563681471e-01 -7.0716563037764004e+00 2.6762170769450400e+00 1.4927647752187737e-01 9.8476710000000005e-03 8.5502127999999999e-01
1.0978319781015830e-01 -1.4588444308914879e+02 8.8509008401997236e-01 1.0441312527981054e+01 7.5021193506242823e-01 -7.4990113625142207e+00 2.6484490629841320e+00 1.5596854117810449e-01 9.5735140000000000e-03 8.6473257999999997e-01
1.1262246987204930e-01 -1.5129904548269650e+02 8.9310335798902685e-01 1.0405817786249592e+01 1.0060436487509659e+00 -7.9519262845499528e+00 2.6218716931635773e+00 1.6244357529115683e-01 9.2909130999999992e-03 8.7416548999999999e-01
1.1537543723281349e-01 -1.5715353447111553e+02 9.0087305430864473e-01 1.0357452494975343e+01 1.2521653192944913e+00 -8.4328772493009918e+00 2.5964512776945954e+00 1.6868714047996528e-01 9.0001030000000006e-03 8.8331166999999999e-01
1.1803966784144435e-01 -1.6349018078561679e+02 9.0839230900432932e-01 1.0298012335163282e+01 1.4877279209454408e+00 -8.9446444152868665e+00 2.5721591557694303e+00 1.7468728161143676e-01 8.7013270999999996e-03 8.9216304000000002e-01
1.2061279887611007e-01 -1.7035691810280062e+02 9.1565445348699648e-01 1.0229235115842766e+01 1.7121014287772971e+00 -9.4903610209238991e+00 2.5489714933553937e+00 1.8043368580594982e-01 8.3948374000000006e-03 9.0071175000000003e-01
1.2309255179397391e-01 -1.7780836467136692e+02 9.2265305702806455e-01 1.0152787129671768e+01 1.9248405609620454e+00 -1.0073578156222267e+01 2.5268666028589060e+00 1.8591853280816237e-01 8.0808944000000001e-03 9.0895022999999997e-01
1.2547672029133836e-01 -1.8590700221567010e+02 9.2938189277938232e-01 1.0070252174605942e+01 2.1256716227045303e+00 -1.0698338766347305e+01 2.5058282930973315e+00 1.9113594290343439e-01 7.7597663000000001e-03 9.1687114999999997e-01
1.2776318234350073e-01 -1.9472471194079998e+02 9.3583497175330110e-01 9.9831241699035811e+00 2.3144648036725455e+00 -1.1369274202581755e+01 2.4858413804627153e+00 1.9608194897920139e-01 7.4317293999999999e-03 9.2446746000000002e-01
1.2994990321471803e-01 -2.0434467742106185e+02 9.4200655131769251e-01 9.8928015891848897e+00 2.4912142132362156e+00 -1.2091725215433026e+01 2.4668934345060349e+00 2.0075428351206273e-01 7.0970672000000004e-03 9.3173240000000002e-01
1.3203492943827830e-01 -2.1486375517466882e+02 9.4789111820591232e-01 9.8005852288350361e+00 2.6560168998078328e+00 -1.2871890959735714e+01 2.4489738487007635e+00 2.0515224406505697e-01 6.7560703000000000e-03 9.3865947999999999e-01
1.3401640386632133e-01 -2.2639562632559182e+02 9.5348343099189081e-01 9.7076770498539755e+00 2.8090556521810233e+00 -1.3717029335458232e+01 2.4320735297128255e+00 2.0927649510080326e-01 6.4090362999999996e-03 9.4524253000000003e-01
1.3589254761005401e-01 -2.3907471280575953e+02 9.5877846912002451e-01 9.6151811246378625e+00 2.9505802871290738e+00 -1.4635704088602198e+01 2.4161847344107441e+00 2.1312884949677999e-01 6.0562691999999996e-03 9.5147563999999996e-01
1.3766169013939136e-01 -2.5306168400239906e+02 9.6377151785535575e-01 9.5241046999172454e+00 3.0808940149802853e+00 -1.5638136055468930e+01 2.4013006584875787e+00 2.1671208707896042e-01 5.6980790999999996e-03 9.5735325999999998e-01
1.3932223918331552e-01 -2.6855042684772320e+02 9.6845808333339367e-01 9.4353635835983329e+00 3.2003371424985998e+00 -1.6736644367663263e+01 2.3874157640010236e+00 2.2002970520995657e-01 5.3347821999999998e-03 9.6287009999999995e-01
1.4087271082951683e-01 -2.8577815183840374e+02 9.7283397751029310e-01 9.3497795935755388e+00 3.3092763936881537e+00 -1.7946291601355476e+01 2.3745240052548962e+00 2.2308604945884764e-01 4.9667000000000001e-03 9.6802122999999995e-01
1.4231170845464494e-01 -3.0503910715990372e+02 9.7689525869772909e-01 9.2680941223385176e+00 3.4080922896930574e+00 -1.9285756602222612e+01 2.3626218254511850e+00 2.2588563480164103e-01 4.5941591999999996e-03 9.7280200999999999e-01
1.4363794680402189e-01 -3.2670498919208757e+02 9.8063829952304060e-01 9.1909660776803275e+00 3.4971717609965780e+00 -2.0778638978186212e+01 2.3517047987285116e+00 2.2843336007303255e-01 4.2174915999999996e-03 9.7720817000000004e-01
1.4485022791192917e-01 -3.5125464742371969e+02 9.8405971896908684e-01 9.1189787346508631e+00 3.5768903522122639e+00 -2.2455355732875770e+01 2.3417694114680354e+00 2.3073422167959387e-01 3.8370333000000002e-03 9.8123572999999997e-01
1.4594746518132054e-01 -3.7932100501454443e+02 9.8715645033439126e-01 9.0526446633148918e+00 3.6476212560834154e+00 -2.4356145075258063e+01 2.3328124222217195e+00 2.3279320139485857e-01 3.4531249000000000e-03 9.8488107999999996e-01
1.4692867435392967e-01 -4.1176642009025039e+02 9.8992571574808663e-01 8.9924101750030410e+00 3.7097123025195100e+00 -2.6535892992868579e+01 2.3248309976599866e+00 2.3461525005779094e-01 3.0661112999999999e-03 9.8814095000000002e-01
1.4779296749034213e-01 -4.4981165933433482e+02 9.9236500917988046e-01 8.9386603242510354e+00 3.7634877800384618e+00 -2.9072400872297525e+01 2.3178226673833011e+00 2.3620476929221776e-01 2.6763420000000000e-03 9.9101238999999997e-01
1.4853957102977980e-01 -4.9527419545969389e+02 9.9447214741016166e-01 8.8917228084003543e+00 3.8092428997226166e+00 -3.2081677284179328e+01 2.3117851984954680e+00 2.3756611847682110e-01 2.2841723000000002e-03 9.9349282999999999e-01
1.4916781977017282e-01 -5.5104832656416249e+02 9.9624525303996514e-01 8.8518716637694208e+00 3.8472408419886164e+00 -3.5748766258850239e+01 2.3067166544850024e+00 2.3870317185223255e-01 1.8899688000000000e-03 9.9558005999999999e-01
1.4967715385819544e-01 -6.2221005559029970e+02 9.9768274599595386e-01 8.8193311155146681e+00 3.8777061678048677e+00 -4.0398733813002245e+01 2.3026153966454075e+00 2.3961921656010723e-01 1.4941295000000000e-03 9.9727222000000004e-01
1.5006716092876363e-01 -7.1913828096214058e+02 9.9878346246066974e-01 8.7942760948980343e+00 3.9008272749854376e+00 -4.6697308481897004e+01 2.2994797588344258e+00 2.4031714222278747e-01 1.0971916000000000e-03 9.9856794000000004e-01
1.5033769048367154e-01 -8.7031292767856087e+02 9.9954697768321576e-01 8.7768272937685179e+00 3.9167598703039266e+00 -5.6473913373775524e+01 2.2973071411481931e+00 2.4079947181204400e-01 7.0085733000000002e-04 9.9946672000000003e-01
