-1.3011554354836974e-01 -1.8886452687263284e+03 1.3011669976375212e-01 -1.6993587221625862e+03 -4.9268517810072370e+02 1.2079015784763551e+02 -1.0866670002730642e+02 -3.1557063597714158e+01 5.5301730000000003e-06 1.0230946000000001e-06
-1.3011062495466333e-01 -1.4231058211855091e+03 1.3013314129729892e-01 -1.2334335614339566e+03 -4.9258336025352361e+02 9.0970079674125287e+01 -7.8829110952602392e+01 -3.1552503384418689e+01 3.5894988000000002e-05 1.9923924999999999e-05
-1.3009519349546778e-01 -1.2068846013850323e+03 1.3018472450770113e-01 -1.0162248514654481e+03 -4.9226402611715304e+02 7.7116146397053100e+01 -6.4930208610934727e+01 -3.1538200086531468e+01 8.5619985000000003e-05 7.9222864999999994e-05
-1.3006464421473035e-01 -1.0647726520913386e+03 1.3028684252233241e-01 -8.7243577508474925e+02 -4.9163232365534685e+02 6.8005547868702948e+01 -5.5743018915909232e+01 -3.1509901138895813e+01 1.5173507999999999e-04 1.9661552000000001e-04
-1.3001494682728912e-01 -9.5897947665771107e+02 1.3045296749861179e-01 -7.6424157293240376e+02 -4.9060602265388667e+02 6.1217501140467277e+01 -4.8845013873082465e+01 -3.1463912636215309e+01 2.3255418000000001e-04 3.8758918999999998e-04
-1.2994243588620707e-01 -8.7488468118437208e+02 1.3069535203807078e-01 -6.7701824195912286e+02 -4.8911159172965779e+02 5.5815424127578694e+01 -4.3299244612273782e+01 -3.1396919807420186e+01 3.2689763000000001e-04 6.6622920000000002e-04
-1.2984371530379077e-01 -8.0527521505145080e+02 1.3102534834686261e-01 -6.0357002328683234e+02 -4.8708268520142127e+02 5.1337267713007115e+01 -3.8644230208409340e+01 -3.1305915027126428e+01 4.3385032000000002e-04 1.0455858000000000e-03
-1.2971560491693079e-01 -7.4605589550936031e+02 1.3145358685343264e-01 -5.3983462778039700e+02 -4.8445952813125371e+02 4.7520743942401943e+01 -3.4618945113359217e+01 -3.1188165878480174e+01 5.5265518999999999e-04 1.5378795000000000e-03
-1.2955510745590235e-01 -6.9467534024578129e+02 1.3199008662291842e-01 -4.8330587502669238e+02 -4.8118873894038120e+02 4.4202489045125304e+01 -3.1061832492670245e+01 -3.1041202720640776e+01 6.8265765000000004e-04 2.1546280000000000e-03
-1.2935938623991300e-01 -6.4943451595840315e+02 1.3264432991492375e-01 -4.3233993595614163e+02 -4.7722337752478677e+02 4.1273763576096293e+01 -2.7866400965163535e+01 -3.0862816416274040e+01 8.2327310000000005e-04 2.9067318999999999e-03
-1.2912574997957627e-01 -6.0914370980585875e+02 1.3342531298475538e-01 -3.8581056506293504e+02 -4.7252313113409207e+02 3.8658472803082702e+01 -2.4959168290604069e+01 -3.0651062624528400e+01 9.7396649000000004e-04 3.8045331000000002e-03
-1.2885164166502128e-01 -5.7293631242452648e+02 1.3434158322747788e-01 -3.4292146964992543e+02 -4.6705456269158850e+02 3.6301233182638263e+01 -2.2287665793875387e+01 -3.0404268234058843e+01 1.1342389000000000e-03 4.8578574999999999e-03
-1.2853463044666638e-01 -5.4016063013164160e+02 1.3540126631830043e-01 -3.0309687970941843e+02 -4.6079139032561454e+02 3.4160437837273825e+01 -1.9813451900755801e+01 -3.0121041694854139e+01 1.3036180000000001e-03 6.0760461999999999e-03
-1.2817240575398448e-01 -5.1031352077742559e+02 1.3661208587195947e-01 -2.6591405912884557e+02 -4.5371476686437717e+02 3.2204002052738758e+01 -1.7507811029514549e+01 -2.9800275043533301e+01 1.4816515000000000e-03 7.4679780999999997e-03
-1.2776277253326446e-01 -4.8299781029602190e+02 1.3798137936159946e-01 -2.3105965320250920e+02 -4.4581352857292524e+02 3.0406632596366098e+01 -1.5348979215422389e+01 -2.9441180740950305e+01 1.6679024999999999e-03 9.0420881999999994e-03
-1.2730364802073899e-01 -4.5789400072707241e+02 1.3951610890533672e-01 -1.9830036553673804e+02 -4.3708440731747578e+02 2.8748013107720759e+01 -1.3320289704863907e+01 -2.9043258362117658e+01 1.8619452999999999e-03 1.0806380000000001e-02
-1.2679305874992094e-01 -4.3474081914980076e+02 1.4122287126992772e-01 -1.6746248304603910e+02 -4.2753217523428560e+02 2.7211556403682536e+01 -1.1408885423376924e+01 -2.8606335580624229e+01 2.0633631000000000e-03 1.2768437000000001e-02
-1.2622913917237596e-01 -4.1332157287151347e+02 1.4310790248115521e-01 -1.3841723127664508e+02 -4.1716973460841450e+02 2.5783528321940011e+01 -9.6048039289898721e+00 -2.8130538422225221e+01 2.2717459999999998e-03 1.4935428000000001e-02
-1.2561012934166074e-01 -3.9345424074146871e+02 1.4517708556579761e-01 -1.1106985842106046e+02 -4.0601810077628932e+02 2.4452411990013122e+01 -7.9003040478286355e+00 -2.7616333667731251e+01 2.4866887000000002e-03 1.7314116000000001e-02
-1.2493437496536969e-01 -3.7498425843960814e+02 1.4743595037765209e-01 -8.5351451330600170e+01 -3.9410633228562483e+02 2.3208444593055535e+01 -6.2893660276287209e+00 -2.7064501184268611e+01 2.7077901999999999e-03 1.9910858000000000e-02
-1.2420032454258681e-01 -3.5777902492952842e+02 1.4988968316626064e-01 -6.1212450847619706e+01 -3.8147130765797147e+02 2.2043264403799391e+01 -4.7673010568651364e+00 -2.6476135003481911e+01 2.9346520999999999e-03 2.2731616000000000e-02
-1.2340653092527566e-01 -3.4172372614425342e+02 1.5254312135760506e-01 -3.8617668154663654e+01 -3.6815747952652504e+02 2.0949649269978330e+01 -3.3304559882062525e+00 -2.5852630938370314e+01 3.1668782999999998e-03 2.5781951000000001e-02
-1.2255164975688945e-01 -3.2671862600140145e+02 1.5540075877341197e-01 -1.7542144413396830e+01 -3.5421646878221759e+02 1.9921309461314330e+01 -1.9759712401968232e+00 -2.5195701809330174e+01 3.4040742000000001e-03 2.9067029000000001e-02
-1.2163443843144472e-01 -3.1267553282679262e+02 1.5846674911068961e-01 2.0322017423410585e+00 -3.3970657051868858e+02 1.8952726789104698e+01 -7.0158767038202186e-01 -2.4507322375656223e+01 3.6458464000000000e-03 3.2591624999999999e-02
-1.2065375765491096e-01 -2.9951688620050106e+02 1.6174490072242270e-01 2.0119290604902702e+01 -3.2469220463315628e+02 1.8039029913385701e+01 4.9450800775996084e-01 -2.3789747100477648e+01 3.8918026000000000e-03 3.6360116999999997e-02
-1.1960856936335762e-01 -2.8717363275961395e+02 1.6523868357664606e-01 3.6731222790916775e+01 -3.0924321603378024e+02 1.7175890887349311e+01 1.6138157242937803e+00 -2.3045453995107717e+01 4.1415510999999999e-03 4.0376493999999999e-02
-1.1849793750364909e-01 -2.7558407011362613e+02 1.6895122664679180e-01 5.1880156033826140e+01 -2.9343414227189118e+02 1.6359444419676464e+01 2.6576272944286665e+00 -2.2277162538059400e+01 4.3947007000000003e-03 4.4644352999999998e-02
-1.1732102803344464e-01 -2.6469280761247092e+02 1.7288531791168957e-01 6.5579879683165558e+01 -2.7734339002342614e+02 1.5586221089926628e+01 3.6271159407428826e+00 -2.1487780142988459e+01 4.6508610999999997e-03 4.9166899000000000e-02
-1.1607710788027188e-01 -2.5444990296790345e+02 1.7704340783510319e-01 7.7847107420033680e+01 -2.6105234399382738e+02 1.4853092067305234e+01 4.5234108162989148e+00 -2.0680379795847458e+01 4.9096423000000002e-03 5.3946949000000001e-02
-1.1476554624268498e-01 -2.4481015951934685e+02 1.8142760501630972e-01 8.8702486002702571e+01 -2.4464445511583671e+02 1.4157224562769485e+01 5.3476569119071833e+00 -1.9858169974013101e+01 5.1706551000000002e-03 5.8986927000000001e-02
-1.1338581224817997e-01 -2.3573255461186966e+02 1.8603968401905724e-01 9.8171408868712660e+01 -2.2820425559118453e+02 1.3496042802557861e+01 6.1010660528674574e+00 -1.9024461007662453e+01 5.4335110000000002e-03 6.4288872999999996e-02
-1.1193747729527942e-01 -2.2717968895435035e+02 1.9088107754260697e-01 1.0628456101412186e+02 -2.1181640570328793e+02 1.2867197594716558e+01 6.7849549206495894e+00 -1.8182633080489591e+01 5.6978226000000002e-03 6.9854434000000007e-02
-1.1042021245121617e-01 -2.1911742106080357e+02 1.9595288512057532e-01 1.1307831445476988e+02 -1.9556469217876702e+02 1.2268538249489753e+01 7.4007770911499069e+00 -1.7336100613875104e+01 5.9632034000000004e-03 7.5684873999999999e-02
-1.0883378975309146e-01 -2.1151448343642889e+02 2.0125586877151297e-01 1.1859490555053806e+02 -1.7953107856605155e+02 1.1698090489017604e+01 7.9501446503452931e+00 -1.6488278780203945e+01 6.2292681999999997e-03 8.1781068999999998e-02
-1.0717808116694849e-01 -2.0434217854687199e+02 2.0679045647844146e-01 1.2288245534584165e+02 -1.6379476438219885e+02 1.1154036592279073e+01 8.4348438828821575e+00 -1.5642549126990772e+01 6.4956331999999999e-03 8.8143510999999994e-02
-1.0545305858777231e-01 -1.9757411592429253e+02 2.1255674218885340e-01 1.2599483178962464e+02 -1.4843130190525321e+02 1.0634698606690094e+01 8.8568435558515830e+00 -1.4802226584472947e+01 6.7619166000000000e-03 9.4772308000000000e-02
-1.0365879227810022e-01 -1.9118597633639894e+02 2.1855449103401736e-01 1.2799136808279117e+02 -1.3351175988101255e+02 1.0138523662305742e+01 9.2182977595513691e+00 -1.3970527066525209e+01 7.0277381999999996e-03 1.0166719000000000e-01
-1.0179545060779009e-01 -1.8515532076083525e+02 2.2478314019886231e-01 1.2893645241602565e+02 -1.1910197518492004e+02 9.6640712160110436e+00 9.5215426574102189e+00 -1.3150537620366814e+01 7.2927204000000001e-03 1.0882751000000000e-01
-9.9863303697263053e-02 -1.7946141950057404e+02 2.3124178674359877e-01 1.2889901037084971e+02 -1.0526191885805324e+02 9.2100031771785940e+00 9.7690882495795002e+00 -1.2345190453186158e+01 7.5564877000000004e-03 1.1625223000000000e-01
-9.7862715870786501e-02 -1.7408508382312604e+02 2.3792921283036050e-01 1.2795189478236652e+02 -9.2045071638500460e+01 8.7750723389058916e+00 9.9636071574648373e+00 -1.1557234321965446e+01 7.8186677999999999e-03 1.2393994999999999e-01
-9.5794145136010894e-02 -1.6900853164920716e+02 2.4484388746297270e-01 1.2617119060553354e+02 -7.9497969159780197e+01 8.3581142159044823e+00 1.0107918408473209e+01 -1.0789213055896763e+01 8.0788911000000008e-03 1.3188891000000000e-01
-9.3658150990918371e-02 -1.6421528997381267e+02 2.5198394039042643e-01 1.2363547162218650e+02 -6.7659850229815845e+01 7.9580411644168949e+00 1.0204968785682192e+01 -1.0043449393099880e+01 8.3367917000000003e-03 1.4009695999999999e-01
-9.1455384014557828e-02 -1.5969006394115038e+02 2.5934719690224617e-01 1.2042500910810577e+02 -5.6562597439615956e+01 7.5738336634041321e+00 1.0257810856384284e+01 -9.3220258102436588e+00 8.5920070000000005e-03 1.4856159999999999e-01
-8.9186591071677479e-02 -1.5541865661921946e+02 2.6693116043080600e-01 1.1662096310311416e+02 -4.6230163644652286e+01 7.2045355234375865e+00 1.0269580241614930e+01 -8.6267742084208621e+00 8.8441787999999997e-03 1.5727996000000000e-01
-8.6852610108092365e-02 -1.5138787518068722e+02 2.7473302994901339e-01 1.1230455797905367e+02 -3.6679019759546222e+01 6.8492477437747610e+00 1.0243470892397838e+01 -7.9592662978008351e+00 9.0929527999999999e-03 1.6624881999999999e-01
-8.4454370150684410e-02 -1.4758544340214732e+02 2.8274969997030941e-01 1.0755627490581550e+02 -2.7918019243732289e+01 6.5071239094488060e+00 1.0182709757688841e+01 -7.3208088839531067e+00 9.3379794999999995e-03 1.7546460999999999e-01
-8.1992888705086142e-02 -1.4400000425593075e+02 2.9097776924751029e-01 1.0245507001975703e+02 -1.9948645603609759e+01 6.1773656633379463e+00 1.0090531010774908e+01 -6.7124422665424035e+00 9.5789143999999993e-03 1.8492342000000001e-01
-7.9469279562629391e-02 -1.4062092534841381e+02 2.9941351467628197e-01 9.7077647644775283e+01 -1.2765343145926995e+01 5.8592199028876806e+00 9.9701511034284245e+00 -6.1349443408758546e+00 9.8154178999999998e-03 1.9462097000000000e-01
-7.6884739788764200e-02 -1.3743837137484709e+02 3.0805293478934936e-01 9.1497750560207095e+01 -6.3558651983164705e+00 5.5519735142611779e+00 9.8247437842273300e+00 -5.5888332411470651e+00 1.0047156000000000e-02 2.0455266000000000e-01
-7.4240547120742711e-02 -1.3444318177704778e+02 3.1689175845533857e-01 8.5785528437353349e+01 -7.0176300978673567e-01 5.2549502817471083e+00 9.6574162864851338e+00 -5.0743747975540732e+00 1.0273801000000001e-02 2.1471357999999999e-01
-7.1538072979200132e-02 -1.3162685708010906e+02 3.2592540138456733e-01 8.0007017504172850e+01 4.2211039955285576e+00 4.9675093503507792e+00 9.4711882792148625e+00 -4.5915978073659671e+00 1.0495031000000000e-02 2.2509846000000000e-01
-6.8778766854257489e-02 -1.2898150033592216e+02 3.3514901832209598e-01 7.4223635993586441e+01 8.4419066639756615e+00 4.6890409141917448e+00 9.2689709836328831e+00 -4.1403044212827407e+00 1.0710529999999999e-02 2.3570173000000000e-01
-6.5964158907837939e-02 -1.2649978571400722e+02 3.4455749434888622e-01 6.8491806879115245e+01 1.1994289653769684e+01 4.4189641751058240e+00 9.0535490714677493e+00 -3.7200852322943296e+00 1.0919989999999999e-02 2.4651751000000000e-01
-6.3095862575982861e-02 -1.2417492783498358e+02 3.5414543618295868e-01 6.2862662963559259e+01 1.4915666435488415e+01 4.1567253672138920e+00 8.8275656353169687e+00 -3.3303393211855097e+00 1.1123108000000000e-02 2.5753959999999998e-01
-6.0175566761903332e-02 -1.2200064551649335e+02 3.6390719827591889e-01 5.7381820793558902e+01 1.7246557368692578e+01 3.9017949782203423e+00 8.5935081518563337e+00 -2.9702907674010439e+00 1.1319591000000000e-02 2.6876150999999998e-01
-5.7205033233663910e-02 -1.1997113408695186e+02 3.7383689151179922e-01 5.2089262704265188e+01 1.9029904193931628e+01 3.6536656859969296e+00 8.3536976978846909e+00 -2.6390087935131619e+00 1.1509152000000000e-02 2.8017647000000001e-01
-5.4186099226498821e-02 -1.1808104227906830e+02 3.8392837450821665e-01 4.7019295157465116e+01 2.0310383275478475e+01 3.4118508432537675e+00 8.1102810324010139e+00 -2.3354285908636698e+00 1.1691511000000000e-02 2.9177742000000001e-01
-5.1120680045128195e-02 -1.1632545671168171e+02 3.9417524491753136e-01 4.2200600266006987e+01 2.1133770513770113e+01 3.1758829941339433e+00 7.8652253309387978e+00 -2.0583723158498826e+00 1.1866398000000000e-02 3.0355700000000002e-01
-4.8010748245228427e-02 -1.1469986252618338e+02 4.0457090901758147e-01 3.7656326726829370e+01 2.1546303598555312e+01 2.9453107211338208e+00 7.6203133873251758e+00 -1.8065678632227080e+00 1.2033550000000000e-02 3.1550762999999998e-01
-4.4858351849645622e-02 -1.1320014227555065e+02 4.1510852081979005e-01 3.3404291890736978e+01 2.1594091809059563e+01 2.7196986273898953e+00 7.3771444238305532e+00 -1.5786711200156025e+00 1.2192715000000000e-02 3.2762143999999999e-01
-4.1665601336814545e-02 -1.1182255194480868e+02 4.2578102556337455e-01 2.9457233249641753e+01 2.1322577202283050e+01 2.4986249684384951e+00 7.1371345753341640e+00 -1.3732842120481574e+00 1.2343646000000000e-02 3.3989032000000002e-01
-3.8434672243074924e-02 -1.1056370876827724e+02 4.3658115101650474e-01 2.5823093752772397e+01 2.0776042772189591e+01 2.2816805310285568e+00 6.9015206228798451e+00 -1.1889750649149127e+00 1.2486109000000000e-02 3.5230591000000000e-01
-3.5167794753406548e-02 -1.0942057504859302e+02 4.4750144227167049e-01 2.2505362069256854e+01 1.9997174081495150e+01 2.0684666878532658e+00 6.6713646538489657e+00 -1.0242937281127444e+00 1.2619877000000000e-02 3.6485963999999999e-01
-3.1867261508377889e-02 -1.0839045120906658e+02 4.5853423564915619e-01 1.9503456616043351e+01 1.9026678320366312e+01 1.8585947110457433e+00 6.4475618541750137e+00 -8.7778981271388234e-01 1.2744734000000001e-02 3.7754270000000001e-01
-2.8535419797197578e-02 -1.0747096387494543e+02 4.6967168479356602e-01 1.6813124071402278e+01 1.7902976174106843e+01 1.6516841007232506e+00 6.2308480452093242e+00 -7.4802640456275382e-01 1.2860473000000001e-02 3.9034606999999999e-01
-2.5174666353081951e-02 -1.0666005795653794e+02 4.8090577807150825e-01 1.4426854290341085e+01 1.6661932864488289e+01 1.4473611159942630e+00 6.0218090942986766e+00 -6.3359359355829792e-01 1.2966896000000000e-02 4.0326054000000000e-01
-2.1787452557887443e-02 -1.0595599195875965e+02 4.9222832117391097e-01 1.2334314007692560e+01 1.5336669636229628e+01 1.2452580141055787e+00 5.8208920465491847e+00 -5.3312100375389238e-01 1.3063819000000001e-02 4.1627669000000000e-01
-1.8376268828213430e-02 -1.0535733041103454e+02 5.0363098930907402e-01 1.0522765180405671e+01 1.3957419180592471e+01 1.0450110023147872e+00 5.6284141513016426e+00 -4.4528601356773811e-01 1.3151064000000001e-02 4.2938494999999999e-01
-1.4943660229299410e-02 -1.0486294418716800e+02 5.1510527500961700e-01 8.9774954105686078e+00 1.2551444171761421e+01 8.4626000025868553e-01 5.4445771325518031e+00 -3.6882377727438559e-01 1.3228465999999999e-02 4.4257553999999999e-01
-1.1492205656495405e-02 -1.0447200545027199e+02 5.2664255772321500e-01 7.6822192683729584e+00 1.1143004298010808e+01 6.4864645592902814e-01 5.2694766916218443e+00 -3.0253315856145807e-01 1.3295871000000001e-02 4.5583855000000001e-01
-8.0245282445267907e-03 -1.0418398958736934e+02 5.3823406901723070e-01 6.6194745775978756e+00 9.7533708358228797e+00 4.5181275940872379e-01 5.1031152417319028e+00 -2.4528250668296755e-01 1.3353135000000000e-02 4.6916390000000002e-01
-4.5432823559132807e-03 -1.0399867529474986e+02 5.4987093607292392e-01 5.7709813960483727e+00 8.4008760527081225e+00 2.5540041320058204e-01 4.9454124082148079e+00 -1.9601313469188808e-01 1.3400123999999999e-02 4.8254139000000001e-01
-1.0511587856013582e-03 -1.0391614719254231e+02 5.6154416428776788e-01 5.1179832012397988e+00 7.1010251036742487e+00 5.9049174406162308e-02 4.7962199076840939e+00 -1.5374200126910292e-01 1.3436718000000000e-02 4.9596067999999999e-01
2.4491256483006318e-03 -1.0393680595049939e+02 5.7324467207081709e-01 4.6415604129756929e+00 5.8665991587422353e+00 -1.3760470374772904e-01 4.6553255798343134e+00 -1.1756273834218611e-01 1.3462807000000000e-02 5.0941133000000005e-01
5.9548176952574361e-03 -1.0406136323892228e+02 5.8496325604733856e-01 4.3229052943424406e+00 4.7078126721476607e+00 -3.3492911362360189e-01 4.5224714924237732e+00 -8.6645971624145154e-02 1.3478291000000000e-02 5.2288276000000000e-01
9.4631510931530161e-03 -1.0429086158155860e+02 5.9669066934839077e-01 4.1435647022947277e+00 3.6324941716765036e+00 -5.3329867841511547e-01 4.3973582419166632e+00 -6.0238154219209451e-02 1.3483083000000000e-02 5.3636434000000000e-01
1.2971333556709208e-02 -1.0462667899719131e+02 6.0841757811661257e-01 4.0856553172985377e+00 2.6462663848477828e+00 -7.3309536081875049e-01 4.2796558767550579e+00 -3.7659726408507746e-02 1.3477108000000000e-02 5.4984533999999996e-01
1.6476551982118420e-02 -1.0507054196905941e+02 6.2013457890390811e-01 4.1320364708214257e+00 1.7527478612266136e+00 -9.3471017898411279e-01 4.1690128044203902e+00 -1.8302944832117009e-02 1.3460300999999999e-02 5.6331494999999998e-01
1.9975980253991971e-02 -1.0562454051470969e+02 6.3183222476797130e-01 4.2664596050951991e+00 9.5375482639949871e-01 -1.1385451540436691e+00 4.0650621784124130e+00 -1.6282790447694831e-03 1.3432611000000001e-02 5.7676231000000000e-01
2.3466784449992645e-02 -1.0629114617626401e+02 6.4350104266997099e-01 4.4736804226816353e+00 2.4950904579696900e-01 -1.3450151993077473e+00 3.9674287699598563e+00 1.2839028019536699e-02 1.3393997000000000e-02 5.9017653000000003e-01
2.6946115033886026e-02 -1.0707322982478964e+02 6.5513150737802417e-01 4.7395449208873508e+00 -3.6115265921145029e-01 -1.5545494953901056e+00 3.8757353259332206e+00 2.5512602678548910e-02 1.3344429999999999e-02 6.0354666000000001e-01
3.0411117264805360e-02 -1.0797408528288034e+02 6.6671407626256451e-01 5.0510442030677760e+00 -8.8058456687195164e-01 -1.7675938209608137e+00 3.7896070963225048e+00 3.6750268083099079e-02 1.3283893999999999e-02 6.1686173000000000e-01
3.3858941606516230e-02 -1.0899745786712380e+02 6.7823922409170923e-01 5.3963502921467406e+00 -1.3121369085284678e+00 -1.9846133360766034e+00 3.7086764287370304e+00 4.6857338289083422e-02 1.3212384000000001e-02 6.3011079000000003e-01
3.7286728113519407e-02 -1.1014756864809449e+02 6.8969739083820758e-01 5.7648318050870655e+00 -1.6599706690966636e+00 -2.2060938050423200e+00 3.6325863401522520e+00 5.6091809380743284e-02 1.3129907000000000e-02 6.4328284999999996e-01
4.0691624647264391e-02 -1.1142915256666460e+02 7.0107904257133513e-01 6.1470352796274801e+00 -1.9288893768699797e+00 -2.4325451503933904e+00 3.5609934211627574e+00 6.4668610552306147e-02 1.3036481000000001e-02 6.5636695000000000e-01
4.4070789478465294e-02 -1.1284749655458660e+02 7.1237468015573469e-01 6.5346638857295423e+00 -2.1241781134174378e+00 -2.6645043314923837e+00 3.4935701405219253e+00 7.2764132755719274e-02 1.2932137999999999e-02 6.6935217000000002e-01
4.7421383480152540e-02 -1.1440847825341608e+02 7.2357481315489114e-01 6.9205395801837275e+00 -2.2514628420913625e+00 -2.9025377476346801e+00 3.4300066289629214e+00 8.0520494309983939e-02 1.2816919000000000e-02 6.8222760000000005e-01
5.0740585741569838e-02 -1.1611862060826019e+02 7.3467001202418225e-01 7.2985469475385800e+00 -2.3165782946373392e+00 -3.1472455739689615e+00 3.3700116763473611e+00 8.8049672180980545e-02 1.2690879000000000e-02 6.9498240000000000e-01
5.4025588363541960e-02 -1.1798514320560972e+02 7.4565089071319623e-01 7.6635786033753952e+00 -2.3254534596910617e+00 -3.3992650612723954e+00 3.3133136539755319e+00 9.5437360151346018e-02 1.2554085000000000e-02 7.0760577999999996e-01
5.7273599060790797e-02 -1.2001602524351563e+02 7.5650811536457185e-01 8.0114636326950759e+00 -2.2840115943583168e+00 -3.6592747252790514e+00 3.2596611072295820e+00 1.0274667392113518e-01 1.2406611999999999e-02 7.2008700999999997e-01
6.0481854173516425e-02 -1.2222007759504298e+02 7.6723244780820909e-01 8.3388951892600964e+00 -2.1980839208481631e+00 -3.9279999299645993e+00 3.2088221358190054e+00 1.1002150139857576e-01 1.2248551000000000e-02 7.3241546999999996e-01
6.3647610860448484e-02 -1.2460702488095120e+02 7.7781471946474312e-01 8.6433558100392318e+00 -2.0733401233727027e+00 -4.2062174026237074e+00 3.1605843754531415e+00 1.1728959157047979e-01 1.2080001999999999e-02 7.4458062000000003e-01
6.6768152303478545e-02 -1.2718759248630749e+02 7.8824584874322801e-01 8.9230450855225456e+00 -1.9152241385043243e+00 -4.4947613836835512e+00 3.1147548270312742e+00 1.2456534097476681e-01 1.1901076999999999e-02 7.5657202000000001e-01
6.9840792912292504e-02 -1.2997360339216746e+02 7.9851685843882114e-01 9.1767827428578226e+00 -1.7289105973176562e+00 -4.7945305988739140e+00 3.0711587469577792e+00 1.3185251997122396e-01 1.1711898000000000e-02 7.6837935000000002e-01
7.2862886131319277e-02 -1.3297815491954825e+02 8.0861890182930773e-01 9.4039728389954469e+00 -1.5192685510358950e+00 -5.1064964966058444e+00 3.0296386489408387e+00 1.3914624577203966e-01 1.1512599000000000e-02 7.7999244000000001e-01
7.5831811428149709e-02 -1.3621563552113204e+02 8.1854321918089235e-01 9.6044925301676063e+00 -1.2908354018341412e+00 -5.4317103793380550e+00 2.9900537775297593e+00 1.4643509425823223e-01 1.1303326000000001e-02 7.9140122000000002e-01
7.8745000316698482e-02 -1.3970200997756749e+02 8.2828122473661803e-01 9.7786405482526142e+00 -1.0477967859340014e+00 -5.7713158620413267e+00 2.9522785238381508e+00 1.5370302887226014e-01 1.1084235000000000e-02 8.0259581999999996e-01
8.1599912936358571e-02 -1.4345491927336337e+02 8.3782442842678795e-01 9.9270711309141149e+00 -7.9398664352084791e-01 -6.1265574783225034e+00 2.9162017361768622e+00 1.6093012945091725e-01 1.0855490000000001e-02 8.1356647999999998e-01
8.4394061472846782e-02 -1.4749390907865379e+02 8.4716451415854399e-01 1.0050733726640900e+01 -5.3287402062796607e-01 -6.4987962241930068e+00 2.8817252390727734e+00 1.6809477536264719e-01 1.0617270000000000e-02 8.2430364000000000e-01
8.7125004953571394e-02 -1.5184073749513664e+02 8.5629332241818146e-01 1.0150807477777214e+01 -2.6757470956614304e-01 -6.8895240900209993e+00 2.8487630559644481e+00 1.7517462340252415e-01 1.0369760000000000e-02 8.3479791999999997e-01
8.9790351849948519e-02 -1.5651951319381891e+02 8.6520285896999294e-01 1.0228664623123111e+01 -8.5768840817481719e-04 -7.3003818658154387e+00 2.8172399400086303e+00 1.8214642902614611e-01 1.0113159000000000e-02 8.4504013000000000e-01
9.2387762679718127e-02 -1.6155717336412741e+02 8.7388530355510818e-01 1.0285815921799301e+01 2.6484184998557003e-01 -7.7331801084717409e+00 2.7870904895528601e+00 1.8898790783559488e-01 9.8476710000000005e-03 8.5502127999999999e-01
9.4914950006944110e-02 -1.6698379755598501e+02 8.8233300989149521e-01 1.0323870815688000e+01 5.2740577176011549e-01 -8.1899232589139306e+00 2.7582581754136308e+00 1.9567762080292683e-01 9.5735140000000000e-03 8.6473257999999997e-01
9.7369691453595253e-02 -1.7283310995549431e+02 8.9053854916816966e-01 1.0344501705449540e+01 7.8501556548660523e-01 -8.6728407923140658e+00 2.7306941473103472e+00 2.0219570729001446e-01 9.2909130999999992e-03 8.7416548999999999e-01
9.9749816687964260e-02 -1.7914300116254529e+02 8.9849466655098520e-01 1.0349412699611896e+01 1.0361307035047291e+00 -9.1844192519068386e+00 2.7043565472057343e+00 2.0852380352095701e-01 9.0001030000000006e-03 8.8331166999999999e-01
1.0205322303856493e-01 -1.8595622448111317e+02 9.0619433337568478e-01 1.0340313084889937e+01 1.2794677959359704e+00 -9.7274466077514088e+00 2.6792096474429901e+00 2.1464564443620862e-01 8.7013270999999996e-03 8.9216304000000002e-01
1.0427786768718356e-01 -1.9332117847695957e+02 9.1363072105137544e-01 1.0318894123308043e+01 1.5139782653209217e+00 -1.0305060797567565e+01 2.6552228887106044e+00 2.2054687044209562e-01 8.3948374000000006e-03 9.0071175000000003e-01
1.0642178068045990e-01 -2.0129291735585966e+02 9.2079724455473722e-01 1.0286810137293784e+01 1.7388272453423703e+00 -1.0920814197653719e+01 2.6323705437495417e+00 2.2621506283694662e-01 8.0808944000000001e-03 9.0895022999999997e-01
1.0848305452062248e-01 -2.0993432709708773e+02 9.2768752763465612e-01 1.0245663602008600e+01 1.9533689378546373e+00 -1.1578746323993858e+01 2.6106305021151033e+00 2.3164021570343690e-01 7.7597663000000001e-03 9.1687114999999997e-01
1.1045985457475324e-01 -2.1931764671837527e+02 9.3429543760759071e-01 1.0196991634265204e+01 2.1571274630003781e+00 -1.2283480724261992e+01 2.5899842262987232e+00 2.3681366954072045e-01 7.4317293999999999e-03 9.2446746000000002e-01
1.1235042167710382e-01 -2.2952636469548412e+02 9.4061509405641530e-01 1.0142260726593948e+01 2.3497738437016595e+00 -1.3040344219441423e+01 2.5704162931494512e+00 2.4172895662504615e-01 7.0970672000000004e-03 9.3173240000000002e-01
1.1415306692446314e-01 -2.4065757471873326e+02 9.4664085143273580e-01 1.0082853222781340e+01 2.5311095130915335e+00 -1.3855515331060332e+01 2.5519135945072611e+00 2.4638123004302784e-01 6.7560703000000000e-03 9.3865947999999999e-01
1.1586618468773840e-01 -2.5282511861193552e+02 9.5236734255109812e-01 1.0020068897699735e+01 2.7010437690114544e+00 -1.4736223567656275e+01 2.5344647732931085e+00 2.5076723356578379e-01 6.4090362999999996e-03 9.4524253000000003e-01
1.1748823699805785e-01 -2.6616348222560623e+02 9.5778942639593834e-01 9.9551179350470633e+00 2.8595775462384463e+00 -1.5690994898638035e+01 2.5180606631705089e+00 2.5488491000644253e-01 6.0562691999999996e-03 9.5147563999999996e-01
1.1901777956993290e-01 -2.8083329984604450e+02 9.6290227511000093e-01 9.8891235036032992e+00 3.0067880877811666e+00 -1.6730001985078903e+01 2.5026933444347015e+00 2.5873359201630552e-01 5.6980790999999996e-03 9.5735325999999998e-01
1.2045343577809586e-01 -2.9702829961616004e+02 9.6770128700591940e-01 9.8231186819677294e+00 3.1428124616805020e+00 -1.7865503375173081e+01 2.4883562226355256e+00 2.6231351812629405e-01 5.3347821999999998e-03 9.6287009999999995e-01
1.2179392268066236e-01 -3.1498541315439951e+02 9.7218217355463610e-01 9.7580493796694565e+00 3.2678343345426470e+00 -1.9112486466645507e+01 2.4750436282282671e+00 2.6562585416519990e-01 4.9667000000000001e-03 9.6802122999999995e-01
1.2303803280291742e-01 -3.3499847943937237e+02 9.7634089849350869e-01 9.6947756805868206e+00 3.3820722746000520e+00 -2.0489538319064060e+01 2.4627508343495288e+00 2.6867242505472683e-01 4.5941591999999996e-03 9.7280200999999999e-01
1.2418465495584546e-01 -3.5743868144965046e+02 9.8017374741704466e-01 9.6340741910941521e+00 3.4857666775795275e+00 -2.2020147666197072e+01 2.4514738824351796e+00 2.7145552538127349e-01 4.2174915999999996e-03 9.7720817000000004e-01
1.2523275341760054e-01 -3.8278428363596993e+02 9.8367725818616703e-01 9.5766419827912426e+00 3.5791708600469136e+00 -2.3734598037399731e+01 2.4412089234874017e+00 2.7397790977320557e-01 3.8370333000000002e-03 9.8123572999999997e-01
1.2618138875203599e-01 -4.1166766423573881e+02 9.8684829051894929e-01 9.5231007643580377e+00 3.6625424407996539e+00 -2.5672969067121869e+01 2.4319531591459009e+00 2.7624252044910103e-01 3.4531249000000000e-03 9.8488107999999996e-01
1.2702971000175584e-01 -4.4495088852036935e+02 9.8968399989408939e-01 9.4739974291507902e+00 3.7361349413456333e+00 -2.7889959702953618e+01 2.4237039828549025e+00 2.7825238580240125e-01 3.0661112999999999e-03 9.8814095000000002e-01
1.2777694948348223e-01 -4.8385510882068490e+02 9.9218182015322620e-01 9.4298087634806684e+00 3.8001910555003842e+00 -3.0463153755364377e+01 2.4164593737805382e+00 2.8001050489027485e-01 2.6763420000000000e-03 9.9101238999999997e-01
1.2842243840195294e-01 -5.3019981092809587e+02 9.9433951569399093e-01 9.3909458622693833e+00 3.8549349675948346e+00 -3.3508314121442048e+01 2.4102173256028814e+00 2.8151978225116553e-01 2.2841723000000002e-03 9.9349282999999999e-01
1.2896560164528864e-01 -5.8688500573507167e+02 9.9615516407232296e-01 9.3577563361421721e+00 3.9005725032979046e+00 -3.7210223222998060e+01 2.4049762790419136e+00 2.8278289861964706e-01 1.8899688000000000e-03 9.9558005999999999e-01
1.2940595518267689e-01 -6.5900131371717885e+02 9.9762714730362889e-01 9.3305272015620435e+00 3.9372810691476392e+00 -4.1893716550038526e+01 2.4007349229412362e+00 2.8380222615008699e-01 1.4941295000000000e-03 9.9727222000000004e-01
1.2974314249679897e-01 -7.5696688079090882e+02 9.9875427364656777e-01 9.3094849053056894e+00 3.9652121735479944e+00 -4.8224499798022258e+01 2.3974918216993797e+00 2.8457986490093590e-01 1.0971916000000000e-03 9.9856794000000004e-01
1.2997703347184492e-01 -9.0939307923244201e+02 9.9953610815904481e-01 9.2947918656984356e+00 3.9844956405269376e+00 -5.8033042098042010e+01 2.3952445846811488e+00 2.8511779605689491e-01 7.0085733000000002e-04 9.9946672000000003e-01
