-2.6618085711741762e-01 -8.6888061681771114e+02 2.6618215254077238e-01 -8.4593489131127899e+02 -2.2454459854308763e+02 5.5263308142698975e+01 -5.3797074312682277e+01 -1.4349685705920235e+01 5.5301730000000003e-06 1.0230946000000001e-06
-2.6617079501835644e-01 -6.5670550350720180e+02 2.6619602232164180e-01 -6.3366465008249190e+02 -2.2452730759414263e+02 4.1703358668912792e+01 -4.0232828558573381e+01 -1.4348912137015741e+01 3.5894988000000002e-05 1.9923924999999999e-05
-2.6613922646841048e-01 -5.5815208714244613e+02 2.6623953698666886e-01 -5.3486294957783673e+02 -2.2447306616259542e+02 3.5403247207429317e+01 -3.3921482380158103e+01 -1.4346485402557764e+01 8.5619985000000003e-05 7.9222864999999994e-05
-2.6607673098547857e-01 -4.9336739278529683e+02 2.6632568190020284e-01 -4.6964921182607242e+02 -2.2436571570007413e+02 3.1259698098795827e+01 -2.9758487028790238e+01 -1.4341682325417940e+01 1.5173507999999999e-04 1.9661552000000001e-04
-2.6597506370711316e-01 -4.4512793942208219e+02 2.6646582193102014e-01 -4.2078520317721529e+02 -2.2419116388802243e+02 2.8171917989781083e+01 -2.6642349889110957e+01 -1.4333871743712647e+01 2.3255418000000001e-04 3.8758918999999998e-04
-2.6582672613020841e-01 -4.0677039581669175e+02 2.6667029315256779e-01 -3.8160004029836682e+02 -2.2393667338679884e+02 2.5714002031574722e+01 -2.4146813484580644e+01 -1.4322482462499922e+01 3.2689763000000001e-04 6.6622920000000002e-04
-2.6562477078708724e-01 -3.7500745879710797e+02 2.6694867208100720e-01 -3.4880380283249292e+02 -2.2359055598026052e+02 2.3675862327219843e+01 -2.2061626634033114e+01 -1.4306989288795656e+01 4.3385032000000002e-04 1.0455858000000000e-03
-2.6536269193278533e-01 -3.4797297726463216e+02 2.6730992635385625e-01 -3.2053120558023375e+02 -2.2314201638381334e+02 2.1938232407925440e+01 -2.0267538573918571e+01 -1.4286905766390806e+01 5.5265518999999999e-04 1.5378795000000000e-03
-2.6503435797224012e-01 -3.2450446054300107e+02 2.6776250787358363e-01 -2.9562336416923830e+02 -2.2258106929076575e+02 2.0426837384969708e+01 -1.8690408114801187e+01 -1.4261780158428897e+01 6.8265765000000004e-04 2.1546280000000000e-03
-2.6463396583147536e-01 -3.0382793204927049e+02 2.6831441570320125e-01 -2.7331208801219771e+02 -2.2189849503431930e+02 1.9092244041200374e+01 -1.7281033654988896e+01 -1.4231192199112790e+01 8.2327310000000005e-04 2.9067318999999999e-03
-2.6415600986761295e-01 -2.8540158144426186e+02 2.6897323892127006e-01 -2.5306311460890927e+02 -2.2108582047158473e+02 1.7899865398739937e+01 -1.6005140007012354e+01 -1.4194754840808498e+01 9.7396649000000004e-04 3.8045331000000002e-03
-2.6359525913698145e-01 -2.6883087708440769e+02 2.6974618795595434e-01 -2.3449098187201997e+02 -2.2013531406972345e+02 1.6824533714722211e+01 -1.4837937797418768e+01 -1.4152111771087197e+01 1.1342389000000000e-03 4.8578574999999999e-03
-2.6294674078539670e-01 -2.5381923556062134e+02 2.7064011748016192e-01 -2.1730939274686887e+02 -2.1903999080105740e+02 1.5847346754026283e+01 -1.3760959106278124e+01 -1.4102935443366194e+01 1.3036180000000001e-03 6.0760461999999999e-03
-2.6220572801676223e-01 -2.4013782589983285e+02 2.7166154299584472e-01 -2.0130080935048252e+02 -2.1779362351978222e+02 1.4953732829783196e+01 -1.2760113787179817e+01 -1.4046930204386577e+01 1.4816515000000000e-03 7.4679780999999997e-03
-2.6136773035083011e-01 -2.2760607417213359e+02 2.7281665426287866e-01 -1.8629686737676121e+02 -2.1639075685537364e+02 1.4132208777086980e+01 -1.1824440074147374e+01 -1.3983831691347314e+01 1.6679024999999999e-03 9.0420881999999994e-03
-2.6042848702190208e-01 -2.1607880961588288e+02 2.7411132439841462e-01 -1.7216532830328788e+02 -2.1482672380616188e+02 1.3373554587083639e+01 -1.0945272868458076e+01 -1.3913407364121467e+01 1.8619452999999999e-03 1.0806380000000001e-02
-2.5938396085665749e-01 -2.0543739385574929e+02 2.7555111831579232e-01 -1.5880107405182648e+02 -2.1309766095387880e+02 1.2670245878280202e+01 -1.0115670526578935e+01 -1.3835456982025544e+01 2.0633631000000000e-03 1.2768437000000001e-02
-2.5823033545263019e-01 -1.9558349208093145e+02 2.7714129661377868e-01 -1.4611979382019894e+02 -2.1120052586943021e+02 1.2016055324539961e+01 -9.3300115343183769e+00 -1.3749813238146336e+01 2.2717459999999998e-03 1.4935428000000001e-02
-2.5696401044017975e-01 -1.8643455701408317e+02 2.7888682210755344e-01 -1.3405331194282712e+02 -2.0913310780859430e+02 1.1405763432551216e+01 -8.5836997752305617e+00 -1.3656342116906572e+01 2.4866887000000002e-03 1.7314116000000001e-02
-2.5558160158896409e-01 -1.7792053923048590e+02 2.8079235968194566e-01 -1.2254622000566170e+02 -2.0689404279001985e+02 1.0834947834537383e+01 -7.8729509725450395e+00 -1.3554943492661341e+01 2.7077901999999999e-03 1.9910858000000000e-02
-2.5407993495194842e-01 -1.6998140725424008e+02 2.8286228436343780e-01 -1.1155327684083248e+02 -2.0448282019290562e+02 1.0299822632737323e+01 -7.1946264642657729e+00 -1.3445551164670420e+01 2.9346520999999999e-03 2.2731616000000000e-02
-2.5245605005958222e-01 -1.6256515881383982e+02 2.8510067691725466e-01 -1.0103744588392796e+02 -2.0189977110970295e+02 9.7971195311407406e+00 -6.5461114652608750e+00 -1.3328133375705994e+01 3.1668782999999998e-03 2.5781951000000001e-02
-2.5070719672562225e-01 -1.5562661518493627e+02 2.8751132825027470e-01 -9.0968342364157024e+01 -1.9914609878685795e+02 9.3239935012057344e+00 -5.9252168208600668e+00 -1.3202692710983872e+01 3.4040742000000001e-03 2.9067029000000001e-02
-2.4883083291768165e-01 -1.4912601489101343e+02 2.9009774234630442e-01 -8.1321000548694698e+01 -1.9622384871470845e+02 8.8779496245869609e+00 -5.3301022546392263e+00 -1.3069265920563929e+01 3.6458464000000000e-03 3.2591624999999999e-02
-2.4682462795140644e-01 -1.4302826071488892e+02 2.9286313186316681e-01 -7.2074911072417166e+01 -1.9313590467348408e+02 8.4567863717410781e+00 -4.7592166543465328e+00 -1.2927923946521812e+01 3.8918026000000000e-03 3.6360116999999997e-02
-2.4468645823157328e-01 -1.3730215978213877e+02 2.9581042400325025e-01 -6.3213201985038623e+01 -1.8988599024565502e+02 8.0585485348962163e+00 -4.2112475166269485e+00 -1.2778771212341789e+01 4.1415510999999999e-03 4.0376493999999999e-02
-2.4241440884917781e-01 -1.3191985000768659e+02 2.9894225831205251e-01 -5.4721992645611692e+01 -1.8647861887933044e+02 7.6814904931353407e+00 -3.6850814098199844e+00 -1.2621945198069815e+01 4.3947007000000003e-03 4.4644352999999998e-02
-2.4000677358143463e-01 -1.2685632665427167e+02 3.0226098667818091e-01 -4.6589846919909611e+01 -1.8291909019875891e+02 7.3240458994418152e+00 -3.1797707428361388e+00 -1.2457615671633448e+01 4.6508610999999997e-03 4.9166899000000000e-02
-2.3746205276232615e-01 -1.2208903879456892e+02 3.0576867626862664e-01 -3.8807309656952285e+01 -1.7921345692651946e+02 6.9848024926141363e+00 -2.6945057899785194e+00 -1.2285983620438621e+01 4.9096423000000002e-03 5.3946949000000001e-02
-2.3477895594441656e-01 -1.1759762731666135e+02 3.0946710585967185e-01 -3.1366528927529242e+01 -1.7536848599629590e+02 6.6624818658249003e+00 -2.2285920784888957e+00 -1.2107280332032589e+01 5.1706551000000002e-03 5.8986927000000001e-02
-2.3195639710758664e-01 -1.1336353948594733e+02 3.1335777244125690e-01 -2.4260913790900982e+01 -1.7139161772368459e+02 6.3559217489006929e+00 -1.7814300247819230e+00 -1.1921765816471812e+01 5.4335110000000002e-03 6.4288872999999996e-02
-2.2899349945029890e-01 -1.0936992081689050e+02 3.1744188461261302e-01 -1.7484867160648825e+01 -1.6729092765653883e+02 6.0640621806127850e+00 -1.3524991379547699e+00 -1.1729727659696318e+01 5.6978226000000002e-03 6.9854434000000007e-02
-2.2588959006596968e-01 -1.0560136161495718e+02 3.2172036992044845e-01 -1.1033530002415441e+01 -1.6307507090323944e+02 5.7859327710074808e+00 -9.4134135688877119e-01 -1.1531479101818494e+01 5.9632034000000004e-03 7.5684873999999999e-02
-2.2264420260478307e-01 -1.0204375066009611e+02 3.2619387118985510e-01 -4.9025835713145849e+00 -1.5875323427121438e+02 5.5206426565988531e+00 -5.4755767538905697e-01 -1.1327357515846868e+01 6.2292681999999997e-03 8.1781068999999998e-02
-2.1925707514423975e-01 -9.8684133584073223e+01 3.3086274945958344e-01 9.1193597593602527e-01 -1.5433507798326843e+02 5.2673715128244378e+00 -1.7078065820209898e-01 -1.1117722363543399e+01 6.4956331999999999e-03 8.8143510999999994e-02
-2.1572815018915686e-01 -9.5510594251418183e+01 3.3572708398204204e-01 6.4137890896379322e+00 -1.4983067797795240e+02 5.0253619721485219e+00 1.8931777139541683e-01 -1.0902953238595828e+01 6.7619166000000000e-03 9.4772308000000000e-02
-2.1205757147749144e-01 -9.2512148837228722e+01 3.4078667662620932e-01 1.1606667965391935e+01 -1.4525046128868487e+02 4.7939128810907290e+00 5.3304282458180929e-01 -1.0683447662028229e+01 7.0277381999999996e-03 1.0166719000000000e-01
-2.0824568344797734e-01 -8.9678654000124141e+01 3.4604105261145224e-01 1.6494312183273042e+01 -1.4060514313955485e+02 4.5723736491302063e+00 8.6068176469304536e-01 -1.0459618823554964e+01 7.2927204000000001e-03 1.0882751000000000e-01
-2.0429303869320470e-01 -8.7000745870418513e+01 3.5148945023406591e-01 2.1080585968076662e+01 -1.3590566521951311e+02 4.3601397002202287e+00 1.1725091277240265e+00 -1.0231893712342538e+01 7.5564877000000004e-03 1.1625223000000000e-01
-2.0020038252109840e-01 -8.4469742233291100e+01 3.5713084214801277e-01 2.5369581907368854e+01 -1.3116314194528400e+02 4.1566472912218089e+00 1.4687929065244800e+00 -1.0000710409215767e+01 7.8186677999999999e-03 1.2393994999999999e-01
-1.9596865189019275e-01 -8.2077596142023538e+01 3.6296393683255995e-01 2.9365679574992033e+01 -1.2638874366248949e+02 3.9613697641440684e+00 1.7497982291572969e+00 -9.7665149227892272e+00 8.0788911000000008e-03 1.3188891000000000e-01
-1.9159899138051537e-01 -7.9816849021557985e+01 3.6898715657772130e-01 3.3073580995098794e+01 -1.2159370808978207e+02 3.7738149697305503e+00 2.0157903518928340e+00 -9.5297605756925705e+00 8.3367917000000003e-03 1.4009695999999999e-01
-1.8709273189907513e-01 -7.7680571348508778e+01 3.7519866683700115e-01 3.6498369490181062e+01 -1.1678920468952710e+02 3.5935212896475690e+00 2.2670387904245910e+00 -9.2909041165586519e+00 8.5920070000000005e-03 1.4856159999999999e-01
-1.8245140132711823e-01 -7.5662327024447080e+01 3.8159636155102272e-01 3.9645527161854055e+01 -1.1198631152951138e+02 3.4200554915065355e+00 2.5038179807941536e+00 -9.0504041048055353e+00 8.8441787999999997e-03 1.5727996000000000e-01
-1.7767671387287209e-01 -7.3756131022980057e+01 3.8817787782389962e-01 4.2520960260309728e+01 -1.0719593829591084e+02 3.2530099566001218e+00 2.7264118364133036e+00 -8.8087181388633766e+00 9.0929527999999999e-03 1.6624881999999999e-01
-1.7277057007154537e-01 -7.1956419066437547e+01 3.9494059592323627e-01 4.5131005835444512e+01 -1.0242876861107470e+02 3.0920006182399957e+00 2.9351129864062502e+00 -8.5663006737753076e+00 9.3379794999999995e-03 1.7546460999999999e-01
-1.6773505146169995e-01 -7.0258008043342997e+01 4.0188164661831360e-01 4.7482433382814229e+01 -9.7695201266083131e+01 2.9366649063026733e+00 3.1302250578217605e+00 -8.3236007195479580e+00 9.5789143999999993e-03 1.8492342000000001e-01
-1.6257243655613507e-01 -6.8656086626501576e+01 4.0899788916553115e-01 4.9582430630833414e+01 -9.3005314264913508e+01 2.7866605353632679e+00 3.3120624415847164e+00 -8.0810605695026609e+00 9.8154178999999998e-03 1.9462097000000000e-01
-1.5728517422374702e-01 -6.7146173888750411e+01 4.1628594799933710e-01 5.1438600729690123e+01 -8.8368792253750669e+01 2.6416631144517173e+00 3.4809517268472234e+00 -7.8391126507519528e+00 1.0047156000000000e-02 2.0455266000000000e-01
-1.5187587836590122e-01 -6.5724099547082247e+01 4.2374222007041418e-01 5.3058940634763594e+01 -8.3794880243083767e+01 2.5013646955337179e+00 3.6372317236282887e+00 -7.5981773348190629e+00 1.0273801000000001e-02 2.1471357999999999e-01
-1.4634735453457243e-01 -6.4385991734085877e+01 4.3136283815474979e-01 5.4451810345328468e+01 -7.9292368711344068e+01 2.3654732048539948e+00 3.7812524070140849e+00 -7.3586632896889217e+00 1.0495031000000000e-02 2.2509846000000000e-01
-1.4070256799057634e-01 -6.3128251991368025e+01 4.3914371488275178e-01 5.5625903680100642e+01 -7.4869530962171865e+01 2.2337104084917598e+00 3.9133754632903841e+00 -7.1209634022066428e+00 1.0710529999999999e-02 2.3570173000000000e-01
-1.3494464902719791e-01 -6.1947535568471700e+01 4.4708053540106252e-01 5.6590220170766351e+01 -7.0534100318445851e+01 2.1058111466158902e+00 4.0339733641155977e+00 -6.8854544615183739e+00 1.0919989999999999e-02 2.4651751000000000e-01
-1.2907689829381910e-01 -6.0840746805308825e+01 4.5516875003437313e-01 5.7354022021605353e+01 -6.6293249369269873e+01 1.9815221291902725e+00 4.1434284028892581e+00 -6.6524959782574218e+00 1.1123108000000000e-02 2.5753959999999998e-01
-1.2310277082503496e-01 -5.9805016933321582e+01 4.6340359629998107e-01 5.7926798423280118e+01 -6.2153558574608482e+01 1.8606010577702261e+00 4.2421321414983746e+00 -6.4224285075250505e+00 1.1319591000000000e-02 2.6876150999999998e-01
-1.1702587071702550e-01 -5.8837693274261937e+01 4.7178010624597633e-01 5.8318220298255717e+01 -5.8120999275198237e+01 1.7428155178848754e+00 4.3304842254285809e+00 -6.1955726083773568e+00 1.1509152000000000e-02 2.8017647000000001e-01
-1.1084995645118381e-01 -5.7936327449244686e+01 4.8029309911305551e-01 5.8538100464620086e+01 -5.4200928054212191e+01 1.6279423200233358e+00 4.4088911261803174e+00 -5.9722283541263002e+00 1.1691511000000000e-02 2.9177742000000001e-01
-1.0457894621774402e-01 -5.7098675314295825e+01 4.8893717399633563e-01 5.8596347575585625e+01 -5.0398085235701451e+01 1.5157668497110279e+00 4.4777647877673878e+00 -5.7526749749746253e+00 1.1866398000000000e-02 3.0355700000000002e-01
-9.8216875326757047e-02 -5.6322669099265589e+01 4.9770676855084212e-01 5.8502923190610979e+01 -4.6716568533102567e+01 1.4060816224589900e+00 4.5375219051005358e+00 -5.5371689526828716e+00 1.2033550000000000e-02 3.1550762999999998e-01
-9.1767933473486774e-02 -5.5606424115154191e+01 5.0659610762420693e-01 5.8267797380384977e+01 -4.3159861617160558e+01 1.2986862295400405e+00 4.5885817179498716e+00 -5.3259451839406857e+00 1.2192715000000000e-02 3.2762143999999999e-01
-8.5236438120270014e-02 -5.4948226189308166e+01 5.1559923994759860e-01 5.7900905837648132e+01 -3.9730826895447628e+01 1.1933866191620033e+00 4.6313655476007280e+00 -5.1192159839235662e+00 1.2343646000000000e-02 3.3989032000000002e-01
-7.8626839820144512e-02 -5.4346526383813170e+01 5.2471003079753586e-01 5.7412109026119808e+01 -3.6431721664169473e+01 1.0899938690174851e+00 4.6662946953604134e+00 -4.9171713527892642e+00 1.2486109000000000e-02 3.5230591000000000e-01
-7.1943700922336595e-02 -5.3799933878664518e+01 5.3392219134863184e-01 5.6811153169726637e+01 -3.3264204449607647e+01 9.8832435537016705e-01 4.6937894476094382e+00 -4.7199785786571145e+00 1.2619877000000000e-02 3.6485963999999999e-01
-6.5191711543145570e-02 -5.3307213026009435e+01 5.4322925665903643e-01 5.6107618983898462e+01 -3.0229363768906001e+01 8.8819829088317936e-01 4.7142679652625104e+00 -4.5277831087527867e+00 1.2744734000000001e-02 3.7754270000000001e-01
-5.8375673595059491e-02 -5.2867279083636959e+01 5.5262460768499333e-01 5.5310915372385239e+01 -2.7327733193983303e+01 7.8943980413615344e-01 4.7281441697561277e+00 -4.3407087299482168e+00 1.2860473000000001e-02 3.9034606999999999e-01
-5.1500490139498978e-02 -5.2479189742299909e+01 5.6210148595721310e-01 5.4430214675027599e+01 -2.4559313428033189e+01 6.9187596511233362e-01 4.7358274533324183e+00 -4.1588572422782288e+00 1.2966896000000000e-02 4.0326054000000000e-01
-4.4571176034073540e-02 -5.2142153032246547e+01 5.7165297890450040e-01 5.3474439675230940e+01 -2.1923605383279902e+01 5.9533644293363075e-01 4.7377209277658441e+00 -3.9823104620959140e+00 1.3063819000000001e-02 4.1627669000000000e-01
-3.7592825990813150e-02 -5.1855514241319852e+01 5.8127206388287012e-01 5.2452227615872488e+01 -1.9419628994086885e+01 4.9965271431317859e-01 4.7342204931061289e+00 -3.8111295639816141e+00 1.3151064000000001e-02 4.2938494999999999e-01
-3.0570646517936478e-02 -5.1618761117566258e+01 5.9095156414643180e-01 5.1371913327824323e+01 -1.7045964872628694e+01 4.0465780702746912e-01 4.7257137599729759e+00 -3.6453569734487190e+00 1.3228465999999999e-02 4.4257553999999999e-01
-2.3509913330826721e-02 -5.1431520609778971e+01 6.0068420755287699e-01 5.0241500364864343e+01 -1.4800778718035104e+01 3.1018536477915593e-01 4.7125791142863607e+00 -3.4850162005930225e+00 1.3295871000000001e-02 4.5583855000000001e-01
-1.6415992646543642e-02 -5.1293560075199721e+01 6.1046259721073548e-01 4.9068647434912613e+01 -1.2681854307030081e+01 2.1606940881792314e-01 4.6951848600438444e+00 -3.3301135921905458e+00 1.3353135000000000e-02 4.6916390000000002e-01
-9.2943145656835258e-03 -5.1204787184283312e+01 6.2027924817030544e-01 4.7860648242350386e+01 -1.0686628143860860e+01 1.2214348210286863e-01 4.6738883987820694e+00 -3.1806386486958029e+00 1.3400123999999999e-02 4.8254139000000001e-01
-2.1503837196349962e-03 -5.1165251763723823e+01 6.3012657274728112e-01 4.6624425801822852e+01 -8.8122242685755978e+00 2.8240256382536355e-02 4.6490356063186979e+00 -3.0365653976719500e+00 1.3436718000000000e-02 4.9596067999999999e-01
5.0102420239328538e-03 -5.1175148122531212e+01 6.3999690987549718e-01 4.5366515591073522e+01 -7.0554845419528087e+00 -6.5809188327512480e-02 4.6209601761394996e+00 -2.8978532337644340e+00 1.3462807000000000e-02 5.0941133000000005e-01
1.2181930266558449e-02 -5.1234817802190271e+01 6.4988249575418444e-01 4.4093067098639153e+01 -5.4130095232525512e+00 -1.6017579446582841e-01 4.5899832530371905e+00 -2.7644484271591221e+00 1.3478291000000000e-02 5.2288276000000000e-01
1.9359021991640080e-02 -5.1344753607263264e+01 6.5977552989164356e-01 4.2809831848554765e+01 -3.8811802495139442e+00 -2.5503361173177552e-01 4.5564128354483042e+00 -2.6362844032689083e+00 1.3483083000000000e-02 5.3636434000000000e-01
2.6535804946295649e-02 -5.1505604506170592e+01 6.6966813841431572e-01 4.1522169444936132e+01 -2.4562005173868497e+00 -3.5055985643270793e-01 4.5205436179164913e+00 -2.5132834624877707e+00 1.3477108000000000e-02 5.4984533999999996e-01
3.3706524288618867e-02 -5.1718180715446223e+01 6.7955238874315416e-01 4.0235047457130705e+01 -1.1341240059715492e+00 -4.4693631599428230e-01 4.4826567432874080e+00 -2.3953577593379149e+00 1.3460300999999999e-02 5.6331494999999998e-01
4.0865398558563026e-02 -5.1983461031001895e+01 6.8942031160818207e-01 3.8953044203660561e+01 8.9115659601396488e-02 -5.4434953950615173e-01 4.4430196139282216e+00 -2.2824101565923560e+00 1.3432611000000001e-02 5.7676231000000000e-01
4.8006630325197586e-02 -5.2302600872631487e+01 6.9926391572486479e-01 3.7680356365288581e+01 1.2176771094563252e+00 -6.4299207411657555e-01 4.4018857995617173e+00 -2.1743351633872408e+00 1.3393997000000000e-02 5.9017653000000003e-01
5.5124390215823549e-02 -5.2676940439760841e+01 7.0907516577955176e-01 3.6420802161662550e+01 2.2557800157640888e+00 -7.4306298799142656e-01 4.3594951871535130e+00 -2.0710207627467101e+00 1.3344429999999999e-02 6.0354666000000001e-01
6.2212838210486121e-02 -5.3108016517643456e+01 7.1884601178222063e-01 3.5177842186768295e+01 3.2076822047334113e+00 -8.4476886358619430e-01 4.3160740322754414e+00 -1.9723484514588139e+00 1.3283893999999999e-02 6.1686173000000000e-01
6.9266144936486362e-02 -5.3597570659056025e+01 7.2856841841922049e-01 3.3954577671015926e+01 4.0776595907233917e+00 -9.4832517601681854e-01 4.2718347831786527e+00 -1.8781938700165783e+00 1.3212384000000001e-02 6.3011079000000003e-01
7.6278459726613235e-02 -5.4147569919608792e+01 7.3823432102415698e-01 3.2753778508945516e+01 4.8699690706657757e+00 -1.0539569270940046e+00 4.2269768693538810e+00 -1.7884300052931730e+00 1.3129907000000000e-02 6.4328284999999996e-01
8.3243947884539871e-02 -5.4760214350056501e+01 7.4783567694519371e-01 3.1577880617394925e+01 5.5888468415485599e+00 -1.1618999751248946e+00 4.1816865073279752e+00 -1.7029248784282724e+00 1.3036481000000001e-02 6.5636695000000000e-01
9.0156796008451556e-02 -5.5437959461969733e+01 7.5736447288323783e-01 3.0429011053789974e+01 6.2384793946094401e+00 -1.2724025315940966e+00 4.1361372780038064e+00 -1.6215446049461102e+00 1.2932137999999999e-02 6.6935217000000002e-01
9.7011196020161450e-02 -5.6183532844218718e+01 7.6681270287738301e-01 2.9309003170238778e+01 6.8229898411785781e+00 -1.3857261697448295e+00 4.0904902964106826e+00 -1.5441534906495247e+00 1.2816919000000000e-02 6.8222760000000005e-01
1.0380137710687909e-01 -5.6999958717400105e+01 7.7617241233402412e-01 2.8219409311091251e+01 7.3464090734847218e+00 -1.5021477637675706e+00 4.0448947047527932e+00 -1.4706146357547667e+00 1.2690879000000000e-02 6.9498240000000000e-01
1.1052159507395426e-01 -5.7890581416581107e+01 7.8543568335048652e-01 2.7161520226347012e+01 7.8126932026252716e+00 -1.6219612134227581e+00 3.9994879432505557e+00 -1.4007907555748309e+00 1.2554085000000000e-02 7.0760577999999996e-01
1.1716613766850481e-01 -5.8859095577778604e+01 7.9459464205321129e-01 2.6136382205669126e+01 8.2256811919861796e+00 -1.7454790768982782e+00 3.9543965942378927e+00 -1.3345448741984942e+00 1.2406611999999999e-02 7.2008700999999997e-01
1.2372935119755701e-01 -5.9909572238369307e+01 8.0364149528868500e-01 2.5144810714943752e+01 8.5890990949903667e+00 -1.8730351979526905e+00 3.9097368899243099e+00 -1.2717406075723383e+00 1.2248551000000000e-02 7.3241546999999996e-01
1.3020562455716156e-01 -6.1046505924783467e+01 8.1256850860888297e-01 2.4187411066352226e+01 8.9065497190082699e+00 -2.0049867216786414e+00 3.8656128801223124e+00 -1.2122424362416171e+00 1.2080001999999999e-02 7.4458062000000003e-01
1.3658939987964930e-01 -6.2274847475711127e+01 8.2136802094763905e-01 2.3264594059045724e+01 9.1815028129220195e+00 -2.1417168687301973e+00 3.8221221116626705e+00 -1.1559191878022406e+00 1.1901076999999999e-02 7.5657202000000001e-01
1.4287518318088760e-01 -6.3600054173162846e+01 8.3003245929701985e-01 2.2376592656979877e+01 9.4172997332165096e+00 -2.2836380929679723e+00 3.7793509032453185e+00 -1.1026367591124715e+00 1.1711898000000000e-02 7.6837935000000002e-01
1.4905756033116435e-01 -6.5028144970501899e+01 8.3855436072188150e-01 2.1523476043573659e+01 9.6171345876009493e+00 -2.4311959545256707e+00 3.7373773550068954e+00 -1.0522687600962344e+00 1.1512599000000000e-02 7.7999244000000001e-01
1.5513117043704788e-01 -6.6565760865008301e+01 8.4692633566893960e-01 2.0705170051632937e+01 9.7840610283063043e+00 -2.5848720096389277e+00 3.6962715785597213e+00 -1.0046888319091620e+00 1.1303326000000001e-02 7.9140122000000002e-01
1.6109075907766707e-01 -6.8220238381916346e+01 8.5514114134863006e-01 1.9921466418483892e+01 9.9209885780369600e+00 -2.7451897395835028e+00 3.6560959157888204e+00 -9.5977508172508852e-01 1.1084235000000000e-02 8.0259581999999996e-01
1.6693113039205931e-01 -6.9999683605768638e+01 8.6319161569143388e-01 1.9172044374950691e+01 1.0030681299403296e+01 -2.9127182899954889e+00 3.6169057410801200e+00 -9.1740795035614808e-01 1.0855490000000001e-02 8.1356647999999998e-01
1.7264719499182268e-01 -7.1913076644325940e+01 8.7107074339155233e-01 1.8456476638283174e+01 1.0115758885086187e+01 -3.0880795608033313e+00 3.5787497220560196e+00 -8.7747219285425893e-01 1.0617270000000000e-02 8.2430364000000000e-01
1.7823395931385982e-01 -7.3970375452003154e+01 8.7877164123053375e-01 1.7774250768344743e+01 1.0178697492725329e+01 -3.2719547337209365e+00 3.5416703941311338e+00 -8.3985620748567769e-01 1.0369760000000000e-02 8.3479791999999997e-01
1.8368653094400622e-01 -7.6182652444261123e+01 8.8628756541546050e-01 1.7124775705192427e+01 1.0221831864641267e+01 -3.4650923543494807e+00 3.5057046377921064e+00 -8.0445231349022006e-01 1.0113159000000000e-02 8.4504013000000000e-01
1.8900012394065785e-01 -7.8562232805955233e+01 8.9361191891713476e-01 1.6507396656906380e+01 1.0247357793850005e+01 -3.6683176647283542e+00 3.4708841252357878e+00 -7.7115656055085202e-01 9.8476710000000005e-03 8.5502127999999999e-01
1.9417005883477151e-01 -8.1122877460359419e+01 9.0073825147007791e-01 1.5921406452397944e+01 1.0257334847293828e+01 -3.8825440825046074e+00 3.4372354873498798e+00 -7.3987042393205371e-01 9.5735140000000000e-03 8.6473257999999997e-01
1.9919178924800496e-01 -8.3880001905799091e+01 9.0766029626346123e-01 1.5366053366745559e+01 1.0253693538379309e+01 -4.1087861802083729e+00 3.4047821516505712e+00 -7.1049749798806905e-01 9.2909130999999992e-03 8.7416548999999999e-01
2.0406087527457656e-01 -8.6850912143880521e+01 9.1437193325017541e-01 1.4840554156371235e+01 1.0238232536931587e+01 -4.3481752561142724e+00 3.3735418536262705e+00 -6.8294706263935578e-01 9.0001030000000006e-03 8.8331166999999999e-01
2.0877301542303367e-01 -9.0055120457381406e+01 9.2086723317594688e-01 1.4344100905948507e+01 1.0212630266559712e+01 -4.6019788979032565e+00 3.3435299337758391e+00 -6.5713212094830664e-01 8.7013270999999996e-03 8.9216304000000002e-01
2.1332403064536837e-01 -9.3514701342672467e+01 9.2714043556477943e-01 1.3875870549454643e+01 1.0178445258616049e+01 -4.8716229856475186e+00 3.3147582992343381e+00 -6.3296998341747246e-01 8.3948374000000006e-03 9.0071175000000003e-01
2.1770989095515775e-01 -9.7254740104941646e+01 9.3318598540988473e-01 1.3435030829466532e+01 1.0137123231931858e+01 -5.1587209521175366e+00 3.2872359325762632e+00 -6.1038168418952654e-01 8.0808944000000001e-03 9.0895022999999997e-01
2.2192669413305183e-01 -1.0130387985269458e+02 9.3899850382093764e-01 1.3020749866620772e+01 1.0090001219445682e+01 -5.4651066722759829e+00 3.2609694088573993e+00 -5.8929351690943410e-01 7.7597663000000001e-03 9.1687114999999997e-01
2.2597068702128564e-01 -1.0569500226519047e+02 9.4457281737682086e-01 1.2632200483121247e+01 1.0038313041842668e+01 -5.7928782901949623e+00 3.2359630326759699e+00 -5.6963511446307125e-01 7.4317293999999999e-03 9.2446746000000002e-01
2.2983827084730712e-01 -1.1046608944516888e+02 9.4990396546381017e-01 1.2268566198305933e+01 9.9831942972087919e+00 -6.1444523384560474e+00 3.2122192171200106e+00 -5.5133954933077489e-01 7.0970672000000004e-03 9.3173240000000002e-01
2.3352599057652124e-01 -1.1566129196749375e+02 9.5498718559920293e-01 1.1929047305604913e+01 9.9256872186025404e+00 -6.5226309247327565e+00 3.1897387939066686e+00 -5.3434485716316982e-01 6.7560703000000000e-03 9.3865947999999999e-01
2.3703056153043017e-01 -1.2133235613987003e+02 9.5981795012224858e-01 1.1612864124495424e+01 9.8667467906578334e+00 -6.9306921296620185e+00 3.1685209972832422e+00 -5.1859236013063925e-01 6.4090362999999996e-03 9.4524253000000003e-01
2.4034883744486474e-01 -1.2754039140519184e+02 9.6439192216503122e-01 1.1319264140786371e+01 9.8072478297437762e+00 -7.3725012508340546e+00 3.1485642443529787e+00 -5.0402766074041616e-01 6.0562691999999996e-03 9.5147563999999996e-01
2.4347786370626540e-01 -1.3435837176067733e+02 9.6870502903433087e-01 1.1047520812098186e+01 9.7479760416356260e+00 -7.8526698340677150e+00 3.1298656979432034e+00 -4.9059970451953100e-01 5.6980790999999996e-03 9.5735325999999998e-01
2.4641482411540144e-01 -1.4187428921806460e+02 9.7275338882976281e-01 1.0796942424336578e+01 9.6896587177905555e+00 -8.3767545757874249e+00 3.1124220040150234e+00 -4.7826126130375113e-01 5.3347821999999998e-03 9.6287009999999995e-01
2.4915709412365111e-01 -1.5019575067804638e+02 9.7653338382563803e-01 1.0566870278309919e+01 9.6329451337170067e+00 -8.9515496921869513e+00 3.0962291181586448e+00 -4.6696857937846153e-01 4.9667000000000001e-03 9.6802122999999995e-01
2.5170220356760625e-01 -1.5945620666522720e+02 9.8004160910366056e-01 1.0356684894861221e+01 9.5784222695474117e+00 -9.5854817351539783e+00 3.0812827267461915e+00 -4.5668146662089565e-01 4.5941591999999996e-03 9.7280200999999999e-01
2.5404787925809552e-01 -1.6982427542615585e+02 9.8327493125841592e-01 1.0165805540583806e+01 9.5266160140973710e+00 -1.0289201136377564e+01 3.0675781464486165e+00 -4.4736299183373923e-01 4.2174915999999996e-03 9.7720817000000004e-01
2.5619200239116074e-01 -1.8151713736958556e+02 9.8623042969188335e-01 9.9936927288551978e+00 9.4779956098006117e+00 -1.1076441858280072e+01 3.0551107365830119e+00 -4.3897971018725523e-01 3.8370333000000002e-03 9.8123572999999997e-01
2.5813265113708123e-01 -1.9482220742523975e+02 9.8890545531892293e-01 9.8398513757438639e+00 9.4329767872236658e+00 -1.1965384963193259e+01 3.0438758139600872e+00 -4.3150130712448520e-01 3.4531249000000000e-03 9.8488107999999996e-01
2.5986808466948924e-01 -2.1013127345448851e+02 9.9129760855271898e-01 9.7038304421132899e+00 9.3919250795584119e+00 -1.2980850162852356e+01 3.0338688161467582e+00 -4.2490065215237954e-01 3.0661112999999999e-03 9.8814095000000002e-01
2.6139673251811441e-01 -2.2799955067549888e+02 9.9340472462840634e-01 9.5852258541079500e+00 9.3551588056295572e+00 -1.4158051931669752e+01 3.0250855095419897e+00 -4.1915379089729915e-01 2.6763420000000000e-03 9.9101238999999997e-01
2.6271722651055168e-01 -2.4925462291034953e+02 9.9522491763218790e-01 9.4836796474447844e+00 9.3229521996679079e+00 -1.5549551117113275e+01 3.0175218932489587e+00 -4.1423970880498745e-01 2.2841723000000002e-03 9.9349282999999999e-01
2.6382839012500497e-01 -2.7521610841458852e+02 9.9675656582496108e-01 9.3988807620988855e+00 9.2955357533995162e+00 -1.7239274220659762e+01 3.0111743450161987e+00 -4.1014044299103430e-01 1.8899688000000000e-03 9.9558005999999999e-01
2.6472923316665992e-01 -3.0820137769249169e+02 9.9799830430413361e-01 9.3305671899694875e+00 9.2731005796468970e+00 -1.9374806721111806e+01 3.0060397190882968e+00 -4.0684093879819239e-01 1.4941295000000000e-03 9.9727222000000004e-01
2.6541902629847564e-01 -3.5295504856206833e+02 9.9894912773822586e-01 9.2785207133126910e+00 9.2557971648231536e+00 -2.2258698045178690e+01 3.0021149850969953e+00 -4.0432880590072301e-01 1.0971916000000000e-03 9.9856794000000004e-01
2.6589750333905010e-01 -4.2251212715760954e+02 9.9960866921793867e-01 9.2425520282616489e+00 9.2437318822164798e+00 -2.6723084691428646e+01 2.9993961276089021e+00 -4.0259354248963453e-01 7.0085733000000002e-04 9.9946672000000003e-01
