-2.4268087546225872e-01 -1.6208542446659733e+03 2.4268214684285996e-01 -1.5565815427959449e+03 -4.5363429243075655e+02 1.0731420670755017e+02 -1.0313542515941749e+02 -2.9498052233782460e+01 5.5301730000000003e-06 1.0230946000000001e-06
-2.4267170170335059e-01 -1.1923000849950347e+03 2.4269646079380591e-01 -1.1275900126227452e+03 -4.5354142291122406e+02 7.9443815284346329e+01 -7.5244758635037698e+01 -2.9493862513862958e+01 3.5894988000000002e-05 1.9923924999999999e-05
-2.4264292020711184e-01 -9.9343356514515187e+02 2.4274136898568652e-01 -9.2760764848651934e+02 -4.5325015424755259e+02 6.6504011873227341e+01 -6.2252908193900460e+01 -2.9480721315972730e+01 8.5619985000000003e-05 7.9222864999999994e-05
-2.4258594218594756e-01 -8.6294898979171137e+02 2.4283027263010437e-01 -7.9523355626022737e+02 -4.5267397426234288e+02 5.8005102937116760e+01 -5.3665371729900166e+01 -2.9454721584690489e+01 1.5173507999999999e-04 1.9661552000000001e-04
-2.4249325068143152e-01 -7.6605568067195372e+02 2.4297490054784637e-01 -6.9564215950178811e+02 -4.5173788835298444e+02 5.1684579027979368e+01 -4.7217610287355029e+01 -2.9412469422212325e+01 2.3255418000000001e-04 3.8758918999999998e-04
-2.4235800920157063e-01 -6.8929053066464303e+02 2.4318591981791593e-01 -6.1536941637789232e+02 -4.5037484483684068e+02 4.6667005603071082e+01 -4.2033726120051405e+01 -2.9350919195005453e+01 3.2689763000000001e-04 6.6622920000000002e-04
-2.4217388364121414e-01 -6.2600700066063143e+02 2.4347321363773766e-01 -5.4779054262780153e+02 -4.4852435789033950e+02 4.2520342030490347e+01 -3.7682261930503010e+01 -2.9267307334523196e+01 4.3385032000000002e-04 1.0455858000000000e-03
-2.4193494262009449e-01 -5.7242695358928040e+02 2.4384603682717784e-01 -4.8916568980512255e+02 -4.4613194997371755e+02 3.8999158342454045e+01 -3.3919130618808580e+01 -2.9159122950652268e+01 5.5265518999999999e-04 1.5378795000000000e-03
-2.4163559587573433e-01 -5.2619218127172553e+02 2.4431311195499777e-01 -4.3718762663647851e+02 -4.4314899367401523e+02 3.5950415421247115e+01 -3.0593237206981872e+01 -2.9024096363941830e+01 6.8265765000000004e-04 2.1546280000000000e-03
-2.4127055266300571e-01 -4.8572832631145729e+02 2.4488269424863346e-01 -3.9034299021431184e+02 -4.3953275827895931e+02 3.3272081760555409e+01 -2.7604937558243076e+01 -2.8860196960703039e+01 8.2327310000000005e-04 2.9067318999999999e-03
-2.4083479340894570e-01 -4.4992944522563471e+02 2.4556261582160346e-01 -3.4759485306875035e+02 -4.3524658156800712e+02 3.0892606492710637e+01 -2.4885458337367620e+01 -2.8665636903830890e+01 9.7396649000000004e-04 3.8045331000000002e-03
-2.4032354898776737e-01 -4.1798684752994905e+02 2.4636031801101430e-01 -3.0820995529294100e+02 -4.3026009972146784e+02 2.8759778189259002e+01 -2.2385666626817294e+01 -2.8438877752933770e+01 1.1342389000000000e-03 4.8578574999999999e-03
-2.3973228557754209e-01 -3.8928971241678676e+02 2.4728287500590165e-01 -2.7165795457946831e+02 -4.2454950200672943e+02 2.6834253766051866e+01 -2.0069543665879927e+01 -2.8178638722357036e+01 1.3036180000000001e-03 6.0760461999999999e-03
-2.3905669369100158e-01 -3.6336414721802447e+02 2.4833701096263139e-01 -2.3754932251898592e+02 -4.1809778702885899e+02 2.5085589101998345e+01 -1.7910169361613310e+01 -2.7883905555777815e+01 1.4816515000000000e-03 7.4679780999999997e-03
-2.3829267929339962e-01 -3.3983410722610586e+02 2.4952911386383042e-01 -2.0559507385225797e+02 -4.1089498851199454e+02 2.3489691039852545e+01 -1.5887118895018101e+01 -2.7553938755897910e+01 1.6679024999999999e-03 9.0420881999999994e-03
-2.3743635778401401e-01 -3.1839544265568634e+02 2.5086524490913759e-01 -1.7557984467993035e+02 -4.0293831733710078e+02 2.2027135781551561e+01 -1.3984740984843725e+01 -2.7188281188034757e+01 1.8619452999999999e-03 1.0806380000000001e-02
-2.3648404841447515e-01 -2.9879806530155952e+02 2.5235114722436819e-01 -1.4734300653512173e+02 -3.9423249228331855e+02 2.0681987051728612e+01 -1.2190949860751065e+01 -2.6786763571999685e+01 2.0633631000000000e-03 1.2768437000000001e-02
-2.3543227171634337e-01 -2.8083342405576877e+02 2.5399224987530228e-01 -1.2076518951674375e+02 -3.8478951064714113e+02 1.9441003423949088e+01 -1.0496371999344834e+01 -2.6349508922996829e+01 2.2717459999999998e-03 1.4935428000000001e-02
-2.3427774518138050e-01 -2.6432542200397842e+02 2.5579367460782088e-01 -9.5758234849444378e+01 -3.7462883469119640e+02 1.8293027424355103e+01 -8.8937159047610823e+00 -2.5876931676760154e+01 2.4866887000000002e-03 1.7314116000000001e-02
-2.3301738335862252e-01 -2.4912379159005980e+02 2.5776023569644185e-01 -7.2257663890422563e+01 -3.6377726786558105e+02 1.7228558894135215e+01 -7.3773057658456231e+00 -2.5369744490320219e+01 2.7077901999999999e-03 1.9910858000000000e-02
-2.3164829251538929e-01 -2.3509904879215244e+02 2.5989644827482528e-01 -5.0216686292135712e+01 -3.5226874309770244e+02 1.6239433716379025e+01 -5.9427192585834732e+00 -2.4828942386956626e+01 2.9346520999999999e-03 2.2731616000000000e-02
-2.3016777354946102e-01 -2.2213873810252304e+02 2.6220652379186110e-01 -2.9601760945238141e+01 -3.4014409021660225e+02 1.5318572393809159e+01 -4.5865076454839304e+00 -2.4255804445367012e+01 3.1668782999999998e-03 2.5781951000000001e-02
-2.2857331907690190e-01 -2.1014445993237595e+02 2.6469437455558154e-01 -1.0388519062775234e+01 -3.2745065337287645e+02 1.4459788734923793e+01 -3.3059727928979727e+00 -2.3651881228547250e+01 3.4040742000000001e-03 2.9067029000000001e-02
-2.2686261149060896e-01 -1.9902955486792681e+02 2.6736361676243509e-01 7.4410494043077708e+00 -3.1424183250649480e+02 1.3657639684032848e+01 -2.0989861709437094e+00 -2.3018981286407456e+01 3.6458464000000000e-03 3.2591624999999999e-02
-2.2503352587248868e-01 -1.8871729350165134e+02 2.7021756595337493e-01 2.3901202752433854e+01 -3.0057656882943849e+02 1.2907308107443766e+01 -9.6384417551275137e-01 -2.2359156364314764e+01 3.8918026000000000e-03 3.6360116999999997e-02
-2.2308412611055498e-01 -1.7913937897645326e+02 2.7325924307240812e-01 3.9004565407227197e+01 -2.8651869690767228e+02 1.2204506181543929e+01 1.0085489325883468e-01 -2.1674680678596594e+01 4.1415510999999999e-03 4.0376493999999999e-02
-2.2101266635501743e-01 -1.7023476226303399e+02 2.7649137219463932e-01 5.2763851290643885e+01 -2.7213626366291811e+02 1.1545399015278038e+01 1.0963098173169150e+00 -2.0968031544731236e+01 4.3947007000000003e-03 4.4644352999999998e-02
-2.1881759101828133e-01 -1.6194866113538444e+02 2.7991638052627127e-01 6.5193250946176363e+01 -2.5750077022285205e+02 1.0926539549987186e+01 2.0235998447716250e+00 -2.0241862574375890e+01 4.6508610999999997e-03 4.9166899000000000e-02
-2.1649753283349657e-01 -1.5423174053713396e+02 2.8353640143387893e-01 7.6309655581554154e+01 -2.4268633745004749e+02 1.0344827138468169e+01 2.8837545021720485e+00 -1.9498978731436701e+01 4.9096423000000002e-03 5.3946949000000001e-02
-2.1405131528137158e-01 -1.4703944396938419e+02 2.8735327065781641e-01 8.6133557687518746e+01 -2.2776890459492648e+02 9.7974428492107926e+00 3.6778096419802986e+00 -1.8742308416616591e+01 5.1706551000000002e-03 5.8986927000000001e-02
-2.1147794822190846e-01 -1.4033140951072266e+02 2.9136853312808486e-01 9.4689731762966019e+01 -2.1282526794713718e+02 9.2818341711672225e+00 4.4068551758866157e+00 -1.7974872657713050e+01 5.4335110000000002e-03 6.4288872999999996e-02
-2.0877663226266771e-01 -1.3407099915984062e+02 2.9558343614846450e-01 1.0200775873896843e+02 -1.9793225637900633e+02 8.7956750351698805e+00 5.0720718279627892e+00 -1.7199756074390514e+01 5.6978226000000002e-03 6.9854434000000007e-02
-2.0594675390514083e-01 -1.2822487293831162e+02 2.9999893696970104e-01 1.0812234989056081e+02 -1.8316577063908403e+02 8.3368405459438026e+00 5.6747583535679560e+00 -1.6420073301312915e+01 5.9632034000000004e-03 7.5684873999999999e-02
-2.0298788797156403e-01 -1.2276264103333263e+02 3.0461569900291263e-01 1.1307349595888623e+02 -1.6859996646043939e+02 7.9033853454489682e+00 6.2163558481538095e+00 -1.5638940648394193e+01 6.2292681999999997e-03 8.1781068999999998e-02
-1.9989979566346722e-01 -1.1765655228214069e+02 3.0943409484886419e-01 1.1690646108908255e+02 -1.5430636940538091e+02 7.4935244401331103e+00 6.6984622713107109e+00 -1.4859442614270966e+01 6.4956331999999999e-03 8.8143510999999994e-02
-1.9668242456167404e-01 -1.1288122842493311e+02 3.1445420629796761e-01 1.1967163598975853e+02 -1.4035307532582198e+02 7.1056163038017246e+00 7.1228378059899660e+00 -1.4084603003703510e+01 6.7619166000000000e-03 9.4772308000000000e-02
-1.9333590571412537e-01 -1.0841342607831504e+02 3.1967582887419332e-01 1.2142427699186882e+02 -1.2680402380126617e+02 6.7381484091320445e+00 7.4914104539877151e+00 -1.3317355204971930e+01 7.0277381999999996e-03 1.0166719000000000e-01
-1.8986055315051664e-01 -1.0423183380834658e+02 3.2509847259238894e-01 1.2222409519176097e+02 -1.1371828758322306e+02 6.3897245851008115e+00 7.8062729349187050e+00 -1.2560515360874811e+01 7.2927204000000001e-03 1.0882751000000000e-01
-1.8625687067737620e-01 -1.0031689814758873e+02 3.3072135135581870e-01 1.2213478234366538e+02 -1.0114953377512423e+02 6.0590546024646850e+00 8.0696755491142884e+00 -1.1816758214303837e+01 7.5564877000000004e-03 1.1625223000000000e-01
-1.8252553780254574e-01 -9.6650646026782297e+01 3.3654340491840345e-01 1.2122343694110270e+02 -8.9145465196978662e+01 5.7449430259407075e+00 8.2840165440601581e+00 -1.1088592286359718e+01 7.8186677999999999e-03 1.2393994999999999e-01
-1.7866740876445480e-01 -9.3216554927960757e+01 3.4256330039935801e-01 1.1955992319722010e+02 -7.7747422815548006e+01 5.4462807180381239e+00 8.4518278042778796e+00 -1.0378339689012495e+01 8.0788911000000008e-03 1.3188891000000000e-01
-1.7468352709300319e-01 -8.9999420470757443e+01 3.4877940956363218e-01 1.1721618409098976e+02 -6.6990130222383158e+01 5.1620383127398455e+00 8.5757570916187404e+00 -9.6881219299299541e+00 8.3367917000000003e-03 1.4009695999999999e-01
-1.7057510619505101e-01 -8.6985244793147857e+01 3.5518983911465607e-01 1.1426551885994465e+02 -5.6901443768689283e+01 4.8912577948823808e+00 8.6585499254706590e+00 -9.0198425829436797e+00 8.5920070000000005e-03 1.4856159999999999e-01
-1.6634353906167376e-01 -8.4161136601994471e+01 3.6179241554796748e-01 1.1078184247365822e+02 -4.7502270854814526e+01 4.6330471350400444e+00 8.7030280658813393e+00 -8.3751815909016614e+00 8.8441787999999997e-03 1.5727996000000000e-01
-1.6199038856090736e-01 -8.1515207752894483e+01 3.6858470029758428e-01 1.0683894283918430e+02 -3.8806591067181806e+01 4.3865737682709733e+00 8.7120670630551320e+00 -7.7555711950166204e+00 9.0929527999999999e-03 1.6624881999999999e-01
-1.5751738743774812e-01 -7.9036494901630817e+01 3.7556398973600469e-01 1.0250974936515468e+02 -3.0821552221389833e+01 4.1510610875672569e+00 8.6885761190294879e+00 -7.1622209034782589e+00 9.3379794999999995e-03 1.7546460999999999e-01
-1.5292643346052531e-01 -7.6714919905822356e+01 3.8272732274739329e-01 9.7865629141252413e+01 -2.3547678072754231e+01 3.9257816636880793e+00 8.6354705186940457e+00 -6.5960890675627049e+00 9.5789143999999993e-03 1.8492342000000001e-01
-1.4821960398178363e-01 -7.4541146792992478e+01 3.9007145800802245e-01 9.2975743277115583e+01 -1.6979187043159008e+01 3.7100551831388193e+00 8.5556518842271565e+00 -6.0578993328680104e+00 9.8154178999999998e-03 1.9462097000000000e-01
-1.4339913167014573e-01 -7.2506591274789827e+01 3.9759291185220347e-01 8.7906411273935575e+01 -1.1104324021671660e+01 3.5032432547652927e+00 8.4519858478057959e+00 -5.5481402556222488e+00 1.0047156000000000e-02 2.0455266000000000e-01
-1.3846739965668500e-01 -7.0603331523699580e+01 4.0528796584547311e-01 8.2720561870081880e+01 -5.9058216551981886e+00 3.3047459358434264e+00 8.3272789692244462e+00 -5.0670752581173968e+00 1.0273801000000001e-02 2.1471357999999999e-01
-1.3342696580306268e-01 -6.8824065285450075e+01 4.1315262891866195e-01 7.7477271307461905e+01 -1.3614121820764582e+00 3.1139996780771906e+00 8.1842616410546878e+00 -4.6147519284222698e+00 1.0495031000000000e-02 2.2509846000000000e-01
-1.2828053357976324e-01 -6.7162064807122263e+01 4.2118268280701221e-01 7.2231343569470226e+01 2.5556566697220311e+00 2.9304732607446278e+00 8.0255682557933756e+00 -4.1910134472149929e+00 1.0710529999999999e-02 2.3570173000000000e-01
-1.2303095691972180e-01 -6.5611133499935434e+01 4.2937367447699148e-01 6.7032971626150740e+01 5.8760005644286277e+00 2.7536654801680713e+00 7.8537216796050417e+00 -3.7955144249023958e+00 1.0919989999999999e-02 2.4651751000000000e-01
-1.1768124507195157e-01 -6.4165571609056727e+01 4.3772090855310641e-01 6.1927502304451181e+01 8.6335204110899380e+00 2.5831029144530060e+00 7.6711188662233045e+00 -3.4277361406199756e+00 1.1123108000000000e-02 2.5753959999999998e-01
-1.1223454804066160e-01 -6.2820140294503148e+01 4.4621947003746137e-01 5.6955258961593543e+01 1.0864779881063910e+01 2.4183371818122144e+00 7.4800189002060780e+00 -3.0870011517651559e+00 1.1319591000000000e-02 2.6876150999999998e-01
-1.0669415173162916e-01 -6.1570027335692259e+01 4.5486423188294522e-01 5.2151448905425838e+01 1.2608374975574623e+01 2.2589429394322948e+00 7.2825333067976636e+00 -2.7724952440548543e+00 1.1509152000000000e-02 2.8017647000000001e-01
-1.0106348280582744e-01 -6.0410825276663317e+01 4.6364984742004434e-01 4.7546159432583721e+01 1.3904354055676757e+01 2.1045158288161074e+00 7.0806189042559025e+00 -2.4832813273377785e+00 1.1691511000000000e-02 2.9177742000000001e-01
-9.5346113533052751e-02 -5.9338505394798958e+01 4.7257074278365696e-01 4.3164422123598882e+01 1.4793601310235273e+01 1.9546712020244468e+00 6.8760730891035831e+00 -2.2183218275888210e+00 1.1866398000000000e-02 3.0355700000000002e-01
-8.9545722962905139e-02 -5.8349388755356081e+01 4.8162117749858313e-01 3.9026310042273209e+01 1.5317302521053088e+01 1.8090412195417831e+00 6.6705296746375442e+00 -1.9764933931657431e+00 1.2033550000000000e-02 3.1550762999999998e-01
-8.3666130900180435e-02 -5.7440133051426791e+01 4.9079519146722084e-01 3.5147156052082281e+01 1.5516412962576197e+01 1.6672737971048051e+00 6.4654593435131229e+00 -1.7566068787165907e+00 1.2192715000000000e-02 3.2762143999999999e-01
-7.7711273636733025e-02 -5.6607710554520921e+01 5.0008664283549709e-01 3.1537771999217235e+01 1.5431185051794413e+01 1.5290323888887389e+00 6.2621704767183912e+00 -1.5574265136055514e+00 1.2343646000000000e-02 3.3989032000000002e-01
-7.1685208805103318e-02 -5.5849393151410617e+01 5.0948920041968226e-01 2.8204739253577269e+01 1.5100737630191162e+01 1.3939919435211836e+00 6.0618120581150086e+00 -1.3776832767234952e+00 1.2486109000000000e-02 3.5230591000000000e-01
-6.5592095964008001e-02 -5.5162736027600353e+01 5.1899637399913456e-01 2.5150720318096880e+01 1.4562678906818816e+01 1.2618394532790327e+00 5.8653781100881766e+00 -1.2160896007113462e+00 1.2619877000000000e-02 3.6485963999999999e-01
-5.9436211159222263e-02 -5.4545567434160503e+01 5.2860149159674175e-01 2.2374822547272082e+01 1.3852780685778457e+01 1.1322707983565321e+00 5.6737142237579663e+00 -1.0713584980116335e+00 1.2744734000000001e-02 3.7754270000000001e-01
-5.3221932362697677e-02 -5.3995976335984039e+01 5.3829772219847949e-01 1.9872940236739538e+01 1.3004714768661589e+01 1.0049919243644769e+00 5.4875245464575588e+00 -9.4221307481463434e-01 1.2860473000000001e-02 3.9034606999999999e-01
-4.6953729765307067e-02 -5.3512302914537607e+01 5.4807809089978421e-01 1.7638164602892964e+01 1.2049832797382315e+01 8.7971568702478509e-01 5.3073799352530280e+00 -8.2739899389623606e-01 1.2966896000000000e-02 4.0326054000000000e-01
-4.0636175484099563e-02 -5.3093131465470016e+01 5.5793546375918046e-01 1.5661154215942705e+01 1.1017010644888071e+01 7.5616137532583050e-01 5.1337274491732883e+00 -7.2569507747177120e-01 1.3063819000000001e-02 4.1627669000000000e-01
-3.4273914440535930e-02 -5.2737283633876004e+01 5.6786259323739863e-01 1.3930515781229024e+01 9.9325363026078879e+00 6.3405304180042465e-01 4.9668993299556528e+00 -6.3592162823095855e-01 1.3151064000000001e-02 4.2938494999999999e-01
-2.7871693482253102e-02 -5.2443813167741702e+01 5.7785207275825723e-01 1.2433190255314670e+01 8.8200536141386028e+00 5.1311899248646764e-01 4.8071240495100040e+00 -5.5694855748399430e-01 1.3228465999999999e-02 4.4257553999999999e-01
-2.1434322554044843e-02 -5.2212004101700060e+01 5.8789639729415311e-01 1.1154803865624483e+01 7.7005447708525789e+00 3.9308986761529763e-01 4.6545355144030047e+00 -4.8770071992918201e-01 1.3295871000000001e-02 4.5583855000000001e-01
-1.4966694112371365e-02 -5.2041367549712042e+01 5.9798793307331632e-01 1.0080013133560254e+01 6.5923578109914311e+00 2.7369841578302179e-01 4.5091840158847942e+00 -4.2716295942023347e-01 1.3353135000000000e-02 4.6916390000000002e-01
-8.4737588572221523e-03 -5.1931642100744845e+01 6.0811895544574168e-01 9.1928391768299047e+00 5.5112667167809093e+00 1.5467701061253214e-01 4.3710462491223963e+00 -3.7438325852192811e-01 1.3400123999999999e-02 4.8254139000000001e-01
-1.9605354393708585e-03 -5.1882793676699308e+01 6.1828163373681599e-01 8.4769372404095567e+00 4.4705670661506876e+00 3.5757664245756438e-02 4.2400348067282545e+00 -3.2847505484881950e-01 1.3436718000000000e-02 4.9596067999999999e-01
4.5679089541344198e-03 -5.1895020168655876e+01 6.2846806154006352e-01 7.9158817296348243e+00 3.4811942121858710e+00 -8.3329891838040293e-02 4.1160081316893606e+00 -2.8861786385136312e-01 1.3462807000000000e-02 5.0941133000000005e-01
1.1106439185461447e-02 -5.1968754368082784e+01 6.3867022642439997e-01 7.4933990350129092e+00 2.5518671317800434e+00 -2.0285895070547433e-01 3.9987796755889673e+00 -2.5405966708129191e-01 1.3478291000000000e-02 5.2288276000000000e-01
1.7649895848640740e-02 -5.2104670163790139e+01 6.4888007809281023e-01 7.1935784429083904e+00 1.6892434983228335e+00 -3.2310771558218576e-01 3.8881256106442401e+00 -2.2411121635015738e-01 1.3483083000000000e-02 5.3636434000000000e-01
2.4193071001428479e-02 -5.2303691610382856e+01 6.5908949051641641e-01 7.0010256899533019e+00 8.9809367951325980e-01 -4.4436055678261654e-01 3.7837933784302420e+00 -1.9815001603767032e-01 1.3477108000000000e-02 5.4984533999999996e-01
3.0730717872561264e-02 -5.2567000689464933e+01 6.6929027708084998e-01 6.9010620290329809e+00 1.8147902904839722e-01 -5.6690897344999858e-01 3.6855087110348839e+00 -1.7561489974126376e-01 1.3460300999999999e-02 5.6331494999999998e-01
3.7257565422638583e-02 -5.2896050298562400e+01 6.7947421330581137e-01 6.8797903512957035e+00 -4.5906790284913751e-01 -6.9105333323647411e-01 3.5929819574043123e+00 -1.5600428863816143e-01 1.3432611000000001e-02 5.7676231000000000e-01
4.3768328051377425e-02 -5.3292578113605551e+01 6.8963305199144198e-01 6.9242135276343868e+00 -1.0233593666985610e+00 -8.1710504005455231e-01 3.5059139399603283e+00 -1.3887300338327790e-01 1.3393997000000000e-02 5.9017653000000003e-01
5.0257691036730334e-02 -5.3758624250583345e+01 6.9975850049876542e-01 7.0222947451381508e+00 -1.5123708684495569e+00 -9.4538750792961057e-01 3.4240012415324044e+00 -1.2382886354305539e-01 1.3344429999999999e-02 6.0354666000000001e-01
5.6720329949394743e-02 -5.4296547943507001e+01 7.0984225104243315e-01 7.1630055779489918e+00 -1.9280682155497513e+00 -1.0762383884693056e+00 3.3469405320338517e+00 -1.1052919090206570e-01 1.3283893999999999e-02 6.1686173000000000e-01
6.3150930067323308e-02 -5.4909052956217394e+01 7.1987601098346898e-01 7.3363285660522948e+00 -2.2732413003459944e+00 -1.2100118975369156e+00 3.2744321830430652e+00 -9.8676511755923346e-02 1.3212384000000001e-02 6.3011079000000003e-01
6.9544157253958461e-02 -5.5599209917971351e+01 7.2985145739015134e-01 7.5332940592234783e+00 -2.5513445126988894e+00 -1.3470803139508698e+00 3.2061838253010535e+00 -8.8015404043325376e-02 1.3129907000000000e-02 6.4328284999999996e-01
7.5894691933625469e-02 -5.6370487896560590e+01 7.3976029005031796e-01 7.7459347651080988e+00 -2.7663526456846053e+00 -1.4878364998291835e+00 3.1419126257350221e+00 -7.8328495986847588e-02 1.3036481000000001e-02 6.5636695000000000e-01
8.2197233945158932e-02 -5.7226788358914632e+01 7.4959423904455114e-01 7.9672744829744637e+00 -2.9226270718915486e+00 -1.6326984448314574e+00 3.0813474267151855e+00 -6.9432457940920372e-02 1.2932137999999999e-02 6.6935217000000002e-01
8.8446487981021116e-02 -5.8172480733917219e+01 7.5934504202662012e-01 8.1912845043655089e+00 -3.0247856764732042e+00 -1.7821094529136907e+00 3.0242303204819745e+00 -6.1173533547895752e-02 1.2816919000000000e-02 6.8222760000000005e-01
9.4637192709066287e-02 -5.9212449161051353e+01 7.6900448966259749e-01 8.4128379651187100e+00 -3.0776224318401955e+00 -1.9365418354059405e+00 2.9703177714769495e+00 -5.3428070938407249e-02 1.2690879000000000e-02 6.9498240000000000e-01
1.0076411106528593e-01 -6.0352140130606735e+01 7.7856441048448755e-01 8.6276511020709545e+00 -3.0859789961798150e+00 -2.0965026088556211e+00 2.9193814093261965e+00 -4.6092101277286274e-02 1.2554085000000000e-02 7.0760577999999996e-01
1.0682203510743632e-01 -6.1597618509680693e+01 7.8801667846341239e-01 8.8322254731600154e+00 -3.0546624842080159e+00 -2.2625355718184981e+00 2.8712083723144559e+00 -3.9084859255478929e-02 1.2406611999999999e-02 7.2008700999999997e-01
1.1280581028317532e-01 -6.2955636165240449e+01 7.9735325087554287e-01 9.0237825032560934e+00 -2.9884078761451969e+00 -2.4352267795047395e+00 2.8256013827187583e+00 -3.2342922009546270e-02 1.2248551000000000e-02 7.3241546999999996e-01
1.1871032086918054e-01 -6.4433702034487737e+01 8.0656614558254036e-01 9.2001970199347483e+00 -2.8917934780142458e+00 -2.6152093407613481e+00 2.7823787447976378e+00 -2.5817146296074147e-02 1.2080001999999999e-02 7.4458062000000003e-01
1.2453049967840385e-01 -6.6040167122039932e+01 8.1564745617792866e-01 9.3599318630870023e+00 -2.7692009283436110e+00 -2.8031688615047052e+00 2.7413735829860237e+00 -1.9472509043954853e-02 1.1901076999999999e-02 7.5657202000000001e-01
1.3026133776732640e-01 -6.7784322474328448e+01 8.2458936713346742e-01 9.5019714467237595e+00 -2.6247785259631926e+00 -2.9998503976762434e+00 2.7024338670086747e+00 -1.3283607774122415e-02 1.1711898000000000e-02 7.6837935000000002e-01
1.3589789899684113e-01 -6.9676513643234713e+01 8.3338417651871011e-01 9.6257578636692163e+00 -2.4624125847502190e+00 -3.2060660814441131e+00 2.6654216493318819e+00 -7.2339231039007610e-03 1.1512599000000000e-02 7.7999244000000001e-01
1.4143529576411523e-01 -7.1728259698834833e+01 8.4202425813507298e-01 9.7311301210557168e+00 -2.2857100145635760e+00 -3.4227025583079609e+00 2.6302120265759381e+00 -1.3139873477814516e-03 1.1303326000000001e-02 7.9140122000000002e-01
1.4686873753886465e-01 -7.3952416014637947e+01 8.5050213724769819e-01 9.8182648372683730e+00 -2.0979845247050029e+00 -3.6507322831091495e+00 2.5966924772212745e+00 4.4803182605240950e-03 1.1084235000000000e-02 8.0259581999999996e-01
1.5219348718070747e-01 -7.6363327697228513e+01 8.5881042242677685e-01 9.8876232011398901e+00 -1.9022539619166376e+00 -3.8912227736235039e+00 2.5647621899213551e+00 1.0148853357075960e-02 1.0855490000000001e-02 8.1356647999999998e-01
1.5740490462181023e-01 -7.8977035820650556e+01 8.6694187370622544e-01 9.9398827969647225e+00 -1.7012389948840758e+00 -4.1453510181458997e+00 2.5343309312755902e+00 1.5688431411678593e-02 1.0617270000000000e-02 8.2430364000000000e-01
1.6249843715963364e-01 -8.1811544703775894e+01 8.7488938743731381e-01 9.9759756693487152e+00 -1.4973688752517949e+00 -4.4144179012311264e+00 2.5053183446551519e+00 2.1093698404411523e-02 1.0369760000000000e-02 8.3479791999999997e-01
1.6746962431055973e-01 -8.4887011099318713e+01 8.8264600386185077e-01 9.9968792707956258e+00 -1.2927901437959939e+00 -4.6998659179359308e+00 2.4776529662822795e+00 2.6357951790470333e-02 1.0113159000000000e-02 8.4504013000000000e-01
1.7231410266351921e-01 -8.8226147237261202e+01 8.9020491468537100e-01 1.0003747242275013e+01 -1.0893793864787131e+00 -5.0032982640893984e+00 2.4512716533723173e+00 3.1473686962576228e-02 9.8476710000000005e-03 8.5502127999999999e-01
1.7702760587999189e-01 -9.1854559054561264e+01 8.9755946307713463e-01 9.9977901100697668e+00 -8.8875610989066067e-01 -5.3265046554982431e+00 2.4261184436953744e+00 3.6433193121425941e-02 9.5735140000000000e-03 8.6473257999999997e-01
1.8160598896214331e-01 -9.5801207906263130e+01 9.0470318153605900e-01 9.9802674142824621e+00 -6.9230539829912419e-01 -5.6714898290185305e+00 2.4021439461168295e+00 4.1228911563313889e-02 9.2909130999999992e-03 8.7416548999999999e-01
1.8604520398468793e-01 -1.0009893266213642e+02 9.1162975402478663e-01 9.9524589148946223e+00 -5.0119564227214564e-01 -6.0405059533611301e+00 2.3793040837140880e+00 4.5853662719718656e-02 9.0001030000000006e-03 8.8331166999999999e-01
1.9034132921665375e-01 -1.0478511265375502e+02 9.1833306140880377e-01 9.9156461090326076e+00 -3.1634198550339332e-01 -6.4360953072990847e+00 2.3575625544719765e+00 5.0300924357991994e-02 8.7013270999999996e-03 8.9216304000000002e-01
1.9449055456049974e-01 -1.0990243104448632e+02 9.2480715873688080e-01 9.8710928827359314e+00 -1.3855726886546618e-01 -6.8611381483983713e+00 2.3368837843929966e+00 5.4565759769272915e-02 8.3948374000000006e-03 9.0071175000000003e-01
1.9848920582025337e-01 -1.1549984939296804e+02 9.3104631310700392e-01 9.8200318917115279e+00 3.1569433335235104e-02 -7.3189149158273175e+00 2.3172388331125120e+00 5.8643304811551618e-02 8.0808944000000001e-03 9.0895022999999997e-01
2.0233372528700061e-01 -1.2163374827906370e+02 9.3704497337363024e-01 9.7636533669374135e+00 1.9358256047509326e-01 -7.8131778444062681e+00 2.2986017429408561e+00 6.2528807117670449e-02 7.7597663000000001e-03 9.1687114999999997e-01
2.0602069115339577e-01 -1.2836939683350306e+02 9.4279780044043271e-01 9.7030951982964275e+00 3.4715686804467955e-01 -8.3482444683017007e+00 2.2809496538039378e+00 6.6220142344184801e-02 7.4317293999999999e-03 9.2446746000000002e-01
2.0954682236728894e-01 -1.3578277764777212e+02 9.4829967483348609e-01 9.6394443107328485e+00 4.9208532195509680e-01 -8.9291130535404637e+00 2.2642623957076413e+00 6.9715355608650525e-02 7.0970672000000004e-03 9.3173240000000002e-01
2.1290896892447114e-01 -1.4396286390122103e+02 9.5354568155489505e-01 9.5736902264586572e+00 6.2824398242633028e-01 -9.5616070007323710e+00 2.2485223361929068e+00 7.3013489573471257e-02 6.7560703000000000e-03 9.3865947999999999e-01
2.1610413613681145e-01 -1.5301462343996991e+02 9.5853114794872496e-01 9.5068076002316992e+00 7.5561310575271579e-01 -1.0252565854382203e+01 2.2337136010039020e+00 7.6114313799110850e-02 6.4090362999999996e-03 9.4524253000000003e-01
2.1912945551049234e-01 -1.6306277634987109e+02 9.6325159826188445e-01 9.4396704082490750e+00 8.7422710793240377e-01 -1.1010083767144074e+01 2.2198225024435634e+00 7.9018319570253251e-02 6.0562691999999996e-03 9.5147563999999996e-01
2.2198223328228439e-01 -1.7425701280224146e+02 9.6770282937598839e-01 9.3730878825646027e+00 9.8417979538627542e-01 -1.1843842792907610e+01 2.2068366608763945e+00 8.1726595905134480e-02 5.6980790999999996e-03 9.5735325999999998e-01
2.2465990188327134e-01 -1.8677865149698127e+02 9.7188083507549483e-01 9.3078068051893919e+00 1.0856086487456778e+00 -1.2765536138353571e+01 2.1947452384293769e+00 8.4240759876471644e-02 5.3347821999999998e-03 9.6287009999999995e-01
2.2716006847512504e-01 -2.0085018796047990e+02 9.7578188177956804e-01 9.2445034869942990e+00 1.1786854683981141e+00 -1.3789480215054770e+01 2.1835385138079237e+00 8.6562252399102674e-02 4.9667000000000001e-03 9.6802122999999995e-01
2.2948048097471296e-01 -2.1674828964741229e+02 9.7940245552977412e-01 9.1837924004745872e+00 1.2636044197799980e+00 -1.4933445577209426e+01 2.1732079272703655e+00 8.8694644102529738e-02 4.5941591999999996e-03 9.7280200999999999e-01
2.3161906688311795e-01 -2.3482300914125068e+02 9.8273932257557162e-01 9.1262243782828403e+00 1.3405757708442692e+00 -1.6219891481253121e+01 2.1637457604502202e+00 9.0639849188275876e-02 4.2174915999999996e-03 9.7720817000000004e-01
2.3357389445661852e-01 -2.5552576149800677e+02 9.8578946878882134e-01 9.0722922939103690e+00 1.4098146017062694e+00 -1.7677762600725696e+01 2.1551452767692281e+00 9.2400555771661577e-02 3.8370333000000002e-03 9.8123572999999997e-01
2.3534321153570875e-01 -2.7945329700191468e+02 9.8855016024927622e-01 9.0224326030611746e+00 1.4715402816716459e+00 -1.9345321093372466e+01 2.1474004681163716e+00 9.3979567917660822e-02 3.4531249000000000e-03 9.8488107999999996e-01
2.3692543098421542e-01 -3.0741823684707191e+02 9.9101892052502294e-01 8.9770272788743437e+00 1.5259632419555396e+00 -2.1274709300561824e+01 2.1405061428973458e+00 9.5379621572924705e-02 3.0661112999999999e-03 9.8814095000000002e-01
2.3831912098204350e-01 -3.4056950294146787e+02 9.9319351552610879e-01 8.9364093291884874e+00 1.5732844849381087e+00 -2.3539708986395127e+01 2.1344574951174078e+00 9.6603256896665782e-02 2.6763420000000000e-03 9.9101238999999997e-01
2.3952303414694082e-01 -3.8061429316911915e+02 9.9507199894366016e-01 8.9008654423393949e+00 1.6136900552229374e+00 -2.6250139277228946e+01 2.1292506049230671e+00 9.7652938377912710e-02 2.2841723000000002e-03 9.9349282999999999e-01
2.4053609782724300e-01 -4.3026460023334141e+02 9.9665269710350912e-01 8.8706327091833703e+00 1.6473473915725920e+00 -2.9580771329801014e+01 2.1248820744229810e+00 9.8530880185467143e-02 1.8899688000000000e-03 9.9558005999999999e-01
2.4135740924824600e-01 -4.9426314943103984e+02 9.9793420139300770e-01 8.8459108039871630e+00 1.6744016956971857e+00 -3.3837915963981970e+01 2.1213490265538453e+00 9.9239025642083950e-02 1.4941295000000000e-03 9.9727222000000004e-01
2.4198630346299044e-01 -5.8227766557634573e+02 9.9891547428563543e-01 8.8268543805318149e+00 1.6949760173599568e+00 -3.9647390271015652e+01 2.1186488957719192e+00 9.9779060053476809e-02 1.0971916000000000e-03 9.9856794000000004e-01
2.4242253779010436e-01 -7.2075644927834890e+02 9.9959613712207840e-01 8.8135720915512827e+00 1.7091748659083044e+00 -4.8725078072396499e+01 2.1167785717548075e+00 1.0015251920591417e-01 7.0085733000000002e-04 9.9946672000000003e-01
