-4.6786762231932916e-01 -7.0739089126508134e+02 4.6786912408774650e-01 -7.4206194757122171e+02 -1.9300992438306972e+02 4.6310246281264526e+01 -4.8553309331021943e+01 -1.2486168084229028e+01 5.5301730000000003e-06 1.0230946000000001e-06
-4.6784993610998160e-01 -5.2503759958270427e+02 4.6787918181347271e-01 -5.5961433298608915e+02 -1.9299893474361969e+02 3.4512372085240678e+01 -3.6751095306935881e+01 -1.2485673480944577e+01 3.5894988000000002e-05 1.9923924999999999e-05
-4.6779444788831448e-01 -4.4038556242494019e+02 4.6791073664263916e-01 -4.7471731569409201e+02 -1.9296445935352995e+02 2.9033266287552436e+01 -3.1260665906110546e+01 -1.2484121839726360e+01 8.5619985000000003e-05 7.9222864999999994e-05
-4.6768459921879812e-01 -3.8480130820669308e+02 4.6797320496288097e-01 -4.1871136977196147e+02 -1.9289622356285579e+02 2.5432646328284701e+01 -2.7640482754588508e+01 -1.2481050603507651e+01 1.5173507999999999e-04 1.9661552000000001e-04
-4.6750589805932474e-01 -3.4348165487347774e+02 4.6807482805314432e-01 -3.7678027821312259e+02 -1.9278525869286727e+02 2.2752778062055889e+01 -2.4932134741507216e+01 -1.2476055779485474e+01 2.3255418000000001e-04 3.8758918999999998e-04
-4.6724516424789059e-01 -3.1069908211744291e+02 4.6822310115742721e-01 -3.4318994933853304e+02 -1.9262344558667635e+02 2.0623106946366388e+01 -2.2764717114887542e+01 -1.2468771293826372e+01 3.2689763000000001e-04 6.6622920000000002e-04
-4.6689018618063199e-01 -2.8362681711189560e+02 4.6842496872379791e-01 -3.1511208348966494e+02 -1.9240331588801206e+02 1.8860793373469512e+01 -2.0955251392234054e+01 -1.2458859893204151e+01 4.3385032000000002e-04 1.0455858000000000e-03
-4.6642952867223597e-01 -2.6065910975315472e+02 4.6868693366959996e-01 -2.9094231395395252e+02 -1.9211794746933987e+02 1.7362007734491737e+01 -1.9399922255678092e+01 -1.2446008311614014e+01 5.5265518999999999e-04 1.5378795000000000e-03
-4.6585241418282253e-01 -2.4079440041592343e+02 4.6901512492489322e-01 -2.6968335129741405e+02 -1.9176090667437231e+02 1.6062041401694078e+01 -1.8034149646649599e+01 -1.2429924515410374e+01 6.8265765000000004e-04 2.1546280000000000e-03
-4.6514864261591254e-01 -2.2336485360195499e+02 4.6941534304143823e-01 -2.5067297671010982e+02 -1.9132621482667165e+02 1.4917785248074368e+01 -1.6815040982322451e+01 -1.2410336044400850e+01 8.2327310000000005e-04 2.9067318999999999e-03
-4.6430853667137800e-01 -2.0790199796345991e+02 4.6989309126917095e-01 -2.3345022068944709e+02 -1.9080833074410819e+02 1.3899037405033731e+01 -1.5712680819353325e+01 -1.2386989076226932e+01 9.7396649000000004e-04 3.8045331000000002e-03
-4.6332290188946484e-01 -1.9406385569861203e+02 4.7045359827821437e-01 -2.1768151910747483e+02 -1.9020214258213554e+02 1.2983784761521651e+01 -1.4705398417857365e+01 -1.2359647901904278e+01 1.1342389000000000e-03 4.8578574999999999e-03
-4.6218299745579416e-01 -1.8159260944402544e+02 4.7110183476137901e-01 -2.0311843878499286e+02 -1.8950296596674417e+02 1.2155461678950369e+01 -1.3777015616180201e+01 -1.2328094695070259e+01 1.3036180000000001e-03 6.0760461999999999e-03
-4.6088051505370192e-01 -1.7028864647199171e+02 4.7184252546033290e-01 -1.8957147412702113e+02 -1.8870654657064276e+02 1.1401268772444366e+01 -1.2915156729772322e+01 -1.2292129493475709e+01 1.4816515000000000e-03 7.4679780999999997e-03
-4.5940756174024905e-01 -1.5999390940776516e+02 4.7268015890360648e-01 -1.7689323830017926e+02 -1.8780906472021860e+02 1.0711093887144099e+01 -1.2110162543901419e+01 -1.2251570262168551e+01 1.6679024999999999e-03 9.0420881999999994e-03
-4.5775664834308089e-01 -1.5058083695662759e+02 4.7361899400502239e-01 -1.6496727638052573e+02 -1.8680714229709955e+02 1.0076795292523570e+01 -1.1354367624057778e+01 -1.2206253090818294e+01 1.8619452999999999e-03 1.0806380000000001e-02
-4.5592067869944963e-01 -1.4194476501067444e+02 4.7466306618320675e-01 -1.5370035287829185e+02 -1.8569784916004738e+02 9.4917091118053438e+00 -1.0641602519060440e+01 -1.2156032379122378e+01 2.0633631000000000e-03 1.2768437000000001e-02
-4.5389294469680747e-01 -1.3399859154682289e+02 4.7581619018188570e-01 -1.4301702404710915e+02 -1.8447871186992936e+02 8.9503032920142118e+00 -9.9668436314691782e+00 -1.2100781123709053e+01 2.2717459999999998e-03 1.4935428000000001e-02
-4.5166711794474579e-01 -1.2666890739635056e+02 4.7708196480585485e-01 -1.3285568175605798e+02 -1.8314771872072242e+02 8.4479267081927834e+00 -9.3259581569605210e+00 -1.2040391113692255e+01 2.4866887000000002e-03 1.7314116000000001e-02
-4.4923724996214265e-01 -1.1989317603819315e+02 4.7846377281455327e-01 -1.2316566432567615e+02 -1.8170309248675088e+02 7.9806262968208124e+00 -8.7155183703486330e+00 -1.1974773017065340e+01 2.7077901999999999e-03 1.9910858000000000e-02
-4.4659776188405420e-01 -1.1361758720909455e+02 4.7996478677550902e-01 -1.1390503450051052e+02 -1.8014423764814305e+02 7.5450077875158446e+00 -8.1326587288507977e+00 -1.1903857123383780e+01 2.9346520999999999e-03 2.2731616000000000e-02
-4.4374345007613736e-01 -1.0779546160941896e+02 4.8158796587155062e-01 -1.0503893464138628e+02 -1.7847032446164491e+02 7.1381321115175833e+00 -7.5749704577661046e+00 -1.1827595579471019e+01 3.1668782999999998e-03 2.5781951000000001e-02
-4.4066948052022697e-01 -1.0238598808771677e+02 4.8333605909359545e-01 -9.6538267149294100e+01 -1.7668124024265347e+02 6.7574341634231931e+00 -7.0404170271488216e+00 -1.1745947942859535e+01 3.4040742000000001e-03 2.9067029000000001e-02
-4.3737138507138729e-01 -9.7353243448021644e+01 4.8521160736917557e-01 -8.8378658896113663e+01 -1.7477734895977574e+02 6.4006588394195765e+00 -6.5272683237341464e+00 -1.1658911642307572e+01 3.6458464000000000e-03 3.2591624999999999e-02
-4.3384506707233461e-01 -9.2665427280274685e+01 4.8721694036964924e-01 -8.0539657584178769e+01 -1.7275949271201415e+02 6.0658117380793755e+00 -6.0340496586681063e+00 -1.1566491279500294e+01 3.8918026000000000e-03 3.6360116999999997e-02
-4.3008679386754051e-01 -8.8294229686827094e+01 4.8935418076725218e-01 -7.3004053023069986e+01 -1.7062898355547972e+02 5.7511182881645384e+00 -5.5594982065183007e+00 -1.1468713640397638e+01 4.1415510999999999e-03 4.0376493999999999e-02
-4.2609319961044279e-01 -8.4214332495538457e+01 4.9162524263870333e-01 -6.5757341746136291e+01 -1.6838759797457644e+02 5.4549916535621819e+00 -5.1025301257134403e+00 -1.1365624656227759e+01 4.3947007000000003e-03 4.4644352999999998e-02
-4.2186128526344574e-01 -8.0402999204411131e+01 4.9403183146520480e-01 -5.8787279185825874e+01 -1.6603756877902859e+02 5.1760062691950530e+00 -4.6622120199773809e+00 -1.1257289078707844e+01 4.6508610999999997e-03 4.9166899000000000e-02
-4.1738841485497158e-01 -7.6839730717219581e+01 4.9657544626096772e-01 -5.2083502207088294e+01 -1.6358157138635178e+02 4.9128758262815238e+00 -4.2377374264421483e+00 -1.1143789927744532e+01 4.9096423000000002e-03 5.3946949000000001e-02
-4.1267232015814609e-01 -7.3505988676354846e+01 4.9925737691255501e-01 -4.5637222482235131e+01 -1.6102271367979012e+02 4.6644354191821886e+00 -3.8284079170886938e+00 -1.1025228635838717e+01 5.1706551000000002e-03 5.8986927000000001e-02
-4.0771109226916424e-01 -7.0384948532805012e+01 5.0207870896806406e-01 -3.9440952106922829e+01 -1.5836451197733925e+02 4.4296260840669754e+00 -3.4336160019840580e+00 -1.0901723651383312e+01 5.4335110000000002e-03 6.4288872999999996e-02
-4.0250319002892454e-01 -6.7461311284890968e+01 5.0504031884794420e-01 -3.3488286559290223e+01 -1.5561088307080118e+02 4.2074824578428904e+00 -3.0528320819941319e+00 -1.0773410480268074e+01 5.6978226000000002e-03 6.9854434000000007e-02
-3.9704743066565762e-01 -6.4721123483819255e+01 5.0814287916631073e-01 -2.7773702259915073e+01 -1.5276611511334931e+02 3.9971215489768985e+00 -2.6855916859026379e+00 -1.0640440707488112e+01 5.9632034000000004e-03 7.5684873999999999e-02
-3.9134299447361193e-01 -6.2151636104826096e+01 5.1138685607028789e-01 -2.2292396009135057e+01 -1.4983484938136900e+02 3.7977337941359863e+00 -2.3314861279211856e+00 -1.0502981395830147e+01 6.2292681999999997e-03 8.1781068999999998e-02
-3.8538942107010510e-01 -5.9741176498087306e+01 5.1477251136853441e-01 -1.7040136205069199e+01 -1.4682205369067003e+02 3.6085749817749946e+00 -1.9901532529956869e+00 -1.0361214164175676e+01 6.4956331999999999e-03 8.8143510999999994e-02
-3.7918660939552379e-01 -5.7479040389421179e+01 5.1829990253124381e-01 -1.2013140589128222e+01 -1.4373299680331385e+02 3.4289594798946466e+00 -1.6612701174916520e+00 -1.0215334313932340e+01 6.7619166000000000e-03 9.4772308000000000e-02
-3.7273481209890114e-01 -5.5355395180144725e+01 5.2196888588293255e-01 -7.2079636717552269e+00 -1.4057322020856978e+02 3.2582541492724575e+00 -1.3445460504208846e+00 -1.0065549800899682e+01 7.0277381999999996e-03 1.0166719000000000e-01
-3.6603463460217928e-01 -5.3361197573103283e+01 5.2577911713457159e-01 -2.6214039479503830e+00 -1.3734850647827642e+02 3.0958732224154106e+00 -1.0397170896407002e+00 -9.9120802174636662e+00 7.2927204000000001e-03 1.0882751000000000e-01
-3.5908704820052945e-01 -5.1488124311058066e+01 5.2973004393374667e-01 1.7495686039270850e+00 -1.3406485808794238e+02 2.9412739932932075e+00 -7.4654163463504164e-01 -9.7551560873618008e+00 7.5564877000000004e-03 1.1625223000000000e-01
-3.5189336292597484e-01 -4.9728500129058347e+01 5.3382092129646930e-01 5.9078989472251457e+00 -1.3072845338296429e+02 2.7939525189373411e+00 -4.6479494333115023e-01 -9.5950171776652056e+00 7.8186677999999999e-03 1.2393994999999999e-01
-3.4445522567591580e-01 -4.8075241674896759e+01 5.3805081267143984e-01 9.8565059805205824e+00 -1.2734561551343120e+02 2.6534396994990872e+00 -1.9426551206057574e-01 -9.4319114193451412e+00 8.0788911000000008e-03 1.3188891000000000e-01
-3.3677464828524495e-01 -4.6521813806202040e+01 5.4241857397610438e-01 1.3598316867603865e+01 -1.2392279400746683e+02 2.5192990229467420e+00 6.5247009546608781e-02 -9.2660943980527843e+00 8.3367917000000003e-03 1.4009695999999999e-01
-3.2885397009686068e-01 -4.5062175630796041e+01 5.4692287488191227e-01 1.7136329845422622e+01 -1.2046651531987357e+02 2.3911229908676823e+00 3.1393608991612870e-01 -9.0978273487923715e+00 8.5920070000000005e-03 1.4856159999999999e-01
-3.2069587667641009e-01 -4.3690744208315927e+01 5.5156218817168701e-01 2.0473639765325263e+01 -1.1698336161003954e+02 2.2685309955668642e+00 5.5198985617495711e-01 -8.9273765650214045e+00 8.8441787999999997e-03 1.5727996000000000e-01
-3.1230338109754641e-01 -4.2402355460123772e+01 5.5633480038225513e-01 2.3613474504054871e+01 -1.1347992985891966e+02 2.1511667971870154e+00 7.7959404629960360e-01 -8.7550117770922604e+00 9.0929527999999999e-03 1.6624881999999999e-01
-3.0367982394192838e-01 -4.1192231609498243e+01 5.6123881180444612e-01 2.6559216067964481e+01 -1.0996280302488127e+02 2.0386964946067554e+00 9.9693293865656896e-01 -8.5810050809146947e+00 9.3379794999999995e-03 1.7546460999999999e-01
-2.9482886394184904e-01 -4.0055951069737233e+01 5.6627214180440644e-01 2.9314421237454482e+01 -1.0643851563209705e+02 1.9308069112013631e+00 1.2041919265947110e+00 -8.4056296038244671e+00 9.5789143999999993e-03 1.8492342000000001e-01
-2.8575450605235031e-01 -3.8989425523118932e+01 5.7143251285965713e-01 3.1882823861576739e+01 -1.0291353843074270e+02 1.8272037062977353e+00 1.4015573336334111e+00 -8.2291590992393022e+00 9.8154178999999998e-03 1.9462097000000000e-01
-2.7646105466436510e-01 -3.7988872309323234e+01 5.7671747716566446e-01 3.4268358297317249e+01 -9.9394227910905329e+01 1.7276098747480377e+00 1.5892186659037768e+00 -8.0518658252867095e+00 1.0047156000000000e-02 2.0455266000000000e-01
-2.6695310424734586e-01 -3.7050779640983791e+01 5.8212442195715486e-01 3.6475159986031414e+01 -9.5886801243177970e+01 1.6317641037299553e+00 1.7673695208856746e+00 -7.8740194901679068e+00 1.0273801000000001e-02 2.1471357999999999e-01
-2.5723558613612207e-01 -3.6171918124273901e+01 5.8765054290154295e-01 3.8507557408732019e+01 -9.2397330124861483e+01 1.5394200516970997e+00 1.9362070172189640e+00 -7.6958871283277315e+00 1.0495031000000000e-02 2.2509846000000000e-01
-2.4731371238667146e-01 -3.5349290977861223e+01 5.9329287602681768e-01 4.0370078714853840e+01 -8.8931691465299323e+01 1.4503446429446187e+00 2.0959332735026441e+00 -7.5177311200959878e+00 1.0710529999999999e-02 2.3570173000000000e-01
-2.3719298513349074e-01 -3.4580132359286651e+01 5.9904829240022728e-01 4.2067442575895591e+01 -8.5495556267887537e+01 1.3643171462259573e+00 2.2467554870332287e+00 -7.3398085700280751e+00 1.0919989999999999e-02 2.4651751000000000e-01
-2.2687920594696787e-01 -3.3861890709491341e+01 6.0491349280696582e-01 4.3604547028014217e+01 -8.2094370511711730e+01 1.2811282908211803e+00 2.3888857468891764e+00 -7.1623706165867684e+00 1.1123108000000000e-02 2.5753959999999998e-01
-2.1637844776126686e-01 -3.3192213497847327e+01 6.1088502371411535e-01 4.4986461815878904e+01 -7.8733329918641388e+01 1.2005791396464411e+00 2.5225414135967976e+00 -6.9856612470513273e+00 1.1319591000000000e-02 2.6876150999999998e-01
-2.0569704551695644e-01 -3.2568934810208503e+01 6.1695928259196009e-01 4.6218415641820748e+01 -7.5417361994220897e+01 1.1224803239189072e+00 2.6479450659196435e+00 -6.8099164897775450e+00 1.1509152000000000e-02 2.8017647000000001e-01
-1.9484160551838153e-01 -3.1990065107745675e+01 6.2313251259267266e-01 4.7305775233113863e+01 -7.2151116368335778e+01 1.0466508284203435e+00 2.7653240444440059e+00 -6.6353638873713328e+00 1.1691511000000000e-02 2.9177742000000001e-01
-1.8381901479103474e-01 -3.1453781958527276e+01 6.2940079722899933e-01 4.8254037245102921e+01 -6.8938957555118350e+01 9.7291874587668548e-01 2.8749100254571713e+00 -6.4622221913498104e+00 1.1866398000000000e-02 3.0355700000000002e-01
-1.7263636622258399e-01 -3.0958417119344741e+01 6.3576010294477392e-01 4.9068804524662568e+01 -6.5784933649946524e+01 9.0111710794549893e-01 2.9769393849333281e+00 -6.2906998188740202e+00 1.2033550000000000e-02 3.1550762999999998e-01
-1.6130102406447305e-01 -3.0502452229209734e+01 6.4220624186571840e-01 4.9755769309366499e+01 -6.2692790608955818e+01 8.3108820813498663e-01 3.0716520001826351e+00 -6.1209953110302306e+00 1.2192715000000000e-02 3.2762143999999999e-01
-1.4982057714506414e-01 -3.0084509430186841e+01 6.4873489840601406e-01 5.0320693970873556e+01 -5.9665954554470964e+01 7.6267857676776840e-01 3.1592911768159997e+00 -5.9532964111363844e+00 1.2343646000000000e-02 3.3989032000000002e-01
-1.3820284822700946e-01 -2.9703345414261452e+01 6.5534162394698670e-01 5.0769391480406618e+01 -5.6707532408874570e+01 6.9574049145248074e-01 3.2401029607963179e+00 -5.7877800038100000e+00 1.2486109000000000e-02 3.5230591000000000e-01
-1.2645585657776437e-01 -2.9357844891504865e+01 6.6202185812236403e-01 5.1107706284594421e+01 -5.3820303235069979e+01 6.3013082194780812e-01 3.3143358114433470e+00 -5.6246113801124196e+00 1.2619877000000000e-02 3.6485963999999999e-01
-1.1458784604170258e-01 -2.9047016279747229e+01 6.6877091285433321e-01 5.1341492949891588e+01 -5.1006727902071468e+01 5.6571068075072994e-01 3.3822397184017690e+00 -5.4639445840502683e+00 1.2744734000000001e-02 3.7754270000000001e-01
-1.0260725696800138e-01 -2.8769987052871620e+01 6.7558398831748256e-01 5.1476597379637738e+01 -4.8268943699384266e+01 5.0234476256952321e-01 3.4440657902668943e+00 -5.3059219819740768e+00 1.2860473000000001e-02 3.9034606999999999e-01
-9.0522707495898136e-02 -2.8525999579042860e+01 6.8245618358143101e-01 5.1518838685978196e+01 -4.5608771478832729e+01 4.3990077249179649e-01 3.5000656679907598e+00 -5.1506740728622784e+00 1.2966896000000000e-02 4.0326054000000000e-01
-7.8343012269433798e-02 -2.8314408867089348e+01 6.8938248596819884e-01 5.1473988604798272e+01 -4.3027721474027139e+01 3.7824905050190449e-01 3.5504907397890384e+00 -4.9983199184768417e+00 1.3063819000000001e-02 4.1627669000000000e-01
-6.6077126293223265e-02 -2.8134679009889215e+01 6.9635780298009353e-01 5.1347754055614814e+01 -4.0526996027622850e+01 3.1726182514160928e-01 3.5955917841713965e+00 -4.8489665187429640e+00 1.3151064000000001e-02 4.2938494999999999e-01
-5.3734201076684751e-02 -2.7986382670111492e+01 7.0337693037182425e-01 5.1145764616813253e+01 -3.8107507103512148e+01 2.5681305955644818e-01 3.6356181956760873e+00 -4.7027097969761176e+00 1.3228465999999999e-02 4.4257553999999999e-01
-4.1323509775067269e-02 -2.7869198761487855e+01 7.1043459472101556e-01 5.0873547461193752e+01 -3.5769875538095043e+01 1.9677759586458854e-01 3.6708172135745221e+00 -4.5596339780563797e+00 1.3295871000000001e-02 4.5583855000000001e-01
-2.8854484618936915e-02 -2.7782912598621117e+01 7.1752543214295039e-01 5.0536521050886101e+01 -3.3514451173716303e+01 1.3703089495674869e-01 3.7014338514456839e+00 -4.4198123835479537e+00 1.3353135000000000e-02 4.6916390000000002e-01
-1.6336670127318875e-02 -2.7727415551418382e+01 7.2464401489714136e-01 5.0139976268410592e+01 -3.1341316302723008e+01 7.7448361636234697e-02 3.7277100184263139e+00 -4.2833072242905432e+00 1.3400123999999999e-02 4.8254139000000001e-01
-3.7797418224407298e-03 -2.7702706053434238e+01 7.3178484074470229e-01 4.9689066962414842e+01 -2.9250308421942012e+01 1.7904968075392436e-02 3.7498839625191120e+00 -4.1501703173060696e+00 1.3436718000000000e-02 4.9596067999999999e-01
8.8065311997542195e-03 -2.7708890872335736e+01 7.3894235423360488e-01 4.9188799629533648e+01 -2.7241023872732441e+01 -4.1725422840727333e-02 3.7681902690031794e+00 -4.0204431377492709e+00 1.3462807000000000e-02 5.0941133000000005e-01
2.1412248840120052e-02 -2.7746187195309233e+01 7.4611092541342194e-01 4.8644014996354933e+01 -2.5312842506913654e+01 -1.0157036867190938e-01 3.7828585714729277e+00 -3.8941576416439978e+00 1.3478291000000000e-02 5.2288276000000000e-01
3.4027464212653069e-02 -2.7814925570962231e+01 7.5328489772715534e-01 4.8059389258839431e+01 -2.3464930646054061e+01 -1.6175974871757881e-01 3.7941139177049932e+00 -3.7713359343260859e+00 1.3483083000000000e-02 5.3636434000000000e-01
4.6642136857633798e-02 -2.7915553464539020e+01 7.6045856140466506e-01 4.7439421652213277e+01 -2.1696265593271978e+01 -2.2242610537233309e-01 3.8021760182675779e+00 -3.6519913458122693e+00 1.3477108000000000e-02 5.4984533999999996e-01
5.9246151456369633e-02 -2.8048639674086306e+01 7.6762616410529705e-01 4.6788429977770818e+01 -2.0005647620558374e+01 -2.8370531107817776e-01 3.8072590011079113e+00 -3.5361287763374123e+00 1.3460300999999999e-02 5.6331494999999998e-01
7.1829345903310304e-02 -2.8214879746383620e+01 7.7478192688182679e-01 4.6110544620225781e+01 -1.8391714667534661e+01 -3.4573728294953221e-01 3.8095711040761073e+00 -3.4237449569269400e+00 1.3432611000000001e-02 5.7676231000000000e-01
8.4381530020790796e-02 -2.8415102593082249e+01 7.8192005482308657e-01 4.5409704180560809e+01 -1.6852956613560835e+01 -4.0866674608040054e-01 3.8093144052439425e+00 -3.3148289420289183e+00 1.3393997000000000e-02 5.9017653000000003e-01
9.6892457486916050e-02 -2.8650277308177145e+01 7.8903472109002393e-01 4.4689655554287746e+01 -1.5387734727389697e+01 -4.7264378564896781e-01 3.8066846235850020e+00 -3.2093629288458398e+00 1.3344429999999999e-02 6.0354666000000001e-01
1.0935186326504848e-01 -2.8921522033193813e+01 7.9612008820095770e-01 4.3953950278566040e+01 -1.3994293283326179e+01 -5.3782480003496369e-01 3.8018708862357267e+00 -3.1073225253029020e+00 1.3283893999999999e-02 6.1686173000000000e-01
1.2174950103329324e-01 -2.9230114488272097e+01 8.0317032931683530e-01 4.3205943735105464e+01 -1.2670771482424216e+01 -6.0437350335179874e-01 3.7950556556373369e+00 -3.0086769455333786e+00 1.3212384000000001e-02 6.3011079000000003e-01
1.3407508704026921e-01 -2.9577501886323308e+01 8.1017959631334724e-01 4.2448798719474269e+01 -1.1415225226711843e+01 -6.7246153833345224e-01 3.7864145595544976e+00 -2.9133902246312187e+00 1.3129907000000000e-02 6.4328284999999996e-01
1.4631836560671035e-01 -2.9965314893617087e+01 8.1714205703012677e-01 4.1685485308983615e+01 -1.0225634503805473e+01 -7.4226979244182001e-01 3.7761163295812175e+00 -2.8214211446397539e+00 1.3036481000000001e-02 6.5636695000000000e-01
1.5846911848283646e-01 -3.0395382600033610e+01 8.2405190059206368e-01 4.0918781725296292e+01 -9.0999173260750972e+00 -8.1398954972671111e-01 3.7643224901313070e+00 -2.7327237952798487e+00 1.2932137999999999e-02 6.6935217000000002e-01
1.7051713677623931e-01 -3.0869747953143651e+01 8.3090332144536228e-01 4.0151280529632039e+01 -8.0359457798631624e+00 -8.8782351373440727e-01 3.7511886636553999e+00 -2.6472483274085072e+00 1.2816919000000000e-02 6.8222760000000005e-01
1.8245227709611161e-01 -3.1390688255607284e+01 8.3769055128542602e-01 3.9385392810314841e+01 -7.0315539994058636e+00 -9.6398747134726803e-01 3.7368619946867652e+00 -2.5649410935778025e+00 1.2690879000000000e-02 6.9498240000000000e-01
1.9426444283850436e-01 -3.1960735801035984e+01 8.4440784841422967e-01 3.8623348339542403e+01 -6.0845522885297756e+00 -1.0427116516819710e+00 3.7214837528361873e+00 -2.4857453012931696e+00 1.2554085000000000e-02 7.0760577999999996e-01
2.0594359354369768e-01 -3.2582702169832231e+01 8.5104950306163296e-01 3.7867207189271198e+01 -5.1927373978230502e+00 -1.1242424999543441e+00 3.7051881533526605e+00 -2.4096014738536669e+00 1.2406611999999999e-02 7.2008700999999997e-01
2.1747979168305970e-01 -3.3259707878040437e+01 8.5760986399195205e-01 3.7118860257181801e+01 -4.3539006473328925e+00 -1.2088444656302979e+00 3.6881026427600445e+00 -2.3364476067246684e+00 1.2248551000000000e-02 7.3241546999999996e-01
2.2886317458693090e-01 -3.3995212706482505e+01 8.6408332254001652e-01 3.6380038277208435e+01 -3.5658372534157641e+00 -1.2968026987464847e+00 3.6703481112672054e+00 -2.2662198763203376e+00 1.2080001999999999e-02 7.4458062000000003e-01
2.4008397315936775e-01 -3.4793051930960466e+01 8.7046432325379808e-01 3.5652318662015958e+01 -2.8263599035651739e+00 -1.3884246873263495e+00 3.6520389200475680e+00 -2.1988529107153933e+00 1.1901076999999999e-02 7.5657202000000001e-01
2.5113253059288593e-01 -3.5657478479715451e+01 8.7674737453703888e-01 3.4937129257745475e+01 -2.1332999500432202e+00 -1.4840434979435422e+00 3.6332831344486687e+00 -2.1342801056864413e+00 1.1711898000000000e-02 7.6837935000000002e-01
2.6199933044057516e-01 -3.6593212122829001e+01 8.8292706461319437e-01 3.4235759255064565e+01 -1.4845168339628896e+00 -1.5840209754934240e+00 3.6141826343126340e+00 -2.0724339341067690e+00 1.1512599000000000e-02 7.7999244000000001e-01
2.7267494982924095e-01 -3.7605489376656578e+01 8.8899803491886142e-01 3.3549364651380607e+01 -8.7790744380139385e-01 -1.6887507821336778e+00 3.5948333255064062e+00 -2.0132465328065021e+00 1.1303326000000001e-02 7.9140122000000002e-01
2.8315015303312047e-01 -3.8700133819427776e+01 8.9495503331692161e-01 3.2878973756923408e+01 -3.1140660896199196e-01 -1.7986632464254675e+00 3.5753252795890518e+00 -1.9566495566180435e+00 1.1084235000000000e-02 8.0259581999999996e-01
2.9341580725753885e-01 -3.9883619994942848e+01 9.0079286620471244e-01 3.2225498582941434e+01 2.1700216624564633e-01 -1.9142291101561804e+00 3.5557430525848344e+00 -1.9025749877259184e+00 1.0855490000000001e-02 8.1356647999999998e-01
3.0346296685525270e-01 -4.1163164761386852e+01 9.0650644640585554e-01 3.1589739321620449e+01 7.0928641242565749e-01 -2.0359655951356510e+00 3.5361657310961001e+00 -1.8509549982057629e+00 1.0617270000000000e-02 8.2430364000000000e-01
3.1328285461170752e-01 -4.2546822856758730e+01 9.1209078252762810e-01 3.0972392320258454e+01 1.1673590595927639e+00 -2.1644427035775413e+00 3.5166672756085795e+00 -1.8017223256833126e+00 1.0369760000000000e-02 8.3479791999999997e-01
3.2286687110240914e-01 -4.4043601644103497e+01 9.1754098428227726e-01 3.0374057707312033e+01 1.5930750523937540e+00 -2.3002898677753616e+00 3.4973166390215522e+00 -1.7548105533596521e+00 1.0113159000000000e-02 8.4504013000000000e-01
3.3220660405029495e-01 -4.5663595581383632e+01 9.2285226780833440e-01 2.9795246534701960e+01 1.9882289597895491e+00 -2.4442050777590265e+00 3.4781780330047170e+00 -1.7101542336915008e+00 9.8476710000000005e-03 8.5502127999999999e-01
3.4129382832573457e-01 -4.7418142986975610e+01 9.2801995567061457e-01 2.9236388356179795e+01 2.3545517338398048e+00 -2.5969644715831977e+00 3.4593111681466060e+00 -1.6676892068997604e+00 9.5735140000000000e-03 8.6473257999999997e-01
3.5012055273338710e-01 -4.9320021719439616e+01 9.3303950346678832e-01 2.8697836080644933e+01 2.6937105177875140e+00 -2.7594349134460998e+00 3.4407713921436769e+00 -1.6273525099517343e+00 9.2909130999999992e-03 8.7416548999999999e-01
3.5867897322534398e-01 -5.1383663244473496e+01 9.3790647322081000e-01 2.8179875413117525e+01 3.0073052214242408e+00 -2.9325872438386602e+00 3.4226100161912449e+00 -1.5890828815924465e+00 9.0001030000000006e-03 8.8331166999999999e-01
3.6696152904535745e-01 -5.3625432355261630e+01 9.4261656531080318e-01 2.7682728354606361e+01 3.2968692666772257e+00 -3.1175142301998386e+00 3.4048744145179155e+00 -1.5528206075783026e+00 8.7013270999999996e-03 8.9216304000000002e-01
3.7496087465672706e-01 -5.6063944781239137e+01 9.4716560250511839e-01 2.7206563644814967e+01 3.5638670764332847e+00 -3.3154500982893262e+00 3.3876083503061452e+00 -1.5185078495767077e+00 8.3948374000000006e-03 9.0071175000000003e-01
3.8266992652915638e-01 -5.8720476011828573e+01 9.5154955656890361e-01 2.6751496686120817e+01 3.8096954910542355e+00 -3.5277970116197803e+00 3.3708520483307387e+00 -1.4860885670208686e+00 8.0808944000000001e-03 9.0895022999999997e-01
3.9008182570926769e-01 -6.1619436333154511e+01 9.5576452697884795e-01 2.6317601222069811e+01 4.0356820279499228e+00 -3.7561544828403401e+00 3.3546425355934888e+00 -1.4555088211081519e+00 7.7597663000000001e-03 9.1687114999999997e-01
3.9718997525008765e-01 -6.4788985575016909e+01 9.5980676220843808e-01 2.5904911187585867e+01 4.2430861286643982e+00 -4.0023584643540318e+00 3.3390137790480692e+00 -1.4267167305006212e+00 7.4317293999999999e-03 9.2446746000000002e-01
4.0398804956841899e-01 -6.8261796089740741e+01 9.6367266504927240e-01 2.5513426312226535e+01 4.4330992095800834e+00 -4.2685296175600893e+00 3.3239967808787023e+00 -1.3996625392270952e+00 7.0970672000000004e-03 9.3173240000000002e-01
4.1046997573009786e-01 -7.2076002846844972e+01 9.6735878196843295e-01 2.5143118513080363e+01 4.6068449016409012e+00 -4.5571333146144735e+00 3.3096199361767731e+00 -1.3742988416964175e+00 6.7560703000000000e-03 9.3865947999999999e-01
4.1662998023685111e-01 -7.6276461996289271e+01 9.7086182971505641e-01 2.4793934158906264e+01 4.7653798753253955e+00 -4.8710597699665019e+00 3.2959090526060910e+00 -1.3505802411086478e+00 6.4090362999999996e-03 9.4524253000000003e-01
4.2246253288206698e-01 -8.0916323137829878e+01 9.7417866339244830e-01 2.4465801732031363e+01 4.9096958359501288e+00 -5.2137231895963199e+00 3.2828876557646915e+00 -1.3284640030770036e+00 6.0562691999999996e-03 9.5147563999999996e-01
4.2796244032451131e-01 -8.6059216572838878e+01 9.7730632967122633e-01 2.4158631413394300e+01 5.0407185657219209e+00 -5.5892019778680826e+00 3.2705769685384838e+00 -1.3079095160280940e+00 5.6980790999999996e-03 9.5735325999999998e-01
4.3312475251461108e-01 -9.1782042349391148e+01 9.8024201357617624e-01 2.3872322968397427e+01 5.1593081015906668e+00 -6.0024153558122837e+00 3.2589962734785978e+00 -1.2888787089382259e+00 5.3347821999999998e-03 9.6287009999999995e-01
4.3794485626817076e-01 -9.8178988043894591e+01 9.8298309169939646e-01 2.3606766354812521e+01 5.2662665841070551e+00 -6.4593805679802330e+00 3.2481628544018624e+00 -1.2713359583188995e+00 4.9667000000000001e-03 9.6802122999999995e-01
4.4241840976477126e-01 -1.0536698697216360e+02 9.8552709495109614e-01 2.3361847636177920e+01 5.3623287474736419e+00 -6.9675612643393627e+00 3.2380922931462344e+00 -1.2552480540886999e+00 4.5941591999999996e-03 9.7280200999999999e-01
4.4654141740674208e-01 -1.1349381849114380e+02 9.8787175113011094e-01 2.3137448173706829e+01 5.4481712628607220e+00 -7.5363868371391725e+00 3.2287984278939361e+00 -1.2405841689519803e+00 4.2174915999999996e-03 9.7720817000000004e-01
4.5031015496018906e-01 -1.2274989989122868e+02 9.9001494235338727e-01 2.2933462616649305e+01 5.5244100093119153e+00 -8.1780077347698423e+00 3.2202936452543711e+00 -1.2273161174014622e+00 3.8370333000000002e-03 9.8123572999999997e-01
4.5372124441396694e-01 -1.3338686479062642e+02 9.9195474762649849e-01 2.2749743463121941e+01 5.5916027321907888e+00 -8.9084901340358638e+00 3.2125888387219321e+00 -1.2154180910450803e+00 3.4531249000000000e-03 9.8488107999999996e-01
4.5677162590756487e-01 -1.4574739509891367e+02 9.9368942687969941e-01 2.2586212953401319e+01 5.6502495300869651e+00 -9.7497335569933075e+00 3.2056935236712705e+00 -1.2048668151407882e+00 3.0661112999999999e-03 9.8814095000000002e-01
4.5945853901636263e-01 -1.6031621129920416e+02 9.9521741032530042e-01 2.2442758292061054e+01 5.7007932951637885e+00 -1.0732754712420139e+01 3.1996160761864059e+00 -1.1956415821612478e+00 2.6763420000000000e-03 9.9101238999999997e-01
4.6177957889586091e-01 -1.7781418840673552e+02 9.9653733038555137e-01 2.2319284452962346e+01 5.7436228065942379e+00 -1.1903756008679547e+01 3.1943635781299040e+00 -1.1877241020820712e+00 2.2841723000000002e-03 9.9349282999999999e-01
4.6373267756693742e-01 -1.9938784530909894e+02 9.9764801105001322e-01 2.2215706092610585e+01 5.7790683592651009e+00 -1.3336353902729174e+01 3.1899419925946004e+00 -1.1810986007475048e+00 1.8899688000000000e-03 9.9558005999999999e-01
4.6531609455847606e-01 -2.2704510888326885e+02 9.9854846255424401e-01 2.2131949473171812e+01 5.8074093934613300e+00 -1.5159723718550987e+01 3.1863562348108441e+00 -1.1757517288403361e+00 1.4941295000000000e-03 9.9727222000000004e-01
4.6652854791056814e-01 -2.6488557744702678e+02 9.9923795587819786e-01 2.2067946702926758e+01 5.8288726405550646e+00 -1.7638117142803033e+01 3.1836098837446936e+00 -1.1716723895776502e+00 1.0971916000000000e-03 9.9856794000000004e-01
4.6736956975463434e-01 -3.2414293518078131e+02 9.9971622495616486e-01 2.2023617978974084e+01 5.8436399019823062e+00 -2.1496947327861431e+01 3.1817046422507693e+00 -1.1688502820799418e+00 7.0085733000000002e-04 9.9946672000000003e-01
