-1.1652598948451899e-01 -2.7729635564240052e+03 1.1652713179647353e-01 -2.4531005169103432e+03 -7.5389521513999716e+02 1.8123075289565520e+02 -1.6055494985319822e+02 -4.8734852104755369e+01 5.5301730000000003e-06 1.0230946000000001e-06
-1.1652158459957689e-01 -2.0606725770319313e+03 1.1654383018440248e-01 -1.7398615121783298e+03 -7.5361977490389768e+02 1.3518149781931959e+02 -1.1446197773110561e+02 -4.8722459621447577e+01 3.5894988000000002e-05 1.9923924999999999e-05
-1.1650776483598127e-01 -1.7299971663932151e+03 1.1659621924260467e-01 -1.4067981789861724e+03 -7.5275613036426194e+02 1.1379481059006156e+02 -9.2964506149271216e+01 -4.8683598079455749e+01 8.5619985000000003e-05 7.9222864999999994e-05
-1.1648040618943613e-01 -1.5128489528791392e+03 1.1669993257433210e-01 -1.1856554149266701e+03 -7.5104869193708328e+02 9.9739520452543687e+01 -7.8722830853486045e+01 -4.8606746585623931e+01 1.5173507999999999e-04 1.9661552000000001e-04
-1.1643589930664214e-01 -1.3514061649295854e+03 1.1686865280293511e-01 -1.0185797906309150e+03 -7.4827755388787079e+02 8.9277414468795811e+01 -6.7996368367605783e+01 -4.8481956825352732e+01 2.3255418000000001e-04 3.8758918999999998e-04
-1.1637096156801680e-01 -1.2232965130235384e+03 1.1711482394362244e-01 -8.8324522141337877e+02 -7.4424876230010045e+02 8.0962161563720272e+01 -5.9339956215464547e+01 -4.8300396361954341e+01 3.2689763000000001e-04 6.6622920000000002e-04
-1.1628255158074827e-01 -1.1174791686682047e+03 1.1744997554998816e-01 -7.6871091154417195e+02 -7.3879117223731123e+02 7.4080123328589451e+01 -5.2043549178888050e+01 -4.8054186931822230e+01 4.3385032000000002e-04 1.0455858000000000e-03
-1.1616782132496946e-01 -1.0276821729943879e+03 1.1788490412209877e-01 -6.6884524553530855e+02 -7.3175576309839528e+02 6.8226060350110600e+01 -4.5707317777565720e+01 -4.7736352688938197e+01 5.5265518999999999e-04 1.5378795000000000e-03
-1.1602408657240977e-01 -9.4999443306277010e+02 1.1842978524581893e-01 -5.7990937610930894e+02 -7.2301612248462402e+02 6.3147436132207375e+01 -4.0085564417482985e+01 -4.7340821449305935e+01 6.8265765000000004e-04 2.1546280000000000e-03
-1.1584880691146909e-01 -8.8180824788976258e+02 1.1909424931534859e-01 -4.9949326990745635e+02 -7.1246948009518735e+02 5.8676024504850396e+01 -3.5018054258826695e+01 -4.6862451584021571e+01 8.2327310000000005e-04 2.9067318999999999e-03
-1.1563957213695439e-01 -8.2129473681324350e+02 1.1988743312809123e-01 -4.2598595715570548e+02 -7.0003801566592062e+02 5.4693980961946828e+01 -3.0395862536788677e+01 -4.6297074488771777e+01 9.7396649000000004e-04 3.8045331000000002e-03
-1.1539409229873981e-01 -7.6711906152200277e+02 1.2081801760898395e-01 -3.5828617327365225e+02 -6.8567018720160740e+02 5.1115424706059954e+01 -2.6142769106392038e+01 -4.5641539186305351e+01 1.1342389000000000e-03 4.8578574999999999e-03
-1.1511019043053015e-01 -7.1827514013100620e+02 1.2189425537487912e-01 -2.9563261208785650e+02 -6.6934195608605285e+02 4.7875738412161397e+01 -2.2204382475053890e+01 -4.4893758164617054e+01 1.3036180000000001e-03 6.0760461999999999e-03
-1.1478579728287527e-01 -6.7398422882520822e+02 1.2312399070105168e-01 -2.3749821388051200e+02 -6.5105778406924640e+02 4.4925004406837409e+01 -1.8541410690896981e+01 -4.4052746850982409e+01 1.4816515000000000e-03 7.4679780999999997e-03
-1.1441894705831016e-01 -6.3362987278518744e+02 1.2451467568876912e-01 -1.8352081623454998e+02 -6.3085128160817214e+02 4.2223793549442568e+01 -1.5125286612338297e+01 -4.3118653235133273e+01 1.6679024999999999e-03 9.0420881999999994e-03
-1.1400777452150450e-01 -5.9671470092266168e+02 1.2607338122036629e-01 -1.3345564873890638e+02 -6.0878546897888396e+02 3.9740366375035869e+01 -1.1935208265139934e+01 -4.2092776327681584e+01 1.8619452999999999e-03 1.0806380000000001e-02
-1.1355051231915947e-01 -5.6283073816894978e+02 1.2780680711919379e-01 -8.7141330825699114e+01 -5.8495253425314206e+02 3.7448751282538211e+01 -8.9560560109041063e+00 -4.0977568642159106e+01 2.0633631000000000e-03 1.2768437000000001e-02
-1.1304548974482964e-01 -5.3163856887922634e+02 1.2972128683202885e-01 -4.4474817971545654e+01 -5.5947311959798844e+02 3.5327391806439465e+01 -6.1768840366755580e+00 -3.9776624298592850e+01 2.2717459999999998e-03 1.4935428000000001e-02
-1.1249113066475618e-01 -5.0285218944895666e+02 1.3182279529199212e-01 -5.3921285588688210e+00 -5.3249499303195284e+02 3.3358168702440366e+01 -3.5897852135817230e+00 -3.8494646489621054e+01 2.4866887000000002e-03 1.7314116000000001e-02
-1.1188595356447731e-01 -4.7622805070412181e+02 1.3411694874185270e-01 3.0146583968699336e+01 -5.0419125023269055e+02 3.1525685283107013e+01 -1.1890287959594090e+00 -3.7137400496911553e+01 2.7077901999999999e-03 1.9910858000000000e-02
-1.1122856898525134e-01 -4.5155661134789574e+02 1.3660901445223972e-01 6.2169111654176838e+01 -4.7475782566219590e+02 2.9816723883362208e+01 1.0296272631224495e+00 -3.5711641560745498e+01 2.9346520999999999e-03 2.2731616000000000e-02
-1.1051768092237134e-01 -4.2865613966656463e+02 1.3930390542079971e-01 9.0700691575347079e+01 -4.4441065437145141e+02 2.8219842636354031e+01 3.0694681844259084e+00 -3.4225033344130836e+01 3.1668782999999998e-03 2.5781951000000001e-02
-1.0975208542685046e-01 -4.0736777713121694e+02 1.4220618567303928e-01 1.1577181426193417e+02 -4.1338221514132022e+02 2.6725056100051532e+01 4.9332622969019591e+00 -3.2686041450357088e+01 3.4040742000000001e-03 2.9067029000000001e-02
-1.0893066967321205e-01 -3.8755170663396513e+02 1.4532007379622006e-01 1.3742439286612526e+02 -3.8191766743221632e+02 2.5323587201775371e+01 6.6236121829027743e+00 -3.1103812646624846e+01 3.6458464000000000e-03 3.2591624999999999e-02
-1.0805241335780448e-01 -3.6908416787286666e+02 1.4864943763851629e-01 1.5571650002775829e+02 -3.5027074054218707e+02 2.4007674720363568e+01 8.1432314944942803e+00 -2.9488045553290611e+01 3.8918026000000000e-03 3.6360116999999997e-02
-1.0711638683438139e-01 -3.5185498807303674e+02 1.5219780137680472e-01 1.7072593820560078e+02 -3.1869924253544980e+02 2.2770413038955017e+01 9.4951722795933264e+00 -2.7848842182202752e+01 4.1415510999999999e-03 4.0376493999999999e-02
-1.0612175181325913e-01 -3.3576563920488599e+02 1.5596834286624361e-01 1.8255259312070294e+02 -2.8746050596175058e+02 2.1605627922160064e+01 1.0682993216972839e+01 -2.6196556705038017e+01 4.3947007000000003e-03 4.4644352999999998e-02
-1.0506776136131675e-01 -3.2072763320471205e+02 1.5996389364027241e-01 1.9131977783244253e+02 -2.5680677418833233e+02 2.0507772655070934e+01 1.1710884998871798e+01 -2.4541637421347946e+01 4.6508610999999997e-03 4.9166899000000000e-02
-1.0395375896978613e-01 -3.0666118675228057e+02 1.6418694244450710e-01 1.9717453126536782e+02 -2.2698063408127683e+02 1.9471842244992747e+01 1.2583754941188724e+01 -2.2894464970943829e+01 4.9096423000000002e-03 5.3946949000000001e-02
-1.0277917971951434e-01 -2.9349413024300122e+02 1.6863963081937122e-01 2.0028704115639312e+02 -1.9821069270184384e+02 1.8493304125778813e+01 1.3307271116890904e+01 -2.1265196887099428e+01 5.1706551000000002e-03 5.8986927000000001e-02
-1.0154354818349146e-01 -2.8116096875308551e+02 1.7332376105135977e-01 2.0084921161307494e+02 -1.7070749557962080e+02 1.7568037460307643e+01 1.3887876677389041e+01 -1.9663611038572991e+01 5.4335110000000002e-03 6.4288872999999996e-02
-1.0024648052432272e-01 -2.6960212337257354e+02 1.7824078822177541e-01 1.9907248338798092e+02 -1.4465992296405594e+02 1.6692285326775774e+01 1.4332767879525900e+01 -1.8098965090184294e+01 5.6978226000000002e-03 6.9854434000000007e-02
-9.8887682163703958e-02 -2.5876324864753553e+02 1.8339182904146600e-01 1.9518503522555869e+02 -1.2023202075376824e+02 1.5862610945423476e+01 1.4649849051392819e+01 -1.6579861013514904e+01 5.9632034000000004e-03 7.5684873999999999e-02
-9.7466948947683846e-02 -2.4859466819823689e+02 1.8877765743345595e-01 1.8942842284059714e+02 -9.7560472701891712e+01 1.5075862856106433e+01 1.4847661569508977e+01 -1.5114129952388032e+01 6.2292681999999997e-03 8.1781068999999998e-02
-9.5984166214454103e-02 -2.3905089343975820e+02 1.9439870806684109e-01 1.8205384133274154e+02 -7.6752681060877023e+01 1.4329143287628650e+01 1.4935292897412221e+01 -1.3708731361028642e+01 6.4956331999999999e-03 8.8143510999999994e-02
-9.4439308794349516e-02 -2.3009019875394554e+02 2.0025507635678880e-01 1.7331808448052263e+02 -5.7885554689359864e+01 1.3619782369657845e+01 1.4922271014006453e+01 -1.2369672775631773e+01 6.7619166000000000e-03 9.4772308000000000e-02
-9.2832439611533146e-02 -2.2167423790036298e+02 2.0634652376538062e-01 1.6347936541900290e+02 -4.1004991027350130e+01 1.2945312944923934e+01 1.4818443678559975e+01 -1.1101949478340970e+01 7.0277381999999996e-03 1.0166719000000000e-01
-9.1163709450943931e-02 -2.1376773176245436e+02 2.1267247868508601e-01 1.5279309911117028e+02 -2.6126089855569962e+01 1.2303453584543909e+01 1.4633852681094240e+01 -9.9095069297420668e+00 7.2927204000000001e-03 1.0882751000000000e-01
-8.9433360221031030e-02 -2.0633819793972864e+02 2.1923202407012954e-01 1.4150783310359418e+02 -1.3234080997667210e+01 1.1692088966132543e+01 1.4378603080947045e+01 -8.7952274342277761e+00 7.5564877000000004e-03 1.1625223000000000e-01
-8.7641718195232615e-02 -1.9935567065455263e+02 2.2602392305723035e-01 1.2986131988062405e+02 -2.2858150243595543e+00 1.1109253666287387e+01 1.4062731214565563e+01 -7.7609315314599856e+00 7.8186677999999999e-03 1.2393994999999999e-01
-8.5789193545870959e-02 -1.9279248442043240e+02 2.3304662073254950e-01 1.1807696560747296e+02 6.7880735571085671e+00 1.0553118409160634e+01 1.3696075990748096e+01 -6.8074057053754933e+00 8.0788911000000008e-03 1.3188891000000000e-01
-8.3876287335726121e-02 -1.8662310340147650e+02 2.4029821762747711e-01 1.0636073061342046e+02 1.4080475369907443e+01 1.0021980212053986e+01 1.3288161452000654e+01 -5.9344522638665893e+00 8.3367917000000003e-03 1.4009695999999999e-01
-8.1903582195937685e-02 -1.8082391299002788e+02 2.4777650505758286e-01 9.4898469669021736e+01 1.9704772712737640e+01 9.5142483750437279e+00 1.2848082732602217e+01 -5.1409479825450317e+00 8.5920070000000005e-03 1.4856159999999999e-01
-7.9871746987053932e-02 -1.7537308038030133e+02 2.5547894745314098e-01 8.3853842811010466e+01 2.3791406655202980e+01 9.0284369287289294e+00 1.2384409385951543e+01 -4.4249252102701861e+00 8.8441787999999997e-03 1.5727996000000000e-01
-7.7781532137982640e-02 -1.7025040005510459e+02 2.6340270002860533e-01 7.3366794592308281e+01 2.6484267411282733e+01 8.5631542950861892e+00 1.1905100310195914e+01 -3.7836608419345219e+00 9.0929527999999999e-03 1.6624881999999999e-01
-7.5633769645991139e-02 -1.6543717048409735e+02 2.7154460878260961e-01 6.3552668150970938e+01 2.7936941806952152e+01 8.1170958598127303e+00 1.1417435566156477e+01 -3.2137775904492432e+00 9.3379794999999995e-03 1.7546460999999999e-01
-7.3429370746181805e-02 -1.6091607782991045e+02 2.7990121933270495e-01 5.4501958754305292e+01 2.8308969575502257e+01 7.6890365347087188e+00 1.0927965003737883e+01 -2.7113498636553675e+00 9.5789143999999993e-03 1.8492342000000001e-01
-7.1169332903065569e-02 -1.5667110383171755e+02 2.8846875041114683e-01 4.6280533993962102e+01 2.7762201179281139e+01 7.2778257264037833e+00 1.0442475412649385e+01 -2.2720163073370938e+00 9.8154178999999998e-03 1.9462097000000000e-01
-6.8854728157939332e-02 -1.5268741310364945e+02 2.9724313803858371e-01 3.8930509972129784e+01 2.6457332280709338e+01 6.8823792816958171e+00 9.9659708971949481e+00 -1.8910878770813269e+00 1.0047156000000000e-02 2.0455266000000000e-01
-6.6486700798361262e-02 -1.4895126645928599e+02 3.0622004435879469e-01 3.2471528675721814e+01 2.4550710143216396e+01 6.5016741204678983e+00 9.5026733053861712e+00 -1.5636574253618425e+00 1.0273801000000001e-02 2.1471357999999999e-01
-6.4066479010773586e-02 -1.4544996505637121e+02 3.1539481346500081e-01 2.6902546351897865e+01 2.2191500253304948e+01 6.1347453559050642e+00 9.0560342980626150e+00 -1.2847053571866665e+00 1.0495031000000000e-02 2.2509846000000000e-01
-6.1595360897355365e-02 -1.4217175875485935e+02 3.2476252440829173e-01 2.2203877723247420e+01 1.9519213536266118e+01 5.7806795952614287e+00 8.6287692692812641e+00 -1.0491959424839314e+00 1.0710529999999999e-02 2.3570173000000000e-01
-5.9074716806546905e-02 -1.3910578897796680e+02 3.3431798236288751e-01 1.8339567039773762e+01 1.6661686355632771e+01 5.4386113948985209e+00 8.2228907929472221e+00 -8.5216541121104317e-01 1.0919989999999999e-02 2.4651751000000000e-01
-5.6505991663574423e-02 -1.3624203484659128e+02 3.4405570979140121e-01 1.5259924591890426e+01 1.3733536084453092e+01 5.1077198609171193e+00 7.8397633697762892e+00 -6.8880223135246588e-01 1.1123108000000000e-02 2.5753959999999998e-01
-5.3890697978876287e-02 -1.3357125323292061e+02 3.5396997294905219e-01 1.2904153360907113e+01 1.0835033990947528e+01 4.7872242179530984e+00 7.4801602333848525e+00 -5.5451357016922576e-01 1.1319591000000000e-02 2.6876150999999998e-01
-5.1230413517578538e-02 -1.3108493265832891e+02 3.6405479071840330e-01 1.1203005013162707e+01 8.0514530172870806e+00 4.4763804459119454e+00 7.1443281469117395e+00 -4.4498008789298726e-01 1.1509152000000000e-02 2.8017647000000001e-01
-4.8526783630019402e-02 -1.2877524980339086e+02 3.7430392577462374e-01 1.0081380347662252e+01 5.4528740696308562e+00 4.1744786136445127e+00 6.8320555954371294e+00 -3.5620432582163580e-01 1.1691511000000000e-02 2.9177742000000001e-01
-4.5781523582273845e-02 -1.2663503798399879e+02 3.8471087575075097e-01 9.4608232462322608e+00 3.0943535633516102e+00 3.8808403089361629e+00 6.5427435345024509e+00 -2.8453440634083632e-01 1.1866398000000000e-02 3.0355700000000002e-01
-4.2996399911957112e-02 -1.2465773464957371e+02 3.9526894391559259e-01 9.2617831085203530e+00 1.0164524686875729e+00 3.5948140223186718e+00 6.2754732209261821e+00 -2.2669217398543312e-01 1.2033550000000000e-02 3.1550762999999998e-01
-4.0173246741896665e-02 -1.2283736495541459e+02 4.0597117733056237e-01 9.4057298040130188e+00 -7.5389987885700427e-01 3.3157745097859488e+00 6.0290762098478456e+00 -1.7977942928933283e-01 1.2192715000000000e-02 3.2762143999999999e-01
-3.7313954127509347e-02 -1.2116850716862412e+02 4.1681041102336874e-01 9.8169536785131299e+00 -2.2023142979979169e+00 3.0431192498961170e+00 5.8021978105974554e+00 -1.4127798890571036e-01 1.2343646000000000e-02 3.3989032000000002e-01
-3.4420470387325972e-02 -1.1964626702365088e+02 4.2777925915327702e-01 1.0424100847333515e+01 -3.3256448477494747e+00 2.7762664996206068e+00 5.5933577578281746e+00 -1.0904174190796574e-01 1.2486109000000000e-02 3.5230591000000000e-01
-3.1494792780893066e-02 -1.1826625334102935e+02 4.3887015035006055e-01 1.1161410323503320e+01 -4.1305584524551842e+00 2.5146523252817943e+00 5.4010040165981863e+00 -8.1280236255551586e-02 1.2619877000000000e-02 3.6485963999999999e-01
-2.8538974500346578e-02 -1.1702456296344801e+02 4.5007530120978734e-01 1.1969665790796109e+01 -4.6320130116031839e+00 2.2577291005707929e+00 5.2235615920778988e+00 -5.6536848386142945e-02 1.2744734000000001e-02 3.7754270000000001e-01
-2.5555117678838168e-02 -1.1591776032329118e+02 4.6138674279903308e-01 1.2796834734551608e+01 -4.8517126610433730e+00 2.0049638768971221e+00 5.0594737184315672e+00 -3.3661661323010419e-02 1.2860473000000001e-02 3.9034606999999999e-01
-2.2545368729486093e-02 -1.1494286334703486e+02 4.7279633832435708e-01 1.3598452529090878e+01 -4.8165833086146526e+00 1.7558342087127219e+00 4.9072369898684958e+00 -1.1782065671015996e-02 1.2966896000000000e-02 4.0326054000000000e-01
-1.9511923006424375e-02 -1.1409733357826994e+02 4.8429576546282621e-01 1.4337743562575374e+01 -4.5572893763065201e+00 1.5098286565524290e+00 4.7654291368877582e+00 9.7299708269822354e-03 1.3063819000000001e-02 4.1627669000000000e-01
-1.6457010821655377e-02 -1.1337906301349987e+02 4.9587656937044172e-01 1.4985524698980711e+01 -4.1068616626354668e+00 1.2664428842798721e+00 4.6327304517587082e+00 3.1290696075642145e-02 1.3151064000000001e-02 4.2938494999999999e-01
-1.3382911428197197e-02 -1.1278637181849732e+02 5.0753010967371259e-01 1.5519906930660845e+01 -3.4994388892656350e+00 1.0251791926768457e+00 4.5079380271696428e+00 5.3137980655364084e-02 1.3228465999999999e-02 4.4257553999999999e-01
-1.0291934375887185e-02 -1.1231800106062182e+02 5.1924763114755768e-01 1.5925844498854586e+01 -2.7691556426647774e+00 7.8554329819196322e-01 4.3899769858199242e+00 7.5363110085135840e-02 1.3295871000000001e-02 4.5583855000000001e-01
-7.1864288334802101e-03 -1.1197310997443402e+02 5.3102022837635421e-01 1.6194554432808925e+01 -1.9491771816071990e+00 5.4704329971209820e-01 4.2779033992283999e+00 9.7941624207654690e-02 1.3353135000000000e-02 4.6916390000000002e-01
-4.0687719360258251e-03 -1.1175127824330580e+02 5.4283888992762697e-01 1.6322840318675688e+01 -1.0709010720133072e+00 3.0918688250032389e-01 4.1709040656103902e+00 1.2076109325393454e-01 1.3400123999999999e-02 4.8254139000000001e-01
-9.4137344591739558e-04 -1.1165250823713933e+02 5.5469448068257277e-01 1.6312365208251958e+01 -1.6332241597615166e-01 7.1480056199104247e-02 4.0682941008353550e+00 1.4364690942888361e-01 1.3436718000000000e-02 4.9596067999999999e-01
2.1933335692061462e-03 -1.1167723027611923e+02 5.6657777717501101e-01 1.6168883284678227e+01 7.4743431957374684e-01 -1.6657562517738622e-01 3.9695082899142049e+00 1.6638470913370507e-01 1.3462807000000000e-02 5.0941133000000005e-01
5.3328834143619858e-03 -1.1182631250510488e+02 5.7847943225243303e-01 1.5901474496963536e+01 1.6384508760423699e+00 -4.0548421657107792e-01 3.8740940050619121e+00 1.8873968290087739e-01 1.3478291000000000e-02 5.2288276000000000e-01
8.4747987419446086e-03 -1.1210106924380553e+02 5.9039005458864180e-01 1.5521796269550803e+01 2.4901990664841609e+00 -6.4575894614122031e-01 3.7816985731953396e+00 2.1047293521514002e-01 1.3483083000000000e-02 5.3636434000000000e-01
1.1616578899102822e-02 -1.1250327840850643e+02 6.0230016451006263e-01 1.5043373271289505e+01 3.2866025217254893e+00 -8.8792353745614871e-01 3.6920591615577036e+00 2.3135440472673471e-01 1.3477108000000000e-02 5.4984533999999996e-01
1.4755704588789068e-02 -1.1303519672606534e+02 6.1420021166521954e-01 1.4480941672178592e+01 4.0149838558896693e+00 -1.1325148013787185e+00 3.6049896099359744e+00 2.5117352896355605e-01 1.3460300999999999e-02 5.6331494999999998e-01
1.7889644861332890e-02 -1.1369958309444847e+02 6.2608060152894762e-01 1.3849855161840356e+01 4.6659433650992410e+00 -1.3800854363989234e+00 3.5203683357422713e+00 2.6974605939521723e-01 1.3432611000000001e-02 5.7676231000000000e-01
2.1015861775490238e-02 -1.1449972132963080e+02 6.3793171307186891e-01 1.3165566130432385e+01 5.2331452913088148e+00 -1.6312070571144126e+00 3.4381261684356295e+00 2.8691957415832536e-01 1.3393997000000000e-02 5.9017653000000003e-01
2.4131803406869642e-02 -1.1543945028262543e+02 6.4974387225617924e-01 1.2443187320933962e+01 5.7130546728643017e+00 -1.8864723094216842e+00 3.3582352548750514e+00 3.0257601126832856e-01 1.3344429999999999e-02 6.0354666000000001e-01
2.7234913170030586e-02 -1.1652319696369500e+02 6.6150738737459869e-01 1.1697113176423390e+01 6.1046373669298593e+00 -2.1464983722465796e+00 3.2806990435044381e+00 3.1663287886824365e-01 1.3283893999999999e-02 6.1686173000000000e-01
3.0322639140581656e-02 -1.1775601828378916e+02 6.7321258438932319e-01 1.0940748303125677e+01 6.4090348825564156e+00 -2.4119319351274697e+00 3.2055416359298592e+00 3.2904252107352894e-01 1.3212384000000001e-02 6.3011079000000003e-01
3.3392420072033122e-02 -1.1914363929756111e+02 6.8484975392359748e-01 1.0186278250996892e+01 6.6292279795410609e+00 -2.6834495558652618e+00 3.1328008484336101e+00 3.3979049887923041e-01 1.3129907000000000e-02 6.4328284999999996e-01
3.6441701709469074e-02 -1.2069250930775399e+02 6.9640921310487947e-01 9.4445233555233212e+00 6.7696976499955817e+00 -2.9617648222227579e+00 3.0625205549832608e+00 3.4889273853656821e-01 1.3036481000000001e-02 6.5636695000000000e-01
3.9467939120071724e-02 -1.2240985901572827e+02 7.0788131439957824e-01 8.7248503313719254e+00 6.8361077719938681e+00 -3.2476318392199772e+00 2.9947447687986926e+00 3.5639230234892338e-01 1.2932137999999999e-02 6.6935217000000002e-01
4.2468589701547863e-02 -1.2430376205078495e+02 7.1925641910884019e-01 8.0351565194203314e+00 6.8349905340572477e+00 -3.5418494394213056e+00 2.9295134368610674e+00 3.6235540229334373e-01 1.2816919000000000e-02 6.8222760000000005e-01
4.5441127165276193e-02 -1.2638321341935081e+02 7.3052495037697596e-01 7.3818318739359174e+00 6.7734677327569566e+00 -3.8452676507443888e+00 2.8668586810404695e+00 3.6686771019497649e-01 1.2690879000000000e-02 6.9498240000000000e-01
4.8383036875258231e-02 -1.2865821290292160e+02 7.4167737552198487e-01 6.7698616358769845e+00 6.6589939663773290e+00 -4.1587930208107515e+00 2.8068017106411394e+00 3.7002967757979432e-01 1.2554085000000000e-02 7.0760577999999996e-01
5.1291818178642853e-02 -1.3113985817495981e+02 7.5270421487029260e-01 6.2028828068574926e+00 6.4991373284520124e+00 -4.4833952579968361e+00 2.7493521574520514e+00 3.7195331920279145e-01 1.2406611999999999e-02 7.2008700999999997e-01
5.4164996058349027e-02 -1.3384046107107773e+02 7.6359608593043948e-01 5.6832809585882691e+00 6.3013825918368171e+00 -4.8201156797903408e+00 2.6945063544639858e+00 3.7275800572137185e-01 1.2248551000000000e-02 7.3241546999999996e-01
5.7000114141492239e-02 -1.3677366796643582e+02 7.7434367688886796e-01 5.2123232940105995e+00 6.0729751116499848e+00 -5.1700746245014528e+00 2.6422475993697381e+00 3.7256708373239078e-01 1.2080001999999999e-02 7.4458062000000003e-01
5.9794739360433488e-02 -1.3995459713810612e+02 7.8493776427939732e-01 4.7902794527249091e+00 5.8207922857361991e+00 -5.5344810858785056e+00 2.5925461813589870e+00 3.7150584223738370e-01 1.1901076999999999e-02 7.5657202000000001e-01
6.2546466613828580e-02 -1.4340000728490622e+02 7.9536923065269982e-01 4.4165568684008800e+00 5.5512450911803626e+00 -5.9146436546906997e+00 2.5453603919486478e+00 3.6969676727962897e-01 1.1711898000000000e-02 7.6837935000000002e-01
6.5252925758201588e-02 -1.4712848832525009e+02 8.0562909108051328e-01 4.0898352835672824e+00 5.2702062161148815e+00 -6.3119833405126631e+00 2.5006373134421938e+00 3.6725908092842441e-01 1.1512599000000000e-02 7.7999244000000001e-01
6.7911769955322263e-02 -1.5116065550100998e+02 8.1570844898195294e-01 3.8081982421417058e+00 4.9829644477461352e+00 -6.7280454022736489e+00 2.4583145023895576e+00 3.6430614797250083e-01 1.1303326000000001e-02 7.9140122000000002e-01
7.0520698977451432e-02 -1.5551942506643849e+02 8.2559858447088830e-01 3.5692603541292582e+00 4.6941998096172632e+00 -7.1645182948747017e+00 2.4183211661744308e+00 3.6094459511355126e-01 1.1084235000000000e-02 8.0259581999999996e-01
7.3077438232620154e-02 -1.6023026195357355e+02 8.3529087484330400e-01 3.3702698181511046e+00 4.4079674829709230e+00 -7.6232481770329592e+00 2.3805796267511905e+00 3.5727269080442309e-01 1.0855490000000001e-02 8.1356647999999998e-01
7.5579759739350591e-02 -1.6532153694188239e+02 8.4477687408993873e-01 3.2082399369416823e+00 4.1277407263916146e+00 -8.1062628765243385e+00 2.3450075444627876e+00 3.5337993809411955e-01 1.0617270000000000e-02 8.2430364000000000e-01
7.8025477465606966e-02 -1.7082490142414062e+02 8.5404829522681047e-01 3.0800153177525500e+00 3.8563764965636356e+00 -8.6157951505724117e+00 2.3115171648123352e+00 3.4934667366530681e-01 1.0369760000000000e-02 8.3479791999999997e-01
8.0412449659320165e-02 -1.7677572947979078e+02 8.6309701912995396e-01 2.9823740501077647e+00 3.5961968908470037e+00 -9.1543110183216001e+00 2.2800210148200453e+00 3.4524378135723538e-01 1.0113159000000000e-02 8.4504013000000000e-01
8.2738581178912182e-02 -1.8321364816799860e+02 8.7191510337015798e-01 2.9120868176624941e+00 3.3490059546420676e+00 -9.7245429749503103e+00 2.2504283746740632e+00 3.4113306476839050e-01 9.8476710000000005e-03 8.5502127999999999e-01
8.5001823493296172e-02 -1.9018314291031805e+02 8.8049478221296595e-01 2.8659833025056138e+00 3.1161365439889286e+00 -1.0329528294888100e+01 2.2226493857076624e+00 3.3706722302706654e-01 9.5735140000000000e-03 8.6473257999999997e-01
8.7200186334499316e-02 -1.9773432397329623e+02 8.8882851079236436e-01 2.8409972927244396e+00 2.8985000743837785e+00 -1.0972658274193154e+01 2.1965960448014599e+00 3.3309058432999505e-01 9.2909130999999992e-03 8.7416548999999999e-01
8.9331726045039875e-02 -2.0592375830532305e+02 8.9690892093709407e-01 2.8342043105501591e+00 2.6966285059455624e+00 -1.1657729199087507e+01 2.1721815389923522e+00 3.2923933955795470e-01 9.0001030000000006e-03 8.8331166999999999e-01
9.1394559561074715e-02 -2.1481556058563478e+02 9.0472887417907666e-01 2.8428506046755668e+00 2.5107340937950173e+00 -1.2389012392385862e+01 2.1493221716010096e+00 3.2554237685896581e-01 8.7013270999999996e-03 8.9216304000000002e-01
9.3386857420825489e-02 -2.2448262970164302e+02 9.1228143524920136e-01 2.8643739808607127e+00 2.3407450564262970e+00 -1.3171331471003194e+01 2.1279375812287880e+00 3.2202182953032915e-01 8.3948374000000006e-03 9.0071175000000003e-01
9.5306855417201478e-02 -2.3500824274587839e+02 9.1955991625101330e-01 2.8964147969914138e+00 2.1863567507463739e+00 -1.4010163314103888e+01 2.1079513829334049e+00 3.1869386986411230e-01 8.0808944000000001e-03 9.0895022999999997e-01
9.7152845275701435e-02 -2.4648790576056206e+02 9.2655784132176333e-01 2.9368229979132314e+00 2.0470755255754787e+00 -1.4911753544503794e+01 2.0892912776265717e+00 3.1556936561288285e-01 7.7597663000000001e-03 9.1687114999999997e-01
9.8923183976511661e-02 -2.5903174298889212e+02 9.3326898197135821e-01 2.9836602645318018e+00 1.9222506581427385e+00 -1.5883270171960888e+01 2.0718894414896241e+00 3.1265457903995836e-01 7.4317293999999999e-03 9.2446746000000002e-01
1.0061629608503068e-01 -2.7276747697776443e+02 9.3968736591709867e-01 3.0351916543883539e+00 1.8111184205053787e+00 -1.6932989703225740e+01 2.0556828803243956e+00 3.0995178517990996e-01 7.0970672000000004e-03 9.3173240000000002e-01
1.0223066909082014e-01 -2.8784413621488926e+02 9.4580725941420396e-01 3.0898853152289063e+00 1.7128291357385279e+00 -1.8070531730254469e+01 2.0406128979528328e+00 3.0746007488435656e-01 6.7560703000000000e-03 9.3865947999999999e-01
1.0376486506022749e-01 -3.0443694727814790e+02 9.5162321142950035e-01 3.1463971320974293e+00 1.6264768823742644e+00 -1.9307171075839129e+01 2.0266255332979819e+00 3.0517569732125588e-01 6.4090362999999996e-03 9.4524253000000003e-01
1.0521750665323872e-01 -3.2275345931968292e+02 9.5713000063299458e-01 3.2035616161352132e+00 1.5511240146546041e+00 -2.0656224308155139e+01 2.0136714825235442e+00 3.0309269690023094e-01 6.0562691999999996e-03 9.5147563999999996e-01
1.0658730042872396e-01 -3.4304209547606536e+02 9.6232272374525207e-01 3.2603737779663176e+00 1.4858216994539364e+00 -2.2133595926381883e+01 2.0017053091644552e+00 3.0120367813685645e-01 5.6980790999999996e-03 9.5735325999999998e-01
1.0787301353919178e-01 -3.6560300163460272e+02 9.6719670719001816e-01 3.3159836563417278e+00 1.4296292667337804e+00 -2.3758467036982736e+01 1.9906864091222423e+00 2.9949983075000947e-01 5.3347821999999998e-03 9.6287009999999995e-01
1.0907349703603493e-01 -3.9080372851538749e+02 9.7174759544159650e-01 3.3696733659571412e+00 1.3816284724442764e+00 -2.5554297992912915e+01 1.9805780036002556e+00 2.9797164668541554e-01 4.9667000000000001e-03 9.6802122999999995e-01
1.1018766955585831e-01 -4.1910051838822773e+02 9.7597128918168485e-01 3.4208456542993400e+00 1.3409361105495869e+00 -2.7550187214624682e+01 1.9713470342405293e+00 2.9660910952640546e-01 4.5941591999999996e-03 9.7280200999999999e-01
1.1121453596467550e-01 -4.5106990641010697e+02 9.7986401597727635e-01 3.4690106226923003e+00 1.3067140582220682e+00 -2.9782895911742596e+01 1.9629640691809593e+00 2.9540196768573984e-01 4.2174915999999996e-03 9.7720817000000004e-01
1.1215316871371221e-01 -4.8745472609021795e+02 9.8342225960275786e-01 3.5137696856055749e+00 1.2781770203777707e+00 -3.2299794703187189e+01 1.9554032674019663e+00 2.9434020068477917e-01 3.8370333000000002e-03 9.8123572999999997e-01
1.1300272648360292e-01 -5.2923663242809835e+02 9.8664283071781256e-01 3.5548042749054658e+00 1.2545982834544107e+00 -3.5163522068451734e+01 1.9486412434136784e+00 2.9341398132739399e-01 3.4531249000000000e-03 9.8488107999999996e-01
1.1376244719281704e-01 -5.7775250052392846e+02 9.8952284036320559e-01 3.5918701568570204e+00 1.2353154678737541e+00 -3.8459467964103887e+01 1.9426584510499003e+00 2.9261402136859072e-01 3.0661112999999999e-03 9.8814095000000002e-01
1.1443164333660981e-01 -6.3489354463806421e+02 9.9205968229130914e-01 3.6247500989350714e+00 1.2197336877670619e+00 -4.2308584785652428e+01 1.9374375391614025e+00 2.9193182673531293e-01 2.6763420000000000e-03 9.9101238999999997e-01
1.1500971597016975e-01 -7.0347273268722904e+02 9.9425108597452916e-01 3.6533178929972379e+00 1.2073260562235197e+00 -4.6891066234170530e+01 1.9329637759590885e+00 2.9135949308889048e-01 2.2841723000000002e-03 9.9349282999999999e-01
1.1549615004756945e-01 -7.8796474276532899e+02 9.9609509893582926e-01 3.6774545298927386e+00 1.1976372698730227e+00 -5.2494068302742932e+01 1.9292247695970910e+00 2.9089016249200367e-01 1.8899688000000000e-03 9.9558005999999999e-01
1.1589051209124106e-01 -8.9620773303135218e+02 9.9759007791399357e-01 3.6970791621910033e+00 1.1902854237098193e+00 -5.9621546611683087e+01 1.9262103801017503e+00 2.9051818313624361e-01 1.4941295000000000e-03 9.9727222000000004e-01
1.1619248281932006e-01 -1.0442083197402551e+03 9.9873481254995400e-01 3.7121366591162057e+00 1.1849590806237893e+00 -6.9304601993452309e+01 1.9239123287614603e+00 2.9023827887665127e-01 1.0971916000000000e-03 9.9856794000000004e-01
1.1640194570557856e-01 -1.2758362819106640e+03 9.9952886110682482e-01 3.7225941950635457e+00 1.1814185119459322e+00 -8.4374202209248608e+01 1.9223233300033638e+00 2.9004668384928356e-01 7.0085733000000002e-04 9.9946672000000003e-01
