-3.3883897586710138e-01 -1.0220162068173245e+03 3.3884034562673720e-01 -1.0242084108113690e+03 -2.8072867643005122e+02 6.7114833880781219e+01 -6.7257094185743924e+01 -1.8186049074766345e+01 5.5301730000000003e-06 1.0230946000000001e-06
-3.3882616716486080e-01 -7.5679312787654101e+02 3.3885284210601690e-01 -7.5880483580844839e+02 -2.8069922290146695e+02 4.9931512291038757e+01 -5.0065449024176736e+01 -1.8184722600477784e+01 3.5894988000000002e-05 1.9923924999999999e-05
-3.3878598149843409e-01 -6.3368253714831803e+02 3.3889204821280355e-01 -6.3522822529646021e+02 -2.8060683204443728e+02 4.1951866343697191e+01 -4.2064204739650975e+01 -1.8180561522179428e+01 8.5619985000000003e-05 7.9222864999999994e-05
-3.3870642692166136e-01 -5.5285973544510068e+02 3.3896966357941716e-01 -5.5360768083305675e+02 -2.8042399890336458e+02 3.6708687517445227e+01 -3.6783890105477113e+01 -1.8172326454988184e+01 1.5173507999999999e-04 1.9661552000000001e-04
-3.3857700801132501e-01 -4.9279426776522871e+02 3.3909592779424902e-01 -4.9239099313454591e+02 -2.8012676786374942e+02 3.2807054166700567e+01 -3.2828443806326028e+01 -1.8158936838418050e+01 2.3255418000000001e-04 3.8758918999999998e-04
-3.3838817943369803e-01 -4.4515563586437742e+02 3.3928015351543550e-01 -4.4323957016622182e+02 -2.7969353906191850e+02 2.9707258382574189e+01 -2.9657650397294592e+01 -1.8139416585983856e+01 3.2689763000000001e-04 6.6622920000000002e-04
-3.3813109730399449e-01 -4.0583179767255820e+02 3.3953096905058378e-01 -4.0204229596686531e+02 -2.7910456613697318e+02 2.7142981687449659e+01 -2.7005096096638241e+01 -1.8112870813835592e+01 4.3385032000000002e-04 1.0455858000000000e-03
-3.3779748003508281e-01 -3.7248664037713945e+02 3.3985645411612792e-01 -3.6647045018139477e+02 -2.7834171071290808e+02 2.4962977324625893e+01 -2.4719743624276667e+01 -1.8078473961162445e+01 5.5265518999999999e-04 1.5378795000000000e-03
-3.3737952231964707e-01 -3.4366342037679152e+02 3.4026422375841003e-01 -3.3507956424019773e+02 -2.7738832207547495e+02 2.3072975451383503e+01 -2.2707759774744137e+01 -1.8035464131687878e+01 6.8265765000000004e-04 2.1546280000000000e-03
-3.3686983704629125e-01 -3.1838841917989834e+02 3.4076148502173215e-01 -3.0691209018573892e+02 -2.7622918282776180e+02 2.1410160996041451e+01 -2.0906942621265156e+01 -1.7983139190680888e+01 8.2327310000000005e-04 2.9067318999999999e-03
-3.3626141572306562e-01 -2.9598119288312648e+02 3.4135507556011929e-01 -2.8130660213367355e+02 -2.7485049738236518e+02 1.9930515152938806e+01 -1.9274032928025420e+01 -1.7920854910756248e+01 9.7396649000000004e-04 3.8045331000000002e-03
-3.3554759954055902e-01 -2.7594307079264405e+02 3.4205149186886602e-01 -2.5778620950569893e+02 -2.7323990373278059e+02 1.8601946696310137e+01 -1.7777814807581926e+01 -1.7848029090120864e+01 1.1342389000000000e-03 4.8578574999999999e-03
-3.3472205822830353e-01 -2.5789826640530941e+02 3.4285690991273826e-01 -2.3599868416444400e+02 -2.7138650066160710e+02 1.7400297597729441e+01 -1.6395099457883500e+01 -1.7764135476861384e+01 1.3036180000000001e-03 6.0760461999999999e-03
-3.3377877473922157e-01 -2.4155589992887425e+02 3.4377720006819729e-01 -2.1567809281256663e+02 -2.6928088458018317e+02 1.6306895327376903e+01 -1.5108261955433546e+01 -1.7668709238014721e+01 1.4816515000000000e-03 7.4679780999999997e-03
-3.3271203284809370e-01 -2.2668523255750574e+02 3.4481793922263337e-01 -1.9662037523229662e+02 -2.6691518789085961e+02 1.5306981832351420e+01 -1.3903654718840075e+01 -1.7561347166626952e+01 1.6679024999999999e-03 9.0420881999999994e-03
-3.3151640874833510e-01 -2.1310024674754538e+02 3.4598441897275406e-01 -1.7866664656409060e+02 -2.6428261666937715e+02 1.4388669805505330e+01 -1.2770551118866107e+01 -1.7441708640907361e+01 1.8619452999999999e-03 1.0806380000000001e-02
-3.3018676325868312e-01 -2.0064799898206238e+02 3.4728165322792809e-01 -1.6169210693373853e+02 -2.6137950596891375e+02 1.3542225380830235e+01 -1.1700417023254412e+01 -1.7309517465614277e+01 2.0633631000000000e-03 1.2768437000000001e-02
-3.2871823823149660e-01 -1.8920121072016673e+02 3.4871438171433483e-01 -1.4559800217329374e+02 -2.5820231630239465e+02 1.2759564427966350e+01 -1.0686396418993079e+01 -1.7164562814578346e+01 2.2717459999999998e-03 1.4935428000000001e-02
-3.2710625052141007e-01 -1.7865257304519659e+02 3.5028707585929153e-01 -1.3030576502844946e+02 -2.5474968645723294e+02 1.2033887207888375e+01 -9.7229373465849704e+00 -1.7006700135958294e+01 2.4866887000000002e-03 1.7314116000000001e-02
-3.2534649212086925e-01 -1.6891061080893098e+02 3.5200393865902113e-01 -1.1575272141898934e+02 -2.5102194764298102e+02 1.1359412252587562e+01 -8.8055164221514737e+00 -1.6835852211738963e+01 2.7077901999999999e-03 1.9910858000000000e-02
-3.2343492270565866e-01 -1.5989659369149396e+02 3.5386891195141584e-01 -1.0188874970038142e+02 -2.4702111163262109e+02 1.0731172850032127e+01 -7.9304281471726457e+00 -1.6652009109376976e+01 2.9346520999999999e-03 2.2731616000000000e-02
-3.2136777370097758e-01 -1.5154219565805013e+02 3.5588567244907526e-01 -8.8673798063805734e+01 -2.4275091202763505e+02 1.0144867732660508e+01 -7.0946271097881564e+00 -1.6455228840665029e+01 3.1668782999999998e-03 2.5781951000000001e-02
-3.1914154421536373e-01 -1.4378765866085857e+02 3.5805763570626836e-01 -7.6075859197217468e+01 -2.3821672267614193e+02 9.5967411401807396e+00 -6.2956009312061303e+00 -1.6245636817801348e+01 3.4040742000000001e-03 2.9067029000000001e-02
-3.1675299832997639e-01 -1.3658037954995319e+02 3.6038795876357471e-01 -6.4069371525875155e+01 -2.3342560359773952e+02 9.0834905185056769e+00 -5.5312724659563699e+00 -1.6023426930108567e+01 3.6458464000000000e-03 3.2591624999999999e-02
-3.1419916916467200e-01 -1.2987378350501581e+02 3.6287953618092250e-01 -5.2633954545960194e+01 -2.2838619596761291e+02 8.6021944887037094e+00 -4.7999184374131794e+00 -1.5788853188769540e+01 3.8918026000000000e-03 3.6360116999999997e-02
-3.1147735345656974e-01 -1.2362640778012782e+02 3.6553500532687139e-01 -4.1753327633246400e+01 -2.2310870375523274e+02 8.1502532529041147e+00 -4.1001065100499163e+00 -1.5542239322327450e+01 4.1415510999999999e-03 4.0376493999999999e-02
-3.0858511359308938e-01 -1.1780117243344714e+02 3.6835674439513122e-01 -3.1414444160874940e+01 -2.1760482164397769e+02 7.7253418789618076e+00 -3.4306413337638944e+00 -1.5283967355912143e+01 4.3947007000000003e-03 4.4644352999999998e-02
-3.0552027761195139e-01 -1.1236478184730062e+02 3.7134687240456221e-01 -2.1606761410726502e+01 -2.1188765658873820e+02 7.3253716206862114e+00 -2.7905208514100361e+00 -1.5014484470108428e+01 4.6508610999999997e-03 4.9166899000000000e-02
-3.0228093649045951e-01 -1.0728722414301923e+02 3.7450725184381622e-01 -1.2321611077113666e+01 -2.0597163668076200e+02 6.9484578627709768e+00 -2.1788989718986222e+00 -1.4734290268423427e+01 4.9096423000000002e-03 5.3946949000000001e-02
-2.9886544753389743e-01 -1.0254136400871683e+02 3.7783948536553524e-01 -3.5516915199614729e+00 -1.9987241402858206e+02 6.5928940765312687e+00 -1.5950551400459314e+00 -1.4443938950237207e+01 5.1706551000000002e-03 5.8986927000000001e-02
-2.9527242827641487e-01 -9.8102587254190340e+01 3.8134492173679396e-01 4.7093970386328357e+00 -1.9360673862920743e+02 6.2571290538781135e+00 -1.0383670566273924e+00 -1.4144033699439808e+01 5.4335110000000002e-03 6.4288872999999996e-02
-2.9150076258014151e-01 -9.3948517705200118e+01 3.8502464988865726e-01 1.2467513486617502e+01 -1.8719235562430507e+02 5.9397490944980085e+00 -5.0828909940367262e-01 -1.3835224977064541e+01 5.6978226000000002e-03 6.9854434000000007e-02
-2.8754959385839357e-01 -9.0058757926031362e+01 3.8887950552778328e-01 1.9728317466516557e+01 -1.8064786026511172e+02 5.6394614786753854e+00 -4.3326395437852661e-03 -1.3518205602055394e+01 5.9632034000000004e-03 7.5684873999999999e-02
-2.8341832846407067e-01 -8.6414681446108332e+01 3.9291006783062182e-01 2.6497514709312348e+01 -1.7399256874647921e+02 5.3550813663100438e+00 4.7394981142099712e-01 -1.3193704219453588e+01 6.2292681999999997e-03 8.1781068999999998e-02
-2.7910663297893823e-01 -8.2999243625285729e+01 3.9711666208805563e-01 3.2781122646690861e+01 -1.6724637192449364e+02 5.0855200108065208e+00 9.2697870907832991e-01 -1.2862482089947852e+01 6.4956331999999999e-03 8.8143510999999994e-02
-2.7461443421362786e-01 -7.9796825564524909e+01 4.0149935970540040e-01 3.8585627955715509e+01 -1.6042960094251799e+02 4.8297747920151206e+00 1.3551607428248558e+00 -1.2525327724078078e+01 6.7619166000000000e-03 9.4772308000000000e-02
-2.6994191514156074e-01 -7.6793089238173181e+01 4.0605798216936689e-01 4.3918158147843577e+01 -1.5356281716964961e+02 4.5869203405599688e+00 1.7588965582050289e+00 -1.2183051430489375e+01 7.0277381999999996e-03 1.0166719000000000e-01
-2.6508951422126892e-01 -7.3974857369714996e+01 4.1079210170922098e-01 4.8786599987057876e+01 -1.4666677587832581e+02 4.3561009687953760e+00 2.1385908529064110e+00 -1.1836479976546812e+01 7.2927204000000001e-03 1.0882751000000000e-01
-2.6005793488390566e-01 -7.1330011041237114e+01 4.1570103204053932e-01 5.3199679348335572e+01 -1.3976217495167805e+02 4.1365244716836997e+00 2.4946580179581828e+00 -1.1486452153851225e+01 7.5564877000000004e-03 1.1625223000000000e-01
-2.5484812588054467e-01 -6.8847383705668804e+01 4.2078384753885884e-01 5.7167045671578464e+01 -1.3286954175137595e+02 3.9274553549626576e+00 2.8275293104439863e+00 -1.1133811846564686e+01 7.8186677999999999e-03 1.2393994999999999e-01
-2.4946127992682154e-01 -6.6516678465452202e+01 4.2603938456199730e-01 6.0699307401799679e+01 -1.2600907659654180e+02 3.7282097846035591e+00 3.1376569631987081e+00 -1.0779402917991179e+01 8.0788911000000008e-03 1.3188891000000000e-01
-2.4389885403331385e-01 -6.4328403080173501e+01 4.3146622161524339e-01 6.3808031763065507e+01 -1.1920054253237659e+02 3.5381517534665781e+00 3.4255162809077291e+00 -1.0424065793011096e+01 8.3367917000000003e-03 1.4009695999999999e-01
-2.3816254239836754e-01 -6.2273790564076997e+01 4.3706270579777029e-01 6.6505760771159842e+01 -1.1246310163257577e+02 3.3566879781914585e+00 3.6916095628373320e+00 -1.0068630084232765e+01 8.5920070000000005e-03 1.4856159999999999e-01
-2.3225428996168379e-01 -6.0344746257342365e+01 4.4282693957942842e-01 6.8805980697088501e+01 -1.0581520747418364e+02 3.1832647496336413e+00 3.9364667605964043e+00 -9.7139110814940981e+00 8.8441787999999997e-03 1.5727996000000000e-01
-2.2617627885073230e-01 -5.8533788205633996e+01 4.4875679402395263e-01 7.0723080026474150e+01 -9.9274479183427673e+01 3.0173642262945624e+00 4.1606467483633232e+00 -9.3607043792502918e+00 9.0929527999999999e-03 1.6624881999999999e-01
-2.1993092838075107e-01 -5.6834000105235837e+01 4.5484990878896203e-01 7.2272301230681165e+01 -9.2857595774993584e+01 2.8585015317058300e+00 4.3647371159777748e+00 -9.0097815943137984e+00 9.3379794999999995e-03 1.7546460999999999e-01
-2.1352088827795324e-01 -5.5238987584569621e+01 4.6110369873756313e-01 7.3469668772338252e+01 -8.6580201803902213e+01 2.7062219301662465e+00 4.5493536574574955e+00 -8.6618864836126868e+00 9.5789143999999993e-03 1.8492342000000001e-01
-2.0694905900990715e-01 -5.3742844601734220e+01 4.6751533410354007e-01 7.4331907675463640e+01 -8.0456855873951525e+01 2.5600988921642447e+00 4.7151385353732271e+00 -8.3177312714274745e+00 9.8154178999999998e-03 1.9462097000000000e-01
-2.0021855790156939e-01 -5.2340101878191859e+01 4.7408177354937120e-01 7.4876361184220627e+01 -7.4500874746953983e+01 2.4197310686958882e+00 4.8627595272214572e+00 -7.9779930628903459e+00 1.0047156000000000e-02 2.0455266000000000e-01
-1.9333271235849153e-01 -5.1025708443628361e+01 4.8079977077783226e-01 7.5120892294596956e+01 -6.8724386412942152e+01 2.2847402772820709e+00 4.9929077612284116e+00 -7.6433101827801897e+00 1.0273801000000001e-02 2.1471357999999999e-01
-1.8629509375078684e-01 -4.9794997643424566e+01 4.8766584147397996e-01 7.5083780223390278e+01 -6.3138207625243055e+01 2.1547703052898415e+00 5.1062944924316644e+00 -7.3142812290908781e+00 1.0495031000000000e-02 2.2509846000000000e-01
-1.7910947675237024e-01 -4.8643656885164297e+01 4.9467630297477161e-01 7.4783617142287412e+01 -5.7751833001243639e+01 2.0294844506345222e+00 5.2036491210470759e+00 -6.9914613724322257e+00 1.0710529999999999e-02 2.3570173000000000e-01
-1.7177984611775143e-01 -4.7567705469890633e+01 5.0182726765746222e-01 7.4239199770530988e+01 -5.2573419722805021e+01 1.9085641493856818e+00 5.2857158882376112e+00 -6.6753610474541798e+00 1.0919989999999999e-02 2.4651751000000000e-01
-1.6431040345882850e-01 -4.6563474438210548e+01 5.0911463632800080e-01 7.3469416473309536e+01 -4.7609785749644658e+01 1.7917076623165724e+00 5.3532506174903602e+00 -6.3664451254162078e+00 1.1123108000000000e-02 2.5753959999999998e-01
-1.5670554691450761e-01 -4.5627582470456929e+01 5.1653411805584026e-01 7.2493163007916635e+01 -4.2866404972763867e+01 1.6786284283832689e+00 5.4070176004386790e+00 -6.0651313244307330e+00 1.1319591000000000e-02 2.6876150999999998e-01
-1.4896986437390966e-01 -4.4756920100287573e+01 5.2408123678554142e-01 7.1329194067164110e+01 -3.8347426039785439e+01 1.5690537780201572e+00 5.4477862022433019e+00 -5.7717896352387754e+00 1.1509152000000000e-02 2.8017647000000001e-01
-1.4110814025316379e-01 -4.3948631880717940e+01 5.3175132472516839e-01 6.9996053069748029e+01 -3.4055706760143615e+01 1.4627239217697718e+00 5.4763274116385565e+00 -5.4867427277982062e+00 1.1691511000000000e-02 2.9177742000000001e-01
-1.3312536227220051e-01 -4.3200103765638758e+01 5.3953951573468673e-01 6.8511977895136411e+01 -2.9992859999431300e+01 1.3593909185741468e+00 5.4934104866006548e+00 -5.2102665554290235e+00 1.1866398000000000e-02 3.0355700000000002e-01
-1.2502666724040490e-01 -4.2508944225928587e+01 5.4744079821878899e-01 6.6894783397433770e+01 -2.6159275112438884e+01 1.2588170570932216e+00 5.4997998275091167e+00 -4.9425892462336520e+00 1.2033550000000000e-02 3.1550762999999998e-01
-1.1681738849417009e-01 -4.1872978142865058e+01 5.5544996884567155e-01 6.5161802900829642e+01 -2.2554202473826521e+01 1.1607745066582269e+00 5.4962516311365004e+00 -4.6838939586494552e+00 1.2192715000000000e-02 3.2762143999999999e-01
-1.0850302201293044e-01 -4.1290231950039477e+01 5.6356166560505172e-01 6.3329796688974675e+01 -1.9175802182161814e+01 1.0650439885290013e+00 5.4835111978434199e+00 -4.4343191335160830e+00 1.2343646000000000e-02 3.3989032000000002e-01
-1.0008923319595500e-01 -4.0758925634045411e+01 5.7177036119656399e-01 6.1414886829335444e+01 -1.6021219999430006e+01 9.7141417413675546e-01 5.4623096252490351e+00 -4.1939604201132257e+00 1.2486109000000000e-02 3.5230591000000000e-01
-9.1581829755173760e-02 -4.0277462836268455e+01 5.8007038947617340e-01 5.9432491000445125e+01 -1.3086653892190744e+01 8.7968037055495540e-01 5.4333624440571997e+00 -3.9628718387183555e+00 1.2619877000000000e-02 3.6485963999999999e-01
-8.2986782045557927e-02 -3.9844424249676841e+01 5.8845592562136551e-01 5.7397275605445991e+01 -1.0367442064777489e+01 7.8964414917758607e-01 5.3973623485680369e+00 -3.7410685604602785e+00 1.2744734000000001e-02 3.7754270000000001e-01
-7.4310202734739927e-02 -3.9458561249345252e+01 5.9692100596595643e-01 5.5323107074501216e+01 -7.8581421687515070e+00 7.0111216446357938e-01 5.3549865233018865e+00 -3.5285279565663732e+00 1.2860473000000001e-02 3.9034606999999999e-01
-6.5558333249426282e-02 -3.9118789384722263e+01 6.0545954122329970e-01 5.3223020265836894e+01 -5.5526111944703240e+00 6.1389605643485989e-01 5.3068852555093020e+00 -3.3251945589694762e+00 1.2966896000000000e-02 4.0326054000000000e-01
-5.6737557328984722e-02 -3.8824185203886728e+01 6.1406530326307895e-01 5.1109186113162366e+01 -3.4440899619294112e+00 5.2781079230064609e-01 5.2536848367082172e+00 -3.1309788032771908e+00 1.3063819000000001e-02 4.1627669000000000e-01
-4.7854360364683657e-02 -3.8573979984818031e+01 6.2273196478092840e-01 4.8992894637458384e+01 -1.5252917873688776e+00 4.4267419189536650e-01 5.1959851838472719e+00 -2.9457615990613055e+00 1.3151064000000001e-02 4.2938494999999999e-01
-3.8915370060452592e-02 -3.8367560617225855e+01 6.3145305962881282e-01 4.6884552371482727e+01 2.1151197175521610e-01 3.5830708260200650e-01 5.1343588839112648e+00 -2.7693972479998705e+00 1.3228465999999999e-02 4.4257553999999999e-01
-2.9927302218535012e-02 -3.8204466971859588e+01 6.4022203570785408e-01 4.4793668719192517e+01 1.7744152796152111e+00 2.7453116038447845e-01 5.0693498846296059e+00 -2.6017150581352753e+00 1.3295871000000001e-02 4.5583855000000001e-01
-2.0896987846661885e-02 -3.8084384960310601e+01 6.4903222852191744e-01 4.2728868907879153e+01 3.1718074293376670e+00 1.9116925261573625e-01 5.0014731750107773e+00 -2.4425227447566722e+00 1.3353135000000000e-02 4.6916390000000002e-01
-1.1831339274084918e-02 -3.8007155234285761e+01 6.5787689423562901e-01 4.0697900857108877e+01 4.4122682515789728e+00 1.0804413146551073e-01 4.9312140758589482e+00 -2.2916082273931471e+00 1.3400123999999999e-02 4.8254139000000001e-01
-2.7373637051630317e-03 -3.7972769962617789e+01 6.6674919645116804e-01 3.8707655154620198e+01 5.5045272360498396e+00 2.4978007097159471e-02 4.8590281363703438e+00 -2.1487431315202543e+00 1.3436718000000000e-02 4.9596067999999999e-01
6.3778638878109195e-03 -3.7981377877529347e+01 6.7564223265468115e-01 3.6764185936588589e+01 6.4573787688655315e+00 -5.8208465697821898e-02 4.7853410066819659e+00 -2.0136843410054488e+00 1.3462807000000000e-02 5.0941133000000005e-01
1.5507173657436590e-02 -3.8033277491306116e+01 6.8454900776986816e-01 3.4872746617352881e+01 7.2796237332714657e+00 -1.4169664231430534e-01 4.7105489159109419e+00 -1.8861774041563271e+00 1.3478291000000000e-02 5.2288276000000000e-01
2.4643361872347058e-02 -3.8128935787420531e+01 6.9346249366241297e-01 3.3037809717296206e+01 7.9799942734410685e+00 -2.2567118922962059e-01 4.6350185693877304e+00 -1.7659577621589952e+00 1.3483083000000000e-02 5.3636434000000000e-01
3.3779157033241192e-02 -3.8268980075483590e+01 7.0237559608196587e-01 3.1263113323669721e+01 8.5671405341547651e+00 -3.1032058530062590e-01 4.5590881917590078e+00 -1.6527536889380539e+00 1.3477108000000000e-02 5.4984533999999996e-01
4.2907233426471070e-02 -3.8454215576026911e+01 7.1128116788535101e-01 2.9551699913731159e+01 9.0495379089937540e+00 -3.9583807013554506e-01 4.4830675574676766e+00 -1.5462882583907374e+00 1.3460300999999999e-02 5.6331494999999998e-01
5.2020231454421695e-02 -3.8685624513947943e+01 7.2017202887137566e-01 2.7905951622000561e+01 9.4354688730133365e+00 -4.8242271443753681e-01 4.4072398951689644e+00 -1.4462811075732223e+00 1.3432611000000001e-02 5.7676231000000000e-01
6.1110771189097912e-02 -3.8964378204304289e+01 7.2904097900403753e-01 2.6327636539794607e+01 9.7329779102178087e+00 -5.7028065837717601e-01 4.3318615161063905e+00 -1.3524501992236959e+00 1.3393997000000000e-02 5.9017653000000003e-01
7.0171432041744308e-02 -3.9291847908487242e+01 7.3788077857771439e-01 2.4817956733947423e+01 9.9498401800061984e+00 -6.5962527086298306e-01 4.2571638343977609e+00 -1.2645137813206322e+00 1.3344429999999999e-02 6.0354666000000001e-01
7.9194779870018717e-02 -3.9669618082533830e+01 7.4668417466357717e-01 2.3377589865652261e+01 1.0093533726689921e+01 -7.5067969834671100e-01 4.1833540449035231e+00 -1.1821917561826680e+00 1.3283893999999999e-02 6.1686173000000000e-01
8.8173394085165724e-02 -4.0099499603477007e+01 7.5544392755600365e-01 2.2006731791765386e+01 1.0171217655923179e+01 -8.4367692362694968e-01 4.1106162175220815e+00 -1.1052067286527913e+00 1.3212384000000001e-02 6.3011079000000003e-01
9.7099826991256299e-02 -4.0583545136489725e+01 7.6415277110295832e-01 2.0705149288025119e+01 1.0189713419966806e+01 -9.3886193421421926e-01 4.0391129028977275e+00 -1.0332860016985272e+00 1.3129907000000000e-02 6.4328284999999996e-01
1.0596665122274179e-01 -4.1124069780631444e+01 7.7280345898721570e-01 1.9472217585593000e+01 1.0155486057123456e+01 -1.0364928927601886e+00 3.9689862247416925e+00 -9.6616182020381047e-01 1.3036481000000001e-02 6.5636695000000000e-01
1.1476646652124683e-01 -4.1723671569971842e+01 7.8138877133796314e-01 1.8306965122865623e+01 1.0074652325149886e+01 -1.1368430304532069e+00 3.9003583953094467e+00 -9.0357278028684962e-01 1.2932137999999999e-02 6.6935217000000002e-01
1.2349187940518958e-01 -4.2385254517586503e+01 7.8990149489599171e-01 1.7208118104925457e+01 9.9529680135249059e+00 -1.2402019685468040e+00 3.8333348205510727e+00 -8.4526466529131894e-01 1.2816919000000000e-02 6.8222760000000005e-01
1.3213554383054171e-01 -4.3112058329090004e+01 7.9833446268331565e-01 1.6174136106475103e+01 9.7957999860196310e+00 -1.3468784118664590e+00 3.7680034529084931e+00 -7.9099090969491415e-01 1.2690879000000000e-02 6.9498240000000000e-01
1.4069014763724214e-01 -4.3907687512408813e+01 8.0668054077996543e-01 1.5203254350092584e+01 9.6081547061798513e+00 -1.4572019285567914e+00 3.7044370620091698e+00 -7.4051332488707666e-01 1.2554085000000000e-02 7.0760577999999996e-01
1.4914841932598982e-01 -4.4776147756287756e+01 8.1493263493559165e-01 1.4293518896392687e+01 9.3946879337928237e+00 -1.5715254773724958e+00 3.6426944486754502e+00 -6.9360266414989113e-01 1.2406611999999999e-02 7.2008700999999997e-01
1.5750316194221092e-01 -4.5721888299178708e+01 8.2308372362748106e-01 1.3442817398993308e+01 9.1596954018560179e+00 -1.6902286059867633e+00 3.5828213163037486e+00 -6.5003850909216709e-01 1.2248551000000000e-02 7.3241546999999996e-01
1.6574723274567893e-01 -4.6749845914071777e+01 8.3112683822574707e-01 1.2648915069379163e+01 8.9071225133360983e+00 -1.8137201543761454e+00 3.5248515855275340e+00 -6.0961005299949178e-01 1.2080001999999999e-02 7.4458062000000003e-01
1.7387355676410088e-01 -4.7865497546128090e+01 8.3905507621653608e-01 1.1909482309421406e+01 8.6405860835932593e+00 -1.9424419061781377e+00 3.4688088053506680e+00 -5.7211659888196187e-01 1.1901076999999999e-02 7.5657202000000001e-01
1.8187514034670460e-01 -4.9074921828809593e+01 8.4686161442523422e-01 1.1222120166545400e+01 8.3633756235388965e+00 -2.0768726697399651e+00 3.4147068364049193e+00 -5.3736521110032220e-01 1.1711898000000000e-02 7.6837935000000002e-01
1.8974509149461860e-01 -5.0384870433793594e+01 8.5453972885127716e-01 1.0584386132553695e+01 8.0784716923321334e+00 -2.2175330702154543e+00 3.3625509713180826e+00 -5.0517441514689609e-01 1.1512599000000000e-02 7.7999244000000001e-01
1.9747658597690532e-01 -5.1802841892323386e+01 8.6208276161013386e-01 9.9938178658951440e+00 7.7885617273904115e+00 -2.3649900185961710e+00 3.3123391892727687e+00 -4.7537179675119773e-01 1.1303326000000001e-02 7.9140122000000002e-01
2.0506293509849460e-01 -5.3337181055747294e+01 8.6948418704933916e-01 9.4479489017730458e+00 7.4960524916146376e+00 -2.5198637556667052e+00 3.2640625851033165e+00 -4.4779424017582153e-01 1.1084235000000000e-02 8.0259581999999996e-01
2.1249752470904393e-01 -5.4997175061741622e+01 8.7673755224406458e-01 8.9443313127978801e+00 7.2030863953672135e+00 -2.6828333481313305e+00 3.2177068340919619e+00 -4.2228807874629826e-01 1.0855490000000001e-02 8.1356647999999998e-01
2.1977387619407818e-01 -5.6793185748721903e+01 8.8383653650154748e-01 8.4805428529093767e+00 6.9115682323016117e+00 -2.8546456580234305e+00 3.1732524708100942e+00 -3.9870863800803202e-01 1.0617270000000000e-02 8.2430364000000000e-01
2.2688563292140318e-01 -5.8736788670436873e+01 8.9077493813788489e-01 8.0542237170994682e+00 6.6231631834255991e+00 -3.0361240712378539e+00 3.1306758948275144e+00 -3.7692008450475051e-01 1.0369760000000000e-02 8.3479791999999997e-01
2.3382656701789917e-01 -6.0840940249451975e+01 8.9754668108963698e-01 7.6630447476572190e+00 6.3393262574026341e+00 -3.2281791497501073e+00 3.0899500196246916e+00 -3.5679515327592920e-01 1.0113159000000000e-02 8.4504013000000000e-01
2.4059058614631390e-01 -6.3120175642753750e+01 9.0414582152542955e-01 7.3047593139137206e+00 6.0613160058085294e+00 -3.4318210814087031e+00 3.0510448924553106e+00 -3.3821485845048804e-01 9.8476710000000005e-03 8.5502127999999999e-01
2.4717173350526289e-01 -6.5590836463074837e+01 9.1056654784595503e-01 6.9771932495662350e+00 5.7902107692048528e+00 -3.6481741407324906e+00 3.0139283503995271e+00 -3.2106816099420632e-01 9.5735140000000000e-03 8.6473257999999997e-01
2.5356422171319626e-01 -6.8271355812192240e+01 9.1680321374198837e-01 6.6782501098730087e+00 5.5269219737358677e+00 -3.8784949910298190e+00 2.9785663407545799e+00 -3.0525155395399911e-01 9.2909130999999992e-03 8.7416548999999999e-01
2.5976239892443187e-01 -7.1182572997263591e+01 9.2285030513637056e-01 6.4059212263373775e+00 5.2722087853040742e+00 -4.1241921081107895e+00 2.9449236895161905e+00 -2.9066895043225199e-01 9.0001030000000006e-03 8.8331166999999999e-01
2.6576078948991544e-01 -7.4348140637355343e+01 9.2870247985362875e-01 6.1582869284563149e+00 5.0266986717558053e+00 -4.3868518719600669e+00 2.9129643006144748e+00 -2.7723107523287066e-01 8.7013270999999996e-03 8.9216304000000002e-01
2.7155407362684059e-01 -7.7794990047886245e+01 9.3435454778516625e-01 5.9335205842425935e+00 4.7908972990928307e+00 -4.6682676519244595e+00 2.8826516744554773e+00 -2.6485529056804347e-01 8.3948374000000006e-03 9.0071175000000003e-01
2.7713712130261559e-01 -8.1553927977636263e+01 9.3980150394727868e-01 5.7298890209827800e+00 4.5651991510945393e+00 -4.9704777868957652e+00 2.8539491752773150e+00 -2.5346516397922653e-01 8.0808944000000001e-03 9.0895022999999997e-01
2.8250496512769019e-01 -8.5660331563943558e+01 9.4503850203474138e-01 5.5457545121915794e+00 4.3499047009054648e+00 -5.2958091081343337e+00 2.8268204366160528e+00 -2.4299020429345164e-01 7.7597663000000001e-03 9.1687114999999997e-01
2.8765282746272858e-01 -9.0155045632921343e+01 9.5006088086722229e-01 5.3795742740609072e+00 4.1452297478400837e+00 -5.6469339607897684e+00 2.8012295628011508e+00 -2.3336546980613276e-01 7.4317293999999999e-03 9.2446746000000002e-01
2.9257612719540316e-01 -9.5085499860372408e+01 9.5486417100088494e-01 5.2298999104374726e+00 3.9513166884559521e+00 -6.0269407653574989e+00 2.7771413367156601e+00 -2.2453125841889651e-01 7.0970672000000004e-03 9.3173240000000002e-01
2.9727046618680786e-01 -1.0050709502469785e+02 9.5944408150518257e-01 5.0953760194034752e+00 3.7682450864831707e+00 -6.4394217686566337e+00 2.7545215438323756e+00 -2.1643283403448654e-01 6.7560703000000000e-03 9.3865947999999999e-01
3.0173166315542477e-01 -1.0648504303609067e+02 9.6379653302087409e-01 4.9747384790238112e+00 3.5960409002913787e+00 -6.8885900312112360e+00 2.7333369498298641e+00 -2.0902008091556160e-01 6.4090362999999996e-03 9.4524253000000003e-01
3.0595571301636393e-01 -1.1309665908652758e+02 9.6791761809040455e-01 4.8668138828497849e+00 3.4346865605446086e+00 -7.3794245228392246e+00 2.7135558722943371e+00 -2.0224719526285040e-01 6.0562691999999996e-03 9.5147563999999996e-01
3.0993885464929727e-01 -1.2043456104615177e+02 9.7180366727393785e-01 4.7705141363681953e+00 3.2841264739966700e+00 -7.9178745515036164e+00 2.6951476629244153e+00 -1.9607249029253149e-01 5.6980790999999996e-03 9.5735325999999998e-01
3.1367750313052478e-01 -1.2861073799444861e+02 9.7545118303332412e-01 4.6848373760259605e+00 3.1442777337392891e+00 -8.5111179596227355e+00 2.6780834909439579e+00 -1.9045810762328402e-01 5.3347821999999998e-03 9.6287009999999995e-01
3.1716831750090801e-01 -1.3776241082286657e+02 9.7885690584813245e-01 4.6088629224796129e+00 3.0150338430930419e+00 -9.1679364629014799e+00 2.6623359969196372e+00 -1.8536973332209233e-01 4.9667000000000001e-03 9.6802122999999995e-01
3.2040815332831696e-01 -1.4805999506934845e+02 9.8201776793442797e-01 4.5417498388952167e+00 2.8962734243706252e+00 -9.8992241869997013e+00 2.6478796171992740e+00 -1.8077644382575672e-01 4.5941591999999996e-03 9.7280200999999999e-01
3.2339411692197662e-01 -1.5971890766354434e+02 9.8493094613759824e-01 4.4827339068332668e+00 2.7878633378909345e+00 -1.0718745152745212e+01 2.6346903926446164e+00 -1.7665042638824574e-01 4.2174915999999996e-03 9.7720817000000004e-01
3.2612351111812010e-01 -1.7301677059102258e+02 9.8759380903952643e-01 4.4311219502774755e+00 2.6896659496534765e+00 -1.1644235299285450e+01 2.6227463676184435e+00 -1.7296685424415822e-01 3.8370333000000002e-03 9.8123572999999997e-01
3.2859388949433599e-01 -1.8832045090382385e+02 9.9000396985141847e-01 4.3862966265751924e+00 2.6015419121147625e+00 -1.2699144373866439e+01 2.6120272894398768e+00 -1.6970366247809471e-01 3.4531249000000000e-03 9.8488107999999996e-01
3.3080303603918759e-01 -2.0612954443278323e+02 9.9215926657899278e-01 4.3477058307446361e+00 2.5233546591794722e+00 -1.3915431696340097e+01 2.6025148569431797e+00 -1.6684136484835357e-01 3.0661112999999999e-03 9.8814095000000002e-01
3.3274895159862661e-01 -2.2715059198026739e+02 9.9405774879927322e-01 4.3148652659179545e+00 2.4549743673527318e+00 -1.5338352930705561e+01 2.5941927615339053e+00 -1.6436238053689581e-01 2.6763420000000000e-03 9.9101238999999997e-01
3.3442989453675342e-01 -2.5243421499563340e+02 9.9569771733020973e-01 4.2873576626922132e+00 2.3962798616336416e+00 -1.7035303751039397e+01 2.5870465234967379e+00 -1.6225332401694212e-01 2.2841723000000002e-03 9.9349282999999999e-01
3.3584436718223032e-01 -2.8365058831298313e+02 9.9707771100747133e-01 4.2648144259191509e+00 2.3471617535118736e+00 -1.9113637765940961e+01 2.5810636506771649e+00 -1.6050118774763200e-01 1.8899688000000000e-03 9.9558005999999999e-01
3.3699110905148766e-01 -3.2372371783865077e+02 9.9819650007284266e-01 4.2469381627754039e+00 2.3075246202122393e+00 -2.1761670615217266e+01 2.5762336013144518e+00 -1.5909561173314191e-01 1.4941295000000000e-03 9.9727222000000004e-01
3.3786919172383201e-01 -3.7862136304631184e+02 9.9905317873667054e-01 4.2335134149014744e+00 2.2772857184814903e+00 -2.5364513797976947e+01 2.5725474355586853e+00 -1.5802828275796443e-01 1.0971916000000000e-03 9.9856794000000004e-01
3.3847827635959404e-01 -4.6468958819541729e+02 9.9964741641878951e-01 4.2243122598480181e+00 2.2563677919405123e+00 -3.0979047963336782e+01 2.5699967735966944e+00 -1.5729239975918899e-01 7.0085733000000002e-04 9.9946672000000003e-01
