-5.0371232579165859e-01 -1.0541608787927494e+03 5.0371386423267361e-01 -1.1236066784277361e+03 -3.0823715474794687e+02 7.0973472842134072e+01 -7.5526858593068795e+01 -2.0208652422852957e+01 5.5301730000000003e-06 1.0230946000000001e-06
-5.0369328459021634e-01 -7.6302684950584376e+02 5.0372324446235250e-01 -8.3219750283716019e+02 -3.0820562790420513e+02 5.1882779508772842e+01 -5.6423328963352517e+01 -2.0207225718040899e+01 3.5894988000000002e-05 1.9923924999999999e-05
-5.0363354525400961e-01 -6.2804977632307020e+02 5.0375267373424915e-01 -6.9651766297350912e+02 -3.0810673322310976e+02 4.3024970877702280e+01 -4.7532511048834685e+01 -2.0202750206402499e+01 8.5619985000000003e-05 7.9222864999999994e-05
-5.0351528075745633e-01 -5.3963371003540396e+02 5.0381093414097244e-01 -6.0690980403032870e+02 -3.0791102881286633e+02 3.7214210632418805e+01 -4.1665433400051334e+01 -2.0193892796390887e+01 1.5173507999999999e-04 1.9661552000000001e-04
-5.0332288878082454e-01 -4.7413924181889973e+02 5.0390571182265653e-01 -5.3971008403675046e+02 -3.0759287077554563e+02 3.2900584597799678e+01 -3.7270769691097286e+01 -2.0179491134796763e+01 2.3255418000000001e-04 3.8758918999999998e-04
-5.0304217939144857e-01 -4.2241463673713963e+02 5.0404399713796855e-01 -4.8576246863415145e+02 -3.0712913485987025e+02 2.9484246535502024e+01 -3.3748207254555510e+01 -2.0158495091660562e+01 3.2689763000000001e-04 6.6622920000000002e-04
-5.0266000541886757e-01 -3.7993761584064254e+02 5.0423226675167809e-01 -4.4055320410683623e+02 -3.0649867810679063e+02 2.6668998362457284e+01 -3.0801690045106383e+01 -2.0129941686304004e+01 4.3385032000000002e-04 1.0455858000000000e-03
-5.0216405559486121e-01 -3.4413361545897061e+02 5.0447658553967489e-01 -4.0152505636900332e+02 -3.0568207525866848e+02 2.4286416328876168e+01 -2.8263359550477038e+01 -2.0092942380194437e+01 5.5265518999999999e-04 1.5378795000000000e-03
-5.0154272668077760e-01 -3.1339217627459976e+02 5.0478266958263307e-01 -3.6709119988394872e+02 -3.0466148898161902e+02 2.2231330720308911e+01 -2.6028918319820050e+01 -2.0046676397048596e+01 6.8265765000000004e-04 2.1546280000000000e-03
-5.0078503712098954e-01 -2.8663515650422590e+02 5.0515592870273907e-01 -3.3620171389319972e+02 -3.0342061097973863e+02 2.0433492681758253e+01 -2.4029219588814723e+01 -1.9990387250909876e+01 8.2327310000000005e-04 2.9067318999999999e-03
-4.9988056820917387e-01 -2.6310265035640890e+02 5.0560149544683120e-01 -3.0812831588323320e+02 -3.0194464866728015e+02 1.8843525530286225e+01 -2.2216160562751146e+01 -1.9923381349660151e+01 9.7396649000000004e-04 3.8045331000000002e-03
-4.9881942107119187e-01 -2.4223691391266900e+02 5.0612424627784025e-01 -2.8234735046369741e+02 -3.0022033707995291e+02 1.7425301189579965e+01 -2.0555018274086894e+01 -1.9845027737702605e+01 1.1342389000000000e-03 4.8578574999999999e-03
-4.9759218523337490e-01 -2.2361495651829250e+02 5.0672881705893169e-01 -2.5847169411179937e+02 -2.9823596664786942e+02 1.6151513715597659e+01 -1.9019989783533468e+01 -1.9754758653465110e+01 1.3036180000000001e-03 6.0760461999999999e-03
-4.9618991585468125e-01 -2.0690723572624910e+02 5.0741961426958493e-01 -2.3620889215635211e+02 -2.9598142245065492e+02 1.5000965315812230e+01 -1.7591452654105751e+01 -1.9652070591028327e+01 1.4816515000000000e-03 7.4679780999999997e-03
-4.9460411529078696e-01 -1.9185116710950527e+02 5.0820082408763778e-01 -2.1533421589147872e+02 -2.9344822443729208e+02 1.3956825596881162e+01 -1.6254202825498641e+01 -1.9536525534228581e+01 1.6679024999999999e-03 9.0420881999999994e-03
-4.9282672060199484e-01 -1.7823352761624560e+02 5.0907641854324170e-01 -1.9567268373159095e+02 -2.9062957049763304e+02 1.3005475324941038e+01 -1.4996281862938933e+01 -1.9407752403613202e+01 1.8619452999999999e-03 1.0806380000000001e-02
-4.9085009196782708e-01 -1.6587836044259092e+02 5.1005016122615787e-01 -1.7708670899715560e+02 -2.8752037370092461e+02 1.2135711787460131e+01 -1.3808165980896931e+01 -1.9265448333253058e+01 2.0633631000000000e-03 1.2768437000000001e-02
-4.8866700734766372e-01 -1.5463846999904712e+02 5.1112560991607614e-01 -1.5946720108398634e+02 -2.8411730007674737e+02 1.1338190499918225e+01 -1.2682197021880269e+01 -1.9109374725627699e+01 2.2717459999999998e-03 1.4935428000000001e-02
-4.8627065351464499e-01 -1.4438924794759967e+02 5.1230612099956674e-01 -1.4272727818665828e+02 -2.8041879046761187e+02 1.0605020180285216e+01 -1.1612165309383457e+01 -1.8939384941437737e+01 2.4866887000000002e-03 1.7314116000000001e-02
-4.8365462625715649e-01 -1.3502415442661118e+02 5.1359484937082256e-01 -1.2679748430575420e+02 -2.7642508618959488e+02 9.9294670315574667e+00 -1.0593005077197303e+01 -1.8755371753268935e+01 2.7077901999999999e-03 1.9910858000000000e-02
-4.8081291929713554e-01 -1.2645127401847010e+02 5.1499475389081206e-01 -1.1162215081005526e+02 -2.7213822410857330e+02 9.3057293779235000e+00 -9.6205597229255329e+00 -1.8557320953699936e+01 2.9346520999999999e-03 2.2731616000000000e-02
-4.7773993033463130e-01 -1.1859073631017498e+02 5.1650859440955998e-01 -9.7156666232530043e+01 -2.6756204625885124e+02 8.7287698507200453e+00 -8.6914071689207582e+00 -1.8345285248925908e+01 3.1668782999999998e-03 2.5781951000000001e-02
-4.7443045500324466e-01 -1.1137267058209007e+02 5.1813893474386663e-01 -8.3365264300597332e+01 -2.6270217721281290e+02 8.1941822855187834e+00 -7.8027194433444595e+00 -1.8119389075263445e+01 3.4040742000000001e-03 2.9067029000000001e-02
-4.7087968284042103e-01 -1.0473560222719878e+02 5.1988814466245481e-01 -7.0219270038738173e+01 -2.5756599118561786e+02 7.6980880043859985e+00 -6.9521521730495834e+00 -1.7879827708900400e+01 3.6458464000000000e-03 3.2591624999999999e-02
-4.6708320333201114e-01 -9.8625191083132052e+01 5.2175839690824988e-01 -5.7695719939455820e+01 -2.5216258000217775e+02 7.2370545901619519e+00 -6.1377584410847401e+00 -1.7626866631365164e+01 3.8918026000000000e-03 3.6360116999999997e-02
-4.6303699785285696e-01 -9.2993184282934919e+01 5.2375167116867272e-01 -4.5776177366869881e+01 -2.4650268660961279e+02 6.8080285787350965e+00 -5.3579152005334789e+00 -1.7360839425410852e+01 4.1415510999999999e-03 4.0376493999999999e-02
-4.5873744268907185e-01 -8.7796579789088852e+01 5.2586975258678026e-01 -3.4445790156811135e+01 -2.4059864079725605e+02 6.4082821802983627e+00 -4.6112657745417902e+00 -1.7082145984850776e+01 4.3947007000000003e-03 4.4644352999999998e-02
-4.5418130903804088e-01 -8.2996929175291882e+01 5.2811423176126471e-01 -2.3692490229058699e+01 -2.3446427742083449e+02 6.0353690351673972e+00 -3.8966706638040920e+00 -1.6791250068418798e+01 4.6508610999999997e-03 4.9166899000000000e-02
-4.4936575897871350e-01 -7.8559752701622770e+01 5.3048650673160103e-01 -1.3506312966338434e+01 -2.2811483646111620e+02 5.6870872526229590e+00 -3.2131666867682851e+00 -1.6488676081211356e+01 4.9096423000000002e-03 5.3946949000000001e-02
-4.4428835050873755e-01 -7.4454055777483646e+01 5.3298778049661311e-01 -3.8788347058185253e+00 -2.2156686296802741e+02 5.3614491816689531e+00 -2.5599332939760009e+00 -1.6175006072568966e+01 5.1706551000000002e-03 5.8986927000000001e-02
-4.3894702847761857e-01 -7.0651907490971453e+01 5.3561906548105354e-01 5.1973224261117634e+00 -2.1483807757252015e+02 5.0566549759256407e+00 -1.9362624284619820e+00 -1.5850875335079909e+01 5.4335110000000002e-03 6.4288872999999996e-02
-4.3334013365356017e-01 -6.7128094473031879e+01 5.3838117906902438e-01 1.3728892032352190e+01 -2.0794726062971992e+02 4.7710712879670787e+00 -1.3415348693701743e+00 -1.5516969199946033e+01 5.6978226000000002e-03 6.9854434000000007e-02
-4.2746639264919739e-01 -6.3859810066149379e+01 5.4127474856684299e-01 2.1722327031221202e+01 -2.0091410325025444e+02 4.5032119484856912e+00 -7.7519816331052527e-01 -1.5174017270303141e+01 5.9632034000000004e-03 7.5684873999999999e-02
-4.2132492295872948e-01 -6.0826395394886788e+01 5.4430020872160900e-01 2.9184085375344775e+01 -1.9375906955608508e+02 4.2517221375845669e+00 -2.3674912659091663e-01 -1.4822789641179936e+01 6.2292681999999997e-03 8.1781068999999998e-02
-4.1491522892821370e-01 -5.8009108904571285e+01 5.4745780370635111e-01 3.6120887109444666e+01 -1.8650324182367029e+02 4.0153643389773288e+00 2.7428188732841408e-01 -1.4464091336753325e+01 6.4956331999999999e-03 8.8143510999999994e-02
-4.0823720175556505e-01 -5.5390927055795629e+01 5.5074758712002680e-01 4.2539915682763628e+01 -1.7916817103437603e+02 3.7930060713468610e+00 7.5834395596165172e-01 -1.4098757100886116e+01 6.7619166000000000e-03 9.4772308000000000e-02
-4.0129111344599611e-01 -5.2956367531800730e+01 5.5416942496524235e-01 4.8448993564740157e+01 -1.7177570577159622e+02 3.5836092446106544e+00 1.2158771682413345e+00 -1.3727645689728018e+01 7.0277381999999996e-03 1.0166719000000000e-01
-3.9407761580459005e-01 -5.0691335519229682e+01 5.5772299614453935e-01 5.3856710078048664e+01 -1.6434784034453827e+02 3.3862208230766724e+00 1.6473217436037677e+00 -1.3351634512444090e+01 7.2927204000000001e-03 1.0882751000000000e-01
-3.8659775454027506e-01 -4.8582991558540947e+01 5.6140778551238180e-01 5.8772514090444943e+01 -1.5690657044611407e+02 3.1999649013893112e+00 2.0531250118782496e+00 -1.2971614511964809e+01 7.5564877000000004e-03 1.1625223000000000e-01
-3.7885294005044917e-01 -4.6619622187307115e+01 5.6522309826746886e-01 6.3206806045564193e+01 -1.4947370735861452e+02 3.0240347701528050e+00 2.4337493899073026e+00 -1.2588483342995927e+01 7.8186677999999999e-03 1.2393994999999999e-01
-3.7084494540612734e-01 -4.4790533816403588e+01 5.6916806094530792e-01 6.7170977503324011e+01 -1.4207072924379489e+02 2.8576865172824855e+00 2.7896770901432104e+00 -1.2203139777765367e+01 8.0788911000000008e-03 1.3188891000000000e-01
-3.6257593657474230e-01 -4.3085964567711329e+01 5.7324160652961542e-01 7.0677409611869294e+01 -1.3471866844994207e+02 2.7002338491907940e+00 3.1214125769825865e+00 -1.1816479799030812e+01 8.3367917000000003e-03 1.4009695999999999e-01
-3.5404843212307657e-01 -4.1496989524348514e+01 5.7744249430378258e-01 7.3739521603039108e+01 -1.2743792747916038e+02 2.5510421460497335e+00 3.4294871890626681e+00 -1.1429389420529995e+01 8.5920070000000005e-03 1.4856159999999999e-01
-3.4526532336579635e-01 -4.0015448996914643e+01 5.8176929992514248e-01 7.6371677687055239e+01 -1.2024817423598323e+02 2.4095242626034694e+00 3.7144599787009995e+00 -1.1042740626115238e+01 8.8441787999999997e-03 1.5727996000000000e-01
-3.3622985421691742e-01 -3.8633876608595287e+01 5.8622042535070296e-01 7.8589214185783476e+01 -1.1316820491344099e+02 2.2751360228316195e+00 3.9769194066652638e+00 -1.0657385705839012e+01 9.0929527999999999e-03 1.6624881999999999e-01
-3.2694562118980508e-01 -3.7345438446517704e+01 5.9079409883714684e-01 8.0408350581788710e+01 -1.0621583451044985e+02 2.1473725391254108e+00 4.2174834486553099e+00 -1.0274152758579657e+01 9.3379794999999995e-03 1.7546460999999999e-01
-3.1741656332290696e-01 -3.6143876903319466e+01 5.9548837990369774e-01 8.1846127204194730e+01 -9.9407794404341530e+01 2.0257647089259279e+00 4.4367991400257463e+00 -9.8938411824043833e+00 9.5789143999999993e-03 1.8492342000000001e-01
-3.0764699240255466e-01 -3.5023464779649593e+01 6.0030114444352156e-01 8.2920317895272717e+01 -9.2759668430011928e+01 1.9098765421867601e+00 4.6355409497309159e+00 -9.5172190680469839e+00 9.8154178999999998e-03 1.9462097000000000e-01
-2.9764154259162778e-01 -3.3978954196770019e+01 6.0523010953805811e-01 8.3649346986759539e+01 -8.6285784782286257e+01 1.7993017406068894e+00 4.8144101771874519e+00 -9.1450176968973764e+00 1.0047156000000000e-02 2.0455266000000000e-01
-2.8740516035528707e-01 -3.3005536432299607e+01 6.1027283841988778e-01 8.4052187745361351e+01 -7.9999154427180201e+01 1.6936611149616403e+00 4.9741328469248565e+00 -8.7779283236371253e+00 1.0273801000000001e-02 2.1471357999999999e-01
-2.7694315483230980e-01 -3.2098810747558339e+01 6.1542671565839913e-01 8.4148246999966972e+01 -7.3911459476014642e+01 1.5926008868180355e+00 5.1154563092341165e+00 -8.4166013938726643e+00 1.0495031000000000e-02 2.2509846000000000e-01
-2.6626113738948720e-01 -3.1254745694156366e+01 6.2068897693698788e-01 8.3957270581477303e+01 -6.8032983117978361e+01 1.4957899129287395e+00 5.2391474480451059e+00 -8.0616422322623595e+00 1.0710529999999999e-02 2.3570173000000000e-01
-2.5536503169589164e-01 -3.0469651189742883e+01 6.2605670409019010e-01 8.3499218376212937e+01 -6.2372601176209542e+01 1.4029179156164497e+00 5.3459893411924488e+00 -7.7136096654601536e+00 1.0919989999999999e-02 2.4651751000000000e-01
-2.4426108379714340e-01 -2.9740152541700652e+01 6.3152682014081596e-01 8.2794156537421472e+01 -5.6937782995638464e+01 1.3136938147652417e+00 5.4367777590578630e+00 -7.3730151297258129e+00 1.1123108000000000e-02 2.5753959999999998e-01
-2.3295583189260971e-01 -2.9063164422866354e+01 6.3709610418854912e-01 8.1862143953896705e+01 -5.1734584549595098e+01 1.2278438544021846e+00 5.5123183827399798e+00 -7.0403207913982468e+00 1.1319591000000000e-02 2.6876150999999998e-01
-2.2145609626113733e-01 -2.8435869126768225e+01 6.4276119637281293e-01 8.0723121823856616e+01 -4.6767666121970159e+01 1.1451100685140418e+00 5.5734229799054793e+00 -6.7159389228665400e+00 1.1509152000000000e-02 2.8017647000000001e-01
-2.0976898933531984e-01 -2.7855697678658029e+01 6.4851859290990421e-01 7.9396806316206835e+01 -4.2040330142033504e+01 1.0652489966829186e+00 5.6209059753994950e+00 -6.4002322140806571e+00 1.1691511000000000e-02 2.9177742000000001e-01
-1.9790192577576476e-01 -2.7320312880245346e+01 6.5436464113012671e-01 7.7902591944227154e+01 -3.7554566930393626e+01 9.8803046162942043e-01 5.6555810652272669e+00 -6.0935143222290069e+00 1.1866398000000000e-02 3.0355700000000002e-01
-1.8586254187695633e-01 -2.6827589917162523e+01 6.6029557918072246e-01 7.6259444564793512e+01 -3.3311075293878005e+01 9.1323586466864581e-01 5.6782578388292926e+00 -5.7960485902161016e+00 1.2033550000000000e-02 3.1550762999999998e-01
-1.7365876608712560e-01 -2.6375605725504805e+01 6.6630750128580707e-01 7.4485824559220902e+01 -2.9309353603234669e+01 8.4065760319069815e-01 5.6897384639030246e+00 -5.5080519922556936e+00 1.2192715000000000e-02 3.2762143999999999e-01
-1.6129876863691478e-01 -2.5962624469061257e+01 6.7239638256070167e-01 7.2599599273832979e+01 -2.5547752460852244e+01 7.7009763833352263e-01 5.6908145872264804e+00 -5.2296900100495378e+00 1.2343646000000000e-02 3.3989032000000002e-01
-1.4879097161364430e-01 -2.5587086788788721e+01 6.7855807404906643e-01 7.0617969115983485e+01 -2.2023531282503008e+01 7.0136668034378902e-01 5.6822642300161252e+00 -4.9610891977157090e+00 1.2486109000000000e-02 3.5230591000000000e-01
-1.3614400866424425e-01 -2.5247598885825486e+01 6.8478832257436639e-01 6.8557405680822782e+01 -1.8732972583871483e+01 6.3428302779681145e-01 5.6648492486695936e+00 -4.7023276302969705e+00 1.2619877000000000e-02 3.6485963999999999e-01
-1.2336675521805590e-01 -2.4942924901244492e+01 6.9108275585127221e-01 6.6433594319470799e+01 -1.5671429710099638e+01 5.6867188675706482e-01 5.6393125377568722e+00 -4.4534431803487280e+00 1.2744734000000001e-02 3.7754270000000001e-01
-1.1046829826403032e-01 -2.4671978801964332e+01 6.9743689737425940e-01 6.4261389051458494e+01 -1.2833429471420477e+01 5.0436438901520031e-01 5.6063758272724522e+00 -4.2144339687890735e+00 1.2860473000000001e-02 3.9034606999999999e-01
-9.7457916202193851e-02 -2.4433817323047119e+01 7.0384617634334123e-01 6.2054771181181238e+01 -1.0212750651937807e+01 4.4119671798791416e-01 5.5667375267010835e+00 -3.9852607619253195e+00 1.2966896000000000e-02 4.0326054000000000e-01
-8.4345098992182677e-02 -2.4227635439614573e+01 7.1030591773833562e-01 5.9826826618268072e+01 -7.8025207002262880e+00 3.7900945382051177e-01 5.5210710043900271e+00 -3.7658499058322668e+00 1.3063819000000001e-02 4.1627669000000000e-01
-7.1139487707640003e-02 -2.4052760823664624e+01 7.1681137209606427e-01 5.7589717790446400e+01 -5.5952927341614060e+00 3.1764655966931388e-01 5.4700228208314146e+00 -3.5560950764089525e+00 1.3151064000000001e-02 4.2938494999999999e-01
-5.7850934981818536e-02 -2.3908651456426021e+01 7.2335768573315351e-01 5.5354684267953267e+01 -3.5831463186621400e+00 2.5695494695914745e-01 5.4142117227019622e+00 -3.3558611416267152e+00 1.3228465999999999e-02 4.4257553999999999e-01
-4.4489424413443834e-02 -2.3794892075381618e+01 7.2993994044896615e-01 5.3132026801187088e+01 -1.7577595884009960e+00 1.9678340020606733e-01 5.3542272245275040e+00 -3.1649856299017283e+00 1.3295871000000001e-02 4.5583855000000001e-01
-3.1065110863782663e-02 -2.3711193014100441e+01 7.3655313367413566e-01 5.0931122706264475e+01 -1.1050085405914102e-01 1.3698206709319694e-01 5.2906292151666001e+00 -2.9832823131655513e+00 1.3353135000000000e-02 4.6916390000000002e-01
-1.7588270085307278e-02 -2.3657389337067059e+01 7.4319220328489788e-01 4.8760428212620674e+01 1.3674978476869175e+00 7.7401521759847824e-02 5.2239470084270963e+00 -2.8105432879047902e+00 1.3400123999999999e-02 4.8254139000000001e-01
-4.0693188702298766e-03 -2.3633441216701076e+01 7.4985201767735921e-01 4.6627503005562431e+01 2.6852611543682117e+00 1.7892157902224204e-02 5.1546793115941352e+00 -2.6465420917838496e+00 1.3436718000000000e-02 4.9596067999999999e-01
9.4812252465663605e-03 -2.3639435032071859e+01 7.5652739561896110e-01 4.4539028945446454e+01 3.8519016810030404e+00 -4.1697777803540559e-02 5.0832939641142323e+00 -2.4910358793143477e+00 1.3462807000000000e-02 5.0941133000000005e-01
2.3052703690457976e-02 -2.3675585636337949e+01 7.6321308639701524e-01 4.2500846789738141e+01 4.8765501111559191e+00 -1.0151747590497617e-01 5.0102283108071939e+00 -2.3437685463496836e+00 1.3478291000000000e-02 5.2288276000000000e-01
3.6634407515486300e-02 -2.3742239656130227e+01 7.6990381448450118e-01 4.0517977527385220e+01 5.7682995478433883e+00 -1.6172527546360027e-01 4.9358890476200123e+00 -2.2044722678649640e+00 1.3483083000000000e-02 5.3636434000000000e-01
5.0215527033021012e-02 -2.3839879890032684e+01 7.7659425472573373e-01 3.8594669927109244e+01 6.5361436598680900e+00 -2.2247871585492285e-01 4.8606530330915536e+00 -2.0728705066021265e+00 1.3477108000000000e-02 5.4984533999999996e-01
6.3785171960295095e-02 -2.3969130756746456e+01 7.8327904226209677e-01 3.6734436478926305e+01 7.1889279140786799e+00 -2.8394074924206669e-01 4.7848679508532852e+00 -1.9486800224210385e+00 1.3460300999999999e-02 5.6331494999999998e-01
7.7332401643205650e-02 -2.4130765353223030e+01 7.8995278742064146e-01 3.4940097568162130e+01 7.7353054252731743e+00 -3.4627972329868961e-01 4.7088529587761316e+00 -1.8316128124288980e+00 1.3432611000000001e-02 5.7676231000000000e-01
9.0846245204848408e-02 -2.4325713786018511e+01 7.9661008563982016e-01 3.3213822693141566e+01 8.1836961486896271e+00 -4.0967045546157932e-01 4.6328994762193227e+00 -1.7213779649152421e+00 1.3393997000000000e-02 5.9017653000000003e-01
1.0431567132271624e-01 -2.4555072599929591e+01 8.0324550258088623e-01 3.1557181276143709e+01 8.5422515458265789e+00 -4.7429513610379459e-01 4.5572724543079310e+00 -1.6176836612191710e+00 1.3344429999999999e-02 6.0354666000000001e-01
1.1772962852576807e-01 -2.4820116348987874e+01 8.0985359397936030e-01 2.9971187080388631e+01 8.8188265022678216e+00 -5.4034465244441932e-01 4.4822113288909220e+00 -1.5202387640180182e+00 1.3283893999999999e-02 6.1686173000000000e-01
1.3107708549149688e-01 -2.5122312006046766e+01 8.1642892549649582e-01 2.8456341246874747e+01 9.0209555712931326e+00 -6.0802002932402344e-01 4.4079310565567109e+00 -1.4287539696518934e+00 1.3212384000000001e-02 6.3011079000000003e-01
1.4434697060032697e-01 -2.5463332506785942e+01 8.2296604294208076e-01 2.7012686976145417e+01 9.1558320396392716e+00 -6.7753349067578261e-01 4.3346236546557551e+00 -1.3429436497925544e+00 1.3129907000000000e-02 6.4328284999999996e-01
1.5752824245548436e-01 -2.5845076143049589e+01 8.2945950701450211e-01 2.5639848261399809e+01 9.2302950293805104e+00 -7.4911030555975955e-01 4.2624591491183423e+00 -1.2625266717715031e+00 1.3036481000000001e-02 6.5636695000000000e-01
1.7060989995726339e-01 -2.6269687203019082e+01 8.3590389826361267e-01 2.4337075482235221e+01 9.2508169931768656e+00 -8.2299051430699932e-01 4.1915869378544546e+00 -1.1872274450346010e+00 1.2932137999999999e-02 6.6935217000000002e-01
1.8358095208022562e-01 -2.6739578236730335e+01 8.4229380220213157e-01 2.3103293127760463e+01 9.2235005111364856e+00 -8.9943060095037464e-01 4.1221372258723061e+00 -1.1167769910577376e+00 1.2816919000000000e-02 6.8222760000000005e-01
1.9643047831880234e-01 -2.7257458686687833e+01 8.4862383908284311e-01 2.1937136006220538e+01 9.1540724150382999e+00 -9.7870591451748512e-01 4.0542220897708479e+00 -1.0509137234582591e+00 1.2690879000000000e-02 6.9498240000000000e-01
2.0914760853876058e-01 -2.7826365034643331e+01 8.5488865397286395e-01 2.0836992344592669e+01 9.0478854641352040e+00 -1.0611128380221826e+00 3.9879369883199032e+00 -9.8938395667789136e-01 1.2554085000000000e-02 7.0760577999999996e-01
2.2172153305147035e-01 -2.8449696004103107e+01 8.6108292171650902e-01 1.9801040771920633e+01 8.9099232937500989e+00 -1.1469714117598606e+00 3.9233619732512595e+00 -9.3194259772105070e-01 1.2406611999999999e-02 7.2008700999999997e-01
2.3414155298523986e-01 -2.9131255508247417e+01 8.6720137174962431e-01 1.8827283432094870e+01 8.7448040034366503e+00 -1.2366286613976911e+00 3.8605627703452279e+00 -8.7835336447018098e-01 1.2248551000000000e-02 7.3241546999999996e-01
2.4639705006251444e-01 -2.9875297880062952e+01 8.7323877321098708e-01 1.7913581774431073e+01 8.5567902832671248e+00 -1.3304616745023612e+00 3.7995921717138939e+00 -8.2838931073587030e-01 1.2080001999999999e-02 7.4458062000000003e-01
2.5847750674841063e-01 -3.0686582161320295e+01 8.7918994486803892e-01 1.7057686569510032e+01 8.3498006481791336e+00 -1.4288815061344438e+00 3.7404911875866294e+00 -7.8183299923067440e-01 1.1901076999999999e-02 7.5657202000000001e-01
2.7037252639925069e-01 -3.1570435283352470e+01 8.8504976504261901e-01 1.6257264933234854e+01 8.1274190736940941e+00 -1.5323376268435127e+00 3.6832901132503810e+00 -7.3847661490612704e-01 1.1711898000000000e-02 7.6837935000000002e-01
2.8207186348536351e-01 -3.2532825991967933e+01 8.9081318649956254e-01 1.5509925298425527e+01 7.8929107499075819e+00 -1.6413231160054278e+00 3.6280094842842767e+00 -6.9812195708976887e-01 1.1512599000000000e-02 7.7999244000000001e-01
2.9356537321974974e-01 -3.3580443763420170e+01 8.9647521163236943e-01 1.4813244848819714e+01 7.6492362720235771e+00 -1.7563798454752879e+00 3.5746613830245249e+00 -6.6058066076855126e-01 1.1303326000000001e-02 7.9140122000000002e-01
3.0484311230075223e-01 -3.4720803822349296e+01 9.0203094209186818e-01 1.4164784526482675e+01 7.3990657820527757e+00 -1.8781059393777606e+00 3.5232501872493303e+00 -6.2567377080345687e-01 1.1084235000000000e-02 8.0259581999999996e-01
3.1589524824365245e-01 -3.5962351326971074e+01 9.0747553412041804e-01 1.3562113598424046e+01 7.1447971185912973e+00 -2.0071624217016817e+00 3.4737734896770358e+00 -5.9323221392411063e-01 1.0855490000000001e-02 8.1356647999999998e-01
3.2671215004907450e-01 -3.7314601464906104e+01 9.1280424321770703e-01 1.3002821773222660e+01 6.8885704985044427e+00 -2.1442828511148755e+00 3.4262230809162109e+00 -5.6309585223003722e-01 1.0617270000000000e-02 8.2430364000000000e-01
3.3728436805445050e-01 -3.8788292437736693e+01 9.1801241421501900e-01 1.2484535787097837e+01 6.6322858117132162e+00 -2.2902833624655510e+00 3.3805855735778363e+00 -5.3511390153409955e-01 1.0369760000000000e-02 8.3479791999999997e-01
3.4760264400828855e-01 -4.0395568543398262e+01 9.2309548623810000e-01 1.2004930222003638e+01 6.3776191325934386e+00 -2.4460747408411776e+00 3.3368432686202780e+00 -5.0914440751587053e-01 1.0113159000000000e-02 8.4504013000000000e-01
3.5765792114443884e-01 -4.2150196780617854e+01 9.2804899767002480e-01 1.1561740274003853e+01 6.1260393918633724e+00 -2.6126766035326647e+00 3.2949747487429799e+00 -4.8505404658500478e-01 9.8476710000000005e-03 8.5502127999999999e-01
3.6744134418209451e-01 -4.4067821925535725e+01 9.3286858615119694e-01 1.1152769559738607e+01 5.8788250083623828e+00 -2.7912339863295470e+00 3.2549556463090425e+00 -4.6271793556165985e-01 9.5735140000000000e-03 8.6473257999999997e-01
3.7694430969712667e-01 -4.6166281780855975e+01 9.3755001339368094e-01 1.0775896303560481e+01 5.6370772607754462e+00 -2.9830380243327190e+00 3.2167589695908503e+00 -4.4201904248397356e-01 9.2909130999999992e-03 8.7416548999999999e-01
3.8615841575074927e-01 -4.8465963816079395e+01 9.4208914036686964e-01 1.0429081174967651e+01 5.4017397698807121e+00 -3.1895486977401535e+00 3.1803559860843831e+00 -4.2284817259654572e-01 9.0001030000000006e-03 8.8331166999999999e-01
3.9507552233512155e-01 -5.0990261105223105e+01 9.4648195707468352e-01 1.0110370480722970e+01 5.1736095265901447e+00 -3.4124244196965687e+00 3.1457162898667481e+00 -4.0510346169865535e-01 8.7013270999999996e-03 8.9216304000000002e-01
4.0368772115054652e-01 -5.3766102419099475e+01 9.5072456766697111e-01 9.8178998296834159e+00 4.9533530668810091e+00 -3.6535559477240547e+00 3.1128085996143966e+00 -3.8869012748959580e-01 8.3948374000000006e-03 9.0071175000000003e-01
4.1198738597680717e-01 -5.6824626328520019e+01 9.5481321525384066e-01 9.5499015962866096e+00 4.7415186723419902e+00 -3.9151098741358421e+00 3.0816008562000277e+00 -3.7352010827548399e-01 8.0808944000000001e-03 9.0895022999999997e-01
4.1996713237609740e-01 -6.0201979420495078e+01 9.5874426205419550e-01 9.3046811248414709e+00 4.5385505217929714e+00 -4.1995792229028579e+00 3.0520608370448419e+00 -3.5951172247366353e-01 7.7597663000000001e-03 9.1687114999999997e-01
4.2761985799009083e-01 -6.3940339470435276e+01 9.6251420924719888e-01 9.0806681075605269e+00 4.3447996096689074e+00 -4.5098491261460039e+00 3.0241562950649379e+00 -3.4658938356542607e-01 7.4317293999999999e-03 9.2446746000000002e-01
4.3493875261420767e-01 -6.8089189771378940e+01 9.6611970193514041e-01 8.8763645849869786e+00 4.1605351205743819e+00 -4.8492780649951044e+00 2.9978552321331717e+00 -3.3468323071971906e-01 7.0970672000000004e-03 9.3173240000000002e-01
4.4191727804908076e-01 -7.2706916628030427e+01 9.6955751921770394e-01 8.6903712873256360e+00 3.9859556673321803e+00 -5.2217996106485893e+00 2.9731262633357312e+00 -3.2372890282831845e-01 6.7560703000000000e-03 9.3865947999999999e-01
4.4854921847189122e-01 -7.7862906196913983e+01 9.7282459900629870e-01 8.5213796133921011e+00 3.8211980642503742e+00 -5.6320565289954088e+00 2.9499386821302314e+00 -3.1366710035793949e-01 6.4090362999999996e-03 9.4524253000000003e-01
4.5482861999076518e-01 -8.3640186750360130e+01 9.7591800824686170e-01 8.3681719529316396e+00 3.6663476125897105e+00 -6.0855686135463856e+00 2.9282628501533194e+00 -3.0444349341078292e-01 6.0562691999999996e-03 9.5147563999999996e-01
4.6074989138744593e-01 -9.0139062417850042e+01 9.7883499254852135e-01 8.2296175964612672e+00 3.5214447957935273e+00 -6.5889659145219461e+00 2.9080701286726542e+00 -2.9600825365294009e-01 5.6980790999999996e-03 9.5735325999999998e-01
4.6630770337462168e-01 -9.7481788313426989e+01 9.8157292655493333e-01 8.1046720755366390e+00 3.3864953622518001e+00 -7.1502862872904567e+00 2.8893332250461188e+00 -2.8831596846183088e-01 5.3347821999999998e-03 9.6287009999999995e-01
4.7149708933859757e-01 -1.0581921434357463e+02 9.8412936357294545e-01 7.9923744401553334e+00 3.2614742677568813e+00 -7.7794022308795947e+00 2.8720261380458565e+00 -2.8132526423275633e-01 4.9667000000000001e-03 9.6802122999999995e-01
4.7631337481942548e-01 -1.1533985535360495e+02 9.8650200083253159e-01 7.8918448254064391e+00 3.1463351582571679e+00 -8.4886017578908515e+00 2.8561244989846464e+00 -2.7499868056056681e-01 4.5941591999999996e-03 9.7280200999999999e-01
4.8075225810504085e-01 -1.2628322052122937e+02 9.8868871918972390e-01 7.8022811415108890e+00 3.0410133512947932e+00 -9.2934470041652748e+00 2.8416053392882707e+00 -2.6930235875720893e-01 4.2174915999999996e-03 9.7720817000000004e-01
4.8480972963712610e-01 -1.3895923201213205e+02 9.9068754342368126e-01 7.7229581786443875e+00 2.9454344759294120e+00 -1.0214024357392036e+01 2.8284475143839645e+00 -2.6420596025104043e-01 3.8370333000000002e-03 9.8123572999999997e-01
4.8848215260524763e-01 -1.5377859492416306e+02 9.9249668193962037e-01 7.6532235524314949e+00 2.8595114900847864e+00 -1.1276908426860448e+01 2.8166314846365585e+00 -2.5968237403223238e-01 3.4531249000000000e-03 9.8488107999999996e-01
4.9176623272405384e-01 -1.7130142522344394e+02 9.9411451188021738e-01 7.5924963112512884e+00 2.7831612090051321e+00 -1.2518311443234330e+01 2.8061394997680700e+00 -2.5570762600051866e-01 3.0661112999999999e-03 9.8814095000000002e-01
4.9465899808474145e-01 -1.9232004181971507e+02 9.9553956919987352e-01 7.5402648999023851e+00 2.7162969234080778e+00 -1.3989458216479102e+01 2.7969557105991374e+00 -2.5226073010596650e-01 2.6763420000000000e-03 9.9101238999999997e-01
4.9715785960065817e-01 -2.1801111129746985e+02 9.9677057844191519e-01 7.4960841913912795e+00 2.6588359047859309e+00 -1.5766489100514878e+01 2.7890660265828124e+00 -2.4932352523370124e-01 2.2841723000000002e-03 9.9349282999999999e-01
4.9926059085876850e-01 -2.5024100676251743e+02 9.9780644281286002e-01 7.4595739378595312e+00 2.6107015458265801e+00 -1.7970372426806449e+01 2.7824582146969430e+00 -2.4688054339978482e-01 1.8899688000000000e-03 9.9558005999999999e-01
5.0096531804538602e-01 -2.9226591110942979e+02 9.9864623921955120e-01 7.4304175850697565e+00 2.5718259600784834e+00 -2.0812641333630708e+01 2.7771219654890951e+00 -2.4491896264107188e-01 1.4941295000000000e-03 9.9727222000000004e-01
5.0227066098591433e-01 -3.5070311767042887e+02 9.9928928774928716e-01 7.4083583733236509e+00 2.5421484287315552e+00 -2.4724378063514113e+01 2.7730484780686515e+00 -2.4342833897116051e-01 1.0971916000000000e-03 9.9856794000000004e-01
5.0317611596699641e-01 -4.4359426493453049e+02 9.9973534025874611e-01 7.3931916804705171e+00 2.5216089917952007e+00 -3.0884442405224895e+01 2.7702292850872925e+00 -2.4240013696067497e-01 7.0085733000000002e-04 9.9946672000000003e-01
