-3.5675747424389875e-01 -1.4235080565923774e+03 3.5675886233589099e-01 -1.4371248337421421e+03 -4.1353831406122924e+02 9.5620609101691329e+01 -9.6512918727797015e+01 -2.7080805000933367e+01 5.5301730000000003e-06 1.0230946000000001e-06
-3.5674398819127451e-01 -1.0329001981245415e+03 3.5677102013997886e-01 -1.0460830126488900e+03 -4.1346596242574668e+02 7.0037217655566295e+01 -7.0909289169338237e+01 -2.7077532013891467e+01 3.5894988000000002e-05 1.9923924999999999e-05
-3.5670167742457920e-01 -8.5177662910393815e+02 3.5680916369663124e-01 -8.6385448202815599e+02 -4.1323903411510463e+02 5.8165574750269890e+01 -5.8985757091070823e+01 -2.7067265758997085e+01 8.5619985000000003e-05 7.9222864999999994e-05
-3.5661791583900193e-01 -7.3309859673456072e+02 3.5688467555884262e-01 -7.4330827103980437e+02 -4.1279008346456840e+02 5.0376107246463810e+01 -5.1108010498669962e+01 -2.7046952296808069e+01 1.5173507999999999e-04 1.9661552000000001e-04
-3.5648165299186979e-01 -6.4515097216188167e+02 3.5700751780527656e-01 -6.5269618457521233e+02 -4.1206056650691198e+02 4.4591821126274738e+01 -4.5197064585597346e+01 -2.7013935960425655e+01 2.3255418000000001e-04 3.8758918999999998e-04
-3.5628283877267652e-01 -5.7565661710841812e+02 3.5718675070567990e-01 -5.7974072850535731e+02 -4.1099801465483949e+02 4.0008917526733434e+01 -4.0448656357843795e+01 -2.6965828933920900e+01 3.2689763000000001e-04 6.6622920000000002e-04
-3.5601216161391230e-01 -5.1854990644465283e+02 3.5743076872629781e-01 -5.1839724196052146e+02 -4.0955491701609850e+02 3.6230530578454690e+01 -3.6466455838486844e+01 -2.6900457900592500e+01 4.3385032000000002e-04 1.0455858000000000e-03
-3.5566090198117228e-01 -4.7037860123377635e+02 3.5774743260992781e-01 -4.6524953099701173e+02 -4.0768823893168218e+02 3.3031035172167108e+01 -3.3026085521808717e+01 -2.6815839311292788e+01 5.5265518999999999e-04 1.5378795000000000e-03
-3.5522084180651847e-01 -4.2898406900479529e+02 3.5814415102260089e-01 -4.1818619482768997e+02 -4.0535925146657712e+02 3.0269578284739520e+01 -2.9988472293261665e+01 -2.6710168643803144e+01 6.8265765000000004e-04 2.1546280000000000e-03
-3.5468420333298867e-01 -3.9292187575613673e+02 3.5862793568583595e-01 -3.7581854196914509e+02 -4.0253352127958669e+02 2.7852108367756593e+01 -2.7261753483551669e+01 -2.6581816963073237e+01 8.2327310000000005e-04 2.9067318999999999e-03
-3.5404360744523800e-01 -3.6117453920626980e+02 3.5920543894196061e-01 -3.3719139264538376e+02 -3.9918100116793391e+02 2.5712544185139855e+01 -2.4782357320758521e+01 -2.6429332122358545e+01 9.7396649000000004e-04 3.8045331000000002e-03
-3.5329204320238844e-01 -3.3299572123398968e+02 3.5988298122053586e-01 -3.0162573721580094e+02 -3.9527616988541467e+02 2.3802557675397573e+01 -2.2504716540816588e+01 -2.6251442397548381e+01 1.1342389000000000e-03 4.8578574999999999e-03
-3.5242284557631670e-01 -3.0781977688112380e+02 3.6066657110750000e-01 -2.6862708439370169e+02 -3.9079819763260844e+02 2.2085640369305370e+01 -2.0395279889916036e+01 -2.6047061570162231e+01 1.3036180000000001e-03 6.0760461999999999e-03
-3.5142967932618363e-01 -2.8520631652922606e+02 3.6156191988243347e-01 -2.3782894939385139e+02 -3.8573112047319376e+02 2.0533465471489976e+01 -1.8428828391715278e+01 -2.5815294759373472e+01 1.4816515000000000e-03 7.4679780999999997e-03
-3.5030652594108369e-01 -2.6480465231370090e+02 3.6257445328988347e-01 -2.0895639471138028e+02 -3.8006399901736302e+02 1.9123554385651587e+01 -1.6586102063101716e+01 -2.5555443989679990e+01 1.6679024999999999e-03 9.0420881999999994e-03
-3.4904767479244164e-01 -2.4633018450565706e+02 3.6370931951556246e-01 -1.8180159245335204e+02 -3.7379106304813433e+02 1.7837726766451425e+01 -1.4852215016311916e+01 -2.5267013662894218e+01 1.8619452999999999e-03 1.0806380000000001e-02
-3.4764771492857371e-01 -2.2954817164803563e+02 3.6497139658362848e-01 -1.5620682755168590e+02 -3.6691181614211285e+02 1.6661035379399362e+01 -1.3215558142027051e+01 -2.4949714786775374e+01 2.0633631000000000e-03 1.2768437000000001e-02
-3.4610153129305099e-01 -2.1426232143786621e+02 3.6636529576586713e-01 -1.3205238677693143e+02 -3.5943111470397491e+02 1.5581017844187286e+01 -1.1667022045450318e+01 -2.4603468643107416e+01 2.2717459999999998e-03 1.4935428000000001e-02
-3.4440429837440273e-01 -2.0030651196133107e+02 3.6789536730654299e-01 -1.0924759068340775e+02 -3.5135918318471556e+02 1.4587153873766303e+01 -1.0199426102016435e+01 -2.4228408332197631e+01 2.4866887000000002e-03 1.7314116000000001e-02
-3.4255148034882044e-01 -1.8753873366505780e+02 3.6956570029375185e-01 -8.7724112148331130e+01 -3.4271160171926800e+02 1.3670468998830239e+01 -8.8070971843128767e+00 -2.3824879815140775e+01 2.7077901999999999e-03 1.9910858000000000e-02
-3.4053882323147661e-01 -1.7583647747557856e+02 3.7138012973507994e-01 -6.7430721452300418e+01 -3.3350919989800082e+02 1.2823232809070301e+01 -7.4855419813261204e+00 -2.3393439342428810e+01 2.9346520999999999e-03 2.2731616000000000e-02
-3.3836235915762380e-01 -1.6509327627365369e+02 3.7334223269815353e-01 -4.8329281580234685e+01 -3.2377794582734896e+02 1.2038734219137252e+01 -6.2312004832146748e+00 -2.2934851493380954e+01 3.1668782999999998e-03 2.5781951000000001e-02
-3.3601840210149581e-01 -1.5521597757019231e+02 3.7545533217008953e-01 -3.0391443496937846e+01 -3.1354873466634405e+02 1.1311103406562363e+01 -5.0412451082815721e+00 -2.2450083332925843e+01 3.4040742000000001e-03 2.9067029000000001e-02
-3.3350354502224211e-01 -1.4612259562562573e+02 3.7772249963046267e-01 -1.3595985949338294e+01 -3.0285712552018373e+02 1.0635173028278190e+01 -3.9134208364328797e+00 -2.1940296763795640e+01 3.6458464000000000e-03 3.2591624999999999e-02
-3.3081466414502642e-01 -1.3774062753741555e+02 3.8014655119185486e-01 2.0733289810687690e+00 -2.9174302201265237e+02 1.0006369661137835e+01 -2.8459182256199060e+00 -2.1406840510770049e+01 3.8918026000000000e-03 3.6360116999999997e-02
-3.2794891325289532e-01 -1.3000565736954158e+02 3.8273005274578931e-01 1.6629603128822435e+01 -2.8025031594676534e+02 9.4206239460039338e+00 -1.8372646082994635e+00 -2.0851237678894634e+01 4.1415510999999999e-03 4.0376493999999999e-02
-3.2490372582732752e-01 -1.2286024192097190e+02 3.8547531803300539e-01 3.0084285958005516e+01 -2.6842646733952597e+02 8.8742994225374829e+00 -8.8623737643654255e-01 -2.0275173613782865e+01 4.3947007000000003e-03 4.4644352999999998e-02
-3.2167681504823387e-01 -1.1625298323984572e+02 3.8838440864345858e-01 4.2448434074150214e+01 -2.5632200746079548e+02 8.3641332606841967e+00 8.2098510363778354e-03 -1.9680480959062812e+01 4.6508610999999997e-03 4.9166899000000000e-02
-3.1826617093989162e-01 -1.1013775071868076e+02 3.9145913658928744e-01 5.3733760985272589e+01 -2.4399003653450114e+02 7.8871885891026583e+00 8.4700916441347684e-01 -1.9069123012185543e+01 4.9096423000000002e-03 5.3946949000000001e-02
-3.1467006393852665e-01 -1.0447304030232728e+02 3.9470106108860498e-01 6.3953478400496543e+01 -2.3148568295878275e+02 7.4408110209604583e+00 1.6310289452920412e+00 -1.8443176666460499e+01 5.1706551000000002e-03 5.8986927000000001e-02
-3.1088703847066573e-01 -9.9221414321442850e+01 3.9811149435467452e-01 7.3123005185915517e+01 -2.1886551904589615e+02 7.0225967512991812e+00 2.3611179619879712e+00 -1.7804812456683429e+01 5.4335110000000002e-03 6.4288872999999996e-02
-3.0691591937478402e-01 -9.4349043701354816e+01 4.0169149580673363e-01 8.1260487266864047e+01 -2.0618697379717224e+02 6.6303626136494884e+00 3.0381393807332211e+00 -1.7156275946101339e+01 5.6978226000000002e-03 6.9854434000000007e-02
-3.0275580476614122e-01 -8.9825295913649896e+01 4.0544187850241226e-01 8.8387217746551229e+01 -1.9350772566638565e+02 6.2621207442470830e+00 3.6630009086982014e+00 -1.6499865965610073e+01 5.9632034000000004e-03 7.5684873999999999e-02
-2.9840606960436356e-01 -8.5622392946950683e+01 4.0936320592152342e-01 9.4527906687538348e+01 -1.8088510087666717e+02 5.9160576109451002e+00 4.2366772332538876e+00 -1.5837914439266806e+01 6.2292681999999997e-03 8.1781068999999998e-02
-2.9386636283937800e-01 -8.1715106229439272e+01 4.1345579453903064e-01 9.9710847114365905e+01 -1.6837547383025071e+02 5.5905152833829073e+00 4.7602268383314250e+00 -1.5172764890946699e+01 6.4956331999999999e-03 8.8143510999999994e-02
-2.8913660741141245e-01 -7.8080493448347909e+01 4.1771971382504786e-01 1.0396797363764320e+02 -1.5603369166109653e+02 5.2839753738474169e+00 5.2348074980242814e+00 -1.4506751617505627e+01 6.7619166000000000e-03 9.4772308000000000e-02
-2.8421699596989725e-01 -7.4697664710318563e+01 4.2215479010429025e-01 1.0733480483860944e+02 -1.4391251133133127e+02 4.9950448109446697e+00 5.6616827524169597e+00 -1.3842178709370026e+01 7.0277381999999996e-03 1.0166719000000000e-01
-2.7910799015994858e-01 -7.1547579535115062e+01 4.2676060719931591e-01 1.0985035894760081e+02 -1.3206208530746895e+02 4.7224433027826684e+00 6.0422276209824304e+00 -1.3181300273583107e+01 7.2927204000000001e-03 1.0882751000000000e-01
-2.7381033061159848e-01 -6.8612872676368113e+01 4.3153649742514089e-01 1.1155689283744204e+02 -1.2052950830656295e+02 4.4649932732994033e+00 6.3779292600734712e+00 -1.2526302969681600e+01 7.5564877000000004e-03 1.1625223000000000e-01
-2.6832501624781890e-01 -6.5877682541566912e+01 4.3648156024325108e-01 1.1249965859093162e+02 -1.0935834507746279e+02 4.2216091712254062e+00 6.6703862387121573e+00 -1.1879285774451780e+01 7.8186677999999999e-03 1.2393994999999999e-01
-2.6265330285748861e-01 -6.3327511279813805e+01 4.4159466354808596e-01 1.1272656337846881e+02 -9.8588260705296861e+01 3.9912887462941713e+00 6.9213035018810736e+00 -1.1242243954966165e+01 8.0788911000000008e-03 1.3188891000000000e-01
-2.5679672450088598e-01 -6.0949108474581919e+01 4.4687442436978464e-01 1.1228777902737959e+02 -8.8254756650219463e+01 3.7731065821327827e+00 7.1324841399354835e+00 -1.0617057037043029e+01 8.3367917000000003e-03 1.4009695999999999e-01
-2.5075706496903216e-01 -5.8730345173444661e+01 4.5231923460385770e-01 1.1123530263985334e+02 -7.8388856783674598e+01 3.5662060396697814e+00 7.3058215722263018e+00 -1.0005472709772349e+01 8.5920070000000005e-03 1.4856159999999999e-01
-2.4453637205401940e-01 -5.6660119496041837e+01 4.5792724814635133e-01 1.0962252548038322e+02 -6.9016957706935742e+01 3.3697937484093972e+00 7.4432876524302038e+00 -9.4090976899034455e+00 8.8441787999999997e-03 1.5727996000000000e-01
-2.3813694327868309e-01 -5.4728261068362507e+01 4.6369639375868316e-01 1.0750375675704588e+02 -6.0160685031203492e+01 3.1831336421257115e+00 7.5469210838744463e+00 -8.8293871942423383e+00 9.0929527999999999e-03 1.6624881999999999e-01
-2.3156132589660144e-01 -5.2925450448975305e+01 4.6962437506764237e-01 1.0493372175282651e+02 -5.1836836128728415e+01 3.0055420628448672e+00 7.6188129769769191e+00 -8.2676386073924970e+00 9.3379794999999995e-03 1.7546460999999999e-01
-2.2481230975693164e-01 -5.1243144521888375e+01 4.7570867699780750e-01 1.0196709025886116e+02 -4.4057418977800815e+01 2.8363831488703801e+00 7.6610933510956434e+00 -7.7249858411624519e+00 9.5789143999999993e-03 1.8492342000000001e-01
-2.1789294870990197e-01 -4.9673515922130782e+01 4.8194654647429264e-01 9.8658011108152579e+01 -3.6829702737589315e+01 2.6750653009896714e+00 7.6759159350740394e+00 -7.2023983594393703e+00 9.8154178999999998e-03 1.9462097000000000e-01
-2.1080652493099139e-01 -4.8209384675471874e+01 4.8833502458483735e-01 9.5059639429268543e+01 -3.0156336422707493e+01 2.5210366056576241e+00 7.6654436179197756e+00 -6.7006777598301168e+00 1.0047156000000000e-02 2.0455266000000000e-01
-2.0355654178576554e-01 -4.6844164811151742e+01 4.9487095301222439e-01 9.1223704122561060e+01 -2.4035531720848279e+01 2.3737814603460698e+00 7.6318334346524193e+00 -6.2204587495327814e+00 1.0273801000000001e-02 2.1471357999999999e-01
-1.9614675950569710e-01 -4.5571823152982766e+01 5.0155094187219018e-01 8.7200122256475439e+01 -1.8461348099695325e+01 2.2328182717094900e+00 7.5772224143668208e+00 -5.7622142295771406e+00 1.0495031000000000e-02 2.2509846000000000e-01
-1.8858115237718132e-01 -4.4386827482874637e+01 5.0837140830793226e-01 8.3036619656466485e+01 -1.3423899842498662e+01 2.0976957958879954e+00 7.5037134529648757e+00 -5.3262577119002295e+00 1.0710529999999999e-02 2.3570173000000000e-01
-1.8086391587669998e-01 -4.3284109410546087e+01 5.1532857005769162e-01 7.8778410415515694e+01 -8.9097037077566679e+00 1.9679907727178332e+00 7.4133625061699826e+00 -4.9127499283821372e+00 1.0919989999999999e-02 2.4651751000000000e-01
-1.7299947380598568e-01 -4.2259029266427333e+01 5.2241843902233454e-01 7.4467927091182105e+01 -4.9020376371125245e+00 1.8433057148999175e+00 7.3081666018094840e+00 -4.5217068740716639e+00 1.1123108000000000e-02 2.5753959999999998e-01
-1.6499245688652944e-01 -4.1307341991551333e+01 5.2963684056260640e-01 7.0144578816843833e+01 -1.3812823161515402e+00 1.7232664034753020e+00 7.1900527201455571e+00 -4.1530075365163928e+00 1.1319591000000000e-02 2.6876150999999998e-01
-1.5684769562441664e-01 -4.0425167495428056e+01 5.3697941993154996e-01 6.5844569519471293e+01 1.6746873931372930e+00 1.6075198357439588e+00 7.0608680198065281e+00 -3.8064036572124214e+00 1.1509152000000000e-02 2.8017647000000001e-01
-1.4857022744549112e-01 -3.9608965509482793e+01 5.4444163584208716e-01 6.1600770188696693e+01 4.2901149639893505e+00 1.4957325149622471e+00 6.9223715486142883e+00 -3.4815301210878968e+00 1.1691511000000000e-02 2.9177742000000001e-01
-1.4016530383051931e-01 -3.8855512866712168e+01 5.5201875403460132e-01 5.7442641055385039e+01 6.4909424550753254e+00 1.3875888384237010e+00 6.7762274559671924e+00 -3.1779178354351405e+00 1.1866398000000000e-02 3.0355700000000002e-01
-1.3163833323387744e-01 -3.8161877336860222e+01 5.5970589873628041e-01 5.3396168470288366e+01 8.3044553739007192e+00 1.2827887778534472e+00 6.6239984072420599e+00 -2.8950016242524197e+00 1.2033550000000000e-02 3.1550762999999998e-01
-1.2299493102970024e-01 -3.7525403598305580e+01 5.6749800763419178e-01 4.9483899274198215e+01 9.7588811346381554e+00 1.1810470762046577e+00 6.4671423275228488e+00 -2.6321351236627475e+00 1.2192715000000000e-02 3.2762143999999999e-01
-1.1424088383606043e-01 -3.6943693436762821e+01 5.7538986403737191e-01 4.5724976043268718e+01 1.0883009584211299e+01 1.0820914329037139e+00 6.3070086730035424e+00 -2.3886013880973462e+00 1.2343646000000000e-02 3.3989032000000002e-01
-1.0538215665013295e-01 -3.6414591488780374e+01 5.8337609044440808e-01 4.2135229654085549e+01 1.1705872962206168e+01 9.8566129816501391e-01 6.1448372728033878e+00 -2.1636236098039721e+00 1.2486109000000000e-02 3.5230591000000000e-01
-9.6424864307538383e-02 -3.5936170413029707e+01 5.9145117427311078e-01 3.8727292645589799e+01 1.2256404461457329e+01 8.9150635153450764e-01 5.9817574296851070e+00 -1.9563788452610718e+00 1.2619877000000000e-02 3.6485963999999999e-01
-8.7375292887835410e-02 -3.5506720763273563e+01 5.9960944856325937e-01 3.5510762766219038e+01 1.2563146169115523e+01 7.9938558515885871e-01 5.8187891358546295e+00 -1.7660068548985075e+00 1.2744734000000001e-02 3.7754270000000001e-01
-7.8239878309028565e-02 -3.5124739830085254e+01 6.0784511127385588e-01 3.2492373573627340e+01 1.2653963651788697e+01 7.0906598287275990e-01 5.6568446254962321e+00 -1.5916216634213243e+00 1.2860473000000001e-02 3.9034606999999999e-01
-6.9025192057239837e-02 -3.4788922557860118e+01 6.1615223814796161e-01 2.9676191484895273e+01 1.2555837268741874e+01 6.2032132413199070e-01 5.4967310621524632e+00 -1.4323209848469538e+00 1.2966896000000000e-02 4.0326054000000000e-01
-5.9737955457037195e-02 -3.4498154955458233e+01 6.2452476984786021e-01 2.7063836175613574e+01 1.2294634096324490e+01 5.3293131324381271e-01 5.3391544086934282e+00 -1.2871960611034750e+00 1.3063819000000001e-02 4.1627669000000000e-01
-5.0384996860449671e-02 -3.4251507180930588e+01 6.3295655054956645e-01 2.4654697926821726e+01 1.1894941456591342e+01 4.4668018963136569e-01 5.1847232638412928e+00 -1.1553391098391781e+00 1.3151064000000001e-02 4.2938494999999999e-01
-4.0973294457952225e-02 -3.4048229885502117e+01 6.4144128934831768e-01 2.2446183898033389e+01 1.1379926391450070e+01 3.6135615783089325e-01 5.0339545960786500e+00 -1.0358522108475792e+00 1.3228465999999999e-02 4.4257553999999999e-01
-3.1509919197152791e-02 -3.3887749648376300e+01 6.4997261171791809e-01 2.0433941812891415e+01 1.0771221544725851e+01 2.7674991131225513e-01 4.8872782035878561e+00 -9.2785295765392706e-01 1.3295871000000001e-02 4.5583855000000001e-01
-2.2002063323448895e-02 -3.3769667677237621e+01 6.5854403378106618e-01 1.8612105048569752e+01 1.0088854297815091e+01 1.9265394485784504e-01 4.7450433972109272e+00 -8.3048121814682363e-01 1.3353135000000000e-02 4.6916390000000002e-01
-1.2457004704207020e-02 -3.3693758377664537e+01 6.6714899447144527e-01 1.6973518483917204e+01 9.3511818519703542e+00 1.0886128828358577e-01 4.6075243287856367e+00 -7.4290361175720188e-01 1.3400123999999999e-02 4.8254139000000001e-01
-2.8821210990908064e-03 -3.3659970111519236e+01 6.7578084266888705e-01 1.5509967119074853e+01 8.5748729524200460e+00 2.5164657205329899e-02 4.4749266418297013e+00 -6.6431847949448575e-01 1.3436718000000000e-02 4.9596067999999999e-01
6.7151383805953424e-03 -3.3668426797226374e+01 6.8443286292904404e-01 1.4212390518599978e+01 7.7749285237823518e+00 -5.8644753523260151e-02 4.3473935711865916e+00 -5.9395880277337587e-01 1.3462807000000000e-02 5.0941133000000005e-01
1.6327224731249534e-02 -3.3719431057225215e+01 6.9309824975371681e-01 1.3071082930167421e+01 6.9646626718144677e+00 -1.4277805911953267e-01 4.2250124340501110e+00 -5.3109541014458794e-01 1.3478291000000000e-02 5.2288276000000000e-01
2.5946553273449857e-02 -3.3813468802910947e+01 7.0177016548261673e-01 1.2075883116764118e+01 6.1557740303007664e+00 -2.2745027275603436e-01 4.1078202773049881e+00 -4.7503854534367773e-01 1.3483083000000000e-02 5.3636434000000000e-01
3.5565467976133192e-02 -3.3951215359574022e+01 7.1044170813127505e-01 1.1216349522697772e+01 5.3583922941821243e+00 -3.1288112399144885e-01 3.9958100955926139e+00 -4.2513956885777560e-01 1.3477108000000000e-02 5.4984533999999996e-01
4.5176255726924019e-02 -3.4133542961844903e+01 7.1910592425587971e-01 1.0481918613999648e+01 4.5811531122187477e+00 -3.9929631420172185e-01 3.8889370160493937e+00 -3.8079164380456959e-01 1.3460300999999999e-02 5.6331494999999998e-01
5.4771167737626247e-02 -3.4361530385946402e+01 7.2775582825052854e-01 9.8620426618145043e+00 3.8312787563810047e+00 -4.8692895380179824e-01 3.7871230527816615e+00 -3.4142984743844984e-01 1.3432611000000001e-02 5.7676231000000000e-01
6.4342433814551514e-02 -3.4636474695545559e+01 7.3638441521206599e-01 9.3463143766843118e+00 3.1146698122349861e+00 -5.7602101648704429e-01 3.6902624690748858e+00 -3.0653092075268029e-01 1.3393997000000000e-02 5.9017653000000003e-01
7.3882240953026979e-02 -3.4959903976080568e+01 7.4498464164282818e-01 8.9245793390742563e+00 2.4360043689782556e+00 -6.6682456185270711e-01 3.5982269071485482e+00 -2.7561264569970351e-01 1.3344429999999999e-02 6.0354666000000001e-01
8.3382761878051714e-02 -3.5333593204970143e+01 7.5354945118031580e-01 8.5870147037903308e+00 1.7988398178262113e+00 -7.5960354077359193e-01 3.5108693398106201e+00 -2.4823271392177798e-01 1.3283893999999999e-02 6.1686173000000000e-01
9.2836183584952880e-02 -3.5759584070229735e+01 7.6207180032686528e-01 8.3242210681857483e+00 1.2057151590262771e+00 -8.5463576257506713e-01 3.4280286083974070e+00 -2.2398732644404479e-01 1.3212384000000001e-02 6.3011079000000003e-01
1.0223466452840119e-01 -3.6240203754836152e+01 7.7054461985514100e-01 8.1272687626129443e+00 6.5825901192872316e-01 -9.5221431545566082e-01 3.3495325047782663e+00 -2.0250968329487268e-01 1.3129907000000000e-02 6.4328284999999996e-01
1.1157038456855994e-01 -3.6778091155345486e+01 7.7896085983506169e-01 7.9877477312222487e+00 1.5729206908579926e-01 -1.0526500878815317e+00 3.2752016500505921e+00 -1.8346814855803598e-01 1.3036481000000001e-02 6.5636695000000000e-01
1.2083555210624841e-01 -3.7376225255822085e+01 7.8731349606621748e-01 7.8978034769184200e+00 -2.9708153696742357e-01 -1.1562741102570895e+00 3.2048520489510697e+00 -1.6656393173116768e-01 1.2932137999999999e-02 6.6935217000000002e-01
1.3002238267745020e-01 -3.8037955525227673e+01 7.9559551078061663e-01 7.8501554395705497e+00 -7.0535633250361196e-01 -1.2634398131120328e+00 3.1382977017774927e+00 -1.5152987390533754e-01 1.2816919000000000e-02 6.8222760000000005e-01
1.3912314176429730e-01 -3.8767041124504068e+01 8.0379993123719307e-01 7.8381080507453946e+00 -1.0685548247589576e+00 -1.3745262873358732e+00 3.0753529952658165e+00 -1.3812744902705229e-01 1.2690879000000000e-02 6.9498240000000000e-01
1.4813013052474228e-01 -3.9567691803735102e+01 8.1191981685697057e-01 7.8555522029333211e+00 -1.3881300484162959e+00 -1.4899412446532880e+00 3.0158343771867759e+00 -1.2614509914577041e-01 1.2554085000000000e-02 7.0760577999999996e-01
1.5703569292772218e-01 -4.0444616031857606e+01 8.1994826565548051e-01 7.8969582585536591e+00 -1.6658898628448466e+00 -1.6101245940229298e+00 2.9595620748326947e+00 -1.1539597758249247e-01 1.2406611999999999e-02 7.2008700999999997e-01
1.6583225142897912e-01 -4.1403079482111927e+01 8.2787844640485209e-01 7.9573636372269094e+00 -1.9039113244117247e+00 -1.7355528487521590e+00 2.9063612552601001e+00 -1.0571589921367687e-01 1.2248551000000000e-02 7.3241546999999996e-01
1.7451228556556758e-01 -4.2448966423350591e+01 8.3570357933655792e-01 8.0323514683255883e+00 -2.1044976171236516e+00 -1.8667433462670668e+00 2.8560631683998254e+00 -9.6961287141452177e-02 1.2080001999999999e-02 7.4458062000000003e-01
1.8306834622618301e-01 -4.3588853464565588e+01 8.4341694900625019e-01 8.1180277448977485e+00 -2.2700924413637740e+00 -2.0042594836313397e+00 2.8085060083128726e+00 -8.9007205911330614e-02 1.1901076999999999e-02 7.5657202000000001e-01
1.9149306992149012e-01 -4.4830095114096210e+01 8.5101191715859659e-01 8.2109931261737863e+00 -2.4032387550080596e+00 -2.1487167183385694e+00 2.7635353783324068e+00 -8.1745511570218699e-02 1.1711898000000000e-02 7.6837935000000002e-01
1.9977920018961454e-01 -4.6180924848783270e+01 8.5848194202453443e-01 8.3083127008973285e+00 -2.5065304342494894e+00 -2.3007895663034130e+00 2.7210047192144433e+00 -7.5083056305971535e-02 1.1512599000000000e-02 7.7999244000000001e-01
2.0791955192032291e-01 -4.7650560641962912e+01 8.6582054615918014e-01 8.4074834710387520e+00 -2.5825693232034541e+00 -2.4612185410189977e+00 2.6807757107802273e+00 -6.8940044346094034e-02 1.1303326000000001e-02 7.9140122000000002e-01
2.1590708270666364e-01 -4.9249348060012622e+01 8.7302138076600988e-01 8.5064019617880149e+00 -2.6339316697629775e+00 -2.6308202374903766e+00 2.6427183146844708e+00 -6.3248662592704605e-02 1.1084235000000000e-02 8.0259581999999996e-01
2.2373482862848998e-01 -5.0988900488299365e+01 8.8007816780509662e-01 8.6033282379721623e+00 -2.6631384659304049e+00 -2.8104961613499073e+00 2.6067105979200766e+00 -5.7951297091098954e-02 1.0855490000000001e-02 8.1356647999999998e-01
2.3139596846893679e-01 -5.2882288444671481e+01 8.8698475788487330e-01 8.6968543447579894e+00 -2.6726316764349249e+00 -3.0012457526258531e+00 2.5726389325580503e+00 -5.2999401438375768e-02 1.0617270000000000e-02 8.2430364000000000e-01
2.3888380944409265e-01 -5.4944245867984307e+01 8.9373511739729539e-01 8.7858700727136085e+00 -2.6647541664705758e+00 -3.2041798146452027e+00 2.5403975660100673e+00 -4.8352615929340134e-02 1.0369760000000000e-02 8.3479791999999997e-01
2.4619179433816368e-01 -5.7191416720243154e+01 9.0032333495025996e-01 8.8695310829504717e+00 -2.6417369455163020e+00 -3.4205366760141338e+00 2.5098885317606712e+00 -4.3976800185155124e-02 1.0113159000000000e-02 8.4504013000000000e-01
2.5331350863863750e-01 -5.9642646277423779e+01 9.0674362780002293e-01 8.9472283486205448e+00 -2.6056852653451807e+00 -3.6517012047869803e+00 2.4810212352796928e+00 -3.9845314148311779e-02 9.8476710000000005e-03 8.5502127999999999e-01
2.6024268053628380e-01 -6.2319324222313568e+01 9.1299034185119976e-01 9.0185580357202628e+00 -2.5585743171502653e+00 -3.8992269817214544e+00 2.4537122737480099e+00 -3.5934188713864917e-02 9.5735140000000000e-03 8.6473257999999997e-01
2.6697321660097401e-01 -6.5245808338280227e+01 9.1905798381885462e-01 9.0832953585488312e+00 -2.5022426444263286e+00 -4.1648640034352589e+00 2.4278848555781392e+00 -3.2225243588084963e-02 9.2909130999999992e-03 8.7416548999999999e-01
2.7349916610586150e-01 -6.8449902564129317e+01 9.2494118906641098e-01 9.1413683458142021e+00 -2.4383911638474798e+00 -4.4505890311324894e+00 2.4034686412388595e+00 -2.8703434959621313e-02 9.0001030000000006e-03 8.8331166999999999e-01
2.7981476383836584e-01 -7.1963468553608166e+01 9.3063476020015878e-01 9.1928363825575996e+00 -2.3685838378789765e+00 -4.7586453274667067e+00 2.3803991846457837e+00 -2.5356888307987036e-02 8.7013270999999996e-03 8.9216304000000002e-01
2.8591440869468038e-01 -7.5823136131998666e+01 9.3613364777200148e-01 9.2378549525251028e+00 -2.2942496797607803e+00 -5.0915875622204236e+00 2.3586176918458088e+00 -2.2175879612172558e-02 8.3948374000000006e-03 9.0071175000000003e-01
2.9179269935559299e-01 -8.0071205889475209e+01 9.4143298244154527e-01 9.2766852738410570e+00 -2.2166864959339851e+00 -5.4523402282209954e+00 2.3380704698561314e+00 -1.9152957934034820e-02 8.0808944000000001e-03 9.0895022999999997e-01
2.9744440574582948e-01 -8.4756715702608659e+01 9.4652804924642697e-01 9.3096462893417726e+00 -2.1370666447775104e+00 -5.8442653126889939e+00 2.3187087666502904e+00 -1.6282177483558462e-02 7.7597663000000001e-03 9.1687114999999997e-01
3.0286449757471029e-01 -8.9936815636685949e+01 9.5141431333198656e-01 9.3371142748272327e+00 -2.0564419914052654e+00 -6.2712495082348001e+00 2.3004883115329302e+00 -1.3559085353885924e-02 7.4317293999999999e-03 9.2446746000000002e-01
3.0804815147131376e-01 -9.5678458892263833e+01 9.5608742638368471e-01 9.3595054274946019e+00 -1.9757542771745797e+00 -6.7378130986389131e+00 2.2833688261063179e+00 -1.0980060813365299e-02 7.0970672000000004e-03 9.3173240000000002e-01
3.1299073671414918e-01 -1.0206054898834320e+02 9.6054321376226715e-01 9.3772634861528275e+00 -1.8958352343618856e+00 -7.2492454793592636e+00 2.2673138881183466e+00 -8.5424384160787854e-03 6.7560703000000000e-03 9.3865947999999999e-01
3.1768785090697610e-01 -1.0917673562405163e+02 9.6477770666585361e-01 9.3908489805660604e+00 -1.8174209006726483e+00 -7.8117843180502495e+00 2.2522905735935610e+00 -6.2441892659633102e-03 6.4090362999999996e-03 9.4524253000000003e-01
3.2213527716782048e-01 -1.1713894368658116e+02 9.6878710353543140e-01 9.4007297759930317e+00 -1.7411568341000541e+00 -8.4328390921832668e+00 2.2382692403057076e+00 -4.0837187831416774e-03 6.0562691999999996e-03 9.5147563999999996e-01
3.2632905548061525e-01 -1.2608222943963115e+02 9.7256783437903405e-01 9.4073728382471042e+00 -1.6676063906392620e+00 -9.1213043434759236e+00 2.2252230927954062e+00 -2.0598421656384666e-03 5.6980790999999996e-03 9.5735325999999998e-01
3.3026541134355941e-01 -1.3617102227993294e+02 9.7611649644756193e-01 9.4112376817476058e+00 -1.5972573014133247e+00 -9.8879533613296040e+00 2.2131281124679716e+00 -1.7164180989911128e-04 5.3347821999999998e-03 9.6287009999999995e-01
3.3394082712075951e-01 -1.4760800502818449e+02 9.7942991855896189e-01 9.4127698929803785e+00 -1.5305281671775335e+00 -1.0746011840670997e+01 2.2019626963671577e+00 1.5816183147942661e-03 4.9667000000000001e-03 9.6802122999999995e-01
3.3735199209607997e-01 -1.6064622768520303e+02 9.8250511607130164e-01 9.4123974597620492e+00 -1.4677781851892104e+00 -1.1711932008869359e+01 2.1917076316715582e+00 3.2005602209074632e-03 4.5941591999999996e-03 9.7280200999999999e-01
3.4049585955445655e-01 -1.7560693161798858e+02 9.8533934234211351e-01 9.4105239237955871e+00 -1.4093126653050143e+00 -1.2806540587909630e+01 2.1823456249330415e+00 4.6858074201246653e-03 4.2174915999999996e-03 9.7720817000000004e-01
3.4336958970058368e-01 -1.9290550716635235e+02 9.8793003726904982e-01 9.4075314458126122e+00 -1.3553888231808018e+00 -1.4056709684928730e+01 2.1738615196253979e+00 6.0372289459550386e-03 3.8370333000000002e-03 9.8123572999999997e-01
3.4597060674022656e-01 -2.1309213169761105e+02 9.9027487874922837e-01 9.4037709986088807e+00 -1.3062217240620901e+00 -1.5497983404410508e+01 2.1662418418052121e+00 7.2558021131751771e-03 3.4531249000000000e-03 9.8488107999999996e-01
3.4829657747472981e-01 -2.3691683787017081e+02 9.9237176338197686e-01 9.3995636553918267e+00 -1.2619890601893915e+00 -1.7178790876254649e+01 2.1594747162892949e+00 8.3417025114397147e-03 3.0661112999999999e-03 9.8814095000000002e-01
3.5034539703068796e-01 -2.6544036804801129e+02 9.9421879360399767e-01 9.3951994030679113e+00 -1.2228380331062183e+00 -1.9167638722708858e+01 2.1535499973613828e+00 9.2951915077964173e-03 2.6763420000000000e-03 9.9101238999999997e-01
3.5211523167093156e-01 -3.0023798269463384e+02 9.9581431628387596e-01 9.3909342900473103e+00 -1.1888880121965963e+00 -2.1566367912745580e+01 2.1484588339016386e+00 1.0116485940768463e-02 2.2841723000000002e-03 9.9349282999999999e-01
3.5360450452419784e-01 -3.4380866949101670e+02 9.9715690985724281e-01 9.3869908952047556e+00 -1.1602316820116001e+00 -2.4536817162665010e+01 2.1441937594800535e+00 1.0806082445232356e-02 1.8899688000000000e-03 9.9558005999999999e-01
3.5481188844996686e-01 -4.0051370132135423e+02 9.9824537789435830e-01 9.3835567505242263e+00 -1.1369458829247785e+00 -2.8362080737999346e+01 2.1407485961134141e+00 1.1363991879715147e-02 1.4941295000000000e-03 9.9727222000000004e-01
3.5573640593075923e-01 -4.7922025453447759e+02 9.9907883915396223e-01 9.3807831162584598e+00 -1.1190845076076572e+00 -3.3619308041713488e+01 2.1381181318869737e+00 1.1790523063444920e-02 1.0971916000000000e-03 9.9856794000000004e-01
3.5637770020837051e-01 -6.0411743817723936e+02 9.9965697201515646e-01 9.3787873544748290e+00 -1.1066799371489333e+00 -4.1887480564351790e+01 2.1362973458282690e+00 1.2086046217789694e-02 7.0085733000000002e-04 9.9946672000000003e-01
