-6.5269602913416336e-01 -7.0849548050654289e+02 6.5269771999991255e-01 -7.9405741857813121e+02 -2.0303338042829537e+02 4.7352509246312742e+01 -5.2941691655221959e+01 -1.3262385400367473e+01 5.5301730000000003e-06 1.0230946000000001e-06
-6.5267135608977878e-01 -5.1670832814342464e+02 6.5270428430812022e-01 -6.0214207542518534e+02 -2.0302428935409472e+02 3.4822905064742486e+01 -4.0406127163028330e+01 -1.3261974514654646e+01 3.5894988000000002e-05 1.9923924999999999e-05
-6.5259394756604650e-01 -4.2775071292204592e+02 6.5272487898625420e-01 -5.1285493963185547e+02 -2.0299576937620699e+02 2.9007455237810500e+01 -3.4575262211316691e+01 -1.3260685487837309e+01 8.5619985000000003e-05 7.9222864999999994e-05
-6.5244070381294483e-01 -3.6943039887351136e+02 6.5276564976470330e-01 -4.5397255237013275e+02 -2.0293931849421682e+02 2.5190158532921892e+01 -3.0731531192558784e+01 -1.3258133966764081e+01 1.5173507999999999e-04 1.9661552000000001e-04
-6.5219140779068163e-01 -3.2617647209861866e+02 6.5283197542357174e-01 -4.0990990516106694e+02 -2.0284751126942865e+02 2.2353830265548165e+01 -2.7856980099089810e+01 -1.3253984114735024e+01 2.3255418000000001e-04 3.8758918999999998e-04
-6.5182767259024077e-01 -2.9196224315215119e+02 6.5292874783335131e-01 -3.7463549422328248e+02 -2.0271361937946909e+02 2.0104851101188491e+01 -2.5557656259284045e+01 -1.3247931379542964e+01 3.2689763000000001e-04 6.6622920000000002e-04
-6.5133246248405552e-01 -2.6381114154139658e+02 6.5306049938025867e-01 -3.4517379921462401e+02 -2.0253144445568122e+02 1.8248913901275120e+01 -2.3639198826792416e+01 -1.3239694848292430e+01 4.3385032000000002e-04 1.0455858000000000e-03
-6.5068982488278182e-01 -2.4002992859277217e+02 6.5323147427962180e-01 -3.1983668620020143e+02 -2.0229522930654059e+02 1.6675588216829425e+01 -2.1991317065646417e+01 -1.3229013138247153e+01 5.5265518999999999e-04 1.5378795000000000e-03
-6.4988472464154556e-01 -2.1956063005575109e+02 6.5344567265900366e-01 -2.9757413393254751e+02 -2.0199960740272257e+02 1.5315967954332526e+01 -2.0545384067733714e+01 -1.3215642008922153e+01 6.8265765000000004e-04 2.1546280000000000e-03
-6.4890293217455974e-01 -2.0169597066718109e+02 6.5370688032551072e-01 -2.7768884392390009e+02 -2.0163957241363619e+02 1.4124071513474654e+01 -1.9255800163901309e+01 -1.3199352884967581e+01 8.2327310000000005e-04 2.9067318999999999e-03
-6.4773094722007307e-01 -1.8593828859634456e+02 6.5401868904826743e-01 -2.5969461479099886e+02 -2.0121046109540396e+02 1.3067617105031655e+01 -1.8090742084480517e+01 -1.3179931973823058e+01 9.7396649000000004e-04 3.8045331000000002e-03
-6.4635594310001421e-01 -1.7192298965330400e+02 6.5438451138823794e-01 -2.4323937244132262e+02 -2.0070794384908029e+02 1.2123016845539007e+01 -1.7027137457754403e+01 -1.3157179735620717e+01 1.1342389000000000e-03 4.8578574999999999e-03
-6.4476572599167692e-01 -1.5937412237531845e+02 6.5480759153406931e-01 -2.2806041135182215e+02 -2.0012802045136857e+02 1.1272469793562550e+01 -1.6047742469461877e+01 -1.3130910590164570e+01 1.3036180000000001e-03 6.0760461999999999e-03
-6.4294870542579874e-01 -1.4807712671884320e+02 6.5529101315113025e-01 -2.1395690746614514e+02 -1.9946701993294852e+02 1.0502177862849138e+01 -1.5139347536771590e+01 -1.3100952804180103e+01 1.4816515000000000e-03 7.4679780999999997e-03
-6.4089387039783752e-01 -1.3786137220156260e+02 6.5583770573714961e-01 -2.0077225188629029e+02 -1.9872160177319483e+02 9.8012041013016482e+00 -1.4291624331627988e+01 -1.3067148462364774e+01 1.6679024999999999e-03 9.0420881999999994e-03
-6.3859077318107693e-01 -1.2858855524020680e+02 6.5645044892876936e-01 -1.8838229543989689e+02 -1.9788875996527815e+02 9.1607129929456725e+00 -1.3496358730313414e+01 -1.3029353546667021e+01 1.8619452999999999e-03 1.0806380000000001e-02
-6.3602951431458687e-01 -1.2014472716912736e+02 6.5713187649552440e-01 -1.7668724931066669e+02 -1.9696582600635881e+02 8.5734468747959678e+00 -1.2746922738547394e+01 -1.2987438015600171e+01 2.0633631000000000e-03 1.2768437000000001e-02
-6.3320073568463164e-01 -1.1243469269683126e+02 6.5788447818054674e-01 -1.6560598791971600e+02 -1.9595047485783851e+02 8.0333606460819915e+00 -1.2037902918072302e+01 -1.2941285987963123e+01 2.2717459999999998e-03 1.4935428000000001e-02
-6.3009560890665661e-01 -1.0537795047874506e+02 6.5871060279155924e-01 -1.5507189963004163e+02 -1.9484072785432929e+02 7.5353555481411618e+00 -1.1364830637339669e+01 -1.2890795815975910e+01 2.4866887000000002e-03 1.7314116000000001e-02
-6.2670583558636728e-01 -9.8905705571212224e+01 6.5961245813141456e-01 -1.4502985992019933e+02 -1.9363495908376140e+02 7.0750851434820508e+00 -1.0723983502530475e+01 -1.2835880338331169e+01 2.7077901999999999e-03 1.9910858000000000e-02
-6.2302363296038721e-01 -9.2958645029520213e+01 6.6059211481842450e-01 -1.3543390688021708e+02 -1.9233189529334282e+02 6.6488075945405853e+00 -1.0112236554812018e+01 -1.2776466816968137e+01 2.9346520999999999e-03 2.2731616000000000e-02
-6.1904174172862647e-01 -8.7485213520929591e+01 6.6165150420254415e-01 -1.2624552318536388e+02 -1.9093062269006094e+02 6.2532757940093280e+00 -9.5269488495460966e+00 -1.2712497239380520e+01 3.1668782999999998e-03 2.5781951000000001e-02
-6.1475341822191321e-01 -8.2440294074389527e+01 6.6279242044918751e-01 -1.1743225861865535e+02 -1.8943058671712248e+02 5.8856503129721798e+00 -8.9658759614864625e+00 -1.2643928307361637e+01 3.4040742000000001e-03 2.9067029000000001e-02
-6.1015242918041479e-01 -7.7784160292722262e+01 6.6401652192843830e-01 -1.0896665537822871e+02 -1.8783159139251612e+02 5.5434316730607494e+00 -8.4270984271465998e+00 -1.2570731432877686e+01 3.6458464000000000e-03 3.2591624999999999e-02
-6.0523305958600615e-01 -7.3481656775744810e+01 6.6532532913123399e-01 -1.0082541553058729e+02 -1.8613380213449358e+02 5.2244074112107333e+00 -7.9089693617597847e+00 -1.2492892834611590e+01 3.8918026000000000e-03 3.6360116999999997e-02
-5.9999010221911186e-01 -6.9501520364670043e+01 6.6672022744778681e-01 -9.2988695653328733e+01 -1.8433774031257337e+02 4.9266082856567586e+00 -7.4100688694861754e+00 -1.2410413390337851e+01 4.1415510999999999e-03 4.0376493999999999e-02
-5.9441886157489043e-01 -6.5815840795629853e+01 6.6820246612567613e-01 -8.5439558150537920e+01 -1.8244428171857035e+02 4.6482737367256144e+00 -6.9291687122713856e+00 -1.2323308591723952e+01 4.3947007000000003e-03 4.4644352999999998e-02
-5.8851515386323427e-01 -6.2399612104633114e+01 6.6977315826984807e-01 -7.8163511691566015e+01 -1.8045465158978635e+02 4.3878232200967719e+00 -6.4652030286850666e+00 -1.2231608021185615e+01 4.6508610999999997e-03 4.9166899000000000e-02
-5.8227530178719078e-01 -5.9230357450962138e+01 6.7143328223182630e-01 -7.1148123792193815e+01 -1.7837041701097777e+02 4.1438323345747143e+00 -6.0172436737331729e+00 -1.2135357039498864e+01 4.9096423000000002e-03 5.3946949000000001e-02
-5.7569614106993616e-01 -5.6287820903515147e+01 6.7318367987319894e-01 -6.4382710386132729e+01 -1.7619348137196323e+02 3.9150133781963428e+00 -5.5844805192839946e+00 -1.2034612752215834e+01 5.1706551000000002e-03 5.8986927000000001e-02
-5.6877500870622233e-01 -5.3553698202511107e+01 6.7502505969134208e-01 -5.7858055062918424e+01 -1.7392607125468064e+02 3.7001983307219288e+00 -5.1662037965289471e+00 -1.1929447355449147e+01 5.4335110000000002e-03 6.4288872999999996e-02
-5.6150975471093012e-01 -5.1011417745292533e+01 6.7695799369369591e-01 -5.1566192796026698e+01 -1.7157072976970613e+02 3.4983252420338302e+00 -4.7617904742056130e+00 -1.1819946370905202e+01 5.6978226000000002e-03 6.9854434000000007e-02
-5.5389872906512161e-01 -4.8645943295934053e+01 6.7898292087079171e-01 -4.5500203214836809e+01 -1.6913030019862271e+02 3.3084258548722527e+00 -4.3706912196954937e+00 -1.1706207751654532e+01 5.9632034000000004e-03 7.5684873999999999e-02
-5.4594078824301406e-01 -4.6443610817734132e+01 6.8110014545973785e-01 -3.9654050197969163e+01 -1.6660791484283382e+02 3.1296155434681125e+00 -3.9924206766900703e+00 -1.1588342205102716e+01 6.2292681999999997e-03 8.1781068999999998e-02
-5.3763528999040033e-01 -4.4391983037418555e+01 6.8330983833343106e-01 -3.4022433143056283e+01 -1.6400697863263252e+02 2.9610843386671224e+00 -3.6265479601546011e+00 -1.1466472409315582e+01 6.4956331999999999e-03 8.8143510999999994e-02
-5.2898209332464985e-01 -4.2479723917818760e+01 6.8561203700055584e-01 -2.8600662383887325e+01 -1.6133115334497279e+02 2.8020892069611207e+00 -3.2726890813490144e+00 -1.1340732347210938e+01 6.7619166000000000e-03 9.4772308000000000e-02
-5.1998155070233953e-01 -4.0696487702618455e+01 6.8800664768940067e-01 -2.3384546568080879e+01 -1.5858433832718998e+02 2.6519472388808079e+00 -2.9304999416123114e+00 -1.1211266753552215e+01 7.0277381999999996e-03 1.0166719000000000e-01
-5.1063450671385913e-01 -3.9032822301413063e+01 6.9049344569516047e-01 -1.8370298248180191e+01 -1.5577065228612699e+02 2.5100297688432067e+00 -2.5996705180138138e+00 -1.1078230476478215e+01 7.2927204000000001e-03 1.0882751000000000e-01
-5.0094231635893793e-01 -3.7480086643945754e+01 6.9307207051769981e-01 -1.3554461507432036e+01 -1.5289441970725412e+02 2.3757574467680738e+00 -2.2799204179347012e+00 -1.0941787992394714e+01 7.5564877000000004e-03 1.1625223000000000e-01
-4.9090680719019691e-01 -3.6030368847598794e+01 6.9574203593332928e-01 -8.9338201821317682e+00 -1.4996014048443195e+02 2.2485950946080391e+00 -1.9709931267342475e+00 -1.0802112552155970e+01 7.8186677999999999e-03 1.2393994999999999e-01
-4.8053027670235970e-01 -3.4676419657998920e+01 6.9850273068941071e-01 -4.5053374715448600e+00 -1.4697246898334572e+02 2.1280477004253022e+00 -1.6726522485570550e+00 -1.0659384783205537e+01 8.0788911000000008e-03 1.3188891000000000e-01
-4.6981553149409444e-01 -3.3411597788101602e+01 7.0135340808527813e-01 -2.6611939815509822e-01 -1.4393620500887567e+02 2.0136572751782968e+00 -1.3846792733799054e+00 -1.0513793176793341e+01 8.3367917000000003e-03 1.4009695999999999e-01
-4.5876583505222451e-01 -3.2229809290564802e+01 7.0429319986434313e-01 3.7866541212058769e+00 -1.4085625773059479e+02 1.9049989850196432e+00 -1.1068691059680911e+00 -1.0365532297541883e+01 8.5920070000000005e-03 1.4856159999999999e-01
-4.4738493385962314e-01 -3.1125463004642612e+01 7.0732110926804248e-01 7.6557587135911715e+00 -1.3773763220600898e+02 1.8016785491823593e+00 -8.3902823023080664e-01 -1.0214802467838606e+01 8.8441787999999997e-03 1.5727996000000000e-01
-4.3567703128731888e-01 -3.0093424859429831e+01 7.1043601798189027e-01 1.1343968647552231e+01 -1.3458540084413892e+02 1.7033293903370574e+00 -5.8097185505015381e-01 -1.0061808658911097e+01 9.0929527999999999e-03 1.6624881999999999e-01
-4.2364678759449548e-01 -2.9128979278807961e+01 7.1363668613547859e-01 1.4854084186755472e+01 -1.3140468278698748e+02 1.6096103044054333e+00 -3.3252201833964246e-01 -9.9067597430990961e+00 9.3379794999999995e-03 1.7546460999999999e-01
-4.1129930687454475e-01 -2.8227793621658414e+01 7.1692175577550332e-01 1.8188958846814920e+01 -1.2820061981522744e+02 1.5202032486003665e+00 -9.3505684654726196e-02 -9.7498675234917798e+00 9.5789143999999993e-03 1.8492342000000001e-01
-3.9864017621690834e-01 -2.7385889587088410e+01 7.2028974044668503e-01 2.1351508398187576e+01 -1.2497836586790731e+02 1.4348116882796429e+00 1.3624596246359832e-01 -9.5913466034423145e+00 9.8154178999999998e-03 1.9462097000000000e-01
-3.8567540043734116e-01 -2.6599609535027820e+01 7.2373904255690147e-01 2.4344744290372411e+01 -1.2174304928744273e+02 1.3531583692604368e+00 3.5689999961822338e-01 -9.4314126863076737e+00 1.0047156000000000e-02 2.0455266000000000e-01
-3.7241138902396448e-01 -2.5865591412786092e+01 7.2726795685021317e-01 2.7171785601188915e+01 -1.1849975599324871e+02 1.2749836996673085e+00 5.6862280590858028e-01 -9.2702817869280949e+00 1.0273801000000001e-02 2.1471357999999999e-01
-3.5885502140700187e-01 -2.5180749305248249e+01 7.3087465304173183e-01 2.9835853304372467e+01 -1.1525351698178814e+02 1.2000446934211748e+00 7.7157996969464770e-01 -9.1081703042264959e+00 1.0495031000000000e-02 2.2509846000000000e-01
-3.4501356863509591e-01 -2.4542247526491344e+01 7.3455719665577890e-01 3.2340292341957586e+01 -1.1200928159430289e+02 1.1281131632468209e+00 9.6593811974464439e-01 -8.9452934016777839e+00 1.0710529999999999e-02 2.3570173000000000e-01
-3.3089470642925517e-01 -2.3947483099125165e+01 7.3831354555285844e-01 3.4688571821358046e+01 -1.0877189928097548e+02 1.0589746100889419e+00 1.1518652637857736e+00 -8.7818645209109860e+00 1.0919989999999999e-02 2.4651751000000000e-01
-3.1650652823680159e-01 -2.3394069149331024e+01 7.4214154645663166e-01 3.6884280678512134e+01 -1.0554610785067055e+02 9.9242715266772763e-01 1.3295309833488511e+00 -8.6180949186179987e+00 1.1123108000000000e-02 2.5753959999999998e-01
-3.0185750606952877e-01 -2.2879817690176235e+01 7.4603894537299520e-01 3.8931134057890205e+01 -1.0233651100329142e+02 9.2828031181977588e-01 1.4991073635303012e+00 -8.4541926151874840e+00 1.1319591000000000e-02 2.6876150999999998e-01
-2.8695647744975428e-01 -2.2402725477521766e+01 7.5000339106310798e-01 4.0832969409232348e+01 -9.9147561262619732e+01 8.6635401617196495e-01 1.6607690596454712e+00 -8.2903617347904639e+00 1.1509152000000000e-02 2.8017647000000001e-01
-2.7181265846426744e-01 -2.1960961920981504e+01 7.5403243157036459e-01 4.2593738522359331e+01 -9.5983551585861832e+01 8.0647778544235948e-01 1.8146933756096846e+00 -8.1268021611041750e+00 1.1691511000000000e-02 2.9177742000000001e-01
-2.5643565681827635e-01 -2.1552857938635530e+01 7.5812351074736906e-01 4.4217499439851437e+01 -9.2848607710517342e+01 7.4848994675769787e-01 1.9610601285178411e+00 -7.9637091685510830e+00 1.1866398000000000e-02 3.0355700000000002e-01
-2.4083536740382944e-01 -2.1176892932739314e+01 7.6227399604014556e-01 4.5708419237922840e+01 -8.9746656945282567e+01 6.9223647676091793e-01 2.1000525777235923e+00 -7.8012719067465506e+00 1.2033550000000000e-02 3.1550762999999998e-01
-2.2502206367744670e-01 -2.0831688264085731e+01 7.6648115417695428e-01 4.7070753304420990e+01 -8.6681439312767196e+01 6.3757064601883340e-01 2.2318638110644002e+00 -7.6396740507390781e+00 1.2192715000000000e-02 3.2762143999999999e-01
-2.0900633239038319e-01 -2.0515997327467616e+01 7.7074216853342248e-01 4.8308841784584381e+01 -8.3656488380614533e+01 5.8435210685387817e-01 2.3566599145435014e+00 -7.4790926156930437e+00 1.2343646000000000e-02 3.3989032000000002e-01
-1.9279908664257633e-01 -2.0228698639668110e+01 7.7505413565951908e-01 4.9427096258029678e+01 -8.0675128050904391e+01 5.3244631123913910e-01 2.4746541476360275e+00 -7.3196981550721079e+00 1.2486109000000000e-02 3.5230591000000000e-01
-1.7641151366685670e-01 -1.9968788547495571e+01 7.7941407917165928e-01 5.0429991719891810e+01 -7.7740459964572352e+01 4.8172375100897091e-01 2.5860323512370025e+00 -7.1616536654154777e+00 1.2619877000000000e-02 3.6485963999999999e-01
-1.5985511399078978e-01 -1.9735376303020317e+01 7.8381893933362579e-01 5.1322050668680234e+01 -7.4855367687112746e+01 4.3205951825414635e-01 2.6909897904139637e+00 -7.0051149656281950e+00 1.2744734000000001e-02 3.7754270000000001e-01
-1.4314166227483449e-01 -1.9527678844396398e+01 7.8826558347564812e-01 5.2107833045034873e+01 -7.2022509835753951e+01 3.8333264292688196e-01 2.7897234176743115e+00 -6.8502301467716240e+00 1.2860473000000001e-02 3.9034606999999999e-01
-1.2628318120444793e-01 -1.9345014766425876e+01 7.9275081294045491e-01 5.2791924277261899e+01 -6.9244315281307863e+01 3.3542549720386317e-01 2.8824317967383317e+00 -6.6971391667172107e+00 1.2966896000000000e-02 4.0326054000000000e-01
-1.0929196759798088e-01 -1.9186804355471700e+01 7.9727135613722133e-01 5.3378920794186577e+01 -6.6522989112141545e+01 2.8822337216166394e-01 2.9693143956305486e+00 -6.5459746124716345e+00 1.3063819000000001e-02 4.1627669000000000e-01
-9.2180514082993215e-02 -1.9052562842809944e+01 8.0182388937972748e-01 5.3873420703709947e+01 -6.3860503137914492e+01 2.4161376653357058e-01 3.0505716337034241e+00 -6.3968593927343012e+00 1.3151064000000001e-02 4.2938494999999999e-01
-7.4961587419937747e-02 -1.8941900512282174e+01 8.0640501604819981e-01 5.4280007415503761e+01 -6.1258612064520648e+01 1.9548611277598771e-01 3.1264040647415183e+00 -6.2499098725676667e+00 1.3228465999999999e-02 4.4257553999999999e-01
-5.7648124070582618e-02 -1.8854519979912119e+01 8.1101129437352226e-01 5.4603241991550114e+01 -5.8718842205646439e+01 1.4973106128051106e-01 3.1970124332344363e+00 -6.1052330713737861e+00 1.3295871000000001e-02 4.5583855000000001e-01
-4.0253282413799663e-02 -1.8790215695721844e+01 8.1563922354513074e-01 5.4847647356380421e+01 -5.6242505457643766e+01 1.0424008326790168e-01 3.2625969445891334e+00 -5.9629280841851271e+00 1.3353135000000000e-02 4.6916390000000002e-01
-2.2790377475828238e-02 -1.8748873335502974e+01 8.2028526107614508e-01 5.5017700755360082e+01 -5.3830696753614184e+01 5.8904864790955802e-02 3.3233571738186147e+00 -5.8230855748326560e+00 1.3400123999999999e-02 4.8254139000000001e-01
-5.2729070381698495e-03 -1.8730470216470099e+01 8.2494581585731575e-01 5.5117821269091927e+01 -5.1484305343294082e+01 1.3616895554314334e-02 3.3794914887245877e+00 -5.6857881663332748e+00 1.3436718000000000e-02 4.9596067999999999e-01
1.2285500578201103e-02 -1.8735076299231565e+01 8.2961726204913044e-01 5.5152359617845633e+01 -4.9204016392465078e+01 -3.1733203811217137e-02 3.4311968308219707e+00 -5.5511102693828569e+00 1.3462807000000000e-02 5.0941133000000005e-01
2.9871034297047960e-02 -1.8762855766788366e+01 8.3429592518970697e-01 5.5125589778811602e+01 -4.6990326645192724e+01 -7.7255982261241862e-02 3.4786681431102151e+00 -5.4191187443565614e+00 1.3478291000000000e-02 5.2288276000000000e-01
4.7469817772397671e-02 -1.8814069545380054e+01 8.3897811345203199e-01 5.5041699327195644e+01 -4.4843538963511676e+01 -1.2306406823548377e-01 3.5220983930025938e+00 -5.2898722691904414e+00 1.3483083000000000e-02 5.3636434000000000e-01
6.5067844118804397e-02 -1.8889078429775097e+01 8.4366010027882865e-01 5.4904781657297200e+01 -4.2763781257781616e+01 -1.6927248645412762e-01 3.5616779157336973e+00 -5.1634222359628446e+00 1.3477108000000000e-02 5.4984533999999996e-01
8.2651002019243913e-02 -1.8988347019982147e+01 8.4833813132860891e-01 5.4718829240599213e+01 -4.0751013463176129e+01 -2.1599935807587656e-01 3.5975942132738594e+00 -5.0398127028703845e+00 1.3460300999999999e-02 5.6331494999999998e-01
1.0020511488695527e-01 -1.9112448749253272e+01 8.5300843489475331e-01 5.4487726352768732e+01 -3.8805033686907109e+01 -2.6336656692246052e-01 3.6300317136173779e+00 -4.9190806871739206e+00 1.3432611000000001e-02 5.7676231000000000e-01
1.1771596697333586e-01 -1.9262071844250233e+01 8.5766722885156299e-01 5.4215242998763237e+01 -3.6925486636513618e+01 -3.1150056625829259e-01 3.6591714972331477e+00 -4.8012562209857395e+00 1.3393997000000000e-02 5.9017653000000003e-01
1.3516926420609920e-01 -1.9438025980563431e+01 8.6231071023518124e-01 5.3905031767683440e+01 -3.5111879697969435e+01 -3.6053293573177791e-01 3.6851909728972760e+00 -4.6863630536959011e+00 1.3344429999999999e-02 6.0354666000000001e-01
1.5255068640506442e-01 -1.9641250255867071e+01 8.6693506913569873e-01 5.3560621668367617e+01 -3.3363587712839426e+01 -4.1060130911223369e-01 3.7082637048308613e+00 -4.5744186638026756e+00 1.3283893999999999e-02 6.1686173000000000e-01
1.6984593949794513e-01 -1.9872823522299786e+01 8.7153650258925830e-01 5.3185424099321473e+01 -3.1679860192204895e+01 -4.6185037005046514e-01 3.7285592851673641e+00 -4.4654343674616008e+00 1.3212384000000001e-02 6.3011079000000003e-01
1.8704067719666551e-01 -2.0133974092775730e+01 8.7611119373989810e-01 5.2782673396059941e+01 -3.0059840068527738e+01 -5.1443254563813146e-01 3.7462429157527088e+00 -4.3594162102310303e+00 1.3129907000000000e-02 6.4328284999999996e-01
2.0412059237499214e-01 -2.0426092698713248e+01 8.8065533615073477e-01 5.2355574114972839e+01 -2.8502565889480579e+01 -5.6850928488402264e-01 3.7614755529914596e+00 -4.2563647838726117e+00 1.3036481000000001e-02 6.5636695000000000e-01
2.2107143012248032e-01 -2.0750747230670314e+01 8.8516513727699075e-01 5.1907091878788876e+01 -2.7006982347285856e+01 -6.2425223063416557e-01 3.7744135710458582e+00 -4.1562756332085407e+00 1.2932137999999999e-02 6.6935217000000002e-01
2.3787894858263292e-01 -2.1109698158637393e+01 8.8963680804691447e-01 5.1440114587796913e+01 -2.5571954462625001e+01 -6.8184433200368666e-01 3.7852086701781436e+00 -4.0591398540760775e+00 1.2816919000000000e-02 6.8222760000000005e-01
2.5452899727658351e-01 -2.1504918380711693e+01 8.9406658369993919e-01 5.0957384692136081e+01 -2.4196271447308458e+01 -7.4148148920639056e-01 3.7940078531130417e+00 -3.9649440720512166e+00 1.2690879000000000e-02 6.9498240000000000e-01
2.7100749099520249e-01 -2.1938613788077223e+01 8.9845071684062960e-01 5.0461511897400364e+01 -2.2878662074577960e+01 -8.0337401188439406e-01 3.8009532805941975e+00 -3.8736710203918063e+00 1.2554085000000000e-02 7.0760577999999996e-01
2.8730042285304414e-01 -2.2413247734703777e+01 9.0278548091170885e-01 4.9954974712470310e+01 -2.1617793432530782e+01 -8.6774839591171149e-01 3.8061822766228000e+00 -3.7852998534130817e+00 1.2406611999999999e-02 7.2008700999999997e-01
3.0339392955808242e-01 -2.2931570445367448e+01 9.0706718755918958e-01 4.9440119956390753e+01 -2.0412288540018778e+01 -9.3484952839419322e-01 3.8098272358487235e+00 -3.6998062065183537e+00 1.2248551000000000e-02 7.3241546999999996e-01
3.1927425224987027e-01 -2.3496649828677722e+01 9.1129217621329572e-01 4.8919166468344528e+01 -1.9260739895940809e+01 -1.0049427554968187e+00 3.8120156415571875e+00 -3.6171628084506424e+00 1.2080001999999999e-02 7.4458062000000003e-01
3.3492776260743296e-01 -2.4111908534832441e+01 9.1545682103451442e-01 4.8394207503577192e+01 -1.8161696445456329e+01 -1.0783164761191431e+00 3.8128700764147956e+00 -3.5373397131338891e+00 1.1901076999999999e-02 7.5657202000000001e-01
3.5034098895716359e-01 -2.4781166833179370e+01 9.1955753785964911e-01 4.7867212926223814e+01 -1.7113692843912975e+01 -1.1552851109211244e+00 3.8125082172232103e+00 -3.4603045760747064e+00 1.1711898000000000e-02 7.6837935000000002e-01
3.6550065543466470e-01 -2.5508692887736938e+01 9.2359079462089855e-01 4.7340031626998105e+01 -1.6115243466420765e+01 -1.2361925520783059e+00 3.8110428700519083e+00 -3.3860227673598886e+00 1.1512599000000000e-02 7.7999244000000001e-01
3.8039361671501171e-01 -2.6299255571648988e+01 9.2755309398072505e-01 4.6814397023540842e+01 -1.5164857144645772e+01 -1.3214155551378624e+00 3.8085819925960411e+00 -3.3144581059466649e+00 1.1303326000000001e-02 7.9140122000000002e-01
3.9500698855222582e-01 -2.7158195932356772e+01 9.3144100806211783e-01 4.6291928092066897e+01 -1.4261035446393910e+01 -1.4113687376473014e+00 3.8052288636299503e+00 -3.2455725467124186e+00 1.1084235000000000e-02 8.0259581999999996e-01
4.0932803029374898e-01 -2.8091495697549846e+01 9.3525114719135649e-01 4.5774136534769227e+01 -1.3402287355948017e+01 -1.5065088527328818e+00 3.8010819838419545e+00 -3.1793270655956150e+00 1.0855490000000001e-02 8.1356647999999998e-01
4.2334426236596800e-01 -2.9105872738421652e+01 9.3898019115524689e-01 4.5262427770691616e+01 -1.2587127985340000e+01 -1.6073412207842037e+00 3.7962352674018258e+00 -3.1156814843223306e+00 1.0617270000000000e-02 8.2430364000000000e-01
4.3704344016632168e-01 -3.0208881752123734e+01 9.4262488225507002e-01 4.4758106545525571e+01 -1.1814086478335957e+01 -1.7144262793678964e+00 3.7907780979533259e+00 -3.0545946905328214e+00 1.0369760000000000e-02 8.3479791999999997e-01
4.5041356711724756e-01 -3.1409036491686997e+01 9.4618202877960711e-01 4.4262381269570753e+01 -1.1081710521064347e+01 -1.8283874827233637e+00 3.7847954238604360e+00 -2.9960251699653133e+00 1.0113159000000000e-02 8.4504013000000000e-01
4.6344290772012853e-01 -3.2715953195912135e+01 9.4964850847816662e-01 4.3776368289048854e+01 -1.0388570856012526e+01 -1.9499205839095082e+00 3.7783678746891018e+00 -2.9399309800861553e+00 9.8476710000000005e-03 8.5502127999999999e-01
4.7611998755529350e-01 -3.4140519295076729e+01 9.5302126856058411e-01 4.3301096899064142e+01 -9.7332658567682913e+00 -2.0798044426146460e+00 3.7715718649305638e+00 -2.8862702574899619e+00 9.5735140000000000e-03 8.6473257999999997e-01
4.8843365855175391e-01 -3.5695100831514118e+01 9.5629734306235381e-01 4.2837512351867979e+01 -9.1144224082197951e+00 -2.2189145585585459e+00 3.7644796824071158e+00 -2.8350008712400658e+00 9.2909130999999992e-03 8.7416548999999999e-01
5.0037303371746722e-01 -3.7393778245505779e+01 9.5947383547949738e-01 4.2386482406245001e+01 -8.5307032197015182e+00 -2.3682377826777881e+00 3.7571596763091564e+00 -2.7860811697512062e+00 9.0001030000000006e-03 8.8331166999999999e-01
5.1192756546301976e-01 -3.9252644084013397e+01 9.6254793960672103e-01 4.1948799569881814e+01 -7.9808064278608821e+00 -2.5288916818382097e+00 3.7496762243837698e+00 -2.7394697958259719e+00 8.7013270999999996e-03 8.9216304000000002e-01
5.2308700643978634e-01 -4.1290150696790320e+01 9.6551692911833764e-01 4.1525187727277526e+01 -7.4634707911713631e+00 -2.7021464480170874e+00 3.7420900774599000e+00 -2.6951260730257207e+00 8.3948374000000006e-03 9.0071175000000003e-01
5.3384147480966582e-01 -4.3527551334826526e+01 9.6837817493339795e-01 4.1116303131044127e+01 -6.9774753886146561e+00 -2.8894531766154810e+00 3.7344582799097856e+00 -2.6530099297348655e+00 8.0808944000000001e-03 9.0895022999999997e-01
5.4418140202929188e-01 -4.5989419855316768e+01 9.7112913132358480e-01 4.0722745768826456e+01 -6.5216449446640885e+00 -3.0924766730559332e+00 3.7268344073247341e+00 -2.6130822859279776e+00 7.7597663000000001e-03 9.1687114999999997e-01
5.5409758506582296e-01 -4.8704318193858434e+01 9.7376734980531943e-01 4.0345052818559445e+01 -6.0948490660351569e+00 -3.3131380263467691e+00 3.7192686493057980e+00 -2.5753050302563523e+00 7.4317293999999999e-03 9.2446746000000002e-01
5.6358119945088814e-01 -5.1705625746336047e+01 9.7629048261278684e-01 3.9983711413847544e+01 -5.6960044961115157e+00 -3.5536673373402174e+00 3.7118079213674537e+00 -2.5396411291813732e+00 7.0970672000000004e-03 9.3173240000000002e-01
5.7262377317269419e-01 -5.5032577191442435e+01 9.7869627575188378e-01 3.9639159544876954e+01 -5.3240775926338886e+00 -3.8166695361199183e+00 3.7044960143469181e+00 -2.5060548588635356e+00 6.7560703000000000e-03 9.3865947999999999e-01
5.8121725194576102e-01 -5.8731627133105320e+01 9.8098258636535041e-01 3.9311788402460884e+01 -4.9780833410845471e+00 -4.1052114684479299e+00 3.6973736585754087e+00 -2.4745117166315627e+00 6.4090362999999996e-03 9.4524253000000003e-01
5.8935392088723781e-01 -6.2858163335102347e+01 9.8314736189461183e-01 3.9001949470387274e+01 -4.6570899162813619e+00 -4.4229305096117262e+00 3.6904787213299701e+00 -2.4449788231471850e+00 6.0562691999999996e-03 9.5147563999999996e-01
5.9702653505637726e-01 -6.7478873785278168e+01 9.8518867481004224e-01 3.8709952717176776e+01 -4.3602143469950301e+00 -4.7741861970441537e+00 3.6838462005400014e+00 -2.4174245734505511e+00 5.6980790999999996e-03 9.5735325999999998e-01
6.0422818891506069e-01 -7.2674773100778140e+01 9.8710468788070060e-01 3.8436075874046224e+01 -4.0866289079731946e+00 -5.1642529924094376e+00 3.6775084752328659e+00 -2.3918192034608849e+00 5.3347821999999998e-03 9.6287009999999995e-01
6.1095244686727224e-01 -7.8545540380779599e+01 9.8889368890459473e-01 3.8180562129938181e+01 -3.8355570548918245e+00 -5.5995979773349243e+00 3.6714952026493135e+00 -2.3681344310942856e+00 4.9667000000000001e-03 9.6802122999999995e-01
6.1719325188146823e-01 -8.5215404166432933e+01 9.9055406639749677e-01 3.7943627076990417e+01 -3.6062776519818129e+00 -6.0882582379756585e+00 3.6658334900079352e+00 -2.3463438573654143e+00 4.5941591999999996e-03 9.7280200999999999e-01
6.2294502992215395e-01 -9.2841838279836779e+01 9.9208433737715396e-01 3.7725457528556191e+01 -3.3981210689025110e+00 -6.6404000957320415e+00 3.6605484170432527e+00 -2.3264226987991425e+00 4.2174915999999996e-03 9.7720817000000004e-01
6.2820258551830666e-01 -1.0162821728794492e+02 9.9348311957907764e-01 3.7526218002427946e+01 -3.2104741138688380e+00 -7.2691331835563169e+00 3.6556624606810151e+00 -2.3083482062635134e+00 3.8370333000000002e-03 9.8123572999999997e-01
6.3296120619495322e-01 -1.1184365597772478e+02 9.9474915924075424e-01 3.7346049847091550e+01 -3.0427762936230267e+00 -7.9917919105793001e+00 3.6511955122801294e+00 -2.2920993795613454e+00 3.4531249000000000e-03 9.8488107999999996e-01
6.3721662331132900e-01 -1.2385480620768489e+02 9.9588132068256641e-01 3.7185074201277516e+01 -2.8945218618582382e+00 -8.8319917228248261e+00 3.6471657345213027e+00 -2.2776571524635458e+00 3.0661112999999999e-03 9.8814095000000002e-01
6.4096498595298201e-01 -1.3818006547447490e+02 9.9687857936173985e-01 3.7043395614658088e+01 -2.7652607260550064e+00 -9.8231419122146981e+00 3.6435890428323225e+00 -2.2650045502414669e+00 2.6763420000000000e-03 9.9101238999999997e-01
6.4420293925545824e-01 -1.5558934703444288e+02 9.9774004271050165e-01 3.6921100564944531e+01 -2.6545960168593306e+00 -1.1014925393334078e+01 3.6404792572546931e+00 -2.2541264475213447e+00 2.2841723000000002e-03 9.9349282999999999e-01
6.4692759829640556e-01 -1.7730454848499573e+02 9.9846494319002810e-01 3.6818260292530148e+01 -2.5621851954106423e+00 -1.2486335663966043e+01 3.6378481685377233e+00 -2.2450097153938184e+00 1.8899688000000000e-03 9.9558005999999999e-01
6.4913653504162760e-01 -2.0545968099569438e+02 9.9905263481741713e-01 3.6734932607029933e+01 -2.4877404966789842e+00 -1.4375650857239929e+01 3.6357056137935304e+00 -2.2376432792060914e+00 1.4941295000000000e-03 9.9727222000000004e-01
6.5082796110034469e-01 -2.4439773379246682e+02 9.9950264178805859e-01 3.6671156083468169e+01 -2.4310230071998564e+00 -1.6965009777977855e+01 3.6340593293756465e+00 -2.2320175611013426e+00 1.0971916000000000e-03 9.9856794000000004e-01
6.5200122377519243e-01 -3.0597923995603037e+02 9.9981479045063471e-01 3.6626932399449821e+01 -2.3918261907138243e+00 -2.1026960478443009e+01 3.6329145004969319e+00 -2.2281228440190448e+00 7.0085733000000002e-04 9.9946672000000003e-01
