-7.8847806193190617e-01 -4.2466830958774176e+02 7.8847989171580424e-01 -4.9888781011568017e+02 -1.1607037660067353e+02 2.7823834457757595e+01 -3.2627010953083698e+01 -7.5114743615897721e+00 5.5301730000000003e-06 1.0230946000000001e-06
-7.8844825609067237e-01 -3.1500764393892416e+02 7.8848388962558735e-01 -3.8918531345572381e+02 -1.1606878879777295e+02 2.0726465278605659e+01 -2.5527716521254330e+01 -7.5114028887212854e+00 3.5894988000000002e-05 1.9923924999999999e-05
-7.8835474407275752e-01 -2.6410227960034598e+02 7.8849643255662982e-01 -3.3817115945640040e+02 -1.1606380738018214e+02 1.7430399067089116e+01 -2.2226624716799861e+01 -7.5111786556815439e+00 8.5619985000000003e-05 7.9222864999999994e-05
-7.8816962062776097e-01 -2.3067813959011630e+02 7.8852126348913165e-01 -3.0455990804138816e+02 -1.1605394628708602e+02 1.5264445092613261e+01 -2.0051991434915202e+01 -7.5107347647149991e+00 1.5173507999999999e-04 1.9661552000000001e-04
-7.8786846291313206e-01 -2.0583334485507518e+02 7.8856165830181713e-01 -2.7944364816988730e+02 -1.1603790574804906e+02 1.3652448633738418e+01 -1.8427335717564887e+01 -7.5100126959024989e+00 2.3255418000000001e-04 3.8758918999999998e-04
-7.8742905894390547e-01 -1.8612347798814221e+02 7.8862059632720383e-01 -2.5937477656084644e+02 -1.1601450491895518e+02 1.2371490929987180e+01 -1.7129597808267032e+01 -7.5089592730859325e+00 3.2689763000000001e-04 6.6622920000000002e-04
-7.8683082900631574e-01 -1.6984854487325222e+02 7.8870083795840895e-01 -2.4265250028902443e+02 -1.1598265165761239e+02 1.1311577564978652e+01 -1.6048705537192401e+01 -7.5075252950782581e+00 4.3385032000000002e-04 1.0455858000000000e-03
-7.8605450185284886e-01 -1.5604289785302026e+02 7.8880496808167555e-01 -2.2831142399860170e+02 -1.1594132573465805e+02 1.0410244551741092e+01 -1.5122188962357736e+01 -7.5056647772919884e+00 5.5265518999999999e-04 1.5378795000000000e-03
-7.8508191453879239e-01 -1.4410414170936437e+02 7.8893542292464736e-01 -2.1575059364968223e+02 -1.1588956874664537e+02 9.6285620583815223e+00 -1.4311159683358545e+01 -7.5033344919963447e+00 6.8265765000000004e-04 2.1546280000000000e-03
-7.8389587726104892e-01 -1.3363059146557441e+02 7.8909450818577553e-01 -2.0457042859809161e+02 -1.1582647748595301e+02 8.9405936312510583e+00 -1.3589758446655040e+01 -7.5004936645441607e+00 8.2327310000000005e-04 2.9067318999999999e-03
-7.8248008126371016e-01 -1.2434045190064077e+02 7.8928441138710614e-01 -1.9449178290100170e+02 -1.1575119967090089e+02 8.3281673796652083e+00 -1.2939917782300034e+01 -7.4971037737685480e+00 9.7396649000000004e-04 3.8045331000000002e-03
-7.8081903150189280e-01 -1.1602799349567758e+02 7.8950721090619758e-01 -1.8531198154177798e+02 -1.1566293086246949e+02 7.7780375188088788e+00 -1.2348517253490614e+01 -7.4931284117445047e+00 1.1342389000000000e-03 4.8578574999999999e-03
-7.7889799744060695e-01 -1.0853809871086970e+02 7.8976488257555466e-01 -1.7687926794035914e+02 -1.1556091253649312e+02 7.2802353549412082e+00 -1.1805729535297013e+01 -7.4885331870662135e+00 1.3036180000000001e-03 6.0760461999999999e-03
-7.7670297741547434e-01 -1.0175065475634393e+02 7.9005930446298833e-01 -1.6907704101939780e+02 -1.1544443072198821e+02 6.8270578578029681e+00 -1.1304005191756358e+01 -7.4832856605229514e+00 1.4816515000000000e-03 7.4679780999999997e-03
-7.7422066977437243e-01 -9.5570538617420723e+01 7.9039226074243729e-01 -1.6181419530419126e+02 -1.1531281505134014e+02 6.4124186612385285e+00 -1.0837420559631003e+01 -7.4773552959724059e+00 1.6679024999999999e-03 9.0420881999999994e-03
-7.7143845332313843e-01 -8.9920971875390919e+01 7.9076544431682028e-01 -1.5501720500589036e+02 -1.1516543829159008e+02 6.0314168082371227e+00 -1.0401243899978322e+01 -7.4707134340948347e+00 1.8619452999999999e-03 1.0806380000000001e-02
-7.6834436919053706e-01 -8.4738948297041389e+01 7.9118045925051961e-01 -1.4862743473674996e+02 -1.1500171585997516e+02 5.6800405553041804e+00 -9.9916370858668007e+00 -7.4633332677028550e+00 2.0633631000000000e-03 1.2768437000000001e-02
-7.6492711247037548e-01 -7.9972005017460035e+01 7.9163882189043888e-01 -1.4259616204212122e+02 -1.1482110595375551e+02 5.3549591028890644e+00 -9.6054458169419146e+00 -7.4551898388616129e+00 2.2717459999999998e-03 1.4935428000000001e-02
-7.6117601818656544e-01 -7.5575980327779590e+01 7.9214196274853388e-01 -1.3688305493302121e+02 -1.1462310920375810e+02 5.0533711619399231e+00 -9.2400471539304920e+00 -7.4462600234613223e+00 2.4866887000000002e-03 1.7314116000000001e-02
-7.5708106160851518e-01 -7.1513196459308631e+01 7.9269122645950874e-01 -1.3145428748994547e+02 -1.1440726914405028e+02 4.7728979864896335e+00 -8.8932384556031199e+00 -7.4365225461428670e+00 2.7077901999999999e-03 1.9910858000000000e-02
-7.5263284090457616e-01 -6.7751240993827835e+01 7.9328787410753920e-01 -1.2628122640236197e+02 -1.1417317167582719e+02 4.5114933830357558e+00 -8.5631523865961068e+00 -7.4259579528944020e+00 2.9346520999999999e-03 2.2731616000000000e-02
-7.4782258660379963e-01 -6.4261999092194912e+01 7.9393308195715095e-01 -1.2133945665452292e+02 -1.1392044588016805e+02 4.2673877832575320e+00 -8.2481942412603608e+00 -7.4145486471021957e+00 3.1668782999999998e-03 2.5781951000000001e-02
-7.4264215213418028e-01 -6.1020883200604786e+01 7.9462794272234127e-01 -1.1660801340485349e+02 -1.1364876380722775e+02 4.0390360002891113e+00 -7.9469919088669627e+00 -7.4022788737520182e+00 3.4040742000000001e-03 2.9067029000000001e-02
-7.3708400751481895e-01 -5.8006253804277222e+01 7.9537346641266060e-01 -1.1206877649249492e+02 -1.1335784035861391e+02 3.8250794774780088e+00 -7.6583569552325041e+00 -7.3891347138965218e+00 3.6458464000000000e-03 3.2591624999999999e-02
-7.3114124881767850e-01 -5.5198953613125319e+01 7.9617057906409039e-01 -1.0770600849605795e+02 -1.1304743393639006e+02 3.6243166815656718e+00 -7.3812547826002115e+00 -7.3751041157604265e+00 3.8918026000000000e-03 3.6360116999999997e-02
-7.2480758555190938e-01 -5.2581927348917844e+01 7.9702012443120573e-01 -1.0350596265845780e+02 -1.1271734587932806e+02 3.4356784518545949e+00 -7.1147793788493257e+00 -7.3601768663363636e+00 4.1415510999999999e-03 4.0376493999999999e-02
-7.1807734539472734e-01 -5.0139922645302931e+01 7.9792286335261475e-01 -9.9456582334819572e+01 -1.1236742073095112e+02 3.2582087499885768e+00 -6.8581338494191035e+00 -7.3443446030113408e+00 4.3947007000000003e-03 4.4644352999999998e-02
-7.1094547419141374e-01 -4.7859242272320067e+01 7.9887947375095791e-01 -9.5547224075585575e+01 -1.1199754619851724e+02 3.0910486406213211e+00 -6.6106142803747527e+00 -7.3276008154388803e+00 4.6508610999999997e-03 4.9166899000000000e-02
-7.0340752964747777e-01 -4.5727537473287938e+01 7.9989055147899002e-01 -9.1768553341255753e+01 -1.1160765272438947e+02 2.9334231596958156e+00 -6.3715961639101391e+00 -7.3099408236513579e+00 4.9096423000000002e-03 5.3946949000000001e-02
-6.9545968921345369e-01 -4.3733641140685990e+01 8.0095660926197798e-01 -8.8112217647494916e+01 -1.1119771371320543e+02 2.7846304419251267e+00 -6.1405238227754362e+00 -7.2913617935198518e+00 5.1706551000000002e-03 5.8986927000000001e-02
-6.8709873589226600e-01 -4.1867420912604658e+01 8.0207807860138414e-01 -8.4570807373099456e+01 -1.1076774449272165e+02 2.6440325127220210e+00 -5.9169012230681233e+00 -7.2718655760039619e+00 5.4335110000000002e-03 6.4288872999999996e-02
-6.7832207243186438e-01 -4.0119662477258856e+01 8.0325530787118327e-01 -8.1137711673913543e+01 -1.1031780278013342e+02 2.5110477810034335e+00 -5.7002821062289026e+00 -7.2514471819079933e+00 5.6978226000000002e-03 6.9854434000000007e-02
-6.6912770555562973e-01 -3.8481963536710808e+01 8.0448856443306593e-01 -7.7807013538076546e+01 -1.0984755840661808e+02 2.3851443604213238e+00 -5.4902684222398044e+00 -7.2301120766098892e+00 5.9632034000000004e-03 7.5684873999999999e-02
-6.5951425384717066e-01 -3.6946647984517824e+01 8.0577803357883648e-01 -7.4573406142427416e+01 -1.0935801185612445e+02 2.2658346040435067e+00 -5.2864995727600679e+00 -7.2078646050922206e+00 6.2292681999999997e-03 8.1781068999999998e-02
-6.4948094144248691e-01 -3.5506688780499580e+01 8.0712381937649458e-01 -7.1432116980863285e+01 -1.0884891180737726e+02 2.1526702899658998e+00 -5.0886503255563245e+00 -7.1847108554477206e+00 6.4956331999999999e-03 8.8143510999999994e-02
-6.3902759802996845e-01 -3.4155642985906852e+01 8.0852594467023531e-01 -6.8378844783865901e+01 -1.0832047799095406e+02 2.0452385223233014e+00 -4.8964262400819596e+00 -7.1606614665503194e+00 6.7619166000000000e-03 9.4772308000000000e-02
-6.2815464938863996e-01 -3.2887593427330344e+01 8.0998435234957111e-01 -6.5409702219340232e+01 -1.0777296848057880e+02 1.9431580604376619e+00 -4.7095600128970831e+00 -7.1357202433238438e+00 7.0277381999999996e-03 1.0166719000000000e-01
-6.1686311581120135e-01 -3.1697098790147674e+01 8.1149890556085180e-01 -6.2521169884210607e+01 -1.0720667901461043e+02 1.8460762365227801e+00 -4.5278084605401840e+00 -7.1099011639901475e+00 7.2927204000000001e-03 1.0882751000000000e-01
-6.0515463418145854e-01 -3.0579152064856036e+01 8.1306938474598045e-01 -5.9710059040239500e+01 -1.0662194316241943e+02 1.7536664005566620e+00 -4.3509502706822003e+00 -7.0832170263850545e+00 7.5564877000000004e-03 1.1625223000000000e-01
-5.9303141224250244e-01 -2.9529136726973750e+01 8.1469549377650230e-01 -5.6973463204653967e+01 -1.0601912917076902e+02 1.6656251461654787e+00 -4.1787829954045383e+00 -7.0556821604961684e+00 7.8186677999999999e-03 1.2393994999999999e-01
-5.8049622544279011e-01 -2.8542793501446951e+01 8.1637686037664614e-01 -5.4308736040796937e+01 -1.0539863899048053e+02 1.5816702298160550e+00 -4.0111210746682557e+00 -7.0273123904159052e+00 8.0788911000000008e-03 1.3188891000000000e-01
-5.6755246424492545e-01 -2.7616193321038882e+01 8.1811302977771383e-01 -5.1713461146098865e+01 -1.0476090922308147e+02 1.5015390167370999e+00 -3.8477948681732128e+00 -6.9981223880694712e+00 8.3367917000000003e-03 1.4009695999999999e-01
-5.5420407104728486e-01 -2.6745705089967952e+01 8.1990347317889356e-01 -4.9185424350158023e+01 -1.0410640775507260e+02 1.4249863748674252e+00 -3.6886480252117533e+00 -6.9681337496819786e+00 8.5920070000000005e-03 1.4856159999999999e-01
-5.4045557172320469e-01 -2.5927973834384360e+01 8.2174758351685340e-01 -4.6722589196120303e+01 -1.0343563341417021e+02 1.3517833894900768e+00 -3.5335367980512276e+00 -6.9373692180850011e+00 8.8441787999999997e-03 1.5727996000000000e-01
-5.2631204408179399e-01 -2.5159896781482633e+01 8.2364467969614807e-01 -4.4323085481302321e+01 -1.0274911372109874e+02 1.2817158493757179e+00 -3.3823283704112148e+00 -6.9058476411412544e+00 9.0929527999999999e-03 1.6624881999999999e-01
-5.1177911786793451e-01 -2.4438604012401363e+01 8.2559400658921833e-01 -4.1985183526083979e+01 -1.0204740361206508e+02 1.2145830531386919e+00 -3.2348998832332261e+00 -6.8735917857535487e+00 9.3379794999999995e-03 1.7546460999999999e-01
-4.9686295899268695e-01 -2.3761445402689414e+01 8.2759473715159459e-01 -3.9707279963311173e+01 -1.0133108358567091e+02 1.1501966568146706e+00 -3.0911373021897854e+00 -6.8406256075297396e+00 9.5789143999999993e-03 1.8492342000000001e-01
-4.8157031684207224e-01 -2.3125955352855737e+01 8.2964596607628727e-01 -3.7487891709391867e+01 -1.0060076059521724e+02 1.0883798841935306e+00 -2.9509351209883907e+00 -6.8069743176026893e+00 9.8154178999999998e-03 1.9462097000000000e-01
-4.6590844542910309e-01 -2.2529867147937463e+01 8.3174672036980268e-01 -3.5325631732276136e+01 -9.9857063207540676e+01 1.0289670245147255e+00 -2.8141947764551674e+00 -6.7726641542544064e+00 1.0047156000000000e-02 2.0455266000000000e-01
-4.4988508762419116e-01 -2.1971075649073740e+01 8.3389596146734668e-01 -3.3219198427937165e+01 -9.9100639488031590e+01 9.7179890748982689e-01 -2.6808240148251627e+00 -6.7377223125334567e+00 1.0273801000000001e-02 2.1471357999999999e-01
-4.3350855400311405e-01 -2.1447640925738121e+01 8.3609257465680820e-01 -3.1167376812004438e+01 -9.8332159592005269e+01 9.1672981171192847e-01 -2.5507369269234994e+00 -6.7021770688891111e+00 1.0495031000000000e-02 2.2509846000000000e-01
-4.1678762822945492e-01 -2.0957768497615270e+01 8.3833538176997857e-01 -2.9169017504419646e+01 -9.7552309921838372e+01 8.6361907593021414e-01 -2.4238526601579471e+00 -6.6660575279338419e+00 1.0710529999999999e-02 2.3570173000000000e-01
-3.9973158282419524e-01 -2.0499797183104132e+01 8.4062313906734876e-01 -2.7223032746390849e+01 -9.6761792704915266e+01 8.1233420223232444e-01 -2.3000951168625923e+00 -6.6293936161031706e+00 1.0919989999999999e-02 2.4651751000000000e-01
-3.8235019493530903e-01 -2.0072196913030407e+01 8.4295453512290563e-01 -2.5328391400615001e+01 -9.5961325472023418e+01 7.6274969978070273e-01 -2.1793926653788120e+00 -6.5922160622463775e+00 1.1123108000000000e-02 2.5753959999999998e-01
-3.6465369902898165e-01 -1.9673557117479291e+01 8.4532819716974195e-01 -2.3484108330648933e+01 -9.5151638035848620e+01 7.1474597539496454e-01 -2.0616774685094641e+00 -6.5545563108154985e+00 1.1319591000000000e-02 2.6876150999999998e-01
-3.4665277112001686e-01 -1.9302579373129046e+01 8.4774269321525952e-01 -2.1689238064816905e+01 -9.4333468869538819e+01 6.6820963614656881e-01 -1.9468850374778801e+00 -6.5164462391029145e+00 1.1509152000000000e-02 2.8017647000000001e-01
-3.2835854454143015e-01 -1.8958071224459012e+01 8.5019652992596617e-01 -1.9942872426493562e+01 -9.3507568083428907e+01 6.2303223979520905e-01 -1.8349541004639862e+00 -6.4779184483441536e+00 1.1691511000000000e-02 2.9177742000000001e-01
-3.0978262571404197e-01 -1.8638940441121516e+01 8.5268815051227209e-01 -1.8244138114960055e+01 -9.2674691809770522e+01 5.7911031436424443e-01 -1.7258264316857810e+00 -6.4390060537542571e+00 1.1866398000000000e-02 3.0355700000000002e-01
-2.9093696798973012e-01 -1.8344187379998001e+01 8.5521595165011610e-01 -1.6592181629829852e+01 -9.1835601035416886e+01 5.3634456868101199e-01 -1.6194458704031243e+00 -6.3997424329617152e+00 1.2033550000000000e-02 3.1550762999999998e-01
-2.7183398203858389e-01 -1.8072902397444057e+01 8.5777826867454299e-01 -1.4986177253357942e+01 -9.0991062027506132e+01 4.9463978160724709e-01 -1.5157588581986716e+00 -6.3601614069048491e+00 1.2192715000000000e-02 3.2762143999999999e-01
-2.5248645700093675e-01 -1.7824260020475130e+01 8.6037338615571957e-01 -1.3425317627195909e+01 -9.0141842588497127e+01 4.5390425702650661e-01 -1.4147137200168367e+00 -6.3202970247688688e+00 1.2343646000000000e-02 3.3989032000000002e-01
-2.3290757625696024e-01 -1.7597515502254542e+01 8.6299953578373123e-01 -1.1908813071092672e+01 -8.9288711923485067e+01 4.1404952099316217e-01 -1.3162606983954463e+00 -6.2801836550414434e+00 1.2486109000000000e-02 3.5230591000000000e-01
-2.1311085434828880e-01 -1.7392000736810484e+01 8.6565490482939544e-01 -1.0435884920008215e+01 -8.8432436459928951e+01 3.7498986751391383e-01 -1.2203515292454561e+00 -6.2398556675670802e+00 1.2619877000000000e-02 3.6485963999999999e-01
-1.9311018428680149e-01 -1.7207121870237962e+01 8.6833762979865192e-01 -9.0057683574248895e+00 -8.7573782544399194e+01 3.3664214952982097e-01 -1.1269395025143536e+00 -6.1993476017828684e+00 1.2744734000000001e-02 3.7754270000000001e-01
-1.7291979024584114e-01 -1.7042356249744529e+01 8.7104580277817167e-01 -7.6177089067547321e+00 -8.6713510806120595e+01 2.9892538099330090e-01 -1.0359792113126423e+00 -6.1586940137124238e+00 1.2860473000000001e-02 3.9034606999999999e-01
-1.5255419602102660e-01 -1.6897250087211194e+01 8.7377747566576447e-01 -6.2709553423637789e+00 -8.5852378015371130e+01 2.6176039058369827e-01 -9.4742632425996787e-01 -6.1179293854718866e+00 1.2966896000000000e-02 4.0326054000000000e-01
-1.3202825656944106e-01 -1.6771416916853962e+01 8.7653065593997159e-01 -4.9647662442965190e+00 -8.4991133637562911e+01 2.2506959922308989e-01 -8.6123767690833297e-01 -6.0770881593354797e+00 1.3063819000000001e-02 4.1627669000000000e-01
-1.1135706339206974e-01 -1.6664535663694462e+01 8.7930331935128603e-01 -3.6984048521716204e+00 -8.4130517785031671e+01 1.8877657172224871e-01 -7.7737084192483719e-01 -6.0362045279141014e+00 1.3151064000000001e-02 4.2938494999999999e-01
-9.0556039151361900e-02 -1.6576350148211230e+01 8.8209339723093205e-01 -2.4711382641676449e+00 -8.3271263905831276e+01 1.5280591025085233e-01 -6.9578446745692912e-01 -5.9953125995362626e+00 1.3228465999999999e-02 4.4257553999999999e-01
-6.9640811514481982e-02 -1.6506667780355325e+01 8.8489879341249211e-01 -1.2822349359500915e+00 -8.2414093252899022e+01 1.1708276355618386e-01 -6.1643778120451775e-01 -5.9544461325752351e+00 1.3295871000000001e-02 4.5583855000000001e-01
-4.8627276231684280e-02 -1.6455359536276642e+01 8.8771737577109333e-01 -1.3096750255200107e-01 -8.1559716968313410e+01 8.1532653589279747e-02 -5.3929080630564030e-01 -5.9136386428036625e+00 1.3353135000000000e-02 4.6916390000000002e-01
-2.7531518288345325e-02 -1.6422359874641536e+01 8.9054698679942379e-01 9.8339129047654694e-01 -8.0708832640440207e+01 4.6081073752657464e-02 -4.6430408226571857e-01 -5.8729232510988298e+00 1.3400123999999999e-02 4.8254139000000001e-01
-6.3698434441504803e-03 -1.6407667221474142e+01 8.9338543937732628e-01 2.0615659983790700e+00 -7.9862125292331029e+01 1.0653264213882241e-02 -3.9143879276408616e-01 -5.8323326581021950e+00 1.3436718000000000e-02 4.9596067999999999e-01
1.4841284845280023e-02 -1.6411344799593572e+01 8.9623052523261115e-01 3.1042814739341789e+00 -7.9020264766007600e+01 -2.4826196522542365e-02 -3.2065653788546117e-01 -5.7918991401575148e+00 1.3462807000000000e-02 5.0941133000000005e-01
3.6085182350016343e-02 -1.6433521833435591e+01 8.9908000648024300e-01 4.1122672335159942e+00 -7.8183881638864108e+01 -6.0433577637317382e-02 -2.5191958006089082e-01 -5.7516545795447200e+00 1.3478291000000000e-02 5.2288276000000000e-01
5.7345085992161371e-02 -1.6474395265878563e+01 9.0193163465917037e-01 5.0862208610104664e+00 -7.7353668168112634e+01 -9.6246537120930453e-02 -1.8519042392823037e-01 -5.7116302126280241e+00 1.3483083000000000e-02 5.3636434000000000e-01
7.8604074997883133e-02 -1.6534232002480476e+01 9.0478314015630956e-01 6.0268886626817695e+00 -7.6530220200718730e+01 -1.3234433090080044e-01 -1.2043205728438550e-01 -5.6718567786509997e+00 1.3477108000000000e-02 5.4984533999999996e-01
9.9845102436601385e-02 -1.6613371404705219e+01 9.0763223643695046e-01 6.9349805053897233e+00 -7.5714145115063161e+01 -1.6880820483143399e-01 -5.7607946916751696e-02 -5.6323644654450860e+00 1.3460300999999999e-02 5.6331494999999998e-01
1.2105104252976828e-01 -1.6712228728616505e+01 9.1047662639036697e-01 7.8112140127837604e+00 -7.4906032009961706e+01 -2.0572183198931593e-01 3.3181149354172268e-03 -5.5931828061345694e+00 1.3432611000000001e-02 5.7676231000000000e-01
1.4220472219005553e-01 -1.6831298886437111e+01 9.1331400656022332e-01 8.6563057680406974e+00 -7.4106451162754126e+01 -2.4317177189945460e-01 6.2382027594657219e-02 -5.5543407105409823e+00 1.3393997000000000e-02 5.9017653000000003e-01
1.6328887371257395e-01 -1.6971160643949712e+01 9.1614206079896410e-01 9.4709683568246845e+00 -7.3315956112420579e+01 -2.8124779843051839e-01 1.1961920785501895e-01 -5.5158664401408677e+00 1.3344429999999999e-02 6.0354666000000001e-01
1.8428619785324718e-01 -1.7132481913599101e+01 9.1895846872862752e-01 1.0255911860728563e+01 -7.2535081673349069e+01 -3.2004346900466463e-01 1.7506472054974170e-01 -5.4777875891220633e+00 1.3283893999999999e-02 6.1686173000000000e-01
2.0517942690718594e-01 -1.7316026140951461e+01 9.2176091420165818e-01 1.1011844830682138e+01 -7.1764342230501114e+01 -3.5965673777190210e-01 2.2875340381476952e-01 -5.4401309665160209e+00 1.3212384000000001e-02 6.3011079000000003e-01
2.2595123009112672e-01 -1.7522658122876084e+01 9.2454707260968771e-01 1.1739469496490253e+01 -7.1004235537415013e+01 -4.0019031475623823e-01 2.8071953753951906e-01 -5.4029227787442107e+00 1.3129907000000000e-02 6.4328284999999996e-01
2.4658432393058705e-01 -1.7753352501262054e+01 9.2731462568995759e-01 1.2439484849239973e+01 -7.0255239503124969e+01 -4.4175246291558823e-01 3.3099707819215429e-01 -5.3661884643104178e+00 1.3036481000000001e-02 6.5636695000000000e-01
2.6706148802945806e-01 -1.8009202683612688e+01 9.3006126364052211e-01 1.3112585670175624e+01 -6.9517812050745050e+01 -4.8445768330557393e-01 3.7961972736586574e-01 -5.3299526695081996e+00 1.2932137999999999e-02 6.6935217000000002e-01
2.8736551776122432e-01 -1.8291430144594646e+01 9.3278467877463900e-01 1.3759459679087376e+01 -6.8792393660684212e+01 -5.2842734396805691e-01 4.2662060062865959e-01 -5.2942393757861836e+00 1.2816919000000000e-02 6.8222760000000005e-01
3.0747931888652491e-01 -1.8601396783087797e+01 9.3548257821198866e-01 1.4380789543571337e+01 -6.8079404785860376e+01 -5.7379066521092614e-01 4.7203251864812013e-01 -5.2590717523191817e+00 1.2690879000000000e-02 6.9498240000000000e-01
3.2738587601396707e-01 -1.8940617160489676e+01 9.3815267964826754e-01 1.4977250611774613e+01 -6.7379247624490887e+01 -6.2068554665475062e-01 5.1588783178749409e-01 -5.2244722354165534e+00 1.2554085000000000e-02 7.0760577999999996e-01
3.4706826836971849e-01 -1.9310773309846347e+01 9.4079271347039184e-01 1.5549510228579297e+01 -6.6692306422257829e+01 -6.6925958765042359e-01 5.5821840527552524e-01 -5.1904625383386831e+00 1.2406611999999999e-02 7.2008700999999997e-01
3.6650974864547547e-01 -1.9713732484415146e+01 9.4340043333251333e-01 1.6098228847158346e+01 -6.6018945799340997e+01 -7.1967139267246061e-01 5.9905573876883678e-01 -5.1570635305331809e+00 1.2248551000000000e-02 7.3241546999999996e-01
3.8569369568968270e-01 -2.0151565259693232e+01 9.4597360981040979e-01 1.6624057488700107e+01 -6.5359512540796260e+01 -7.7209171851122527e-01 6.3843080213773162e-01 -5.1242953834099971e+00 1.2080001999999999e-02 7.4458062000000003e-01
4.0460364604671939e-01 -2.0626567499229807e+01 9.4851003463189143e-01 1.7127637620085402e+01 -6.4714337172185282e+01 -8.2670494340426870e-01 6.7637404712400895e-01 -5.0921775133614817e+00 1.1901076999999999e-02 7.5657202000000001e-01
4.2322332549608721e-01 -2.1141285592853798e+01 9.5100752490720741e-01 1.7609600889342659e+01 -6.4083731443409206e+01 -8.8371078221939803e-01 7.1291541452127571e-01 -5.0607285911496982e+00 1.1711898000000000e-02 7.6837935000000002e-01
4.4153669636119053e-01 -2.1698546046996427e+01 9.5346392947465586e-01 1.8070569223231690e+01 -6.3467989803819272e+01 -9.4332624381454933e-01 7.4808438082572515e-01 -5.0299664845834178e+00 1.1512599000000000e-02 7.7999244000000001e-01
4.5952787866136846e-01 -2.2301490155142226e+01 9.5587711832456690e-01 1.8511151836128885e+01 -6.2867391834094377e+01 -1.0057874890458849e+00 7.8190974483333675e-01 -4.9999084319219609e+00 1.1303326000000001e-02 7.9140122000000002e-01
4.7718130780783030e-01 -2.2953598349156657e+01 9.5824500375133592e-01 1.8931948191071235e+01 -6.2282198555743108e+01 -1.0713527147137047e+00 8.1441987367520297e-01 -4.9705708164218851e+00 1.1084235000000000e-02 8.0259581999999996e-01
4.9448159267731417e-01 -2.3658754920720039e+01 9.6056552131659401e-01 1.9333543415958971e+01 -6.1712657891000042e+01 -1.1403044333583578e+00 8.4564239359937843e-01 -4.9419694441919058e+00 1.0855490000000001e-02 8.1356647999999998e-01
5.1141365753842793e-01 -2.4421280290347603e+01 9.6283664888603715e-01 1.9716511059701421e+01 -6.1159001146859076e+01 -1.2129531570991436e+00 8.7560439415127522e-01 -4.9141193071588383e+00 1.0617270000000000e-02 8.2430364000000000e-01
5.2796271051246302e-01 -2.5246014641569047e+01 9.6505640239901958e-01 2.0081411236489632e+01 -6.0621445131472932e+01 -1.2896410030029255e+00 9.0433232602573899e-01 -4.8870348228122706e+00 1.0369760000000000e-02 8.3479791999999997e-01
5.4411425934298696e-01 -2.6138354608348443e+01 9.6722283798375763e-01 2.0428790169103536e+01 -6.0100192716380192e+01 -1.3707460715642561e+00 9.3185198127237823e-01 -4.8607296218170362e+00 1.0113159000000000e-02 8.4504013000000000e-01
5.5985412716543770e-01 -2.7104355474424409e+01 9.6933405407253215e-01 2.0759179739711964e+01 -5.9595433081585035e+01 -1.4566875782852393e+00 9.5818847728109535e-01 -4.8352167241965525e+00 9.8476710000000005e-03 8.5502127999999999e-01
5.7516845250712356e-01 -2.8150820331057542e+01 9.7138819140168930e-01 2.1073096752549709e+01 -5.9107343112859922e+01 -1.5479318064759837e+00 9.8336620238797412e-01 -4.8105085238231755e+00 9.5735140000000000e-03 8.6473257999999997e-01
5.9004376813518988e-01 -2.9285417878848101e+01 9.7338344358765616e-01 2.1371043820264067e+01 -5.8636100638807775e+01 -1.6449996459537888e+00 1.0074089165623845e+00 -4.7866167165001139e+00 9.2909130999999992e-03 8.7416548999999999e-01
6.0446692220865283e-01 -3.0516811311483426e+01 9.7531804655092480e-01 2.1653507014351440e+01 -5.8181828020338173e+01 -1.7484745785876878e+00 1.0303395769766495e+00 -4.7635524569505669e+00 9.0001030000000006e-03 8.8331166999999999e-01
6.1842517289595900e-01 -3.1854826608617916e+01 9.7719029120727163e-01 2.1920957259503336e+01 -5.7744680597248674e+01 -1.8590134348081224e+00 1.0521804459596784e+00 -4.7413262529052540e+00 8.7013270999999996e-03 8.9216304000000002e-01
6.3190614106620624e-01 -3.3310644153728965e+01 9.7899851712214803e-01 2.2173848443331721e+01 -5.7324788582926558e+01 -1.9773583532604744e+00 1.0729529910944287e+00 -4.7199480482239853e+00 8.3948374000000006e-03 9.0071175000000003e-01
6.4489788913711033e-01 -3.4897044443090607e+01 9.8074112308669592e-01 2.2412618713117705e+01 -5.6922270900816372e+01 -2.1043524403276712e+00 1.0926779566135374e+00 -4.6994272220660918e+00 8.0808944000000001e-03 9.0895022999999997e-01
6.5738885799663127e-01 -3.6628694351301149e+01 9.8241655865693545e-01 2.2637688601150877e+01 -5.6537237573987589e+01 -2.2409576720736095e+00 1.1113752430664243e+00 -4.6797725939966233e+00 7.7597663000000001e-03 9.1687114999999997e-01
6.6936793008134721e-01 -3.8522517209986759e+01 9.8402333261457753e-01 2.2849461387355387e+01 -5.6169789540894733e+01 -2.3882783768621345e+00 1.1290639640587750e+00 -4.6609924772726012e+00 7.4317293999999999e-03 9.2446746000000002e-01
6.8082444514604779e-01 -4.0598152380029696e+01 9.8556001508222724e-01 2.3048323555911040e+01 -5.5820018468922761e+01 -2.5475903107522977e+00 1.1457624438234326e+00 -4.6430946310097267e+00 7.0970672000000004e-03 9.3173240000000002e-01
6.9174816872454759e-01 -4.2878527099492487e+01 9.8702523329297742e-01 2.3234643082456071e+01 -5.5488008737478893e+01 -2.7203767893483781e+00 1.1614881370114432e+00 -4.6260863536041974e+00 6.7560703000000000e-03 9.3865947999999999e-01
7.0212937097765316e-01 -4.5390614602771997e+01 9.8841768216642456e-01 2.3408770872008560e+01 -5.5173835951919962e+01 -2.9083769427035318e+00 1.1762577168111839e+00 -4.6099744000194161e+00 6.4090362999999996e-03 9.4524253000000003e-01
7.1195873207560234e-01 -4.8166378575554234e+01 9.8973611161744990e-01 2.3571038391314854e+01 -5.4877570419136674e+01 -3.1136453896897915e+00 1.1900869128356422e+00 -4.5947651570631569e+00 6.0562691999999996e-03 9.5147563999999996e-01
7.2122749989399948e-01 -5.1244093237533058e+01 9.9097934770825136e-01 2.3721760239110353e+01 -5.4599273409944765e+01 -3.3386366185095784e+00 1.2029907106005648e+00 -4.5804644257838039e+00 5.6980790999999996e-03 9.5735325999999998e-01
7.2992733231787932e-01 -5.4670019712861475e+01 9.9214627149631140e-01 2.3861231075475860e+01 -5.4338990380795103e+01 -3.5863113837589733e+00 1.2149831063413983e+00 -4.5670777048529247e+00 5.3347821999999998e-03 9.6287009999999995e-01
7.3805045493764376e-01 -5.8500824203444196e+01 9.9323584018642919e-01 2.3989727909325527e+01 -5.4096795515042913e+01 -3.8602914322889741e+00 1.2260773081727685e+00 -4.5546099554639108e+00 4.9667000000000001e-03 9.6802122999999995e-01
7.4558955066190558e-01 -6.2806863136970343e+01 9.9424707232429832e-01 2.4107508029938788e+01 -5.3872722627339272e+01 -4.1650692719922890e+00 1.2362855574721026e+00 -4.5430658181312324e+00 4.5941591999999996e-03 9.7280200999999999e-01
7.5253788587423787e-01 -6.7677056382764647e+01 9.9517906471813222e-01 2.4214810787227442e+01 -5.3666810917993033e+01 -4.5063207093271558e+00 1.2456192873238674e+00 -4.5324494334554526e+00 4.2174915999999996e-03 9.7720817000000004e-01
7.5888918427642504e-01 -7.3225988155841506e+01 9.9603097551703856e-01 2.4311855295640534e+01 -5.3479097823739814e+01 -4.8913593751403965e+00 1.2540889335112488e+00 -4.5227646626680986e+00 3.8370333000000002e-03 9.8123572999999997e-01
7.6463775304521120e-01 -7.9605077687350516e+01 9.9680204113264548e-01 2.4398842317616175e+01 -5.3309611859972648e+01 -5.3298555132730927e+00 1.2617040895762053e+00 -4.5140149094275621e+00 3.4531249000000000e-03 9.8488107999999996e-01
7.6977843552352032e-01 -8.7020543686889269e+01 9.9749156989349097e-01 2.4475953218600438e+01 -5.3158381983155721e+01 -5.8349901362919594e+00 1.2684734277149412e+00 -4.5062032188377446e+00 3.0661112999999999e-03 9.8814095000000002e-01
7.7430657968126726e-01 -9.5764001125490225e+01 9.9809893781461745e-01 2.4543349381900729e+01 -5.3025432226838184e+01 -6.4254307953115122e+00 1.2744046453814226e+00 -4.4993323389663908e+00 2.6763420000000000e-03 9.9101238999999997e-01
7.7821813273292173e-01 -1.0626919317999700e+02 9.9862360128879024e-01 2.4601173525137437e+01 -5.2910781955681649e+01 -7.1289826986727265e+00 1.2795045783397767e+00 -4.4934045949901638e+00 2.2841723000000002e-03 9.9349282999999999e-01
7.8150960959831839e-01 -1.1922588022628129e+02 9.9906509285609191e-01 2.4649548918345772e+01 -5.2814447061465685e+01 -7.9899460342488950e+00 1.2837791503059131e+00 -4.4884219495372433e+00 1.8899688000000000e-03 9.9558005999999999e-01
7.8417807713306542e-01 -1.3584193729472616e+02 9.9942301908871856e-01 2.4688579432927192e+01 -5.2736440548124143e+01 -9.0860483433209893e+00 1.2872333442241835e+00 -4.4843860408961547e+00 1.4941295000000000e-03 9.9727222000000004e-01
7.8622137490285204e-01 -1.5858323910397775e+02 9.9969709020382513e-01 2.4718352124398209e+01 -5.2676766378277364e+01 -1.0576282839669869e+01 1.2898714728901597e+00 -4.4812978594236865e+00 1.0971916000000000e-03 9.9856794000000004e-01
7.8763871442800315e-01 -1.9420609155412902e+02 9.9988720044124957e-01 2.4738946136543600e+01 -5.2635402221632013e+01 -1.2897078332856980e+01 1.2916979529564712e+00 -4.4791568496228242e+00 7.0085733000000002e-04 9.9946672000000003e-01
