-5.3341829539093688e-01 -1.0324138923889966e+03 5.3341986422403109e-01 -1.1122872384473430e+03 -3.0348686107994621e+02 6.9636968720393000e+01 -7.4878940601274209e+01 -1.9915972835898653e+01 5.5301730000000003e-06 1.0230946000000001e-06
-5.3339813125221036e-01 -7.4577515081737499e+02 5.3342868298506785e-01 -8.2537415352061441e+02 -3.0345774403139325e+02 5.0823178445204341e+01 -5.6052336823481411e+01 -1.9914654817757643e+01 3.5894988000000002e-05 1.9923924999999999e-05
-5.3333486884377690e-01 -6.1290004994751189e+02 5.3345635072085107e-01 -6.9179855046177227e+02 -3.0336640755345059e+02 4.2094678444235640e+01 -4.7290913021139652e+01 -1.9910520217778622e+01 8.5619985000000003e-05 7.9222864999999994e-05
-5.3320962980767106e-01 -5.2588209362361386e+02 5.3351112385779820e-01 -6.0359381762401893e+02 -3.0318565601348303e+02 3.6369763910220065e+01 -4.1509866146331589e+01 -1.9902337348553562e+01 1.5173507999999999e-04 1.9661552000000001e-04
-5.3300589169175250e-01 -4.6144614769406974e+02 5.3360022846983890e-01 -5.3746099440637488e+02 -3.0289179501087693e+02 3.2120972610228065e+01 -3.7180352475979028e+01 -1.9889032023693758e+01 2.3255418000000001e-04 3.8758918999999998e-04
-5.3270862772517036e-01 -4.1058077815749016e+02 5.3373023649654783e-01 -4.8438491383249152e+02 -3.0246344709164015e+02 2.8757122890264480e+01 -3.3710748750841169e+01 -1.9869633371897489e+01 3.2689763000000001e-04 6.6622920000000002e-04
-5.3230391539521771e-01 -3.6883235486458386e+02 5.3390723693157149e-01 -4.3992084946604626e+02 -3.0188105046128209e+02 2.5986267800881304e+01 -3.0809267986858501e+01 -1.9843250516367092e+01 4.3385032000000002e-04 1.0455858000000000e-03
-5.3177871738799187e-01 -3.3366477875930138e+02 5.3413693162795861e-01 -4.0155021672374352e+02 -3.0112661106633482e+02 2.3642375111299017e+01 -2.8310453693781490e+01 -1.9809060676077021e+01 5.5265518999999999e-04 1.5378795000000000e-03
-5.3112074617454841e-01 -3.0349112347452234e+02 5.3442469452123686e-01 -3.6770970234203622e+02 -3.0018357845617942e+02 2.1621745141926866e+01 -2.6111481763086648e+01 -1.9766302848926596e+01 6.8265765000000004e-04 2.1546280000000000e-03
-5.3031837257215042e-01 -2.7724854774987250e+02 5.3477561162003795e-01 -3.3736447209330282e+02 -2.9903678673272924e+02 1.9855091518608212e+01 -2.4144162415322235e+01 -1.9714274430538129e+01 8.2327310000000005e-04 2.9067318999999999e-03
-5.2936056344088389e-01 -2.5418758019719749e+02 5.3519450825440462e-01 -3.0979624566554185e+02 -2.9767243787076438e+02 1.8293696938995080e+01 -2.2361039915716216e+01 -1.9652329752382066e+01 9.7396649000000004e-04 3.8045331000000002e-03
-5.2823683612964178e-01 -2.3375783514742568e+02 5.3568596899878362e-01 -2.8448810719244062e+02 -2.9607810837037158e+02 1.6901901894274189e+01 -2.0727839212483374e+01 -1.9579879708322064e+01 1.1342389000000000e-03 4.8578574999999999e-03
-5.2693722519075492e-01 -2.1554167330004415e+02 5.3625435222934015e-01 -2.6105747764098101e+02 -2.9424277147542296e+02 1.5652743317839565e+01 -1.9219071998267165e+01 -1.9496392102229144e+01 1.3036180000000001e-03 6.0760461999999999e-03
-5.2545225826943520e-01 -1.9921354380438868e+02 5.3690380066868026e-01 -2.3921491314879702e+02 -2.9215682923700200e+02 1.4525279628726434e+01 -1.7815337702293114e+01 -1.9401392503946294e+01 1.4816515000000000e-03 7.4679780999999997e-03
-5.2377293658062596e-01 -1.8451390832484250e+02 5.3763824992427567e-01 -2.1873759291153291e+02 -2.8981214669510103e+02 1.3502876749196963e+01 -1.6501586206110126e+01 -1.9294465251716439e+01 1.6679024999999999e-03 9.0420881999999994e-03
-5.2189072168020167e-01 -1.7123192014363352e+02 5.3846143427406357e-01 -1.9945164683277486e+02 -2.8720208965064973e+02 1.2572069298033080e+01 -1.5265964902681812e+01 -1.9175254736834646e+01 1.8619452999999999e-03 1.0806380000000001e-02
-5.1979752319632189e-01 -1.5919351451537128e+02 5.3937689203212358e-01 -1.8121993757134874e+02 -2.8432155691985770e+02 1.1721776111112371e+01 -1.4099018957005974e+01 -1.9043466425363988e+01 2.0633631000000000e-03 1.2768437000000001e-02
-5.1748569317518522e-01 -1.4825303417784423e+02 5.4038796802155531e-01 -1.6393346319689405e+02 -2.8116701430676824e+02 1.0942750720085002e+01 -1.2993130205077918e+01 -1.8898868180798075e+01 2.2717459999999998e-03 1.4935428000000001e-02
-5.1494801658616507e-01 -1.3828714752156435e+02 5.4149781772704519e-01 -1.4750503326169351e+02 -2.7773651526222073e+02 1.0227182457502739e+01 -1.1942108010955591e+01 -1.8741291004365536e+01 2.4866887000000002e-03 1.7314116000000001e-02
-5.1217771153517666e-01 -1.2919039507318004e+02 5.4270940720155103e-01 -1.3186465268673359e+02 -2.7402972371432321e+02 9.5684047184834640e+00 -1.0940889092285010e+01 -1.8570630066245212e+01 2.7077901999999999e-03 1.9910858000000000e-02
-5.0916841752945108e-01 -1.2087179375209350e+02 5.4402551819868816e-01 -1.1695593963873200e+02 -2.7004791305603158e+02 8.9606728580449975e+00 -9.9853072767932307e+00 -1.8386844714695592e+01 2.9346520999999999e-03 2.2731616000000000e-02
-5.0591420187856750e-01 -1.1325229210378774e+02 5.4544874537324639e-01 -1.0273345652890211e+02 -2.6579397646130121e+02 8.3989985306260877e+00 -9.0719216268547616e+00 -1.8189959172856319e+01 3.1668782999999998e-03 2.5781951000000001e-02
-5.0240955329342096e-01 -1.0626274992325688e+02 5.4698149908067317e-01 -8.9160544134938505e+01 -2.6127241104932801e+02 7.8790183931099484e+00 -8.1978786074292369e+00 -1.7980062143668945e+01 3.4040742000000001e-03 2.9067029000000001e-02
-4.9864937761886663e-01 -9.9842355523471909e+01 5.4862600724339594e-01 -7.6207621299293564e+01 -2.5648929002829141e+02 7.3968901338154307e+00 -7.3608042885194216e+00 -1.7757306161536732e+01 3.6458464000000000e-03 3.2591624999999999e-02
-4.9462900423475331e-01 -9.3937375876930219e+01 5.5038431255133935e-01 -6.3850827699320327e+01 -2.5145224048152082e+02 6.9492206115124180e+00 -6.5587195441936696e+00 -1.7521905627822601e+01 3.8918026000000000e-03 3.6360116999999997e-02
-4.9034417752121240e-01 -8.8500121466708464e+01 5.5225827619456891e-01 -5.2070882400554645e+01 -2.4617038777464813e+02 6.5329820518721951e+00 -5.7899682514852442e+00 -1.7274140943886991e+01 4.1415510999999999e-03 4.0376493999999999e-02
-4.8579106005917488e-01 -8.3488116826326134e+01 5.5424957646355011e-01 -4.0852167311062267e+01 -2.4065430380854309e+02 6.1454769073025375e+00 -5.0531612185980794e+00 -1.7014348370478537e+01 4.3947007000000003e-03 4.4644352999999998e-02
-4.8096623263037092e-01 -7.8863409117777991e+01 5.5635970874914809e-01 -3.0181952955157122e+01 -2.3491593949022621e+02 5.7842851872067449e+00 -4.3471284005368345e+00 -1.6742923787227113e+01 4.6508610999999997e-03 4.9166899000000000e-02
-4.7586668994997483e-01 -7.4591987233014535e+01 5.5858998740895005e-01 -2.0049737407556549e+01 -2.2896854122832423e+02 5.4472296471865231e+00 -3.6708787903579965e+00 -1.6460319979520349e+01 4.9096423000000002e-03 5.3946949000000001e-02
-4.7048984600079918e-01 -7.0643302165067311e+01 5.6094154343436231e-01 -1.0446705234367634e+01 -2.2282656817336127e+02 5.1323458044164569e+00 -3.0235678560532069e+00 -1.6167038599206283e+01 5.1706551000000002e-03 5.8986927000000001e-02
-4.6483352443174553e-01 -6.6989846158098786e+01 5.6341532864983546e-01 -1.3652397426792213e+00 -2.1650558215888805e+02 4.8378557400138744e+00 -2.4044678624582776e+00 -1.5863634838516440e+01 5.4335110000000002e-03 6.4288872999999996e-02
-4.5889596815935341e-01 -6.3606810517055536e+01 5.6601211151363939e-01 7.2014546897995810e+00 -2.1002215138980850e+02 4.5621469245574300e+00 -1.8129454725541077e+00 -1.5550708906783676e+01 5.6978226000000002e-03 6.9854434000000007e-02
-4.5267582869941297e-01 -6.0471775030517506e+01 5.6873248178366920e-01 1.5259713082437893e+01 -2.0339372153260311e+02 4.3037530340815016e+00 -1.2484396498147299e+00 -1.5228903053835410e+01 5.9632034000000004e-03 7.5684873999999999e-02
-4.4617217150115834e-01 -5.7564449004830507e+01 5.7157684818454180e-01 2.2815691429527341e+01 -1.9663850142456016e+02 4.0613382443129877e+00 -7.1044498020844482e-01 -1.4898897575017099e+01 6.2292681999999997e-03 8.1781068999999998e-02
-4.3938447167991290e-01 -5.4866442978555142e+01 5.7454544027391907e-01 2.9875613659896647e+01 -1.8977532861893343e+02 3.8336831682632551e+00 -1.9849624581966663e-01 -1.4561407542980030e+01 6.4956331999999999e-03 8.8143510999999994e-02
-4.3231261401708898e-01 -5.2361069949111119e+01 5.7763830844250719e-01 3.6445978412634680e+01 -1.8282353807684402e+02 3.6196728078546814e+00 2.8784512894579833e-01 -1.4217176459355338e+01 6.7619166000000000e-03 9.4772308000000000e-02
-4.2495688655915559e-01 -5.0033168600484537e+01 5.8085532671354045e-01 4.2533731779996721e+01 -1.7580282003972860e+02 3.4182858190024739e+00 7.4900079245740026e-01 -1.3866972062213902e+01 7.0277381999999996e-03 1.0166719000000000e-01
-4.1731797955079930e-01 -4.7868950028269303e+01 5.8419619320936234e-01 4.8146403209555686e+01 -1.6873308928806040e+02 3.2285852579407464e+00 1.1853862809263240e+00 -1.3511582307444998e+01 7.2927204000000001e-03 1.0882751000000000e-01
-4.0939700037066729e-01 -4.5855866250109464e+01 5.8766042361929627e-01 5.3292203012279600e+01 -1.6163433659848567e+02 3.0497107515383393e+00 1.5974171638887005e+00 -1.3151810483775106e+01 7.5564877000000004e-03 1.1625223000000000e-01
-4.0119544259304274e-01 -4.3982481154910303e+01 5.9124736473048400e-01 5.7980125258009700e+01 -1.5452650235616485e+02 2.8808704852624683e+00 1.9855174167245870e+00 -1.2788469025595068e+01 7.8186677999999999e-03 1.2393994999999999e-01
-3.9271518385416737e-01 -4.2238365048145397e+01 5.9495619536104638e-01 6.2219998499967936e+01 -1.4742931776481814e+02 2.7213348873552490e+00 2.3501243403688346e+00 -1.2422374814642275e+01 8.0788911000000008e-03 1.3188891000000000e-01
-3.8395851785740481e-01 -4.0614006276411324e+01 5.9878591236266510e-01 6.6022503609689068e+01 -1.4036220990438881e+02 2.5704314815859903e+00 2.6916913335915087e+00 -1.2054345747230588e+01 8.3367917000000003e-03 1.4009695999999999e-01
-3.7492811169968943e-01 -3.9100717077639132e+01 6.0273534928380734e-01 6.9399207756236649e+01 -1.3334414184861001e+02 2.4275389486440329e+00 3.0106927965739088e+00 -1.1685194264863913e+01 8.5920070000000005e-03 1.4856159999999999e-01
-3.6562702720830170e-01 -3.7690563069939017e+01 6.0680316703811354e-01 7.2362547155043757e+01 -1.2639351240996173e+02 2.2920829349669205e+00 3.3076256015212708e+00 -1.1315723777617571e+01 8.8441787999999997e-03 1.5727996000000000e-01
-3.5605869960409320e-01 -3.6376290344147698e+01 6.1098786323600929e-01 7.4925817564529410e+01 -1.1952803159457241e+02 2.1635315903925454e+00 3.5830112000321703e+00 -1.0946723576583532e+01 9.0929527999999999e-03 1.6624881999999999e-01
-3.4622693750148603e-01 -3.5151265789102197e+01 6.1528777218470565e-01 7.7103125473366816e+01 -1.1276461925629778e+02 2.0413918898922305e+00 3.8373962115195948e+00 -1.0578964689334089e+01 9.3379794999999995e-03 1.7546460999999999e-01
-3.3613591224008565e-01 -3.4009421440909414e+01 6.1970106955400550e-01 7.8909342183080156e+01 -1.0611930770248954e+02 1.9252061086243100e+00 4.0713527598322257e+00 -1.0213195662765939e+01 9.5789143999999993e-03 1.8492342000000001e-01
-3.2579018988984354e-01 -3.2945208606891988e+01 6.2422575837888439e-01 8.0360045708714424e+01 -9.9607179042991632e+01 1.8145493709195299e+00 4.2854771623309524e+00 -9.8501405405568683e+00 9.8154178999999998e-03 1.9462097000000000e-01
-3.1519467790911893e-01 -3.1953547325388477e+01 6.2885969238852213e-01 8.1471445048379650e+01 -9.3242266684135913e+01 1.7090258215390706e+00 4.4803898086600142e+00 -9.4904927052192285e+00 1.0047156000000000e-02 2.0455266000000000e-01
-3.0435461447629086e-01 -3.1029786930005901e+01 6.3360058067210812e-01 8.2260304609733808e+01 -8.7037477411796999e+01 1.6082665366342501e+00 4.6567354671615737e+00 -9.1349130791535682e+00 1.0273801000000001e-02 2.1471357999999999e-01
-2.9327562183169686e-01 -3.0169674620304608e+01 6.3844596434981116e-01 8.2743851707246037e+01 -8.1004589922601625e+01 1.5119275514598502e+00 4.8151779595728943e+00 -8.7840289634158530e+00 1.0495031000000000e-02 2.2509846000000000e-01
-2.8196364226730675e-01 -2.9369317647697127e+01 6.4339324456761604e-01 8.2939690617953261e+01 -7.5154173516185466e+01 1.4196871895080392e+00 4.9563964426404725e+00 -8.4384287844183561e+00 1.0710529999999999e-02 2.3570173000000000e-01
-2.7042494879511003e-01 -2.8625155560989935e+01 6.4843967783151768e-01 8.2865705847864703e+01 -6.9495572586158517e+01 1.3312443099558653e+00 5.0811003316722090e+00 -8.0986618470169951e+00 1.0919989999999999e-02 2.4651751000000000e-01
-2.5866615581550390e-01 -2.7933934626061440e+01 6.5358237134171460e-01 8.2539965572700069e+01 -6.4036898367090018e+01 1.2463166446675307e+00 5.1899931328926696e+00 -7.7652367445950210e+00 1.1123108000000000e-02 2.5753959999999998e-01
-2.4669418711212981e-01 -2.7292682180031434e+01 6.5881829699002759e-01 8.1980625274531079e+01 -5.8785011560028806e+01 1.1646389525771741e+00 5.2838022749501459e+00 -7.4386193931513294e+00 1.1319591000000000e-02 2.6876150999999998e-01
-2.3451626518348595e-01 -2.6698685113072337e+01 6.6414429602570568e-01 8.1205829884788713e+01 -5.3745526703948364e+01 1.0859615073669082e+00 5.3632601752705291e+00 -7.1192321517097072e+00 1.1509152000000000e-02 2.8017647000000001e-01
-2.2213992191131504e-01 -2.6149471473786900e+01 6.6955707438962020e-01 8.0233620085770525e+01 -4.8922837426976571e+01 1.0100488140936070e+00 5.4291044173040568e+00 -6.8074537842515204e+00 1.1691511000000000e-02 2.9177742000000001e-01
-2.0957300922899169e-01 -2.5642793548209024e+01 6.7505319804845854e-01 7.9081844007366797e+01 -4.4320147215721995e+01 9.3667841430055132e-01 5.4820746793821629e+00 -6.5036197109347667e+00 1.1866398000000000e-02 3.0355700000000002e-01
-1.9682361377442087e-01 -2.5176609006238344e+01 6.8062913032117311e-01 7.7768062812508518e+01 -3.9939474922565608e+01 8.6563921928579934e-01 5.5229102569747210e+00 -6.2080202616540339e+00 1.2033550000000000e-02 3.1550762999999998e-01
-1.8390013156875179e-01 -2.4749070357867595e+01 6.8628119921833852e-01 7.6309477171848798e+01 -3.5781725159046594e+01 7.9673088181752716e-01 5.5523465920911512e+00 -5.9209032053788837e+00 1.2192715000000000e-02 3.2762143999999999e-01
-1.7081121467443944e-01 -2.4358510861212849e+01 6.9200562077118244e-01 7.4722843642112295e+01 -3.1846737370012846e+01 7.2976248157096357e-01 5.5711127671126226e+00 -5.6424734762058284e+00 1.2343646000000000e-02 3.3989032000000002e-01
-1.5756578186363235e-01 -2.4003433570211453e+01 6.9779849436577890e-01 7.3024410153440570e+01 -2.8133324041255786e+01 6.6455163782470306e-01 5.5799287775655912e+00 -5.3728945447237209e+00 1.2486109000000000e-02 3.5230591000000000e-01
-1.4417297594462142e-01 -2.3682501014198596e+01 7.0365582140627336e-01 7.1229848056243071e+01 -2.4639340521553255e+01 6.0092341467649812e-01 5.5795046183306809e+00 -5.1122891135596733e+00 1.2619877000000000e-02 3.6485963999999999e-01
-1.3064219576700320e-01 -2.3394527705838041e+01 7.0957349131746428e-01 6.9354198486986391e+01 -2.1361736754917590e+01 5.3870964044148761e-01 5.5705295436501796e+00 -4.8607414901619812e+00 1.2744734000000001e-02 3.7754270000000001e-01
-1.1698306421651683e-01 -2.3138471917159265e+01 7.1554729554222107e-01 6.7411824937253215e+01 -1.8296701977777261e+01 4.7774795806658510e-01 5.5536865066264509e+00 -4.6182987302175889e+00 1.2860473000000001e-02 3.9034606999999999e-01
-1.0320540687826840e-01 -2.2913429131462081e+01 7.2157293687309687e-01 6.5416368173410987e+01 -1.5439614951313406e+01 4.1788094334660597e-01 5.5296335295370111e+00 -4.3849728792311016e+00 1.2966896000000000e-02 4.0326054000000000e-01
-8.9319273373506480e-02 -2.2718627247195993e+01 7.2764602012071589e-01 6.3380718403783703e+01 -1.2785206582229723e+01 3.5895550138484444e-01 5.4990100893717004e+00 -4.1607411198918713e+00 1.3063819000000001e-02 4.1627669000000000e-01
-7.5334873349295783e-02 -2.2553421343594792e+01 7.3376208010861055e-01 6.1316981492114763e+01 -1.0327601614118507e+01 3.0082185711699871e-01 5.4624340775430618e+00 -3.9455518109275842e+00 1.3151064000000001e-02 4.2938494999999999e-01
-6.1262640488843445e-02 -2.2417291253535531e+01 7.3991655367838438e-01 5.9236471179610312e+01 -8.0604128088671914e+00 2.4333313162993853e-01 5.4205002004203520e+00 -3.7393230239438022e+00 1.3228465999999999e-02 4.4257553999999999e-01
-4.7113147164397073e-02 -2.2309838030762311e+01 7.4610481701616127e-01 5.7149687456638567e+01 -5.9767994592283085e+00 1.8634430016031422e-01 5.3737789108125469e+00 -3.5419469036637961e+00 1.3295871000000001e-02 4.5583855000000001e-01
-3.2897147110796054e-02 -2.2230782964341792e+01 7.5232216698936072e-01 5.5066320160625487e+01 -4.0695313705257190e+00 1.2971168764166574e-01 5.3228153837235537e+00 -3.3532887710501837e+00 1.3353135000000000e-02 4.6916390000000002e-01
-1.8625522083532409e-02 -2.2179966424997659e+01 7.5856384447572889e-01 5.2995242884010828e+01 -2.3310896663827569e+00 7.3292072472566971e-02 5.2681295787301679e+00 -3.1731955023778604e+00 1.3400123999999999e-02 4.8254139000000001e-01
-4.3093031955266925e-03 -2.2157348343654867e+01 7.6482502503172600e-01 5.0944527299224603e+01 -7.5371141803928254e-01 1.6942078812117733e-02 5.2102121565444302e+00 -3.0014918662852952e+00 1.3436718000000000e-02 4.9596067999999999e-01
1.0040371756423472e-02 -2.2163009252088152e+01 7.7110083755575098e-01 4.8921458184870453e+01 6.7051199064586930e-01 -3.9482696870246858e-02 5.1495310288366527e+00 -2.8379855417561144e+00 1.3462807000000000e-02 5.0941133000000005e-01
2.4412215618091815e-02 -2.2197152311984439e+01 7.7738634562491682e-01 4.6932546240235958e+01 1.9496248951056989e+00 -9.6128238418692113e-02 5.0865246911776847e+00 -2.6824692945638646e+00 1.3478291000000000e-02 5.2288276000000000e-01
3.8794887893313534e-02 -2.2260106575989266e+01 7.8367658948730590e-01 4.4983546064128355e+01 3.0917146655112298e+00 -1.5314324406374236e-01 5.0216051773787829e+00 -2.5347225411320524e+00 1.3483083000000000e-02 5.3636434000000000e-01
5.3176941402046540e-02 -2.2352331192375335e+01 7.8996656273293930e-01 4.3079497059402819e+01 4.1048627117054934e+00 -2.1067970239695244e-01 4.9551573357878356e+00 -2.3945136486095668e+00 1.3477108000000000e-02 5.4984533999999996e-01
6.7546843617146690e-02 -2.2474420570536719e+01 7.9625122162538930e-01 4.1224744918159367e+01 4.9970961545685570e+00 -2.6889380495258264e-01 4.8875403816203002e+00 -2.2616022501698860e+00 1.3460300999999999e-02 5.6331494999999998e-01
8.1893008669531198e-02 -2.2627111155806542e+01 8.0252549909919701e-01 3.9422975620175116e+01 5.7763435322419561e+00 -3.2794696137861501e-01 4.8190871940813009e+00 -2.1357408002314235e+00 1.3432611000000001e-02 5.7676231000000000e-01
9.6203818684954201e-02 -2.2811289614030393e+01 8.0878431409148566e-01 3.7677247124333235e+01 6.4503943740998917e+00 -3.8800683366493871e-01 4.7501053160322613e+00 -2.0166763679405553e+00 1.3393997000000000e-02 5.9017653000000003e-01
1.1046759177884302e-01 -2.3028001753172294e+01 8.1502255754454112e-01 3.5990035120157501e+01 7.0268606061126029e+00 -4.4924822329981096e-01 4.6808778433460638e+00 -1.9041526971740241e+00 1.3344429999999999e-02 6.0354666000000001e-01
1.2467262472985008e-01 -2.3278463827660424e+01 8.2123511106903768e-01 3.4363264096323455e+01 7.5131466790104939e+00 -5.1185434943366381e-01 4.6116635204284204e+00 -1.7979114710426878e+00 1.3283893999999999e-02 6.1686173000000000e-01
1.3880723565340281e-01 -2.3564076174827942e+01 8.2741686560726135e-01 3.2798345973433754e+01 7.9164233179775314e+00 -5.7601827405294392e-01 4.5427001188160787e+00 -1.6976936391311344e+00 1.3212384000000001e-02 6.3011079000000003e-01
1.5285969999137783e-01 -2.3886436785864891e+01 8.3356269343827372e-01 3.1296224914735372e+01 8.2436002551094081e+00 -6.4194390321087014e-01 4.4742010760800843e+00 -1.6032412959228906e+00 1.3129907000000000e-02 6.4328284999999996e-01
1.6681832519081508e-01 -2.4247359546055105e+01 8.3966748083855514e-01 2.9857412570302088e+01 8.5013126759968998e+00 -7.0984780845087803e-01 4.4063588367699911e+00 -1.5142983947202486e+00 1.3036481000000001e-02 6.5636695000000000e-01
1.8067146137230539e-01 -2.4648894573156880e+01 8.4572613274781006e-01 2.8482026111698119e+01 8.6959023157949993e+00 -7.7996090231337256e-01 4.3393483670903681e+00 -1.4306118951092270e+00 1.2932137999999999e-02 6.6935217000000002e-01
1.9440746932482711e-01 -2.5093349807184207e+01 8.5173355877154910e-01 2.7169831132608643e+01 8.8334070354361423e+00 -8.5253008211834291e-01 4.2733239546028123e+00 -1.3519330461097980e+00 1.2816919000000000e-02 6.8222760000000005e-01
2.0801478451607314e-01 -2.5583318348859024e+01 8.5768470117592610e-01 2.5920273958030364e+01 8.9195541155100653e+00 -9.2782061577220487e-01 4.2084225220470284e+00 -1.2780178912714735e+00 1.2690879000000000e-02 6.9498240000000000e-01
2.2148189575567478e-01 -2.6121708152462151e+01 8.6357452555612524e-01 2.4732520730604577e+01 8.9597537574368520e+00 -1.0061180240304515e+00 4.1447644309258571e+00 -1.2086281954706586e+00 1.2554085000000000e-02 7.0760577999999996e-01
2.3479735586358985e-01 -2.6711776086957570e+01 8.6939802550216772e-01 2.3605492296200701e+01 8.9590985029449257e+00 -1.0877312074022571e+00 4.0824545596391646e+00 -1.1435321588986860e+00 1.2406611999999999e-02 7.2008700999999997e-01
2.4794983501204138e-01 -2.7357169618968690e+01 8.7515024592794188e-01 2.2537893182344757e+01 8.9223618560479423e+00 -1.1729950961807392e+00 4.0215832176193409e+00 -1.0825046951808182e+00 1.2248551000000000e-02 7.3241546999999996e-01
2.6092808872035411e-01 -2.8061970826644757e+01 8.8082626907378558e-01 2.1528246856709941e+01 8.8540090113448766e+00 -1.2622739810863295e+00 3.9622273900447649e+00 -1.0253280973031551e+00 1.2080001999999999e-02 7.4458062000000003e-01
2.7372097919173022e-01 -2.8830749379691721e+01 8.8642122383809752e-01 2.0574924690149569e+01 8.7581880693299965e+00 -1.3559652775156563e+00 3.9044517865820247e+00 -9.7179231882258377e-01 1.1901076999999999e-02 7.5657202000000001e-01
2.8631749665002471e-01 -2.9668623933011883e+01 8.9193029510895028e-01 1.9676171841613069e+01 8.6387507904673537e+00 -1.4545038838282969e+00 3.8483098454837448e+00 -9.2169534628190886e-01 1.1711898000000000e-02 7.6837935000000002e-01
2.9870679134490874e-01 -3.0581334299372013e+01 8.9734873776150836e-01 1.8830131836393104e+01 8.4992551657235538e+00 -1.5583672798490320e+00 3.7938442689226388e+00 -8.7484303848042899e-01 1.1512599000000000e-02 7.7999244000000001e-01
3.1087812020993089e-01 -3.1575318580785080e+01 9.0267185332899724e-01 1.8034871739944833e+01 8.3429736667427470e+00 -1.6680806304643534e+00 3.7410890512027106e+00 -8.3104978273471863e-01 1.1303326000000001e-02 7.9140122000000002e-01
3.2282095354639417e-01 -3.2657815667641600e+01 9.0789503666076554e-01 1.7288411026445150e+01 8.1729101049094677e+00 -1.7842240844507393e+00 3.6900691281633358e+00 -7.9013811072960161e-01 1.1084235000000000e-02 8.0259581999999996e-01
3.3452487900786709e-01 -3.3836967045839145e+01 9.1301373393002905e-01 1.6588720790652268e+01 7.9918066595247774e+00 -1.9074393399330529e+00 3.6408021756253675e+00 -7.5193902226522180e-01 1.0855490000000001e-02 8.1356647999999998e-01
3.4597969761567282e-01 -3.5121954349029842e+01 9.1802348462612626e-01 1.5933763539318583e+01 7.8021580755854849e+00 -2.0384391174766652e+00 3.5932988836054385e+00 -7.1629166810351419e-01 1.0617270000000000e-02 8.2430364000000000e-01
3.5717540242211343e-01 -3.6523148694068468e+01 9.2291991222290592e-01 1.5321496675327683e+01 7.6062250128448854e+00 -2.1780170483030377e+00 3.5475639638530918e+00 -6.8304346689641693e-01 1.0369760000000000e-02 8.3479791999999997e-01
3.6810218917885851e-01 -3.8052290496911574e+01 9.2769872884453342e-01 1.4749890412822007e+01 7.4060473413432923e+00 -2.3270595602627893e+00 3.5035968021860313e+00 -6.5204990401283225e-01 1.0113159000000000e-02 8.4504013000000000e-01
3.7875046700533210e-01 -3.9722702318465480e+01 9.3235573993129661e-01 1.4216939602817176e+01 7.2034576890115378e+00 -2.4865598595711687e+00 3.4613921807699244e+00 -6.2317433475274320e-01 9.8476710000000005e-03 8.5502127999999999e-01
3.8911085838871307e-01 -4.1549538962606704e+01 9.3688684423960611e-01 1.3720675066125455e+01 7.0000953323657935e+00 -2.6576342807982565e+00 3.4209409239226267e+00 -5.9628799034838897e-01 9.5735140000000000e-03 8.6473257999999997e-01
3.9917425252587369e-01 -4.3550097083301168e+01 9.4128805717102582e-01 1.3259170991071068e+01 6.7974187465446798e+00 -2.8415427508368514e+00 3.3822303201572983e+00 -5.7126942567551953e-01 9.2909130999999992e-03 8.7416548999999999e-01
4.0893175198144105e-01 -4.5744167222690606e+01 9.4555548744324214e-01 1.2830555738394054e+01 6.5967203432954040e+00 -3.0397110878764551e+00 3.3452449354565785e+00 -5.4800461542733792e-01 9.0001030000000006e-03 8.8331166999999999e-01
4.1837473669812342e-01 -4.8154481435361895e+01 9.4968536508490098e-01 1.2433016548278610e+01 6.3991382520805109e+00 -3.2537604094661896e+00 3.3099668584842066e+00 -5.2638653038193239e-01 8.7013270999999996e-03 8.9216304000000002e-01
4.2749483199154681e-01 -5.0807236516719648e+01 9.5367402743818930e-01 1.2064805983330945e+01 6.2056698798475871e+00 -3.4855405239296386e+00 3.2763763550029337e+00 -5.0631499481457920e-01 8.3948374000000006e-03 9.0071175000000003e-01
4.3628396189219409e-01 -5.3732757478257824e+01 9.5751794248786559e-01 1.1724245355914581e+01 6.0171814911891452e+00 -3.7371728277352845e+00 3.2444521066009324e+00 -4.8769630357568727e-01 8.0808944000000001e-03 9.0895022999999997e-01
4.4473430647185386e-01 -5.6966286119348354e+01 9.6121369019803571e-01 1.1409729990847636e+01 5.8344270886752430e+00 -4.0111004916609918e+00 3.2141717842979580e+00 -4.7044307713683892e-01 7.7597663000000001e-03 9.1687114999999997e-01
4.5283834451717131e-01 -6.0548989259443928e+01 9.6475798117537703e-01 1.1119730561313929e+01 5.6580500281161310e+00 -4.3101532137216685e+00 3.1855122785768546e+00 -4.5447407075599139e-01 7.4317293999999999e-03 9.2446746000000002e-01
4.6058886419803580e-01 -6.4529218209327539e+01 9.6814766133494479e-01 1.0852794474494637e+01 5.4886194133034865e+00 -4.6376276672996015e+00 3.1584499749468180e+00 -4.3971352019785148e-01 7.0970672000000004e-03 9.3173240000000002e-01
4.6797894173080601e-01 -6.8964086257864409e+01 9.7137970256855977e-01 1.0607549173676539e+01 5.3265610662369758e+00 -4.9973880033263267e+00 3.1329611954084569e+00 -4.2609095846030248e-01 6.7560703000000000e-03 9.3865947999999999e-01
4.7500199472024773e-01 -7.3921538330059164e+01 9.7445122607383883e-01 1.0382700247127183e+01 5.1722816145772601e+00 -5.3939984342348613e+00 3.1090222373050738e+00 -4.1354241181571155e-01 6.4090362999999996e-03 9.4524253000000003e-01
4.8165171814920837e-01 -7.9482963536397790e+01 9.7735947435935844e-01 1.0177033619361321e+01 5.0261025114564957e+00 -5.8328892724985399e+00 3.0866098940659650e+00 -4.0200802215670350e-01 6.0562691999999996e-03 9.5147563999999996e-01
4.8792219106249357e-01 -8.5746785179305320e+01 9.8010185790271587e-01 9.9894136631773236e+00 4.8882852090831523e+00 -6.3205873493264644e+00 3.0657012480105248e+00 -3.9143190872344313e-01 5.6980790999999996e-03 9.5735325999999998e-01
4.9380776988299058e-01 -9.2833080622051966e+01 9.8267590849246733e-01 9.8187844924117123e+00 4.7590411556626764e+00 -6.8650103087537939e+00 3.0462743255832554e+00 -3.8176402885056587e-01 5.3347821999999998e-03 9.6287009999999995e-01
4.9930319509554444e-01 -1.0089014416152395e+02 9.8507932588619040e-01 9.6641668194557546e+00 4.6385366973041675e+00 -7.4758882982295551e+00 3.0283078446784044e+00 -3.7295796555955674e-01 4.9667000000000001e-03 9.6802122999999995e-01
5.0440351656824545e-01 -1.1010344957198085e+02 9.8730994514983994e-01 9.5246589222573590e+00 4.5269013580200301e+00 -8.1653380555679274e+00 3.0117816488477724e+00 -3.6497190092107307e-01 4.5941591999999996e-03 9.7280200999999999e-01
5.0910417889952941e-01 -1.2070881227167894e+02 9.8936577398419800e-01 9.3994336723721812e+00 4.4242319285237928e+00 -8.9487109381186318e+00 2.9966765879976887e+00 -3.5776756939379006e-01 4.2174915999999996e-03 9.7720817000000004e-01
5.1340093607107695e-01 -1.3301156660259886e+02 9.9124495539842417e-01 9.2877386540008011e+00 4.3305999847229444e+00 -9.8458276595954430e+00 2.9829748665792550e+00 -3.5131064854953542e-01 3.8370333000000002e-03 9.8123572999999997e-01
5.1728993679491486e-01 -1.4741653812392519e+02 9.9294580503650520e-01 9.1888935746074321e+00 4.2460548626014738e+00 -1.0882917169296869e+01 2.9706599614379470e+00 -3.4557034349671634e-01 3.4531249000000000e-03 9.8488107999999996e-01
5.2076769250825317e-01 -1.6447602542596539e+02 9.9446679717983610e-01 9.1022894106129772e+00 4.1706288300369279e+00 -1.2095725132992927e+01 2.9597166143857701e+00 -3.4051931011983017e-01 3.0661112999999999e-03 9.8814095000000002e-01
5.2383105603670921e-01 -1.8497145959932294e+02 9.9580655541560803e-01 9.0273881365452571e+00 4.1043415481231760e+00 -1.3534817685916050e+01 2.9501313601025334e+00 -3.3613355010394191e-01 2.6763420000000000e-03 9.9101238999999997e-01
5.2647728560463469e-01 -2.1006340383148080e+02 9.9696388063164543e-01 8.9637183357026764e+00 4.0472020996044540e+00 -1.5275349518152892e+01 2.9418919740416261e+00 -3.3239221211613468e-01 2.2841723000000002e-03 9.9349282999999999e-01
5.2870402349833934e-01 -2.4159250401610444e+02 9.9793774168479299e-01 8.9108766445370584e+00 3.9992125206404885e+00 -1.7436700335128371e+01 2.9349878651759269e+00 -3.2927750815378620e-01 1.8899688000000000e-03 9.9558005999999999e-01
5.3050928539770426e-01 -2.8276926322711608e+02 9.9872727073511058e-01 8.8685266524036130e+00 3.9603705626548567e+00 -2.0227571693678499e+01 2.9294100696762575e+00 -3.2677465337600203e-01 1.4941295000000000e-03 9.9727222000000004e-01
5.3189160973360927e-01 -3.4011568787592881e+02 9.9933182856715808e-01 8.8363930148653917e+00 3.9306686212348669e+00 -2.4073133264491577e+01 2.9251508256118832e+00 -3.2487155046084842e-01 1.0971916000000000e-03 9.9856794000000004e-01
5.3285046308666750e-01 -4.3140543974151586e+02 9.9975118189062895e-01 8.8142528686051893e+00 3.9100866198616409e+00 -3.0135651854520560e+01 2.9222023835514821e+00 -3.2355824833098018e-01 7.0085733000000002e-04 9.9946672000000003e-01
