-4.8397078274241556e-01 -1.0248703739570644e+03 4.8397230098592309e-01 -1.0842604464939516e+03 -2.9671117195342396e+02 6.8757768255983606e+01 -7.2644867102326131e+01 -1.9418144086117216e+01 5.5301730000000003e-06 1.0230946000000001e-06
-4.8395248780561428e-01 -7.4460772518044746e+02 4.8398205434792246e-01 -8.0374998134220334e+02 -2.9668155187545676e+02 5.0413151575230010e+01 -5.4288706223447242e+01 -1.9416804446565195e+01 3.5894988000000002e-05 1.9923924999999999e-05
-4.8389508977935192e-01 -6.1464068856993106e+02 4.8401265427479129e-01 -6.7314856639066704e+02 -2.9658863800414656e+02 4.1900089444970121e+01 -4.5745898906354299e+01 -1.9412602040296768e+01 8.5619985000000003e-05 7.9222864999999994e-05
-4.8378146031658742e-01 -5.2946967479059651e+02 4.8407323219840903e-01 -5.8689961569204638e+02 -2.9640476722714158e+02 3.6313734535207921e+01 -4.0108705601064678e+01 -1.9404285067875897e+01 1.5173507999999999e-04 1.9661552000000001e-04
-4.8359660858523962e-01 -4.6633941680112878e+02 4.8417178000273514e-01 -5.2222420166681400e+02 -2.9610584201434335e+02 3.2164782900012177e+01 -3.5886492381849592e+01 -1.9390761953996794e+01 2.3255418000000001e-04 3.8758918999999998e-04
-4.8332690078588031e-01 -4.1644154832782345e+02 4.8431556611305548e-01 -4.7030855037019933e+02 -2.9567012742329263e+02 2.8876891027577731e+01 -3.2502421970365532e+01 -1.9371046356654993e+01 3.2689763000000001e-04 6.6622920000000002e-04
-4.8295970501324725e-01 -3.7542460876375526e+02 4.8451132482673898e-01 -4.2680745404088890e+02 -2.9507774385402473e+02 2.6165509179624262e+01 -2.9672018205390959e+01 -1.9344233553055666e+01 4.3385032000000002e-04 1.0455858000000000e-03
-4.8248319250355620e-01 -3.4081231209171057e+02 4.8476536227189343e-01 -3.8925899614140161e+02 -2.9431041720212005e+02 2.3868880905739246e+01 -2.7233972481975972e+01 -1.9309488443776207e+01 5.5265518999999999e-04 1.5378795000000000e-03
-4.8188621477342641e-01 -3.1105657600085277e+02 4.8508362190682852e-01 -3.5613530586513622e+02 -2.9335135672011478e+02 2.1886037528614452e+01 -2.5088060760595297e+01 -1.9266039228687053e+01 6.8265765000000004e-04 2.1546280000000000e-03
-4.8115822065743946e-01 -2.8512176729531092e+02 4.8547172874883504e-01 -3.2642528348990851e+02 -2.9218519145491172e+02 2.0149569562679506e+01 -2.3167821713685260e+01 -1.9213174072715216e+01 8.2327310000000005e-04 2.9067318999999999e-03
-4.8028919978023615e-01 -2.6227858111494874e+02 4.8593501951023338e-01 -2.9942739325253302e+02 -2.9079796482628979e+02 1.8612127686745147e+01 -2.1427019805654989e+01 -1.9150239813386641e+01 9.7396649000000004e-04 3.8045331000000002e-03
-4.7926964122532706e-01 -2.4199223382266004e+02 4.8647856463277889e-01 -2.7463703450474776e+02 -2.8917713805176771e+02 1.7239088287783240e+01 -1.9832269405472989e+01 -1.9076641304239278e+01 1.1342389000000000e-03 4.8578574999999999e-03
-4.7809050333525394e-01 -2.2385755531320842e+02 4.8710718438774231e-01 -2.5168099822484700e+02 -2.8731161640292345e+02 1.6004303437384955e+01 -1.8358755984996257e+01 -1.8991842426458312e+01 1.3036180000000001e-03 6.0760461999999999e-03
-4.7674319183606539e-01 -2.0755920393110500e+02 4.8782546053814801e-01 -2.3027717840425882e+02 -2.8519178394735911e+02 1.4887490618800012e+01 -1.6987602474138136e+01 -1.8895366674740281e+01 1.4816515000000000e-03 7.4679780999999997e-03
-4.7521954212395034e-01 -1.9284615319627864e+02 4.8863774578209052e-01 -2.1020863907131761e+02 -2.8280953990286497e+02 1.3872558924140984e+01 -1.5704177699682118e+01 -1.8786798289539064e+01 1.6679024999999999e-03 9.0420881999999994e-03
-4.7351180726273767e-01 -1.7951474600006784e+02 4.8954817015148416e-01 -1.9130633337964423e+02 -2.8015833895095238e+02 1.2946498408512420e+01 -1.4496962806697720e+01 -1.8665783675528150e+01 1.8619452999999999e-03 1.0806380000000001e-02
-4.7161264685254567e-01 -1.6739704966528143e+02 4.9056064694638818e-01 -1.7343714608784902e+02 -2.7723322469515949e+02 1.2098614909914996e+01 -1.3356786254699097e+01 -1.8532032530623709e+01 2.0633631000000000e-03 1.2768437000000001e-02
-4.6951512189968125e-01 -1.5635266849210115e+02 4.9167887546995592e-01 -1.5649547220403198e+02 -2.7403086249431590e+02 1.1319994560949169e+01 -1.2276262732128961e+01 -1.8385319176285506e+01 2.2717459999999998e-03 1.4935428000000001e-02
-4.6721268620194217e-01 -1.4626280649260127e+02 4.9290634562108643e-01 -1.4039703592741094e+02 -2.7054957104922556e+02 1.0603114049881546e+01 -1.1249400428125297e+01 -1.8225483279744736e+01 2.4866887000000002e-03 1.7314116000000001e-02
-4.6469918654220610e-01 -1.3702592258245630e+02 4.9424633779121840e-01 -1.2507436286314432e+02 -2.6678933004519274e+02 9.9415566387922869e+00 -1.0271306876282196e+01 -1.8052431235291390e+01 2.7077901999999999e-03 1.9910858000000000e-02
-4.6196885204105131e-01 -1.2855442147973491e+02 4.9570192854064099e-01 -1.1047326575919496e+02 -2.6275178774701482e+02 9.3297958034905211e+00 -9.3379633024948259e+00 -1.7866134955053411e+01 2.9346520999999999e-03 2.2731616000000000e-02
-4.5901629996441795e-01 -1.2077218037883681e+02 4.9727598750232432e-01 -9.6550230846641711e+01 -2.5844026888420262e+02 8.7630341796949054e+00 -8.4460572853228637e+00 -1.7666635113710935e+01 3.1668782999999998e-03 2.5781951000000001e-02
-4.5583652991594703e-01 -1.1361258773884018e+02 4.9897118047808886e-01 -8.3270286775632940e+01 -2.5385975386502997e+02 8.2370759608502979e+00 -7.5928481882206738e+00 -1.7454037365015367e+01 3.4040742000000001e-03 2.9067029000000001e-02
-4.5242491996520606e-01 -1.0701700950921905e+02 5.0078997150271831e-01 -7.0605329337905999e+01 -2.4901685139589964e+02 7.7482273275583022e+00 -6.7760610329519597e+00 -1.7228514152778519e+01 3.6458464000000000e-03 3.2591624999999999e-02
-4.4877723245535017e-01 -1.0093358335208255e+02 5.0273461974779043e-01 -5.8532797456214901e+01 -2.4391977119126560e+02 7.2932191942828926e+00 -5.9938040989796244e+00 -1.6990303013823169e+01 3.8918026000000000e-03 3.6360116999999997e-02
-4.4488960625957419e-01 -9.5316219427544155e+01 5.0480718364990240e-01 -4.7034538410410129e+01 -2.3857826314594328e+02 6.8691421703361879e+00 -5.2444983486206054e+00 -1.6739705392626444e+01 4.1415510999999999e-03 4.0376493999999999e-02
-4.4075855968494276e-01 -9.0123804419583095e+01 5.0700951936258676e-01 -3.6095904518460067e+01 -2.3300356133427942e+02 6.4733961358947534e+00 -4.5268221568237621e+00 -1.6477084083247924e+01 4.3947007000000003e-03 4.4644352999999998e-02
-4.3638099047239076e-01 -8.5319537874507887e+01 5.0934328075631075e-01 -2.5704991482624528e+01 -2.2720831125332774e+02 6.1036479056334949e+00 -3.8396646525680311e+00 -1.6202861750969898e+01 4.6508610999999997e-03 4.9166899000000000e-02
-4.3175417192494886e-01 -8.0870378416997568e+01 5.1180992148258975e-01 -1.5851983894609409e+01 -2.2120647883194636e+02 5.7577960192978050e+00 -3.1820863736336280e+00 -1.5917518922258019e+01 4.9096423000000002e-03 5.3946949000000001e-02
-4.2687575774746134e-01 -7.6746584290329650e+01 5.1441069239384596e-01 -6.5286216127337537e+00 -2.1501331290032442e+02 5.4339419692107001e+00 -2.5532870865664101e+00 -1.5621587027564740e+01 5.1706551000000002e-03 5.8986927000000001e-02
-4.2174377333509422e-01 -7.2921315193424704e+01 5.1714664618766248e-01 2.2722812275331035e+00 -2.0864497051167390e+02 5.1303651065993296e+00 -1.9525769307025074e+00 -1.5315649966497846e+01 5.4335110000000002e-03 6.4288872999999996e-02
-4.1635662448482713e-01 -6.9370305664495532e+01 5.2001863276252891e-01 1.0557210753055450e+01 -2.0211892912220446e+02 4.8455024166371157e+00 -1.3793538974879822e+00 -1.5000340384808107e+01 5.6978226000000002e-03 6.9854434000000007e-02
-4.1071308771601772e-01 -6.6071571359770317e+01 5.2302730437812417e-01 1.8332316491243962e+01 -1.9545332808795763e+02 4.5779301934825565e+00 -8.3308256191869257e-01 -1.4676330388593657e+01 5.9632034000000004e-03 7.5684873999999999e-02
-4.0481231511011978e-01 -6.3005165256503410e+01 5.2617311307517523e-01 2.5603667026915279e+01 -1.8866711774336073e+02 4.3263490915858291e+00 -3.1327743622728088e-01 -1.4344331388296407e+01 6.2292681999999997e-03 8.1781068999999998e-02
-3.9865383043890851e-01 -6.0152960595499465e+01 5.2945631273956961e-01 3.2377514886492548e+01 -1.8177985127710815e+02 4.0895707767472853e+00 1.8051219610367375e-01 -1.4005088241777262e+01 6.4956331999999999e-03 8.8143510999999994e-02
-3.9223752916448096e-01 -5.7498463994586821e+01 5.3287695910235577e-01 3.8660483201722123e+01 -1.7481155214150570e+02 3.8665064157613531e+00 6.4871475344113461e-01 -1.3659374658868806e+01 6.7619166000000000e-03 9.4772308000000000e-02
-3.8556367263159463e-01 -5.5026647358473234e+01 5.3643491283591260e-01 4.4459746824171674e+01 -1.6778256353656070e+02 3.6561565838604082e+00 1.0917471594460837e+00 -1.3307987793463804e+01 7.0277381999999996e-03 1.0166719000000000e-01
-3.7863288709972376e-01 -5.2723807388055391e+01 5.4012984006997722e-01 4.9783130478121521e+01 -1.6071340410306047e+02 3.4576024747281155e+00 1.5100244117404518e+00 -1.2951743400395779e+01 7.2927204000000001e-03 1.0882751000000000e-01
-3.7144617729426926e-01 -5.0577434138118107e+01 5.4396120516724999e-01 5.4639241296527807e+01 -1.5362463539286384e+02 3.2699984906232911e+00 1.9039655273116278e+00 -1.2591471164862435e+01 7.5564877000000004e-03 1.1625223000000000e-01
-3.6400489833619559e-01 -4.8576098927207205e+01 5.4792828568821306e-01 5.9037546692354290e+01 -1.4653669351035481e+02 3.0925646302356720e+00 2.2740022129436741e+00 -1.2228008378363704e+01 7.8186677999999999e-03 1.2393994999999999e-01
-3.5631075380614385e-01 -4.6709344903805935e+01 5.5203017342318728e-01 6.2988405345400722e+01 -1.3946974941649955e+02 2.9245805099054096e+00 2.6205823816169480e+00 -1.1862194835121377e+01 8.0788911000000008e-03 1.3188891000000000e-01
-3.4836582478273814e-01 -4.4967611301080780e+01 5.5626575891148433e-01 6.6503088937247128e+01 -1.3244360035919595e+02 2.7653805981754296e+00 2.9441736997393546e+00 -1.1494869179007981e+01 8.3367917000000003e-03 1.4009695999999999e-01
-3.4017253112484358e-01 -4.3342140607861822e+01 5.6063375208253707e-01 6.9593807385815680e+01 -1.2547750779933926e+02 2.6143484729033610e+00 3.2452677236907514e+00 -1.1126862246682457e+01 8.5920070000000005e-03 1.4856159999999999e-01
-3.3173365083043754e-01 -4.1824912109117058e+01 5.6513267193533412e-01 7.2273682451022864e+01 -1.1859009352414074e+02 2.4709129648006196e+00 3.5243809344128665e+00 -1.0758993356644524e+01 8.8441787999999997e-03 1.5727996000000000e-01
-3.2305230067773838e-01 -4.0408574047334604e+01 5.6976085685898448e-01 7.4556721247699272e+01 -1.1179921178067832e+02 2.3345438503973410e+00 3.7820567669821505e+00 -1.0392064896154215e+01 9.0929527999999999e-03 1.6624881999999999e-01
-3.1413193622520552e-01 -3.9086384169481725e+01 5.7451646463271810e-01 7.6457772036378302e+01 -1.0512184196659115e+02 2.2047483964544941e+00 4.0188655155523048e+00 -1.0026858268957346e+01 9.3379794999999995e-03 1.7546460999999999e-01
-3.0497634213210412e-01 -3.7852159828917493e+01 5.7939747758616744e-01 7.7992460781212429e+01 -9.8573998319941055e+01 2.0810680609498089e+00 4.2354048550501657e+00 -9.6641295697574776e+00 9.5789143999999993e-03 1.8492342000000001e-01
-2.9558966119681157e-01 -3.6700232684825487e+01 5.8440168711852114e-01 7.9177120688229891e+01 -9.2170663523242737e+01 1.9630759924085355e+00 4.4322974677154177e+00 -9.3046071075086036e+00 9.8154178999999998e-03 1.9462097000000000e-01
-2.8597634595963972e-01 -3.5625400287138866e+01 5.8952671949993518e-01 8.0028716691868283e+01 -8.5925684975300001e+01 1.8503737448441768e+00 4.6101916658363740e+00 -8.9489862903831643e+00 1.0047156000000000e-02 2.0455266000000000e-01
-2.7614114902339981e-01 -3.4622887961402370e+01 5.9477004103181519e-01 8.0564754320696025e+01 -7.9851713431661480e+01 1.7425888809182024e+00 4.7697591972818500e+00 -8.5979263253899454e+00 1.0273801000000001e-02 2.1471357999999999e-01
-2.6608917145057975e-01 -3.3688319551188464e+01 6.0012893224540520e-01 8.0803177846309808e+01 -7.3960190201069580e+01 1.6393733382063242e+00 4.9116920431669397e+00 -8.2520496855204595e+00 1.0495031000000000e-02 2.2509846000000000e-01
-2.5582580468673122e-01 -3.2817680220567901e+01 6.0560051886348087e-01 8.0762282436825728e+01 -6.8261274489826306e+01 1.5404007996068265e+00 5.0367012613321629e+00 -7.9119378671000078e+00 1.0710529999999999e-02 2.3570173000000000e-01
-2.4535674023990509e-01 -3.2007289827142678e+01 6.1118176664006785e-01 8.0460609810487384e+01 -6.2763836199641219e+01 1.4453650219377701e+00 5.1455139418220668e+00 -7.5781298704089401e+00 1.0919989999999999e-02 2.4651751000000000e-01
-2.3468797936008709e-01 -3.1253778259372790e+01 6.1686947620015886e-01 7.9916838189352163e+01 -5.7475443982190470e+01 1.3539782481037475e+00 5.2388699249850958e+00 -7.2511213724371242e+00 1.1123108000000000e-02 2.5753959999999998e-01
-2.2382580400089130e-01 -3.0554060410596641e+01 6.2266029852056093e-01 7.9149685968697753e+01 -5.2402362854818207e+01 1.2659694266625872e+00 5.3175192349408027e+00 -6.9313630630787770e+00 1.1319591000000000e-02 2.6876150999999998e-01
-2.1277676714012467e-01 -2.9905315514814308e+01 6.2855074009017764e-01 7.8177805561204195e+01 -4.7549559123270434e+01 1.1810826931395633e+00 5.3822188419857664e+00 -6.6192590627076280e+00 1.1509152000000000e-02 2.8017647000000001e-01
-2.0154770245922254e-01 -2.9304967908921970e+01 6.3453715774972663e-01 7.7019687580218388e+01 -4.2920731496147809e+01 1.0990762473925291e+00 5.4337294111450891e+00 -6.3151681930127070e+00 1.1691511000000000e-02 2.9177742000000001e-01
-1.9014573402268403e-01 -2.8750672755514138e+01 6.4061575353145739e-01 7.5693567647784292e+01 -3.8518352879207917e+01 1.0197211007302531e+00 5.4728124320332405e+00 -6.0194039015148695e+00 1.1866398000000000e-02 3.0355700000000002e-01
-1.7857819884258852e-01 -2.8240295783433528e+01 6.4678261594140962e-01 7.4217328621893785e+01 -3.4343679402955487e+01 9.4279946118261670e-01 5.5002256584686586e+00 -5.7322325130896283e+00 1.2033550000000000e-02 3.1550762999999998e-01
-1.6685271463464357e-01 -2.7771903658800465e+01 6.5303368383743710e-01 7.2608425252414577e+01 -3.0396834363601844e+01 8.6810417192381739e-01 5.5167230965643990e+00 -5.4538762697180596e+00 1.2192715000000000e-02 3.2762143999999999e-01
-1.5497713142100789e-01 -2.7343749723258366e+01 6.5936477223061929e-01 7.0883801375769309e+01 -2.6676847164968407e+01 7.9543736429586964e-01 5.5230490601168585e+00 -5.1845132076458285e+00 1.2343646000000000e-02 3.3989032000000002e-01
-1.4295954120972681e-01 -2.6954263761728392e+01 6.6577156712497876e-01 6.9059822832371381e+01 -2.3181719358153654e+01 7.2460961988811778e-01 5.5199368189865687e+00 -4.9242788169410163e+00 1.2486109000000000e-02 3.5230591000000000e-01
-1.3080823927699015e-01 -2.6602041673388332e+01 6.7224964615861038e-01 6.7152208409363652e+01 -1.9908500103496603e+01 6.5543887513674393e-01 5.5081053944361669e+00 -4.6732668791396641e+00 1.2619877000000000e-02 3.6485963999999999e-01
-1.1853175320543885e-01 -2.6285837430605429e+01 6.7879446312283476e-01 6.5175982610885541e+01 -1.6853348176039287e+01 5.8774976099422860e-01 5.4882578452097279e+00 -4.4315321343143026e+00 1.2744734000000001e-02 3.7754270000000001e-01
-1.0613881384585866e-01 -2.6004555396831446e+01 6.8540136344304470e-01 6.3145426331250960e+01 -1.4011615264539646e+01 5.2137264131968997e-01 5.4610785917203328e+00 -4.1990917206356535e+00 1.2860473000000001e-02 3.9034606999999999e-01
-9.3638335958308949e-02 -2.5757245232918713e+01 6.9206559449926974e-01 6.1074032660851429e+01 -1.1377920336049129e+01 4.5614284774236635e-01 5.4272310809990945e+00 -3.9759269240614015e+00 1.2966896000000000e-02 4.0326054000000000e-01
-8.1039437570993744e-02 -2.5543094585626271e+01 6.9878229530561220e-01 5.8974486083203558e+01 -8.9462394613439002e+00 3.9189978734908060e-01 5.3873564843887172e+00 -3.7619864644640932e+00 1.3063819000000001e-02 4.1627669000000000e-01
-6.8351381903649089e-02 -2.5361425761427331e+01 7.0554652747193991e-01 5.6858630124736855e+01 -6.7099644356750003e+00 3.2848628313849626e-01 5.3420720465507978e+00 -3.5571871756011753e+00 1.3151064000000001e-02 4.2938494999999999e-01
-5.5583635444155621e-02 -2.5211693204518728e+01 7.1235324424219315e-01 5.4737462785719977e+01 -4.6620117046244021e+00 2.6574790094882927e-01 5.2919698645851172e+00 -3.3614182721397934e+00 1.3228465999999999e-02 4.4257553999999999e-01
-4.2745790513054993e-02 -2.5093478900943097e+01 7.1919733177664280e-01 5.2621120134778096e+01 -2.7948767572617887e+00 2.0353207069376311e-01 5.2376154218880542e+00 -3.1745423616258885e+00 1.3295871000000001e-02 4.5583855000000001e-01
-2.9847603981291715e-02 -2.5006493237095892e+01 7.2607358851076120e-01 5.0518887239829880e+01 -1.1007294763165036e+00 1.4168744536396338e-01 5.1795472007288197e+00 -2.9963987391884666e+00 1.3353135000000000e-02 4.6916390000000002e-01
-1.6898948873035780e-02 -2.4950572893018432e+01 7.3297675095663317e-01 4.8439192458007689e+01 4.2852956299090528e-01 8.0063051669894136e-02 5.1182756810640679e+00 -2.8268053078850768e+00 1.3400123999999999e-02 4.8254139000000001e-01
-3.9098337245537240e-03 -2.4925681629616548e+01 7.3990148338239226e-01 4.6389629426191242e+01 1.8011842363915680e+00 1.8507681975905133e-02 5.0542832021016135e+00 -2.6655614578563105e+00 1.3436718000000000e-02 4.9596067999999999e-01
9.1096361335334941e-03 -2.4931911538758094e+01 7.4684239845334865e-01 4.4376970869652709e+01 3.0256466813083094e+00 -4.3131005140786050e-02 4.9880236200191082e+00 -2.5124500140472232e+00 1.3462807000000000e-02 5.0941133000000005e-01
2.2149219858508151e-02 -2.4969485373606258e+01 7.5379403659086130e-01 4.2407196536688126e+01 4.1103809913023897e+00 -1.0500703113365994e-01 4.9199225100698021e+00 -2.3672407198111691e+00 1.3478291000000000e-02 5.2288276000000000e-01
3.5198628210475591e-02 -2.5038759857950090e+01 7.6075091241487747e-01 4.0485515199685416e+01 5.0638561523761387e+00 -1.6727726508954777e-01 4.8503770056243400e+00 -2.2296901299700704e+00 1.3483083000000000e-02 5.3636434000000000e-01
4.8247475155186237e-02 -2.5140230132798774e+01 7.6770748894252216e-01 3.8616400734002582e+01 5.8944857124288141e+00 -2.3010199191644842e-01 4.7797564191830526e+00 -2.0995465739868902e+00 1.3477108000000000e-02 5.4984533999999996e-01
6.1285297222907098e-02 -2.5274535283713821e+01 7.7465818790866181e-01 3.6803625744384775e+01 6.6105791208876843e+00 -2.9364586292398576e-01 4.7084027182751598e+00 -1.9765504139662959e+00 1.3460300999999999e-02 5.6331494999999998e-01
7.4301582546727696e-02 -2.5442464948941630e+01 7.8159740524675148e-01 3.5050298402616427e+01 7.2202994850953779e+00 -3.5807883325145795e-01 4.6366310781425764e+00 -1.8604366533751411e+00 1.3432611000000001e-02 5.7676231000000000e-01
8.7285790221431125e-02 -2.5644969218524064e+01 7.8851952140939985e-01 3.3358900522559701e+01 7.7316222054802921e+00 -4.2357738566055914e-01 4.5647304467299454e+00 -1.7509361366798804e+00 1.3393997000000000e-02 5.9017653000000003e-01
1.0022732126518785e-01 -2.5883165884195062e+01 7.9541888588752141e-01 3.1731332640202808e+01 8.1522990024248347e+00 -4.9032519062997659e-01 4.4929649579854116e+00 -1.6477783979868417e+00 1.3344429999999999e-02 6.0354666000000001e-01
1.1311555733729739e-01 -2.6158353797585477e+01 8.0228983785146668e-01 3.0168952548211525e+01 8.4898327270565659e+00 -5.5851472600719387e-01 4.4215744526451530e+00 -1.5506922207864842e+00 1.3283893999999999e-02 6.1686173000000000e-01
1.2593989945593020e-01 -2.6472025051270485e+01 8.0912672679215025e-01 2.8672616638126250e+01 8.7514427892061253e+00 -6.2834833098467313e-01 4.3507753863676584e+00 -1.4594072653791310e+00 1.3212384000000001e-02 6.3011079000000003e-01
1.3868970992151475e-01 -2.6825881311829008e+01 8.1592388155935791e-01 2.7242728421624040e+01 8.9440561733244728e+00 -7.0003942174082479e-01 4.2807622555671907e+00 -1.3736557925088289e+00 1.3129907000000000e-02 6.4328284999999996e-01
1.5135438007278623e-01 -2.7221850971864288e+01 8.2267564648372216e-01 2.5879274151834434e+01 9.0742852560154663e+00 -7.7381434859368059e-01 4.2117088483955865e+00 -1.2931734320719879e+00 1.3036481000000001e-02 6.5636695000000000e-01
1.6392333996622110e-01 -2.7662110254803896e+01 8.2937638653700474e-01 2.4581862863598612e+01 9.1484107789959399e+00 -8.4991400838691189e-01 4.1437685590139539e+00 -1.2177002616677093e+00 1.2932137999999999e-02 6.6935217000000002e-01
1.7638602933773195e-01 -2.8149105197432732e+01 8.3602047185124939e-01 2.3349777964569057e+01 9.1723858265151286e+00 -9.2859549627339910e-01 4.0770766350610756e+00 -1.1469819116751829e+00 1.2816919000000000e-02 6.8222760000000005e-01
1.8873195567927892e-01 -2.8685579954803867e+01 8.4260230868047592e-01 2.2181994976475568e+01 9.1518175046867967e+00 -1.0101344447058964e+00 4.0117505864984242e+00 -1.0807702163272650e+00 1.2690879000000000e-02 6.9498240000000000e-01
2.0095067488000007e-01 -2.9274606484951772e+01 8.4911632908011525e-01 2.1077256682950679e+01 9.0919721115249814e+00 -1.0948271870135313e+00 3.9478918431978167e+00 -1.0188239074718859e+00 1.2554085000000000e-02 7.0760577999999996e-01
2.1303180090564589e-01 -2.9919619262617623e+01 8.5555699606729241e-01 2.0034055364584532e+01 8.9977758752461448e+00 -1.1829932537598564e+00 3.8855863117381779e+00 -9.6090927633573053e-01 1.2406611999999999e-02 7.2008700999999997e-01
2.2496505419575707e-01 -3.0624457228873503e+01 8.6191882942223674e-01 1.9050711902370690e+01 8.8738161897730894e+00 -1.2749786632644704e+00 3.8249075487876589e+00 -9.0680041833069192e-01 1.2248551000000000e-02 7.3241546999999996e-01
2.3674023262535782e-01 -3.1393409519109163e+01 8.6819639020743644e-01 1.8125387757591572e+01 8.7243499769916628e+00 -1.3711587702852821e+00 3.7659137278207151e+00 -8.5627972577814782e-01 1.2080001999999999e-02 7.4458062000000003e-01
2.4834723086382704e-01 -3.2231266659723140e+01 8.7438429108820181e-01 1.7256117361487032e+01 8.5533102898586399e+00 -1.4719424679210009e+00 3.7086531122516848e+00 -8.0913841548915000e-01 1.1901076999999999e-02 7.5657202000000001e-01
2.5977605973376927e-01 -3.3143383666390157e+01 8.8047720665323070e-01 1.6440835568052545e+01 8.3643166288133717e+00 -1.5777757580006884e+00 3.6531628627079540e+00 -7.6517628862815135e-01 1.1711898000000000e-02 7.6837935000000002e-01
2.7101687524932083e-01 -3.4135752230624277e+01 8.8646988889545497e-01 1.5677401987552798e+01 8.1606852188902099e+00 -1.6891474743946282e+00 3.5994704001801852e+00 -7.2420183268926275e-01 1.1512599000000000e-02 7.7999244000000001e-01
2.8205993021897269e-01 -3.5215077327479612e+01 8.9235714141062905e-01 1.4963627372876724e+01 7.9454428303878073e+00 -1.8065939330186862e+00 3.5475945697218401e+00 -6.8603279897204061e-01 1.1303326000000001e-02 7.9140122000000002e-01
2.9289567103992498e-01 -3.6388880033654118e+01 8.9813387100015274e-01 1.4297288863876959e+01 7.7213388540006669e+00 -1.9307062403109252e+00 3.4975462931204335e+00 -6.5049558888501180e-01 1.1084235000000000e-02 8.0259581999999996e-01
3.0351465058316807e-01 -3.7665598277126740e+01 9.0379504122853127e-01 1.3676155394604001e+01 7.4908588595044439e+00 -2.0621366120427886e+00 3.4493298255918488e+00 -6.1742568247747487e-01 1.0855490000000001e-02 8.1356647999999998e-01
3.1390761530840139e-01 -3.9054723379708442e+01 9.0933571886591458e-01 1.3097998502630517e+01 7.2562377388417829e+00 -2.2016077394515818e+00 3.4029431729008066e+00 -5.8666714433140710e-01 1.0617270000000000e-02 8.2430364000000000e-01
3.2406548590516260e-01 -4.0566948133641880e+01 9.1475106356753400e-01 1.2560610967806149e+01 7.0194868223250362e+00 -2.3499223987402611e+00 3.3583791277774719e+00 -5.5807260362349154e-01 1.0369760000000000e-02 8.3479791999999997e-01
3.3397936697226338e-01 -4.2214343623238989e+01 9.2003633303398358e-01 1.2061818102229124e+01 6.7823885926957841e+00 -2.5079750494158306e+00 3.3156258290051488e+00 -5.3150310271619172e-01 1.0113159000000000e-02 8.4504013000000000e-01
3.4364055669722438e-01 -4.4010570687650230e+01 9.2518688817150307e-01 1.1599488529588900e+01 6.5465219731842517e+00 -2.6767654527588940e+00 3.2746675245964703e+00 -5.0682784663001967e-01 9.8476710000000005e-03 8.5502127999999999e-01
3.5304054685627551e-01 -4.5971120159682243e+01 9.3019819309197760e-01 1.1171547015649336e+01 6.3132827376609137e+00 -2.8574145537386215e+00 3.2354852805216692e+00 -4.8392397338038318e-01 9.5735140000000000e-03 8.6473257999999997e-01
3.6217107121153336e-01 -4.8113632563472464e+01 9.3506584091434863e-01 1.0775979937625578e+01 6.0838873691546675e+00 -3.0511843509324428e+00 3.1980571600704533e+00 -4.6267619716829855e-01 9.2909130999999992e-03 8.7416548999999999e-01
3.7102405711382358e-01 -5.0458213303585332e+01 9.3978552796320347e-01 1.0410834534608673e+01 5.8593952948101293e+00 -3.2594995791554462e+00 3.1623592389569959e+00 -4.4297669602011031e-01 9.0001030000000006e-03 8.8331166999999999e-01
3.7959168357929385e-01 -5.3027900906964206e+01 9.4435308473046842e-01 1.0074244825379404e+01 5.6407220495180592e+00 -3.4839761551658341e+00 3.1283657654302703e+00 -4.2472466439717949e-01 8.7013270999999996e-03 8.9216304000000002e-01
3.8786635225110733e-01 -5.5849155875795951e+01 9.4876446039456175e-01 9.7644146903199598e+00 5.4286352985661948e+00 -3.7264534961311488e+00 3.0960497080785001e+00 -4.0782609428516259e-01 8.3948374000000006e-03 9.0071175000000003e-01
3.9584073579662027e-01 -5.8952520266155062e+01 9.5301574862180516e-01 9.4796305405203025e+00 5.2238050836982461e+00 -3.9890360713172863e+00 3.0653831253234451e+00 -3.9219359646960245e-01 8.0808944000000001e-03 9.0895022999999997e-01
4.0350773918963989e-01 -6.2373372135531127e+01 9.5710316692529540e-01 9.2182639183126689e+00 5.0267785752029086e+00 -4.2741418498370436e+00 3.0363373595060210e+00 -3.7774573919792748e-01 7.7597663000000001e-03 9.1687114999999997e-01
4.1086053842816639e-01 -6.6152913537909882e+01 9.6102307730603220e-01 8.9787691839759542e+00 4.8380098818107529e+00 -4.5845649669980357e+00 3.0088838423398876e+00 -3.6440722223270966e-01 7.4317293999999999e-03 9.2446746000000002e-01
4.1789259021382819e-01 -7.0339386198499568e+01 9.6477199141320125e-01 8.7596888965859829e+00 4.6578675357832093e+00 -4.9235533999837751e+00 2.9829937995343023e+00 -3.5210824287317882e-01 7.0970672000000004e-03 9.3173240000000002e-01
4.2459761259301121e-01 -7.4989601596255639e+01 9.6834656022360965e-01 8.5596504875069215e+00 4.4866441759826081e+00 -5.2949059880297824e+00 2.9586388498521923e+00 -3.4078432105246298e-01 6.7560703000000000e-03 9.3865947999999999e-01
4.3096963335403615e-01 -8.0170946196137535e+01 9.7174359984309722e-01 8.3773660151812965e+00 4.3245666131962821e+00 -5.7031006684311594e+00 2.9357910603308328e+00 -3.3037590189163879e-01 6.4090362999999996e-03 9.4524253000000003e-01
4.3700293195054574e-01 -8.5963906446344694e+01 9.7496006054484241e-01 8.2116337284668770e+00 4.1718048169291029e+00 -6.1534546050692533e+00 2.9144233723925397e+00 -3.2082861389144224e-01 6.0562691999999996e-03 9.5147563999999996e-01
4.4269213629585913e-01 -9.2465545300038642e+01 9.7799307837218574e-01 8.0613330476607796e+00 4.0284791496394527e+00 -6.6523472583077687e+00 2.8945094410480783e+00 -3.1209223693241445e-01 5.6980790999999996e-03 9.5735325999999998e-01
4.4803212596861763e-01 -9.9793970254973530e+01 9.8083992353580651e-01 7.9254275426933845e+00 3.8946695422191260e+00 -7.2075044284579084e+00 2.8760241633844075e+00 -3.0412100930291819e-01 5.3347821999999998e-03 9.6287009999999995e-01
4.5301812900713911e-01 -1.0809469008093606e+02 9.8349805201654572e-01 7.8029593488656319e+00 3.7704207052919076e+00 -7.8284066561080898e+00 2.8589434856417579e+00 -2.9687319200252499e-01 4.9667000000000001e-03 9.6802122999999995e-01
4.5764565415336966e-01 -1.1754928949704852e+02 9.8596506944343043e-01 7.6930496198704574e+00 3.6557500090466108e+00 -8.5268442720698214e+00 2.8432447680601234e+00 -2.9031091382238394e-01 4.5941591999999996e-03 9.7280200999999999e-01
4.6191056828836763e-01 -1.2838819305962440e+02 9.8823877237593150e-01 7.5948951132363813e+00 3.5506516002344584e+00 -9.3177396016088583e+00 2.8289066547527328e+00 -2.8439990839700102e-01 4.2174915999999996e-03 9.7720817000000004e-01
4.6580901899681937e-01 -1.4090925753318447e+02 9.9031710702170561e-01 7.5077680997500140e+00 3.4551036428200659e+00 -1.0220343184000736e+01 2.8159094173400128e+00 -2.7910944301300589e-01 3.8370333000000002e-03 9.8123572999999997e-01
4.6933751200252383e-01 -1.5550688301957376e+02 9.9219821051885337e-01 7.4310119332497129e+00 3.3690712198618562e+00 -1.1260115398292998e+01 2.8042347908320622e+00 -2.7441202527349362e-01 3.4531249000000000e-03 9.8488107999999996e-01
4.7249288213008522e-01 -1.7271864571534721e+02 9.9388039545507278e-01 7.3640406066593425e+00 3.2925109287782623e+00 -1.2471744622077969e+01 2.7938661463938708e+00 -2.7028329257014799e-01 3.0661112999999999e-03 9.8814095000000002e-01
4.7527227394604243e-01 -1.9330474937516917e+02 9.9536213954709407e-01 7.3063378623143818e+00 3.2253760997071015e+00 -1.3904300780372139e+01 2.7847886080435185e+00 -2.6670193586226565e-01 2.6763420000000000e-03 9.9101238999999997e-01
4.7767319983548229e-01 -2.1839414309048794e+02 9.9664211660237423e-01 7.2574529724152921e+00 3.1676172384495946e+00 -1.5630736490451467e+01 2.7769889303993671e+00 -2.6364945811656071e-01 2.2841723000000002e-03 9.9349282999999999e-01
4.7969352064316773e-01 -2.4977795501058148e+02 9.9771918619853139e-01 7.2170006261453539e+00 3.1191867182683866e+00 -1.7766997651364047e+01 2.7704560009431125e+00 -2.6111012205973089e-01 1.8899688000000000e-03 9.9558005999999999e-01
4.8133143599410333e-01 -2.9058264031963370e+02 9.9859238852306376e-01 7.1846595892983380e+00 3.0800406938420126e+00 -2.0515937201610146e+01 2.7651789034615706e+00 -2.5907084813389020e-01 1.4941295000000000e-03 9.9727222000000004e-01
4.8258561980563075e-01 -3.4716634441384281e+02 9.9926101661730005e-01 7.1601686624507455e+00 3.0501379948236287e+00 -2.4291203111224135e+01 2.7611505133059779e+00 -2.5752099167557346e-01 1.0971916000000000e-03 9.9856794000000004e-01
4.8345558810597689e-01 -4.3687864217212467e+02 9.9972481246712686e-01 7.1433188208566145e+00 3.0294330658689002e+00 -3.0224710654503134e+01 2.7583623520918903e+00 -2.5645184118357867e-01 7.0085733000000002e-04 9.9946672000000003e-01
