-5.9067279059780675e-01 -6.2386995890248397e+02 5.9067441800778575e-01 -6.8221060660582987e+02 -1.7294211024410447e+02 4.1136566004044205e+01 -4.4923118943502217e+01 -1.1224324198082689e+01 5.5301730000000003e-06 1.0230946000000001e-06
-5.9065046213964456e-01 -4.6048497351609075e+02 5.9068215460910456e-01 -5.1874068752601420e+02 -1.7293500664913500e+02 3.0531369476792360e+01 -3.4313999412949364e+01 -1.1224004005084051e+01 3.5894988000000002e-05 1.9923924999999999e-05
-5.9058040945556489e-01 -3.8465615579157043e+02 5.9070642720706479e-01 -4.4269151564584035e+02 -1.7291272152518277e+02 2.5606986140728811e+01 -2.9379396857170057e+01 -1.1222999493680637e+01 8.5619985000000003e-05 7.9222864999999994e-05
-5.9044172787754712e-01 -3.3488690111639460e+02 5.9075447907305589e-01 -3.9254451010211477e+02 -1.7286861091037045e+02 2.2371934645018975e+01 -2.6126725634855664e+01 -1.1221011125407239e+01 1.5173507999999999e-04 1.9661552000000001e-04
-5.9021612151473457e-01 -2.9791379381530754e+02 5.9083264956164960e-01 -3.5502412187610679e+02 -1.7279687103795803e+02 1.9965309259577584e+01 -2.3694465548918220e+01 -1.1217777134460009e+01 2.3255418000000001e-04 3.8758918999999998e-04
-5.8988695069663100e-01 -2.6860486095203902e+02 5.9094670416259787e-01 -3.2499309897666450e+02 -1.7269224125678016e+02 1.8053991884341020e+01 -2.1749219840962077e+01 -1.1213060083608422e+01 3.2689763000000001e-04 6.6622920000000002e-04
-5.8943879853651948e-01 -2.4442647112057779e+02 5.9110198468254205e-01 -2.9991668331820114e+02 -1.7254987276276665e+02 1.6473604952358624e+01 -2.0126494788499190e+01 -1.1206640879889193e+01 4.3385032000000002e-04 1.0455858000000000e-03
-5.8885722835937138e-01 -2.2393888359746583e+02 5.9130349329396803e-01 -2.7835717690279438e+02 -1.7236525853369420e+02 1.5130782842232341e+01 -1.8732942160240484e+01 -1.1198315552826660e+01 5.5265518999999999e-04 1.5378795000000000e-03
-5.8812863375334501e-01 -2.0624375944476432e+02 5.9155594449095483e-01 -2.5941976572943508e+02 -1.7213419313051699e+02 1.3967316922712785e+01 -1.7510469329111881e+01 -1.1187893367485017e+01 6.8265765000000004e-04 2.1546280000000000e-03
-5.8724013731644820e-01 -1.9074165384238540e+02 5.9186380017250639e-01 -2.4251025489215382e+02 -1.7185274814592577e+02 1.2944421566931538e+01 -1.6420485888891015e+01 -1.1175195648584085e+01 8.2327310000000005e-04 2.9067318999999999e-03
-5.8617952166581577e-01 -1.7701170803454042e+02 5.9223129354719017e-01 -2.2721421468774759e+02 -1.7151725809363293e+02 1.2034894143514117e+01 -1.5436046497244789e+01 -1.1160055070214717e+01 9.7396649000000004e-04 3.8045331000000002e-03
-5.8493517899414971e-01 -1.6474639085628320e+02 5.9266244661135714e-01 -2.1323141806341189e+02 -1.7112431226581685e+02 1.1218891618903626e+01 -1.4537610380207383e+01 -1.1142315214213548e+01 1.1342389000000000e-03 4.8578574999999999e-03
-5.8349607421166161e-01 -1.5371359134421309e+02 5.9316108292011316e-01 -2.0033774651388421e+02 -1.7067075072159037e+02 1.0481499062412976e+01 -1.3710577150914705e+01 -1.1121830314840929e+01 1.3036180000000001e-03 6.0760461999999999e-03
-5.8185171824760795e-01 -1.4373337685909075e+02 5.9373083683808636e-01 -1.8836175410950472e+02 -1.7015366342136110e+02 9.8111516660835179e+00 -1.2943750474797550e+01 -1.1098465158066610e+01 1.4816515000000000e-03 7.4679780999999997e-03
-5.7999214643162189e-01 -1.3466308699670196e+02 5.9437516103009325e-01 -1.7716963696723607e+02 -1.6957039063307724e+02 9.1987150291764017e+00 -1.2228374489912728e+01 -1.1072095027975513e+01 1.6679024999999999e-03 9.0420881999999994e-03
-5.7790790384499757e-01 -1.2638743267080930e+02 5.9509733153678113e-01 -1.6665522031457220e+02 -1.6891852528721347e+02 8.6368254120018406e+00 -1.1557484086211460e+01 -1.1042605746413965e+01 1.8619452999999999e-03 1.0806380000000001e-02
-5.7559003173518875e-01 -1.1881173966511099e+02 5.9590045248187673e-01 -1.5673306297908641e+02 -1.6819591513933071e+02 8.1194498904099000e+00 -1.0925448491638164e+01 -1.1009893721930039e+01 2.0633631000000000e-03 1.2768437000000001e-02
-5.7303006125466416e-01 -1.1185694408591011e+02 5.9678745824161439e-01 -1.4733360738992312e+02 -1.6740066664204750e+02 7.6415749293059037e+00 -1.0327661756749796e+01 -1.0973866077543176e+01 2.2717459999999998e-03 1.4935428000000001e-02
-5.7022000294691011e-01 -1.0545658456307656e+02 5.9776111708773738e-01 -1.3839964881989991e+02 -1.6653114704425928e+02 7.1989810179564531e+00 -9.7603425444831853e+00 -1.0934440684384853e+01 2.4866887000000002e-03 1.7314116000000001e-02
-5.6715234698270056e-01 -9.9553819678725318e+01 5.9882403110563265e-01 -1.2988375947075551e+02 -1.6558598900955025e+02 6.7880783722981501e+00 -9.2203150441644119e+00 -1.0891546352449948e+01 2.7077901999999999e-03 1.9910858000000000e-02
-5.6382005016526859e-01 -9.4099733188109298e+01 5.9997864069691664e-01 -1.2174631193874762e+02 -1.6456409043150347e+02 6.4057817874395839e+00 -8.7049146556919847e+00 -1.0845122787938015e+01 2.9346520999999999e-03 2.2731616000000000e-02
-5.6021654301839485e-01 -8.9051858618604541e+01 6.0122722212347979e-01 -1.1395401915380248e+02 -1.6346461963621311e+02 6.0494179191353279e+00 -8.2118868979996762e+00 -1.0795120811314879e+01 3.1668782999999998e-03 2.5781951000000001e-02
-5.5633572269831932e-01 -8.4373046125877082e+01 6.0257188996344202e-01 -1.0647876246891711e+02 -1.6228701528374327e+02 5.7166515894594232e+00 -7.7393145750206518e+00 -1.0741502344769241e+01 3.4040742000000001e-03 2.9067029000000001e-02
-5.5217194826834937e-01 -8.0030582313315293e+01 6.0401459874845698e-01 -9.9296681836149347e+01 -1.6103098607018538e+02 5.4054287193158732e+00 -7.2855535868268477e+00 -1.0684240401016735e+01 3.6458464000000000e-03 3.2591624999999999e-02
-5.4772004778694761e-01 -7.5995502094672688e+01 6.0555714050775611e-01 -9.2387467928024378e+01 -1.5969651315140186e+02 5.1139318748457745e+00 -6.8491913638503794e+00 -1.0623319208066491e+01 3.8918026000000000e-03 3.6360116999999997e-02
-5.4297530885694834e-01 -7.2242019637319160e+01 6.0720114804275649e-01 -8.5733763044030454e+01 -1.5828384627908437e+02 4.8405434283936541e+00 -6.4290075597245737e+00 -1.0558734057250739e+01 4.1415510999999999e-03 4.0376493999999999e-02
-5.3793348216960113e-01 -6.8747079343675523e+01 6.0894809369908287e-01 -7.9320699089229876e+01 -1.5679350321096933e+02 4.5838166791566826e+00 -6.0239443095234675e+00 -1.0490491313369999e+01 4.3947007000000003e-03 4.4644352999999998e-02
-5.3259078150457084e-01 -6.5489983920582034e+01 6.1079928936656780e-01 -7.3135507404858032e+01 -1.5522626685684938e+02 4.3424519120171130e+00 -5.6330816541850188e+00 -1.0418608324112389e+01 4.6508610999999997e-03 4.9166899000000000e-02
-5.2694387900454587e-01 -6.2452084086775734e+01 6.1275588811655524e-01 -6.7167192008804747e+01 -1.5358317946108784e+02 4.1152765281122283e+00 -5.2556166110000957e+00 -1.0343113225794484e+01 4.9096423000000002e-03 5.3946949000000001e-02
-5.2098991108197790e-01 -5.9616526466158717e+01 6.1481888215527125e-01 -6.1406267701182074e+01 -1.5186553846754651e+02 3.9012289671807689e+00 -4.8908466486275186e+00 -1.0264044870140074e+01 5.1706551000000002e-03 5.8986927000000001e-02
-5.1472646778695008e-01 -5.6968032678922185e+01 6.1698910650775740e-01 -5.5844523468395415e+01 -1.5007488981237458e+02 3.6993445884873104e+00 -4.5381550396994967e+00 -1.0181452487578513e+01 5.4335110000000002e-03 6.4288872999999996e-02
-5.0815160343930899e-01 -5.4492722437245391e+01 6.1926723533393691e-01 -5.0474840224637113e+01 -1.4821302170680366e+02 3.5087445497658774e+00 -4.1969990296815398e+00 -1.0095395558244681e+01 5.6978226000000002e-03 6.9854434000000007e-02
-5.0126382481518461e-01 -5.2177953079036641e+01 6.2165378602187471e-01 -4.5291017346364683e+01 -1.4628195356484795e+02 3.3286255996021765e+00 -3.8668991874093095e+00 -1.0005943550855662e+01 5.9632034000000004e-03 7.5684873999999999e-02
-4.9406209705373028e-01 -5.0012189015598281e+01 6.2414911714114751e-01 -4.0287637339124188e+01 -1.4428392872009391e+02 3.1582519085938001e+00 -3.5474311311781781e+00 -9.9131753354107772e+00 6.2292681999999997e-03 8.1781068999999998e-02
-4.8654583893173070e-01 -4.7984884645935523e+01 6.2675343008014772e-01 -3.5459941614185119e+01 -1.4222140290072849e+02 2.9969477417240387e+00 -3.2382177585112379e+00 -9.8171790807532062e+00 6.4956331999999999e-03 8.8143510999999994e-02
-4.7871492286360207e-01 -4.6086385123085527e+01 6.2946676904608334e-01 -3.0803725769699149e+01 -1.4009703338034888e+02 2.8440912364943678e+00 -2.9389224241925938e+00 -9.7180521709210215e+00 6.7619166000000000e-03 9.4772308000000000e-02
-4.7056966781330400e-01 -4.4307837123296416e+01 6.3228902352093430e-01 -2.6315244672035128e+01 -1.3791366519601837e+02 2.6991085438905271e+00 -2.6492436171804452e+00 -9.6158997643499440e+00 7.0277381999999996e-03 1.0166719000000000e-01
-4.6211083811299147e-01 -4.2641112862761027e+01 6.3521992867077803e-01 -2.1991133303770631e+01 -1.3567431848060102e+02 2.5614704795488734e+00 -2.3689097533973338e+00 -9.5108353454562771e+00 7.2927204000000001e-03 1.0882751000000000e-01
-4.5333966000188686e-01 -4.1078745589575831e+01 6.3825905961522578e-01 -1.7828346078908947e+01 -1.3338217986668829e+02 2.4306864888147248e+00 -2.0976755904624715e+00 -9.4029799877611655e+00 7.5564877000000004e-03 1.1625223000000000e-01
-4.4425778736718802e-01 -3.9613863510983180e+01 6.4140584329787631e-01 -1.3824078921541938e+01 -1.3104057943539880e+02 2.3063019491540828e+00 -1.8353173481310838e+00 -9.2924615424029877e+00 7.8186677999999999e-03 1.2393994999999999e-01
-4.3486729938137220e-01 -3.8240137847050612e+01 6.4465955930496843e-01 -9.9757181875865886e+00 -1.2865297623980047e+02 2.1878945700275167e+00 -1.5816296648188444e+00 -9.1794141355988721e+00 8.0788911000000008e-03 1.3188891000000000e-01
-4.2517073594263616e-01 -3.6951741050657652e+01 6.4801932758560044e-01 -6.2808152747423662e+00 -1.2622295302791295e+02 2.0750719917278211e+00 -1.3364233103151573e+00 -9.0639780839249813e+00 8.3367917000000003e-03 1.4009695999999999e-01
-4.1517105042097602e-01 -3.5743297817559089e+01 6.5148412482477036e-01 -2.7370057024605456e+00 -1.2375418869927262e+02 1.9674686167200381e+00 -1.0995220349144024e+00 -8.9462987911751402e+00 8.5920070000000005e-03 1.4856159999999999e-01
-4.0487163328514730e-01 -3.4609851851826313e+01 6.5505277625685598e-01 6.5798838098108492e-01 -1.2125045010689878e+02 1.8647428593965729e+00 -8.7076062258600273e-01 -8.8265265015212471e+00 8.8441787999999997e-03 1.5727996000000000e-01
-3.9427628847570512e-01 -3.3546824229417631e+01 6.5872396385213494e-01 3.9063985248224644e+00 -1.1871556993938286e+02 1.7665777742923554e+00 -6.4998256294395484e-01 -8.7048154920223890e+00 9.0929527999999999e-03 1.6624881999999999e-01
-3.8338923340500386e-01 -3.2549993599709758e+01 6.6249622631678429e-01 7.0104574818558838e+00 -1.1615343413107333e+02 1.6726748752836573e+00 -4.3703834995812119e-01 -8.5813234171649615e+00 9.3379794999999995e-03 1.7546460999999999e-01
-3.7221508714371759e-01 -3.1615457741089084e+01 6.6636796318614111e-01 9.9724038240748829e+00 -1.1356796072260656e+02 1.5827552434250958e+00 -2.3178403947174353e-01 -8.4562110268042616e+00 9.5789143999999993e-03 1.8492342000000001e-01
-3.6075890586127968e-01 -3.0739616959128185e+01 6.7033742254492212e-01 1.2794499167912978e+01 -1.1096309526155326e+02 1.4965574234696768e+00 -3.4080438231240406e-02 -8.3296414356314337e+00 9.8154178999999998e-03 1.9462097000000000e-01
-3.4902612375848296e-01 -2.9919144828204686e+01 6.7440272149352376e-01 1.5479052624169848e+01 -1.0834278200991231e+02 1.4138361623635141e+00 1.5620895571344584e-01 -8.2017793220707844e+00 1.0047156000000000e-02 2.0455266000000000e-01
-3.3702254125400000e-01 -2.9150969369699038e+01 6.7856185024128235e-01 1.8028437046235020e+01 -1.0571094770885469e+02 1.3343603511088147e+00 3.3921894151564314e-01 -8.0727901507530877e+00 1.0273801000000001e-02 2.1471357999999999e-01
-3.2475438405178247e-01 -2.8432257097746987e+01 6.8281265164017357e-01 2.0445084866731115e+01 -1.0307150076178202e+02 1.2579123435593167e+00 5.1508246059865115e-01 -7.9428403594143830e+00 1.0495031000000000e-02 2.2509846000000000e-01
-3.1222823226018198e-01 -2.7760393124688193e+01 6.8715284574437330e-01 2.2731509555471870e+01 -1.0042830226247781e+02 1.1842870779814740e+00 6.8393233301933376e-01 -7.8120959909612493e+00 1.0710529999999999e-02 2.3570173000000000e-01
-2.9945103220542929e-01 -2.7132966200515060e+01 6.9158002571699695e-01 2.4890306838445323e+01 -9.7785156532809680e+01 1.1132914820457533e+00 8.4590155558594637e-01 -7.6807224816618911e+00 1.0919989999999999e-02 2.4651751000000000e-01
-2.8643010824511500e-01 -2.6547755962023370e+01 6.9609165373683979e-01 2.6924155281591513e+01 -9.5145801439930992e+01 1.0447405381203891e+00 1.0011235172511168e+00 -7.5488842406317014e+00 1.1123108000000000e-02 2.5753959999999998e-01
-2.7317312732774895e-01 -2.6002718753040536e+01 7.0068507327815677e-01 2.8835822863322434e+01 -9.2513889931753980e+01 9.7846109268723558e-01 1.1497328252618104e+00 -7.4167437487152892e+00 1.1319591000000000e-02 2.6876150999999998e-01
-2.5968808717928071e-01 -2.5495976191829520e+01 7.0535751320392270e-01 3.0628166859843333e+01 -8.9892977967215202e+01 9.1428788787301418e-01 1.2918654760849710e+00 -7.2844612844401784e+00 1.1509152000000000e-02 2.8017647000000001e-01
-2.4598332811657947e-01 -2.5025805602037135e+01 7.1010608367257211e-01 3.2304129388795843e+01 -8.7286517280639856e+01 8.5206364216146691e-01 1.4276593791257877e+00 -7.1521944166568749e+00 1.1691511000000000e-02 2.9177742000000001e-01
-2.3206754486091385e-01 -2.4590631044285221e+01 7.1492777204473923e-01 3.3866733304690520e+01 -8.4697847724839548e+01 7.9163846675733940e-01 1.5572533025695516e+00 -7.0200980194131022e+00 1.1866398000000000e-02 3.0355700000000002e-01
-2.1794969203011216e-01 -2.4189012068418211e+01 7.1981947562933835e-01 3.5319087103426952e+01 -8.2130174216007745e+01 7.3286883580547024e-01 1.6807890140725579e+00 -6.8883223682859818e+00 1.2033550000000000e-02 3.1550762999999998e-01
-2.0363906683292221e-01 -2.3819639087724102e+01 7.2477797303074343e-01 3.6664370049726408e+01 -7.9586574029390917e+01 6.7561737087724516e-01 1.7984094924337426e+00 -6.7570146310050658e+00 1.2192715000000000e-02 3.2762143999999999e-01
-1.8914525000161142e-01 -2.3481324929824329e+01 7.2979994461508801e-01 3.7905831570500411e+01 -7.7069980233136093e+01 6.1975203764135378e-01 1.9102598064492535e+00 -6.6263174528027662e+00 1.2343646000000000e-02 3.3989032000000002e-01
-1.7447811760544713e-01 -2.3172999309807352e+01 7.3488196841700593e-01 3.9046782050754622e+01 -7.4583180561138093e+01 5.6514569206243970e-01 2.0164867885206812e+00 -6.4963684690092469e+00 1.2486109000000000e-02 3.5230591000000000e-01
-1.5964779379677591e-01 -2.2893702613507653e+01 7.4002053651267030e-01 4.0090590243067076e+01 -7.2128803572880784e+01 5.1167536164319061e-01 2.1172391904792378e+00 -6.3673010573611242e+00 1.2619877000000000e-02 3.6485963999999999e-01
-1.4466468625146423e-01 -2.2642582177653797e+01 7.4521204274001440e-01 4.1040669527089818e+01 -6.9709323415119115e+01 4.5922197311396251e-01 2.2126672085536074e+00 -6.2392427626053113e+00 1.2744734000000001e-02 3.7754270000000001e-01
-1.2953945072845818e-01 -2.2418887592518942e+01 7.5045279497851136e-01 4.1900472107411055e+01 -6.7327051615770259e+01 4.0766966705111762e-01 2.3029225041886607e+00 -6.1123159921691288e+00 1.2860473000000001e-02 3.9034606999999999e-01
-1.1428296744282351e-01 -2.2221967130519168e+01 7.5573902333569409e-01 4.2673482689477780e+01 -6.4984132567465750e+01 3.5690560396602156e-01 2.3881580629857675e+00 -5.9866373012048033e+00 1.2966896000000000e-02 4.0326054000000000e-01
-9.8906364692705750e-02 -2.2051265285901888e+01 7.6106687196063527e-01 4.3363207058054272e+01 -6.2682547519248210e+01 3.0681908847146977e-01 2.4685277637084537e+00 -5.8623177072073975e+00 1.3063819000000001e-02 4.1627669000000000e-01
-8.3420947978450122e-02 -2.1906319770632550e+01 7.6643242360350738e-01 4.3973163920060706e+01 -6.0424104707225048e+01 2.5730131740939177e-01 2.5441865080285151e+00 -5.7394619411590737e+00 1.3151064000000001e-02 4.2938494999999999e-01
-6.7838270883481488e-02 -2.1786760654830378e+01 7.7183167505602301e-01 4.4506876565317668e+01 -5.8210451684404113e+01 2.0824512311805776e-01 2.6152894649429075e+00 -5.6181691478708498e+00 1.3228465999999999e-02 4.4257553999999999e-01
-5.2170040566464571e-02 -2.1692308308772066e+01 7.7726056989751457e-01 4.4967864316238952e+01 -5.6043064195586531e+01 1.5954404033828329e-01 2.6819922982775362e+00 -5.4985319267783117e+00 1.3295871000000001e-02 4.5583855000000001e-01
-3.6428165015223835e-02 -2.1622773349230929e+01 7.8271498212189428e-01 4.5359632919328909e+01 -5.3923256561827060e+01 1.1109242672180408e-01 2.7444505835768966e+00 -5.3806371203695997e+00 1.3353135000000000e-02 4.6916390000000002e-01
-2.0624693979343633e-02 -2.1578056206746133e+01 7.8819073660395422e-01 4.5685667457079177e+01 -5.1852177329484050e+01 6.2784589992675111e-02 2.8028197476297469e+00 -5.2645652452401102e+00 1.3400123999999999e-02 4.8254139000000001e-01
-4.7718425971278178e-03 -2.1558147877604032e+01 7.9368360091284629e-01 4.5949423208901273e+01 -4.9830817471004003e+01 1.4514537596960198e-02 2.8572546449097622e+00 -5.1503906275404905e+00 1.3436718000000000e-02 4.9596067999999999e-01
1.1118055858319598e-02 -2.1563130857404293e+01 7.9918930168512259e-01 4.6154318512742343e+01 -4.7860009510826004e+01 -3.3824641540891820e-02 2.9079094252315523e+00 -5.0381816024541068e+00 1.3462807000000000e-02 5.0941133000000005e-01
2.7032502725174878e-02 -2.1593181073555165e+01 8.0470350825169490e-01 4.6303726738129775e+01 -4.5940439547647507e+01 -8.2341038447079740e-02 2.9549370646220998e+00 -4.9280006894154713e+00 1.3478291000000000e-02 5.2288276000000000e-01
4.2958940274214541e-02 -2.1648570154387222e+01 8.1022186947717501e-01 4.6400970131225328e+01 -4.4072640244068516e+01 -1.3114474394781817e-01 2.9984894154862869e+00 -4.8199041882811251e+00 1.3483083000000000e-02 5.3636434000000000e-01
5.8884692641415048e-02 -2.1729668562295426e+01 8.1573999329357472e-01 4.6449313062323633e+01 -4.2257006205354223e+01 -1.8034811324959477e-01 3.0387167620053592e+00 -4.7139427234117308e+00 1.3477108000000000e-02 5.4984533999999996e-01
7.4796989454913199e-02 -2.1836949322733403e+01 8.2125345488682577e-01 4.6451954453668648e+01 -4.0493795983787855e+01 -2.3006639190700040e-01 3.0757674033924376e+00 -4.6101613468183480e+00 1.3460300999999999e-02 5.6331494999999998e-01
9.0683001275445707e-02 -2.1970992746629111e+01 8.2675780897655948e-01 4.6412024511083096e+01 -3.8783137681589359e+01 -2.8041827109792739e-01 3.1097878370141432e+00 -4.5085995389952709e+00 1.3432611000000001e-02 5.7676231000000000e-01
1.0652986322330926e-01 -2.2132492139601364e+01 8.3224859800262774e-01 4.6332579185062549e+01 -3.7125033533203272e+01 -3.3152683059249355e-01 3.1409224708465713e+00 -4.4092913170025527e+00 1.3393997000000000e-02 5.9017653000000003e-01
1.2232463953792094e-01 -2.2322259759515816e+01 8.3772133984532193e-01 4.6216593520409511e+01 -3.5519371837376504e+01 -3.8351965903760443e-01 3.1693129644573101e+00 -4.3122657130772772e+00 1.3344429999999999e-02 6.0354666000000001e-01
1.3805437083173744e-01 -2.2541234559888970e+01 8.4317154419841356e-01 4.6066961199195553e+01 -3.3965930050130765e+01 -4.3652991009865327e-01 3.1950985587986676e+00 -4.2175467917697969e+00 1.3283893999999999e-02 6.1686173000000000e-01
1.5370612134417594e-01 -2.2790491355549726e+01 8.4859472894219445e-01 4.5886486915748264e+01 -3.2464378568240910e+01 -4.9069727832765198e-01 3.2184157192437288e+00 -4.1251536306210790e+00 1.3212384000000001e-02 6.3011079000000003e-01
1.6926690806073308e-01 -2.3071249569190904e+01 8.5398639558391576e-01 4.5677887052903827e+01 -3.1014295995606410e+01 -5.4616811157087120e-01 3.2393979033080198e+00 -4.0351010525829381e+00 1.3129907000000000e-02 6.4328284999999996e-01
1.8472378340734608e-01 -2.3384885470375782e+01 8.5934205791060925e-01 4.5443785096737841e+01 -2.9615169583133994e+01 -6.0309719608895485e-01 3.2581755188166825e+00 -3.9473994371061560e+00 1.3036481000000001e-02 6.5636695000000000e-01
2.0006384706387148e-01 -2.3732945349838332e+01 8.6465724608234662e-01 4.5186710845200885e+01 -2.8266402591712293e+01 -6.6164841517436579e-01 3.2748757852368611e+00 -3.8620549931490027e+00 1.2932137999999999e-02 6.6935217000000002e-01
2.1527421052364648e-01 -2.4117159175969981e+01 8.6992749435245909e-01 4.4909096406323393e+01 -2.6967325403778212e+01 -7.2199571789897998e-01 3.2896225553959377e+00 -3.7790702043532565e+00 1.2816919000000000e-02 6.8222760000000005e-01
2.3034206797436740e-01 -2.4539458708637529e+01 8.7514836562709863e-01 4.4613280121110336e+01 -2.5717199415926824e+01 -7.8432462129493064e-01 3.3025363799507530e+00 -3.6984438201975149e+00 1.2690879000000000e-02 6.9498240000000000e-01
2.4525467267113110e-01 -2.5001995766578041e+01 8.8031544327871680e-01 4.4301500579955352e+01 -2.4515223221925545e+01 -8.4883346924691827e-01 3.3137341103142623e+00 -3.6201712763724405e+00 1.2554085000000000e-02 7.0760577999999996e-01
2.5999934874991415e-01 -2.5507163835577302e+01 8.8542433523932518e-01 4.3975900740232092e+01 -2.3360543398268259e+01 -9.1573489438370503e-01 3.3233292323846180e+00 -3.5442448883941897e+00 1.2406611999999999e-02 7.2008700999999997e-01
2.7456355029497292e-01 -2.6057624439014504e+01 8.9047069446679583e-01 4.3638525540176538e+01 -2.2252255331740230e+01 -9.8525781767660459e-01 3.3314315012099520e+00 -3.4706539384877679e+00 1.2248551000000000e-02 7.3241546999999996e-01
2.8893482589840380e-01 -2.6656333978499468e+01 8.9545020666508046e-01 4.3291323083813374e+01 -2.1189414265078497e+01 -1.0576491448202219e+00 3.3381470991986788e+00 -3.3993851187647701e+00 1.2080001999999999e-02 7.4458062000000003e-01
3.0310084228710255e-01 -2.7306576347499544e+01 9.0035859847073108e-01 4.2936146343714299e+01 -2.0171040314280887e+01 -1.1331759578619489e+00 3.3435784539849984e+00 -3.3304227046607386e+00 1.1901076999999999e-02 7.5657202000000001e-01
3.1704940794972536e-01 -2.8012000401852514e+01 9.0519164563941967e-01 4.2574754749131770e+01 -1.9196123777169795e+01 -1.2121273181864898e+00 3.3478243385741711e+00 -3.2637487509171912e+00 1.1711898000000000e-02 7.6837935000000002e-01
3.3076850857712792e-01 -2.8776663971570308e+01 9.0994518532571833e-01 4.2208813427582754e+01 -1.8263629404954642e+01 -1.2948203762106185e+00 3.3509798233845167e+00 -3.1993432044811443e+00 1.1512599000000000e-02 7.7999244000000001e-01
3.4424624799496562e-01 -2.9605078606303714e+01 9.1461509561679954e-01 4.1839898643723473e+01 -1.7372506716442189e+01 -1.3815983447214026e+00 3.3531362919723056e+00 -3.1371844621105605e+00 1.1303326000000001e-02 7.9140122000000002e-01
3.5747096629849373e-01 -3.0502273071000381e+01 9.1919733646503543e-01 4.1469496130180929e+01 -1.6521688484545855e+01 -1.4728379195286494e+00 3.3543814780037771e+00 -3.0772491086928109e+00 1.1084235000000000e-02 8.0259581999999996e-01
3.7043113353124746e-01 -3.1473850085512439e+01 9.2368791284865859e-01 4.1099007115662125e+01 -1.5710103043738332e+01 -1.5689526207441991e+00 3.3547994798481309e+00 -3.0195126247555204e+00 1.0855490000000001e-02 8.1356647999999998e-01
3.8311545600636143e-01 -3.2526069655995421e+01 9.2808291161110157e-01 4.0729747459405964e+01 -1.4936673241603744e+01 -1.6703968985106594e+00 3.3544707497885655e+00 -2.9639492207525988e+00 1.0617270000000000e-02 8.2430364000000000e-01
3.9551285267961012e-01 -3.3665933950210245e+01 9.3237849327447719e-01 4.0362952724197349e+01 -1.4200322904928894e+01 -1.7776729862839398e+00 3.3534722498499581e+00 -2.9105321775868789e+00 1.0369760000000000e-02 8.3479791999999997e-01
4.0761246696288767e-01 -3.4901291523740362e+01 9.3657089613283850e-01 3.9999779095475795e+01 -1.3499981359010183e+01 -1.8913375132183063e+00 3.3518774220523424e+00 -2.8592339947770862e+00 1.0113159000000000e-02 8.4504013000000000e-01
4.1940367853768812e-01 -3.6240958763028296e+01 9.4065644034543827e-01 3.9641308048722529e+01 -1.2834586995976546e+01 -2.0120064790392651e+00 3.3497562806930281e+00 -2.8100266044847673e+00 9.8476710000000005e-03 8.5502127999999999e-01
4.3087610335510484e-01 -3.7694861639086710e+01 9.4463152793672989e-01 3.9288548515099436e+01 -1.2203091701667001e+01 -2.1403685800752417e+00 3.3471754095267960e+00 -2.7628815761201584e+00 9.5735140000000000e-03 8.6473257999999997e-01
4.4201965270323107e-01 -3.9274212357789189e+01 9.4849266326266679e-01 3.8942438872666145e+01 -1.1604461360842475e+01 -2.2771936748074397e+00 3.3441981420568481e+00 -2.7177700828115099e+00 9.2909130999999992e-03 8.7416548999999999e-01
4.5282447413975968e-01 -4.0991703857065808e+01 9.5223643254440249e-01 3.8603852366434971e+01 -1.1037683115010404e+01 -2.4233455468723721e+00 3.3408845647713257e+00 -2.6746633461813034e+00 9.0001030000000006e-03 8.8331166999999999e-01
4.6328102237286328e-01 -4.2861762392623845e+01 9.5585952842785082e-01 3.8273597018688932e+01 -1.0501764599565288e+01 -2.5797981126899314e+00 3.3372915899693831e+00 -2.6335325084338987e+00 8.7013270999999996e-03 8.9216304000000002e-01
4.7338002382075361e-01 -4.4900836076157994e+01 9.5935873770390556e-01 3.7952422025059100e+01 -9.9957393863237236e+00 -2.7476534799265995e+00 3.3334730666495300e+00 -2.5943490500647672e+00 8.3948374000000006e-03 9.0071175000000003e-01
4.8311253567908274e-01 -4.7127764596989429e+01 9.6273096177474105e-01 3.7641018334378536e+01 -9.5186663928795507e+00 -2.9281659199698220e+00 3.3294798238863113e+00 -2.5570845772582333e+00 8.0808944000000001e-03 9.0895022999999997e-01
4.9246989866702162e-01 -4.9564210632814344e+01 9.6597320028077149e-01 3.7340023178056491e+01 -9.0696354762784317e+00 -3.1227673967975700e+00 3.3253597908232733e+00 -2.5217112883661263e+00 7.7597663000000001e-03 9.1687114999999997e-01
5.0144378428118153e-01 -5.2235216536309217e+01 9.6908256747369159e-01 3.7050022301046113e+01 -8.6477670360627670e+00 -3.3331051176783664e+00 3.3211580405492618e+00 -2.4882018825933647e+00 7.4317293999999999e-03 9.2446746000000002e-01
5.1002620660909270e-01 -5.5169895605644385e+01 9.7205629630973589e-01 3.6771552611744582e+01 -8.2522140906485912e+00 -3.5610838849265063e+00 3.3169168997783953e+00 -2.4565296733181938e+00 7.0970672000000004e-03 9.3173240000000002e-01
5.1820949870224509e-01 -5.8402293519258855e+01 9.7489173026315967e-01 3.6505105996059662e+01 -7.8821647244790993e+00 -3.8089209179359167e+00 3.3126760186959743e+00 -2.4266688161393577e+00 6.7560703000000000e-03 9.3865947999999999e-01
5.2598637164348838e-01 -6.1972527138064805e+01 9.7758634379253817e-01 3.6251133304973585e+01 -7.5368421669447523e+00 -4.0792183622872500e+00 3.3084724392135860e+00 -2.3985941976353606e+00 6.4090362999999996e-03 9.4524253000000003e-01
5.3334984366615135e-01 -6.5928206565895806e+01 9.8013771778120651e-01 3.6010042421008578e+01 -7.2155092913847447e+00 -4.3750532706472116e+00 3.3043407094031951e+00 -2.3722818277991511e+00 6.0562691999999996e-03 9.5147563999999996e-01
5.4029335828884306e-01 -7.0326414544056121e+01 9.8254358046986079e-01 3.5782194749990211e+01 -6.9174635049255366e+00 -4.7001042251361422e+00 3.3003128973465712e+00 -2.3477084957127636e+00 5.6980790999999996e-03 9.5735325999999998e-01
5.4681066618065122e-01 -7.5236228516275503e+01 9.8480176652395668e-01 3.5567937818233652e+01 -6.6420455043577427e+00 -5.0588114399991326e+00 3.2964187404434426e+00 -2.3248523119867883e+00 5.3347821999999998e-03 9.6287009999999995e-01
5.5289594329594383e-01 -8.0742344080003264e+01 9.8691025796631049e-01 3.5367570020528440e+01 -6.3886337681248841e+00 -5.4566089698592375e+00 3.2926856541229439e+00 -2.3036923771163660e+00 4.9667000000000001e-03 9.6802122999999995e-01
5.5854370818000765e-01 -8.6950004720244166e+01 9.8886715552427851e-01 3.5181363945521376e+01 -6.1566495860021853e+00 -5.9002396680645601e+00 3.2891388375252064e+00 -2.2842091464807743e+00 4.5941591999999996e-03 9.7280200999999999e-01
5.6374891647688952e-01 -9.3992299073593017e+01 9.9067071137583762e-01 3.5009561880372658e+01 -5.9455539366633898e+00 -6.3982237979531851e+00 3.2858013042327019e+00 -2.2663841836313581e+00 4.2174915999999996e-03 9.7720817000000004e-01
5.6850686642155546e-01 -1.0204078676849406e+02 9.9231929640350458e-01 3.4852381005499346e+01 -5.7548522058588816e+00 -6.9615408327250785e+00 3.2826939877831491e+00 -2.2502005588432969e+00 3.8370333000000002e-03 9.8123572999999997e-01
5.7281329334773112e-01 -1.1132221429223496e+02 9.9381143294041674e-01 3.4710012173245921e+01 -5.5840910021533237e+00 -7.6047058803416823e+00 3.2798357689455040e+00 -2.2356425801715973e+00 3.4531249000000000e-03 9.8488107999999996e-01
5.7666433424746166e-01 -1.2214538844280929e+02 9.9514578249055152e-01 3.4582622822337555e+01 -5.4328602166481836e+00 -8.3474985229952150e+00 3.2772434527704881e+00 -2.2226959792406769e+00 3.0661112999999999e-03 9.8814095000000002e-01
5.8005650414415133e-01 -1.3494675765144257e+02 9.9632113754220664e-01 3.4470356756010922e+01 -5.3007944136508023e+00 -9.2179201135791509e+00 3.2749320317221615e+00 -2.2113480353427657e+00 2.6763420000000000e-03 9.9101238999999997e-01
5.8298676697344443e-01 -1.5037539450927187e+02 9.9733644612756012e-01 3.4373343931519898e+01 -5.1875705315051386e+00 -1.0257656431010979e+01 3.2729144836875865e+00 -2.2015873769609802e+00 2.2841723000000002e-03 9.9349282999999999e-01
5.8545251195626402e-01 -1.6946256485053968e+02 9.9819080363615031e-01 3.4291686033748476e+01 -5.0929091865041096e+00 -1.1533083556546476e+01 3.2712019368627603e+00 -2.1934041206691983e+00 1.8899688000000000e-03 9.9558005999999999e-01
5.8745154178533332e-01 -1.9401281652967123e+02 9.9888344872161572e-01 3.4225470027687479e+01 -5.0165753995729974e+00 -1.3160590358086855e+01 3.2698036737623637e+00 -2.1867899326534883e+00 1.4941295000000000e-03 9.9727222000000004e-01
5.8898223801389415e-01 -2.2770689920915063e+02 9.9941382060733530e-01 3.4174758980535621e+01 -4.9583722794960510e+00 -1.5378057402041382e+01 3.2687270723307602e+00 -2.1817374701248502e+00 1.0971916000000000e-03 9.9856794000000004e-01
5.9004400996794748e-01 -2.8062080687549087e+02 9.9978171463030863e-01 3.4139579203524171e+01 -4.9181258082346071e+00 -1.8838073546051437e+01 3.2679772825785514e+00 -2.1782389971919032e+00 7.0085733000000002e-04 9.9946672000000003e-01
