-2.2504773945260223e-01 -1.9075709191366091e+03 2.2504899279280033e-01 -1.8107777717605702e+03 -5.5927308810035709e+02 1.2855129772239039e+02 -1.2220355709107073e+02 -3.6684833842868166e+01 5.5301730000000003e-06 1.0230946000000001e-06
-2.2503923225688430e-01 -1.3793307049209243e+03 2.2506364002534138e-01 -1.2816642444009676e+03 -5.5906751596942036e+02 9.3895933991616388e+01 -8.7507348196299361e+01 -3.6675529375774694e+01 3.5894988000000002e-05 1.9923924999999999e-05
-2.2501254201747314e-01 -1.1344415158983381e+03 2.2510959384563578e-01 -1.0345820345075031e+03 -5.5842295267618408e+02 7.7817108220374493e+01 -7.1325127347752641e+01 -3.6646351686065877e+01 8.5619985000000003e-05 7.9222864999999994e-05
-2.2495970400608439e-01 -9.7404779506687169e+02 2.2520056749494141e-01 -8.7052924207186697e+02 -5.5714868307705740e+02 6.7270273120181770e+01 -6.0604469882686743e+01 -3.6588651673386821e+01 1.5173507999999999e-04 1.9661552000000001e-04
-2.2487374744474409e-01 -8.5525685550232333e+02 2.2534856288427127e-01 -7.4658957374136708e+02 -5.5508068784934346e+02 5.9441840585642389e+01 -5.2529601657238246e+01 -3.6494961148084258e+01 2.3255418000000001e-04 3.8758918999999998e-04
-2.2474833257937843e-01 -7.6146264382882839e+02 2.2556449546158844e-01 -6.4620274133676526e+02 -5.5207440515717883e+02 5.3242876126702832e+01 -4.6012616601318271e+01 -3.6358652213064993e+01 3.2689763000000001e-04 6.6622920000000002e-04
-2.2457758553944485e-01 -6.8445875506943241e+02 2.2585847854162164e-01 -5.6125461053469644e+02 -5.4800246631900529e+02 4.8135649566578955e+01 -4.0518963567494417e+01 -3.6173815362657699e+01 4.3385032000000002e-04 1.0455858000000000e-03
-2.2435600591738750e-01 -6.1957265365567650e+02 2.2623998243059296e-01 -4.8719885694927916e+02 -5.4275415743717770e+02 4.3814373905941615e+01 -3.5747614570133599e+01 -3.5935221546711382e+01 5.5265518999999999e-04 1.5378795000000000e-03
-2.2407840963790143e-01 -5.6388105793546526e+02 2.2671793279084992e-01 -4.2126423972926943e+02 -5.3623585945737000e+02 4.0088083165833233e+01 -3.1513563978135743e+01 -3.5638323665991443e+01 6.8265765000000004e-04 2.1546280000000000e-03
-2.2373989038017000e-01 -5.1542651398027226e+02 2.2730077706198420e-01 -3.6166530673016649e+02 -5.2837184029880837e+02 3.6829202776867227e+01 -2.7696142332833197e+01 -3.5279276886446908e+01 8.2327310000000005e-04 2.9067318999999999e-03
-2.2333579329223524e-01 -4.7282903787079084e+02 2.2799652971801684e-01 -3.0720927227598656e+02 -5.1910525219400938e+02 3.3948046650565558e+01 -2.4213307891077484e+01 -3.4854971353819820e+01 9.7396649000000004e-04 3.8045331000000002e-03
-2.2286169577188147e-01 -4.3507548439502267e+02 2.2881280535783996e-01 -2.5708135416840594e+02 -5.0839913921697058e+02 3.1378980316659170e+01 -2.1007640121337399e+01 -3.4363065950555772e+01 1.1342389000000000e-03 4.8578574999999999e-03
-2.2231339342362771e-01 -4.0139727756901311e+02 2.2975684288371306e-01 -2.1071873273679557e+02 -4.9623735166335496e+02 2.9072385835225077e+01 -1.8038152816131948e+01 -3.3802022255632636e+01 1.3036180000000001e-03 6.0760461999999999e-03
-2.2168688988654903e-01 -3.7119547145354869e+02 2.3083552301517374e-01 -1.6773205288111416e+02 -4.8262527861263573e+02 2.6989735892422409e+01 -1.5275227977957099e+01 -3.3171134113900962e+01 1.4816515000000000e-03 7.4679780999999997e-03
-2.2097838859751232e-01 -3.4399269173109712e+02 2.3205538247065538e-01 -1.2785388518663802e+02 -4.6759030363900052e+02 2.5100433927672324e+01 -1.2697322277968167e+01 -3.2470549352336405e+01 1.6679024999999999e-03 9.0420881999999994e-03
-2.2018428720998109e-01 -3.1940121024443062e+02 2.3342262357688978e-01 -9.0903408542584046e+01 -4.5118195638138394e+02 2.3379716217813758e+01 -1.0288738688768030e+01 -3.1701282648433629e+01 1.8619452999999999e-03 1.0806380000000001e-02
-2.1930117241790684e-01 -2.9710100043025551e+02 2.3494312318085264e-01 -5.6761104164725758e+01 -4.3347167429669764e+02 2.1807208418909674e+01 -8.0380568756509945e+00 -3.0865216831581233e+01 2.0633631000000000e-03 1.2768437000000001e-02
-2.1832581757021802e-01 -2.7682430338095236e+02 2.3662243675700823e-01 -2.5350085177397467e+01 -4.1455218941061412e+02 2.0365912694261450e+01 -5.9369983092661904e+00 -2.9965092021954209e+01 2.2717459999999998e-03 1.4935428000000001e-02
-2.1725517866496219e-01 -2.5834442316805843e+02 2.3846580530438030e-01 3.3782211176157397e+00 -3.9453645016966158e+02 1.9041472609584840e+01 -3.9795707378141598e+00 -2.9004479272894518e+01 2.4866887000000002e-03 1.7314116000000001e-02
-2.1608639443932529e-01 -2.4146752489097685e+02 2.4047815519156185e-01 2.9455224434200900e+01 -3.7355617474778438e+02 1.7821635889057518e+01 -2.1614187827947147e+00 -2.7987745524839909e+01 2.7077901999999999e-03 1.9910858000000000e-02
-2.1481678141857113e-01 -2.2602637754544236e+02 2.4266410668118479e-01 5.2904140506181328e+01 -3.5175988120955748e+02 1.6695845489122846e+01 -4.7930714056442314e-01 -2.6919992099461624e+01 2.9346520999999999e-03 2.2731616000000000e-02
-2.1344383661662000e-01 -2.1187567479616737e+02 2.4502796928020923e-01 7.3747004030536274e+01 -3.2931065271618991e+02 1.5654934634593896e+01 1.0692809469100211e+00 -2.5807000280603571e+01 3.1668782999999998e-03 2.5781951000000001e-02
-2.1196523483547006e-01 -1.9888831486720613e+02 2.4757374638963425e-01 9.2010450599849975e+01 -3.0638343734715266e+02 1.4690885142981855e+01 2.4864730457477258e+00 -2.4655141011090414e+01 3.4040742000000001e-03 2.9067029000000001e-02
-2.1037882686481182e-01 -1.8695248604022439e+02 2.5030513840430513e-01 1.0773022181075110e+02 -2.8316205220611255e+02 1.3796638961911734e+01 3.7742711318612456e+00 -2.3471286344743834e+01 3.6458464000000000e-03 3.2591624999999999e-02
-2.0868264218260663e-01 -1.7596937349663224e+02 2.5322553806320253e-01 1.2095458431752756e+02 -2.5983601178336880e+02 1.2965950496658230e+01 4.9347595592676026e+00 -2.2262710003194798e+01 3.8918026000000000e-03 3.6360116999999997e-02
-2.0687488535431528e-01 -1.6585125416981822e+02 2.5633803664905686e-01 1.3174686458594223e+02 -2.3659708330864939e+02 1.2193264270677298e+01 5.9702728964960947e+00 -2.1036973785552945e+01 4.1415510999999999e-03 4.0376493999999999e-02
-2.0495393738318740e-01 -1.5651997114592177e+02 2.5964542166349291e-01 1.4018705723745606e+02 -2.1363581961571265e+02 1.1473618067719686e+01 6.8835217766604515e+00 -1.9801813405030465e+01 4.3947007000000003e-03 4.4644352999999998e-02
-2.0291835571026134e-01 -1.4790566776754443e+02 2.6315017682702990e-01 1.4637263982546438e+02 -1.9113807322129045e+02 1.0802562408013802e+01 7.6776848645611073e+00 -1.8565018927913901e+01 4.6508610999999997e-03 4.9166899000000000e-02
-2.0076687241397864e-01 -1.3994572127662570e+02 2.6685448517888855e-01 1.5041864034072793e+02 -1.6928156493005201e+02 1.0176093246082980e+01 8.3564711434228656e+00 -1.7334314043909469e+01 4.9096423000000002e-03 5.3946949000000001e-02
-1.9849839646066594e-01 -1.3258385937313199e+02 2.7076022520223220e-01 1.5245700145212447e+02 -1.4823270109352740e+02 9.5905970066144146e+00 8.9241456130687702e+00 -1.6117238894603414e+01 5.1706551000000002e-03 5.8986927000000001e-02
-1.9611200965366751e-01 -1.2576939448189655e+02 2.7486897779873298e-01 1.5263533620160189e+02 -1.2814352287794358e+02 9.0428024087096386e+00 9.3855484696768112e+00 -1.4921033696530593e+01 5.4335110000000002e-03 6.4288872999999996e-02
-1.9360697068421268e-01 -1.1945658930997160e+02 2.7918201931400555e-01 1.5111512761668504e+02 -1.0914915999399065e+02 8.5297416253385254e+00 9.7460651562087399e+00 -1.3752535594459710e+01 5.6978226000000002e-03 6.9854434000000007e-02
-1.9098271063045205e-01 -1.1360409175629839e+02 2.8370032928712524e-01 1.4806946410487160e+02 -9.1365548694655644e+01 8.0487151074236980e+00 1.0011596863425684e+01 -1.2618078800326213e+01 5.9632034000000004e-03 7.5684873999999999e-02
-1.8823883520793927e-01 -1.0817446156208014e+02 2.8842458657586884e-01 1.4368041154295145e+02 -7.4887709706874688e+01 7.5972627137059074e+00 1.0188503651716756e+01 -1.1523411434146318e+01 6.2292681999999997e-03 8.1781068999999998e-02
-1.8537512296924563e-01 -1.0313374953872857e+02 2.9335517245652204e-01 1.3813609926720883e+02 -5.9788478054393110e+01 7.1731380016097823e+00 1.0283535601599059e+01 -1.0473622958499375e+01 6.4956331999999999e-03 8.8143510999999994e-02
-1.8239152530395994e-01 -9.8451134157147749e+01 2.9849217062387917e-01 1.3162763505670324e+02 -4.6117809500659270e+01 6.7742860867206147e+00 1.0303752101398183e+01 -9.4730877762637160e+00 6.7619166000000000e-03 9.4772308000000000e-02
-1.7928816373811013e-01 -9.4098598157788530e+01 3.0383537184095427e-01 1.2434593880582726e+02 -3.3902592808854479e+01 6.3988239711538233e+00 1.0256432520258802e+01 -8.5254239360813013e+00 7.0277381999999996e-03 1.0166719000000000e-01
-1.7606532948406700e-01 -9.0050648006770203e+01 3.0938427471393271e-01 1.1647860234512079e+02 -2.3147034588933355e+01 6.0450236279159251e+00 1.0148981336427763e+01 -7.6334691230786529e+00 7.2927204000000001e-03 1.0882751000000000e-01
-1.7272348974189355e-01 -8.6284072584922299e+01 3.1513807484284601e-01 1.0820690804669677e+02 -1.3833564296615224e+01 5.7112975965044894e+00 9.9888319338645317e+00 -6.7992747889554543e+00 7.5564877000000004e-03 1.1625223000000000e-01
-1.6926327464654967e-01 -8.2777707116417147e+01 3.2109568729517401e-01 9.9702948925816841e+01 -5.9241585988491412e+00 5.3961843511157603e+00 9.7833496228022199e+00 -6.0241109838825908e+00 7.8186677999999999e-03 1.2393994999999999e-01
-1.6568547636769915e-01 -7.9512239443047420e+01 3.2725574815574876e-01 9.1127145057126867e+01 6.3785861386522014e-01 5.0983366592470274e+00 9.5397384632894884e+00 -5.3084910156323044e+00 8.0788911000000008e-03 1.3188891000000000e-01
-1.6199106261260177e-01 -7.6470049303882590e+01 3.3361659127820009e-01 8.2626078504076986e+01 5.9256406694412620e+00 4.8165122328070673e+00 9.2649547965932992e+00 -4.6522112912957612e+00 8.3367917000000003e-03 1.4009695999999999e-01
-1.5818115862225723e-01 -7.3635034660446436e+01 3.4017627928302785e-01 7.4330677028754721e+01 1.0026415673509486e+01 4.5495627995047174e+00 8.9656270107741900e+00 -4.0543987065247951e+00 8.5920070000000005e-03 1.4856159999999999e-01
-1.5425705617333318e-01 -7.0992481532185465e+01 3.4693258805856581e-01 6.6354900712405410e+01 1.3038843227570965e+01 4.2964264380328299e+00 8.6479871975832907e+00 -3.5135725325865805e+00 8.8441787999999997e-03 1.5727996000000000e-01
-1.5022020457623733e-01 -6.8528932728433801e+01 3.5388302226001789e-01 5.8794834401484536e+01 1.5070248891724304e+01 4.0561193932763171e+00 8.3178110582716513e+00 -3.0277124980381713e+00 9.0929527999999999e-03 1.6624881999999999e-01
-1.4607221067511722e-01 -6.6232076884431294e+01 3.6102481530945785e-01 5.1728265708693236e+01 1.6233824038570678e+01 3.8277293101557737e+00 7.9803722948493423e+00 -2.5943344952320380e+00 9.3379794999999995e-03 1.7546460999999999e-01
-1.4181483434689640e-01 -6.4090645404457121e+01 3.6835493714534739e-01 4.5214701074691938e+01 1.6645863655522543e+01 3.6104088982509301e+00 7.6404080867339310e+00 -2.2105698314101634e+00 9.5789143999999993e-03 1.8492342000000001e-01
-1.3745000200416643e-01 -6.2094332191148276e+01 3.7587007097398245e-01 3.9295830893360872e+01 1.6423120233520457e+01 3.4033710058165623e+00 7.3020988656488326e+00 -1.8732473639624543e+00 9.8154178999999998e-03 1.9462097000000000e-01
-1.3297978409036679e-01 -6.0233694008349225e+01 3.8356665201708262e-01 3.3996329019458273e+01 1.5680339832654838e+01 3.2058823986510747e+00 6.9690578689327642e+00 -1.5789727864522356e+00 1.0047156000000000e-02 2.0455266000000000e-01
-1.2840639057882092e-01 -5.8500084169320033e+01 3.9144087526130966e-01 2.9325022586717285e+01 1.4528029090986035e+01 3.0172591297815430e+00 6.6443335906196657e+00 -1.3242075944934113e+00 1.0273801000000001e-02 2.1471357999999999e-01
-1.2373219347755621e-01 -5.6885592093963794e+01 3.9948865671067735e-01 2.5276365116113837e+01 1.3070517386322299e+01 2.8368633096324700e+00 6.3304255313297926e+00 -1.1053443208539704e+00 1.0495031000000000e-02 2.2509846000000000e-01
-1.1895969982352005e-01 -5.5382974155403851e+01 4.0770567988365924e-01 2.1832083206490793e+01 1.1404327259576172e+01 2.6640981369012335e+00 6.0293053839635711e+00 -9.1877461991527176e-01 1.0710529999999999e-02 2.3570173000000000e-01
-1.1409155618354377e-01 -5.3985602527307279e+01 4.1608738806367107e-01 1.8963025151785203e+01 9.6168839726849757e+00 2.4984046764110053e+00 5.7424485239868135e+00 -7.6095175545631066e-01 1.0919989999999999e-02 2.4651751000000000e-01
-1.0913055315530670e-01 -5.2687418159284249e+01 4.2462897654955256e-01 1.6631080223242790e+01 7.7855782420975457e+00 2.3392587944869421e+00 5.4708745079237122e+00 -6.2844502720103634e-01 1.1123108000000000e-02 2.5753959999999998e-01
-1.0407961186444407e-01 -5.1482883477616404e+01 4.3332541590412121e-01 1.4791134591509472e+01 5.9771629574476135e+00 2.1861677624749030e+00 5.2151880951314569e+00 -5.1798546460030337e-01 1.1319591000000000e-02 2.6876150999999998e-01
-9.8941779463583152e-02 -5.0366942831446977e+01 4.4217145970369076e-01 1.3393006982598829e+01 4.2474864856055969e+00 2.0386674831221256e+00 4.9756273430767761e+00 -4.2650338247488706e-01 1.1509152000000000e-02 2.8017647000000001e-01
-9.3720233633307115e-02 -4.9334988491185676e+01 4.5116163678855281e-01 1.2383302321451835e+01 2.6415314511826740e+00 1.8963201316685148e+00 4.7521126706335961e+00 -3.5115699538701928e-01 1.1691511000000000e-02 2.9177742000000001e-01
-8.8418287083119190e-02 -4.8382829503502315e+01 4.6029024351345882e-01 1.1707147684961026e+01 1.1937275238589002e+00 1.7587119472792145e+00 4.5442977976134422e+00 -2.8935280693161680e-01 1.1866398000000000e-02 3.0355700000000002e-01
-8.3039351543730489e-02 -4.7506656858566096e+01 4.6955140574376442e-01 1.1309757352876682e+01 -7.1484498403695237e-02 1.6254501573366071e+00 4.3516169703699301e+00 -2.3875739558558143e-01 1.2033550000000000e-02 3.1550762999999998e-01
-7.7586969273808121e-02 -4.6703024182993680e+01 4.7893902460880328e-01 1.1137824857696245e+01 -1.1389356975606861e+00 1.4961618902283425e+00 4.1733337977713765e+00 -1.9730236316473712e-01 1.2192715000000000e-02 3.2762143999999999e-01
-7.2064790555155162e-02 -4.5968821253357163e+01 4.8844681524947681e-01 1.1140696167878785e+01 -2.0017800037532965e+00 1.3704914728264694e+00 4.0085855240934807e+00 -1.6318214696525055e-01 1.2343646000000000e-02 3.3989032000000002e-01
-6.6476578193674724e-02 -4.5301254546030314e+01 4.9806829906873656e-01 1.1271329237673502e+01 -2.6605106882107741e+00 1.2480993226711112e+00 3.8564238357109750e+00 -1.3484679204671535e-01 1.2486109000000000e-02 3.5230591000000000e-01
-6.0826189515513801e-02 -4.4697827784227471e+01 5.0779683472965609e-01 1.1487031960240801e+01 -3.1218577019898341e+00 1.1286594020408720e+00 3.7158509512492985e+00 -1.1098891065930205e-01 1.2619877000000000e-02 3.6485963999999999e-01
-5.5117589869955408e-02 -4.4156327628312852e+01 5.1762559490687687e-01 1.1749984412540964e+01 -3.3976822572423271e+00 1.0118582255495152e+00 3.5858533039725886e+00 -9.0528043083051568e-02 1.2744734000000001e-02 3.7754270000000001e-01
-4.9354839126526551e-02 -4.3674809203621415e+01 5.2754758953516245e-01 1.2027551872993236e+01 -3.5038617274115036e+00 8.9739303576924745e-01 3.4654276309644620e+00 -7.2590699763942099e-02 1.2860473000000001e-02 3.9034606999999999e-01
-4.3542082673070193e-02 -4.3251583744597959e+01 5.3755568130843434e-01 1.2292418632294471e+01 -3.4592350692434226e+00 7.8497022203612343e-01 3.3536040403834204e+00 -5.6490097682335649e-02 1.2966896000000000e-02 4.0326054000000000e-01
-3.7683560417673234e-02 -4.2885209610900354e+01 5.4764257018073592e-01 1.2522544759807353e+01 -3.2845886370204109e+00 6.7430413869095340e-01 3.2494634820395119e+00 -4.1703271723584699e-02 1.3063819000000001e-02 4.1627669000000000e-01
-3.1783579782882654e-02 -4.2574482835666267e+01 5.5780083986334050e-01 1.2700984727810772e+01 -3.0017479742948865e+00 5.6511526879595375e-01 3.1521518203228105e+00 -2.7848925983635080e-02 1.3151064000000001e-02 4.2938494999999999e-01
-2.5846542711489312e-02 -4.2318432541752856e+01 5.6802291132764382e-01 1.2815564277806205e+01 -2.6327649761504923e+00 4.5712944402879874e-01 3.0608885263204009e+00 -1.4665015476112663e-02 1.3228465999999999e-02 4.4257553999999999e-01
-1.9876909658816111e-02 -4.2116314446128087e+01 5.7830110480130725e-01 1.2858523013921433e+01 -2.1992194907516871e+00 3.5007590495481544e-01 2.9749726095651718e+00 -1.9876788592203321e-03 1.3295871000000001e-02 4.5583855000000001e-01
-1.3879217596573928e-02 -4.1967609049958291e+01 5.8862760877018627e-01 1.2826006982274688e+01 -1.7216398178219081e+00 2.4368636711300429e-01 2.8937825191502764e+00 1.0268456761459838e-02 1.3353135000000000e-02 4.6916390000000002e-01
-7.8580575080415827e-03 -4.1872019622797112e+01 5.9899451872592002e-01 1.2717570422634536e+01 -1.2190388489567565e+00 1.3769336076158645e-01 2.8167805460606745e+00 2.2129026363187546e-02 1.3400123999999999e-02 4.8254139000000001e-01
-1.8180833899939797e-03 -4.1829473020669610e+01 6.0939382166689615e-01 1.2535652286714393e+01 -7.0857161742773844e-01 3.1829104429232036e-02 2.7435048378269844e+00 3.3575558461016057e-02 1.3436718000000000e-02 4.9596067999999999e-01
4.2360057511541538e-03 -4.1840121705868938e+01 6.1981742709632215e-01 1.2285022703781195e+01 -2.0529453416822166e-01 -7.4176117601707503e-02 2.6735673669635678e+00 4.4560683817941552e-02 1.3462807000000000e-02 5.0941133000000005e-01
1.0299447895491920e-02 -4.1904347615057461e+01 6.3025713602415334e-01 1.1972278105401060e+01 2.7796605293639343e-01 -1.8059497846575834e-01 2.6066477158123926e+00 5.5018451276510477e-02 1.3478291000000000e-02 5.2288276000000000e-01
1.6367458518288525e-02 -4.2022768203269322e+01 6.4070471071275492e-01 1.1605322625475475e+01 7.3066594137500784e-01 -2.8770521571083840e-01 2.5424852052065194e+00 6.4876587601405689e-02 1.3483083000000000e-02 5.3636434000000000e-01
2.2435208085173214e-02 -4.2196244238626022e+01 6.5115183592931258e-01 1.1192933401217333e+01 1.1445126668829755e+00 -3.9579069001933753e-01 2.4808730596138777e+00 7.4062130711481031e-02 1.3477108000000000e-02 5.4984533999999996e-01
2.8497831054063172e-02 -4.2425889596524286e+01 6.6159013444486758e-01 1.0744342013051854e+01 1.5133700335392517e+00 -5.0514309484608955e-01 2.4216495677756305e+00 8.2507017540659394e-02 1.3460300999999999e-02 5.6331494999999998e-01
3.4550439378055686e-02 -4.2713083726735093e+01 6.7201119028287137e-01 1.0268877462116992e+01 1.8331211384561370e+00 -6.1606382416874261e-01 2.3646911686493293e+00 9.0162583104303917e-02 1.3432611000000001e-02 5.7676231000000000e-01
4.0588131507355907e-02 -4.3059487040642090e+01 6.8240656421822132e-01 9.7756673484799119e+00 2.1014881214815162e+00 -7.2886590072017610e-01 2.3099051772976096e+00 9.6981216537686127e-02 1.3393997000000000e-02 5.9017653000000003e-01
4.6605978886385013e-02 -4.3467057345767202e+01 6.9276777052870675e-01 9.2733882412459678e+00 2.3178028467209586e+00 -8.4387561579703552e-01 2.2572231210103295e+00 1.0293904630938683e-01 1.3344429999999999e-02 6.0354666000000001e-01
5.2599043957636371e-02 -4.3938071150439235e+01 7.0308630799308103e-01 8.7700734775917155e+00 2.4828262533657233e+00 -9.6143490738319137e-01 2.2065950927940072e+00 1.0802628982404457e-01 1.3283893999999999e-02 6.1686173000000000e-01
5.8562398165531160e-02 -4.4475148811353563e+01 7.1335369088913370e-01 8.2729719570725511e+00 2.5984800616954895e+00 -1.0819039649586768e+00 2.1579836475029759e+00 1.1224847131801785e-01 1.3212384000000001e-02 6.3011079000000003e-01
6.4491094950634542e-02 -4.5081279749570641e+01 7.2356140249658196e-01 7.7884522855532659e+00 2.6676380042914283e+00 -1.2056631468395111e+00 2.1113599738772892e+00 1.1562567129929856e-01 1.3129907000000000e-02 6.4328284999999996e-01
7.0380201256403874e-02 -4.5759856887614795e+01 7.3370094934369734e-01 7.3219603330711687e+00 2.6939023946846659e+00 -1.3331163091117368e+00 2.0666996942722791e+00 1.1819114241683636e-01 1.3036481000000001e-02 6.5636695000000000e-01
7.6224802030152305e-02 -4.6514713480020539e+01 7.4376386895682312e-01 6.8779475967692507e+00 2.6814126983221565e+00 -1.4646939716859348e+00 2.0239800998610660e+00 1.1998929199383790e-01 1.2932137999999999e-02 6.6935217000000002e-01
8.2019986720157090e-02 -4.7350163845390497e+01 7.5374170661182072e-01 6.4599943899462895e+00 2.6346339133207191e+00 -1.6008561058763695e+00 1.9831768775782130e+00 1.2107357735398093e-01 1.2816919000000000e-02 6.8222760000000005e-01
8.7760876281443356e-02 -4.8271054445150057e+01 7.6362606183117754e-01 6.0707399374077768e+00 2.5582154560925883e+00 -1.7420969575652807e+00 1.9442636249093155e+00 1.2150451061155294e-01 1.2690879000000000e-02 6.9498240000000000e-01
9.3442614173856464e-02 -4.9282818311676998e+01 7.7340857288497100e-01 5.7119934565136781e+00 2.4568356127431890e+00 -1.8889485226561626e+00 1.9072096505136438e+00 1.2134748066190751e-01 1.2554085000000000e-02 7.0760577999999996e-01
9.9060370863025493e-02 -5.0391538595886324e+01 7.8308092454038647e-01 5.3847987143810503e+00 2.3350827492465354e+00 -2.0419855773473259e+00 1.8719793311753028e+00 1.2067084629990335e-01 1.2406611999999999e-02 7.2008700999999997e-01
1.0460936632518375e-01 -5.1604025918721312e+01 7.9263488680930727e-01 5.0895131873377393e+00 2.1973563689621347e+00 -2.2018315309180756e+00 1.8385324565378085e+00 1.1954411360113153e-01 1.2248551000000000e-02 7.3241546999999996e-01
1.1008485654427641e-01 -5.2927899846548058e+01 8.0206229169976107e-01 4.8258982067109155e+00 2.0477892348689148e+00 -2.3691640839917714e+00 1.8068235135456452e+00 1.1803630273837530e-01 1.2080001999999999e-02 7.4458062000000003e-01
1.1548214251388850e-01 -5.4371687103308801e+01 8.1135504871495501e-01 4.5932039032491021e+00 1.8901891528717920e+00 -2.5447222697374254e+00 1.7768024214584366e+00 1.1621457286029145e-01 1.1901076999999999e-02 7.5657202000000001e-01
1.2079657923917331e-01 -5.5944935298817590e+01 8.2050516035231258e-01 4.3902736879060367e+00 1.7280021317197802e+00 -2.7293145188660284e+00 1.7484149521768488e+00 1.1414302082413387e-01 1.1711898000000000e-02 7.6837935000000002e-01
1.2602358923974399e-01 -5.7658346686185837e+01 8.2950474535202723e-01 4.2156082487750925e+00 1.5642853438446032e+00 -2.9238280510241217e+00 1.7216032583465437e+00 1.1188180525140602e-01 1.1512599000000000e-02 7.7999244000000001e-01
1.3115864004485361e-01 -5.9523920632216772e+01 8.3834599994947245e-01 4.0674491090414611e+00 1.4016981036895924e+00 -3.1292382980112037e+00 1.6963067233640607e+00 1.0948647768186909e-01 1.1303326000000001e-02 7.9140122000000002e-01
1.3619728920303525e-01 -6.1555143559976713e+01 8.4702127537038152e-01 3.9438682462786763e+00 1.2425046804722977e+00 -3.3466224061839398e+00 1.6724625350247955e+00 1.0700731691201644e-01 1.1084235000000000e-02 8.0259581999999996e-01
1.4113514377342612e-01 -6.3767176532050179e+01 8.5552300808518611e-01 3.8428200967673769e+00 1.0885873456622388e+00 -3.5771712664631705e+00 1.6500069856527328e+00 1.0448941636370290e-01 1.0855490000000001e-02 8.1356647999999998e-01
1.4596790083444328e-01 -6.6177112289382720e+01 8.6384378955467755e-01 3.7622019691933590e+00 9.4146210242762707e-01 -3.8222070527561547e+00 1.6288756477507083e+00 1.0197215784125761e-01 1.0617270000000000e-02 8.2430364000000000e-01
1.5069133848185567e-01 -6.8804245197511150e+01 8.7197635073097135e-01 3.6999005448633180e+00 8.0230451677814818e-01 -4.0832014036134154e+00 1.6090041013794441e+00 9.9489487032516186e-02 1.0369760000000000e-02 8.3479791999999997e-01
1.5530132032974842e-01 -7.1670409756428768e+01 8.7991356980702506e-01 3.6538423956709205e+00 6.7197869894066298e-01 -4.3617973299417123e+00 1.5903290863392046e+00 9.7069936821953404e-02 1.0113159000000000e-02 8.4504013000000000e-01
1.5979380001148652e-01 -7.4800369445424778e+01 8.8764847996615592e-01 3.6220194885878265e+00 5.5106854249965276e-01 -4.6598349893397799e+00 1.5727886210176023e+00 9.4736451462206356e-02 9.8476710000000005e-03 8.5502127999999999e-01
1.6416482117971493e-01 -7.8222279868023350e+01 8.9517426938204170e-01 3.6025178037042482e+00 4.3990942235853986e-01 -4.9793817888591745e+00 1.5563228205529454e+00 9.2509372511367441e-02 9.5735140000000000e-03 8.6473257999999997e-01
1.6841054001117861e-01 -8.1968260391132318e+01 9.0248431996630984e-01 3.5935377199691834e+00 3.3862057471655649e-01 -5.3227699417735757e+00 1.5408738574053182e+00 9.0401125670165269e-02 9.2909130999999992e-03 8.7416548999999999e-01
1.7252720270190258e-01 -8.6075040525266004e+01 9.0957216862094792e-01 3.5934099829727444e+00 2.4713733683901931e-01 -5.6926377932033869e+00 1.5263868182102676e+00 8.8422660683242657e-02 9.0001030000000006e-03 8.8331166999999999e-01
1.7651117247297565e-01 -9.0584787667969252e+01 9.1643155373541141e-01 3.6005989304123842e+00 1.6524120100451123e-01 -6.0919836822293760e+00 1.5128093830591798e+00 8.6580521184503947e-02 8.7013270999999996e-03 8.9216304000000002e-01
1.8035891606765875e-01 -9.5546069666753496e+01 9.2305639193806988e-01 3.6137224517722690e+00 9.2586679391305618e-02 -6.5242274427353406e+00 1.5000926885671662e+00 8.4878117647382317e-02 8.3948374000000006e-03 9.0071175000000003e-01
1.8406702625620469e-01 -1.0101507763368653e+02 9.2944081684379687e-01 3.6315052339305205e+00 2.8731587886237316e-02 -6.9932894035385154e+00 1.4881907490186597e+00 8.3316357403967589e-02 8.0808944000000001e-03 9.0895022999999997e-01
1.8763220383200235e-01 -1.0705707702520669e+02 9.3557914805589804e-01 3.6528580747041350e+00 -2.6846086054611012e-02 -7.5036825967726752e+00 1.4770608914965562e+00 8.1893648210288564e-02 7.7597663000000001e-03 9.1687114999999997e-01
1.9105127561543256e-01 -1.1374826502566529e+02 9.4146592216418301e-01 3.6767984642005223e+00 -7.4713553731497351e-02 -8.0606319467669998e+00 1.4666637123504216e+00 8.0606352941765019e-02 7.4317293999999999e-03 9.2446746000000002e-01
1.9432119895483191e-01 -1.2117808682267700e+02 9.4709590049448322e-01 3.7024742445094661e+00 -1.1548240633001108e-01 -8.6702221925428855e+00 1.4569628905004297e+00 7.9449521622580163e-02 7.0970672000000004e-03 9.3173240000000002e-01
1.9743905272456530e-01 -1.2945213867438861e+02 9.5246405360961661e-01 3.7291606598543519e+00 -1.4977799888323118e-01 -9.3395826946489855e+00 1.4479252601044177e+00 7.8416895351851576e-02 6.7560703000000000e-03 9.3865947999999999e-01
2.0040205982984538e-01 -1.3869597874668074e+02 9.5756560005697655e-01 3.7562348537613404e+00 -1.7823919515503048e-01 -1.0077131337985614e+01 1.4395205971492426e+00 7.7501310000301540e-02 6.4090362999999996e-03 9.4524253000000003e-01
2.0320756020094871e-01 -1.4905992930873350e+02 9.6239595987142479e-01 3.7831755471761292e+00 -2.0149111012594012e-01 -1.0892879772508731e+01 1.4317216955644381e+00 7.6694965473605256e-02 6.0562691999999996e-03 9.5147563999999996e-01
2.0585305580285607e-01 -1.6072568312973533e+02 9.6695083207047117e-01 3.8095527389549071e+00 -2.2014463324874020e-01 -1.1798857337848373e+01 1.4245035755556767e+00 7.5989666189880622e-02 5.6980790999999996e-03 9.5735325999999998e-01
2.0833616562561191e-01 -1.7391480001053168e+02 9.7122611715909324e-01 3.8350151419729333e+00 -2.3479605065216783e-01 -1.2809652203025733e+01 1.4178442694937108e+00 7.5377003754484334e-02 5.3347821999999998e-03 9.6287009999999995e-01
2.1065467069396493e-01 -1.8890078805793121e+02 9.7521799462491676e-01 3.8592827122192599e+00 -2.4599721748423928e-01 -1.3943187152534623e+01 1.4117235760658924e+00 7.4848614052482929e-02 4.9667000000000001e-03 9.6802122999999995e-01
2.1280648256061957e-01 -2.0602558163879920e+02 9.7892286869158940e-01 3.8821336337278449e+00 -2.5427891189466056e-01 -1.5221775577671771e+01 1.4061251407484385e+00 7.4396262074811592e-02 4.5941591999999996e-03 9.7280200999999999e-01
2.1478967931394832e-01 -2.2572376794948121e+02 9.8233743031492504e-01 3.9033996657153498e+00 -2.6013134445183561e-01 -1.6673681845974990e+01 1.4010322090353839e+00 7.4011850942639096e-02 4.2174915999999996e-03 9.7720817000000004e-01
2.1660246957027957e-01 -2.4855787449046781e+02 9.8545859518675938e-01 3.9229546650868881e+00 -2.6400294762346915e-01 -1.8335393187298759e+01 1.3964315119998720e+00 7.3688191323897381e-02 3.8370333000000002e-03 9.8123572999999997e-01
2.1824322848160982e-01 -2.7527353693707630e+02 9.8828356573109422e-01 3.9407131650455560e+00 -2.6631104518909759e-01 -2.0255188053612024e+01 1.3923111559604466e+00 7.3417823908644209e-02 3.4531249000000000e-03 9.8488107999999996e-01
2.1971048423271144e-01 -3.0688783287642235e+02 9.9080980785554351e-01 3.9565999402277146e+00 -2.6742199851025500e-01 -2.2498857626925037e+01 1.3886607903986052e+00 7.3194334097244088e-02 3.0661112999999999e-03 9.8814095000000002e-01
2.2100290903920466e-01 -3.4483962959533864e+02 9.9303503545229688e-01 3.9705890460903102e+00 -2.6766390139923196e-01 -2.5159469001210560e+01 1.3854715445101120e+00 7.3011776077216831e-02 2.6763420000000000e-03 9.9101238999999997e-01
2.2211934615334183e-01 -3.9126583120172359e+02 9.9495725689522829e-01 3.9826539929837916e+00 -2.6732362236939616e-01 -2.8375350774947421e+01 1.3827359080259385e+00 7.2864889063278995e-02 2.2841723000000002e-03 9.9349282999999999e-01
2.2305880086207924e-01 -4.4955571230717828e+02 9.9657475954085961e-01 3.9927830459345732e+00 -2.6664662116376819e-01 -3.2366251768200755e+01 1.3804475435728056e+00 7.2748976889839251e-02 1.8899688000000000e-03 9.9558005999999999e-01
2.2382043598611306e-01 -5.2562164598787228e+02 9.9788610197884275e-01 4.0009784112799327e+00 -2.6583806528843867e-01 -3.7516387275702790e+01 1.3786013122353802e+00 7.2660236016392488e-02 1.4941295000000000e-03 9.9727222000000004e-01
2.2440363489337539e-01 -6.3147659997293283e+02 9.9889022252521154e-01 4.0072388349873931e+00 -2.6506276046245825e-01 -4.4608617480458896e+01 1.3771930108838768e+00 7.2595405703159893e-02 1.0971916000000000e-03 9.9856794000000004e-01
2.2480817253566637e-01 -7.9986556686314270e+02 9.9958673370406603e-01 4.0115736248930407e+00 -2.6444592156248975e-01 -5.5783396178041031e+01 1.3762188356854612e+00 7.2552030183413121e-02 7.0085733000000002e-04 9.9946672000000003e-01
