-5.6462119222802332e-01 -6.3674323030921482e+02 5.6462279298469820e-01 -6.9192614376774952e+02 -1.8192335240912294e+02 4.2508127249590871e+01 -4.6110878351060201e+01 -1.1876762491904667e+01 5.5301730000000003e-06 1.0230946000000001e-06
-5.6459984856556111e-01 -4.6489419966482154e+02 5.6463102198386705e-01 -5.1995507539352366e+02 -1.8191191425855860e+02 3.1287466441950698e+01 -3.4884545239144387e+01 -1.1876245635861633e+01 3.5894988000000002e-05 1.9923924999999999e-05
-5.6453288555214076e-01 -3.8517969656385287e+02 5.6465683941715694e-01 -4.3992668936389089e+02 -1.8187603224018767e+02 2.6079315234555846e+01 -2.9661718716059102e+01 -1.1874624197817196e+01 8.5619985000000003e-05 7.9222864999999994e-05
-5.6440032051923783e-01 -3.3291313849964138e+02 5.6470794955570536e-01 -3.8712457727771010e+02 -1.8180501410647730e+02 2.2660367797739838e+01 -2.6217598843574194e+01 -1.1871414865968347e+01 1.5173507999999999e-04 1.9661552000000001e-04
-5.6418466451548566e-01 -2.9414256292238912e+02 5.6479109522382931e-01 -3.4758326422054546e+02 -1.8168952943356851e+02 2.0119708097938407e+01 -2.3640534536042196e+01 -1.1866195616525316e+01 2.3255418000000001e-04 3.8758918999999998e-04
-5.6387001176234941e-01 -2.6346803402258212e+02 5.6491240885726124e-01 -3.1589823703882178e+02 -1.8152113644477987e+02 1.8104844995726680e+01 -2.1577717080494409e+01 -1.1858584188839659e+01 3.2689763000000001e-04 6.6622920000000002e-04
-5.6344162533424658e-01 -2.3822269786701639e+02 5.6507757224320976e-01 -2.8940377003776166e+02 -1.8129207621437621e+02 1.6441780552338521e+01 -1.9855100785460110e+01 -1.1848228634367489e+01 4.3385032000000002e-04 1.0455858000000000e-03
-5.6288570528508830e-01 -2.1688966818526893e+02 5.6529190591863065e-01 -2.6658804017079797e+02 -1.8099516640875834e+02 1.5031633106613670e+01 -1.8373944463883955e+01 -1.1834802326309559e+01 5.5265518999999999e-04 1.5378795000000000e-03
-5.6218924531324976e-01 -1.9852129680991789e+02 5.6556042443271137e-01 -2.4651129596401546e+02 -1.8062374247764924e+02 1.3812708716197699e+01 -1.7072831888112443e+01 -1.1818001144263718e+01 6.8265765000000004e-04 2.1546280000000000e-03
-5.6133993597400744e-01 -1.8248418477887520e+02 5.6588787366309024e-01 -2.2855010640655843e+02 -1.8017162498299464e+02 1.2743843791983714e+01 -1.5910979817542950e+01 -1.1797541803188651e+01 8.2327310000000005e-04 2.9067318999999999e-03
-5.6032609873164907e-01 -1.6833275262425843e+02 5.6627875624191104e-01 -2.1227040003233341e+02 -1.7963310321856088e+02 1.1796143670934923e+01 -1.4859951870793122e+01 -1.1773160938866845e+01 9.7396649000000004e-04 3.8045331000000002e-03
-5.5913663774072508e-01 -1.5574065101771293e+02 5.6673735014644910e-01 -1.9735847290483719e+02 -1.7900292876751075e+02 1.0948499309639205e+01 -1.3899156656185156e+01 -1.1744614629615100e+01 1.1342389000000000e-03 4.8578574999999999e-03
-5.5776100461361411e-01 -1.4446093846743744e+02 5.6726772228289357e-01 -1.8358085872546511e+02 -1.7827631507548125e+02 1.0184983433678044e+01 -1.3013229670588004e+01 -1.1711678209661404e+01 1.3036180000000001e-03 6.0760461999999999e-03
-5.5618917289959258e-01 -1.3430166965836798e+02 5.6787373832588273e-01 -1.7075967731369397e+02 -1.7744894222408013e+02 9.4932539317283915e+00 -1.2190425435702775e+01 -1.1674146309693931e+01 1.4816515000000000e-03 7.4679780999999997e-03
-5.5441161741965739e-01 -1.2511024197186067e+02 5.6855907068591516e-01 -1.5875678525299662e+02 -1.7651696289018781e+02 8.8635296350975672e+00 -1.1421584119684120e+01 -1.1631832980519453e+01 1.6679024999999999e-03 9.0420881999999994e-03
-5.5241930026389130e-01 -1.1676299809287192e+02 5.6932720390803215e-01 -1.4746322433856423e+02 -1.7547701115255285e+02 8.2879100211882548e+00 -1.0699443933621488e+01 -1.1584571944932883e+01 1.8619452999999999e-03 1.0806380000000001e-02
-5.5020365780514890e-01 -1.0915808127829789e+02 5.7018143967866097e-01 -1.3679194626444959e+02 -1.7432621026590613e+02 7.7599076641258584e+00 -1.0018167350832906e+01 -1.1532216830438328e+01 2.0633631000000000e-03 1.2768437000000001e-02
-5.4775659471406013e-01 -1.0221041765438879e+02 5.7112489913311659e-01 -1.2667268921106304e+02 -1.7306218271603018e+02 7.2741199330980209e+00 -9.3730078103866408e+00 -1.1474641509996912e+01 2.2717459999999998e-03 1.4935428000000001e-02
-5.4507047390875174e-01 -9.5848074210710976e+01 5.7216052673046236e-01 -1.1704824406470325e+02 -1.7168305610618938e+02 6.8259908285251756e+00 -8.7600670073969624e+00 -1.1411740294932939e+01 2.4866887000000002e-03 1.7314116000000001e-02
-5.4213811678069712e-01 -9.0009599461096414e+01 5.7329109016643498e-01 -1.0787172285688312e+02 -1.7018747259576980e+02 6.4116372411489024e+00 -8.1761177829188547e+00 -1.1343428314322823e+01 2.7077901999999999e-03 1.9910858000000000e-02
-5.3895279077302394e-01 -8.4641998104452099e+01 5.7451918516259848e-01 -9.9104460298961015e+01 -1.6857458956720529e+02 6.0277166804316442e+00 -7.6184681242847541e+00 -1.1269641485482374e+01 2.9346520999999999e-03 2.2731616000000000e-02
-5.3550821615598276e-01 -7.9699219618657423e+01 5.7584723285407791e-01 -9.0714455024367055e+01 -1.6684408769034218e+02 5.6713288819971126e+00 -7.0848606393445763e+00 -1.1190336905365125e+01 3.1668782999999998e-03 2.5781951000000001e-02
-5.3179855925147879e-01 -7.5140961083885259e+01 5.7727748240182586e-01 -8.2675118640761795e+01 -1.6499616976512073e+02 5.3399378998836893e+00 -6.5733919282598450e+00 -1.1105492802985493e+01 3.4040742000000001e-03 2.9067029000000001e-02
-5.2781842791609279e-01 -7.0931732638420769e+01 5.7881201273413296e-01 -7.4964295726809269e+01 -1.6303155786279757e+02 5.0313114701477462e+00 -6.0824497186467568e+00 -1.1015108443347367e+01 3.6458464000000000e-03 3.2591624999999999e-02
-5.2356287831654968e-01 -6.7040124319303317e+01 5.8045272993436137e-01 -6.7563499368718183e+01 -1.6095149363998934e+02 4.7434736776246558e+00 -5.6106639842748613e+00 -1.0919204362619253e+01 3.8918026000000000e-03 3.6360116999999997e-02
-5.1902740589576057e-01 -6.3438199402275032e+01 5.8220137072396683e-01 -6.0457261579550803e+01 -1.5875772788679589e+02 4.4746657509597068e+00 -5.1568658214278802e+00 -1.0817821810564890e+01 4.1415510999999999e-03 4.0376493999999999e-02
-5.1420794876055720e-01 -6.0101011880308477e+01 5.8405950115636507e-01 -5.3632627901500605e+01 -1.5645251333146214e+02 4.2233151521562080e+00 -4.7200552526080166e+00 -1.0711022704288883e+01 4.3947007000000003e-03 4.4644352999999998e-02
-5.0910088768169182e-01 -5.7006206167337112e+01 5.8602851661693245e-01 -4.7078725735638265e+01 -1.5403859315430608e+02 3.9880099932753961e+00 -4.2993742404813329e+00 -1.0598889272358136e+01 4.6508610999999997e-03 4.9166899000000000e-02
-5.0370304157685830e-01 -5.4133681936306274e+01 5.8810964356451567e-01 -4.0786404298622230e+01 -1.5151918457930424e+02 3.7674776827811618e+00 -3.8940840998209083e+00 -1.0481523489485760e+01 4.9096423000000002e-03 5.3946949000000001e-02
-4.9801167315691569e-01 -5.1465319021088220e+01 5.9030393735454434e-01 -3.4747941089859069e+01 -1.4889796413535177e+02 3.5605675446891523e+00 -3.5035472778054060e+00 -1.0359046681492117e+01 5.1706551000000002e-03 5.8986927000000001e-02
-4.9202447876268596e-01 -4.8984737300745365e+01 5.9261228615742945e-01 -2.8956776283865089e+01 -1.4617904336454532e+02 3.3662356304969627e+00 -3.1272109255682334e+00 -1.0231598676894873e+01 5.4335110000000002e-03 6.4288872999999996e-02
-4.8573959852815635e-01 -4.6677101510794820e+01 5.9503540704016467e-01 -2.3407306313110769e+01 -1.4336695107673711e+02 3.1835325652623143e+00 -2.7645942465890840e+00 -1.0099337291905906e+01 5.6978226000000002e-03 6.9854434000000007e-02
-4.7915560508803212e-01 -4.4528945342295614e+01 5.9757385032010257e-01 -1.8094688485988978e+01 -1.4046660555019244e+02 3.0115925116947038e+00 -2.4152764376228655e+00 -9.9624373141979508e+00 5.9632034000000004e-03 7.5684873999999999e-02
-4.7227150922396055e-01 -4.2528026049091601e+01 6.0022799738806676e-01 -1.3014685107457149e+01 -1.3748328250811346e+02 2.8496241805625235e+00 -2.0788872991187697e+00 -9.8210896424777516e+00 6.2292681999999997e-03 8.1781068999999998e-02
-4.6508675534755145e-01 -4.0663194976618719e+01 6.0299806244986220e-01 -8.1635216701175697e+00 -1.3442259590491747e+02 2.6969028144150951e+00 -1.7550986226848322e+00 -9.6755003850909969e+00 6.4956331999999999e-03 8.8143510999999994e-02
-4.5760122150037785e-01 -3.8924286069357201e+01 6.0588409252627540e-01 -3.5377712893892088e+00 -1.3129045908419019e+02 2.5527633747492562e+00 -1.4436168294055651e+00 -9.5258897032722913e+00 6.7619166000000000e-03 9.4772308000000000e-02
-4.4981521257850737e-01 -3.7302016737421283e+01 6.0888597006534018e-01 8.6575618393387599e-01 -1.2809305171678545e+02 2.4165943748008938e+00 -1.1441764687288576e+00 -9.3724906170564051e+00 7.0277381999999996e-03 1.0166719000000000e-01
-4.4172945920325785e-01 -3.5787901811159109e+01 6.1200341337771547e-01 5.0501002938247899e+00 -1.2483678608093206e+02 2.2878327026564582e+00 -8.5653511589210984e-01 -9.2155478363358210e+00 7.2927204000000001e-03 1.0882751000000000e-01
-4.3334513353062271e-01 -3.4374180708605351e+01 6.1523597054139789e-01 9.0182176671342678e+00 -1.2152827791061605e+02 2.1659592137519281e+00 -5.8046864882541793e-01 -9.0553168726766256e+00 7.5564877000000004e-03 1.1625223000000000e-01
-4.2466381650317508e-01 -3.3053743891905782e+01 6.1858303202767406e-01 1.2773065847814193e+01 -1.1817429960852682e+02 2.0504941579688225e+00 -3.1576634258933822e-01 -8.8920621981951857e+00 7.8186677999999999e-03 1.2393994999999999e-01
-4.1568749559157847e-01 -3.1820073933944307e+01 6.2204383157187570e-01 1.6317653533086908e+01 -1.1478174082503095e+02 1.9409936101491179e+00 -6.2227350884143662e-02 -8.7260558923717895e+00 8.0788911000000008e-03 1.3188891000000000e-01
-4.0641859867192726e-01 -3.0667197033078097e+01 6.2561743311205009e-01 1.9655073857473514e+01 -1.1135758783965558e+02 1.8370466602001907e+00 1.8034127346870216e-01 -8.5575770372317965e+00 8.3367917000000003e-03 1.4009695999999999e-01
-3.9685994885595921e-01 -2.9589628882438387e+01 6.2930274820406606e-01 2.2788561272631298e+01 -1.0790887004946610e+02 1.7382719847073265e+00 4.1212864771224916e-01 -8.3869096318136034e+00 8.5920070000000005e-03 1.4856159999999999e-01
-3.8701478707594927e-01 -2.8582335145740942e+01 6.3309852731406113e-01 2.5721506651200809e+01 -1.0444263076961013e+02 1.6443155322372038e+00 6.3332139287876510e-01 -8.2143415905259189e+00 8.8441787999999997e-03 1.5727996000000000e-01
-3.7688674949981571e-01 -2.7640690638900669e+01 6.3700336852599437e-01 2.8457498145754109e+01 -1.0096588748651226e+02 1.5548479755144167e+00 8.4410619896470518e-01 -8.0401632197471908e+00 9.0929527999999999e-03 1.6624881999999999e-01
-3.6647986753112005e-01 -2.6760445076787036e+01 6.4101571754164655e-01 3.1000328727666123e+01 -9.7485595094557922e+01 1.4695626355789033e+00 1.0446712175833288e+00 -7.8646658455145824e+00 9.3379794999999995e-03 1.7546460999999999e-01
-3.5579855651662007e-01 -2.5937691594726608e+01 6.4513387203439654e-01 3.3354011446935679e+01 -9.4008610912115017e+01 1.3881735204235732e+00 1.2352075091968562e+00 -7.6881404480532751e+00 9.5789143999999993e-03 1.8492342000000001e-01
-3.4484764962361092e-01 -2.5168840825739146e+01 6.4935596858789202e-01 3.5522781281275172e+01 -9.0541673784766232e+01 1.3104138620585486e+00 1.4159094248189008e+00 -7.5108770138837073e+00 9.8154178999999998e-03 1.9462097000000000e-01
-3.3363234137769004e-01 -2.4450591574829939e+01 6.5368000446493157e-01 3.7511105384459050e+01 -8.7091356165638274e+01 1.2360341176557390e+00 1.5869764033289198e+00 -7.3331624469809489e+00 1.0047156000000000e-02 2.0455266000000000e-01
-3.2215817637031041e-01 -2.3779907654868634e+01 6.5810384196124172e-01 3.9323680608193236e+01 -8.3664033231971416e+01 1.1648005177023801e+00 1.7486135043874897e+00 -7.1552793096839258e+00 1.0273801000000001e-02 2.1471357999999999e-01
-3.1043110572101518e-01 -2.3154001030600732e+01 6.6262518663659409e-01 4.0965422335961243e+01 -8.0265874751533573e+01 1.0964941563597757e+00 1.9010309399880208e+00 -6.9775056837052212e+00 1.0495031000000000e-02 2.2509846000000000e-01
-2.9845741932275610e-01 -2.2570308788649246e+01 6.6724161343746458e-01 4.2441460360657850e+01 -7.6902802484144544e+01 1.0309093589009488e+00 2.0444452214444451e+00 -6.8001131087262481e+00 1.0710529999999999e-02 2.3570173000000000e-01
-2.8624375713434042e-01 -2.2026477337811269e+01 6.7195056234325667e-01 4.3757125388131470e+01 -7.3580465096579459e+01 9.6785268882220465e-01 2.1790789504053651e+00 -6.6233658795293611e+00 1.0919989999999999e-02 2.4651751000000000e-01
-2.7379712047287780e-01 -2.1520347558272693e+01 6.7674933401252535e-01 4.4917932450892927e+01 -7.0304236225693359e+01 9.0714200779596543e-01 2.3051605634720849e+00 -6.4475204359670215e+00 1.1123108000000000e-02 2.5753959999999998e-01
-2.6112483813643939e-01 -2.1049939521597853e+01 6.8163510284430617e-01 4.5929566924886842e+01 -6.7079175559429743e+01 8.4860538341723091e-01 2.4229244702657065e+00 -6.2728239882488754e+00 1.1319591000000000e-02 2.6876150999999998e-01
-2.4823455511161102e-01 -2.0613439774142872e+01 6.8660492133189199e-01 4.6797865266924738e+01 -6.3910021225347258e+01 7.9208019778358774e-01 2.5326107549159187e+00 -6.0995138282254109e+00 1.1509152000000000e-02 2.8017647000000001e-01
-2.3513424386594028e-01 -2.0209190038947142e+01 6.9165571570905660e-01 4.7528792237697921e+01 -6.0801178410876041e+01 7.3741242408176655e-01 2.6344645667189637e+00 -5.9278168623192480e+00 1.1691511000000000e-02 2.9177742000000001e-01
-2.2183221564038302e-01 -1.9835680155171222e+01 6.9678428159627803e-01 4.8128420744308499e+01 -5.7756714031478204e+01 6.8445592966201507e-01 2.7287356060737444e+00 -5.7579492421658820e+00 1.1866398000000000e-02 3.0355700000000002e-01
-2.0833703010972821e-01 -1.9491530519202549e+01 7.0198731883095056e-01 4.8602911115228238e+01 -5.4780330276550764e+01 6.3307140947212370e-01 2.8156781273108744e+00 -5.5901147925505912e+00 1.2033550000000000e-02 3.1550762999999998e-01
-1.9465757442972625e-01 -1.9175492150892190e+01 7.0726140099094958e-01 4.8958487063227174e+01 -5.1875378826708364e+01 5.8312613195288954e-01 2.8955497634460241e+00 -5.4245057722532435e+00 1.2192715000000000e-02 3.2762143999999999e-01
-1.8080300677485439e-01 -1.8886434893459867e+01 7.1260299716351372e-01 4.9201408327689663e+01 -4.9044848873073910e+01 5.3449305913101530e-01 2.9686111183893145e+00 -5.2613017856617583e+00 1.2343646000000000e-02 3.3989032000000002e-01
-1.6678276763076383e-01 -1.8623341826180077e+01 7.1800846759146841e-01 4.9337954772823970e+01 -4.6291370675732445e+01 4.8705035689589715e-01 3.0351250789795370e+00 -5.1006699294145967e+00 1.2486109000000000e-02 3.5230591000000000e-01
-1.5260653462449159e-01 -1.8385302688988265e+01 7.2347408108833222e-01 4.9374398396377686e+01 -4.3617210098866501e+01 4.4068071076567339e-01 3.0953562512200716e+00 -4.9427641317259789e+00 1.2619877000000000e-02 3.6485963999999999e-01
-1.3828425640180142e-01 -1.8171509516668646e+01 7.2899600197698722e-01 4.9316981835350695e+01 -4.1024282587067994e+01 3.9527091926162172e-01 3.1495700362774572e+00 -4.7877255584702718e+00 1.2744734000000001e-02 3.7754270000000001e-01
-1.2382611874984328e-01 -1.7981251636223060e+01 7.3457030315100813e-01 4.9171897069145473e+01 -3.8514154184798166e+01 3.5071132004230154e-01 3.1980320458227842e+00 -4.6356823451609763e+00 1.2860473000000001e-02 3.9034606999999999e-01
-1.0924252201225909e-01 -1.7813911853723067e+01 7.4019297478221602e-01 4.8945264167622589e+01 -3.6088047694291411e+01 3.0689523833860044e-01 3.2410074082386520e+00 -4.4867494971136264e+00 1.2966896000000000e-02 4.0326054000000000e-01
-9.4544103674076618e-02 -1.7668963409475040e+01 7.4585991561312481e-01 4.8643110796339911e+01 -3.3746858858159598e+01 2.6371861515793882e-01 3.2787599651546984e+00 -4.3410294039031472e+00 1.3063819000000001e-02 4.1627669000000000e-01
-7.9741670607028137e-02 -1.7545966927893652e+01 7.5156695907960058e-01 4.8271354314249869e+01 -3.1491158119493299e+01 2.2107936311453646e-01 3.3115517602779341e+00 -4.1986113957636517e+00 1.3151064000000001e-02 4.2938494999999999e-01
-6.4846266824231724e-02 -1.7444569108383945e+01 7.5730984718820238e-01 4.7835784112531393e+01 -2.9321216522632518e+01 1.7887713527470683e-01 3.3396421665629230e+00 -4.0595728523184818e+00 1.3228465999999999e-02 4.4257553999999999e-01
-4.9869083140615778e-02 -1.7364500513362962e+01 7.6308426534639440e-01 4.7342044894421754e+01 -2.7237007438110670e+01 1.3701263785554063e-01 3.3632874422572248e+00 -3.9239786794158613e+00 1.3295871000000001e-02 4.5583855000000001e-01
-3.4821502342707089e-02 -1.7305575216767998e+01 7.6888582494744007e-01 4.6795623021323543e+01 -2.5238230563811669e+01 9.5387341278024840e-02 3.3827400208249294e+00 -3.7918822322744044e+00 1.3353135000000000e-02 4.6916390000000002e-01
-1.9715042726395682e-02 -1.7267690222583855e+01 7.7471008513928430e-01 4.6201832097814915e+01 -2.3324320716484095e+01 5.3902865905727348e-02 3.3982480118040495e+00 -3.6633253054000545e+00 1.3400123999999999e-02 4.8254139000000001e-01
-4.5613806818288749e-03 -1.7250825915083045e+01 7.8055254411700092e-01 4.5565802802426006e+01 -2.1494470902692346e+01 1.2460652933823924e-02 3.4100546405517487e+00 -3.5383388590603788e+00 1.3436718000000000e-02 4.9596067999999999e-01
1.0627694476376459e-02 -1.7255046868165838e+01 7.8640865653789827e-01 4.4892471794846664e+01 -1.9747645311148403e+01 -2.9038628205330430e-02 3.4183977602050239e+00 -3.4169432660972596e+00 1.3462807000000000e-02 5.0941133000000005e-01
2.5840235339345874e-02 -1.7280503417491069e+01 7.9227381610641356e-01 4.4186574983077492e+01 -1.8082600456798460e+01 -7.0695409295474576e-02 3.4235094698379980e+00 -3.2991492730646885e+00 1.3478291000000000e-02 5.2288276000000000e-01
4.1064238035970813e-02 -1.7327433905233733e+01 7.9814339475810114e-01 4.3452637775531471e+01 -1.6497898148796896e+01 -1.1261196633687665e-01 3.4256156811330380e+00 -3.1849576345928750e+00 1.3483083000000000e-02 5.3636434000000000e-01
5.6287585770672388e-02 -1.7396167501084836e+01 8.0401272089075027e-01 4.2694972066241853e+01 -1.4991927069804072e+01 -1.5489279502367459e-01 3.4249357645151739e+00 -3.0743606329651816e+00 1.3477108000000000e-02 5.4984533999999996e-01
7.1498071408296893e-02 -1.7487127756488945e+01 8.0987708807193803e-01 4.1917672691976811e+01 -1.3562923819712973e+01 -1.9764514888004803e-01 3.4216822761542631e+00 -2.9673421041745844e+00 1.3460300999999999e-02 5.6331494999999998e-01
8.6683431351455287e-02 -1.7600837246079671e+01 8.1573176810035886e-01 4.1124613105108857e+01 -1.2208980475267495e+01 -2.4097972214919106e-01 3.4160606181645545e+00 -2.8638780921878046e+00 1.3432611000000001e-02 5.7676231000000000e-01
1.0183136812541793e-01 -1.7737922838765098e+01 8.2157201971337757e-01 4.0319444719546617e+01 -1.0928071109851935e+01 -2.8501130561088683e-01 3.4082691869023742e+00 -2.7639373228269206e+00 1.3393997000000000e-02 5.9017653000000003e-01
1.1692951650077343e-01 -1.7899121752181451e+01 8.2739307552569974e-01 3.9505598771174085e+01 -9.7180654331207279e+00 -3.2985933048316141e-01 3.3984985239502370e+00 -2.6674821312300110e+00 1.3344429999999999e-02 6.0354666000000001e-01
1.3196548866321645e-01 -1.8085289034194986e+01 8.3319015944447827e-01 3.8686286633495392e+01 -8.5767449553657276e+00 -3.7564869169930137e-01 3.3869318758283349e+00 -2.5744685855040901e+00 1.3283893999999999e-02 6.1686173000000000e-01
1.4692691938333557e-01 -1.8297406385937428e+01 8.3895850408441874e-01 3.7864500131232532e+01 -7.5018168849612241e+00 -4.2251064615420741e-01 3.3737446920643750e+00 -2.4848473237682565e+00 1.3212384000000001e-02 6.3011079000000003e-01
1.6180139826193174e-01 -1.8536591166198590e+01 8.4469332464512059e-01 3.7043019852743761e+01 -6.4909335760055278e+00 -4.7058343194861363e-01 3.3591048147878362e+00 -2.3985642027648773e+00 1.3129907000000000e-02 6.4328284999999996e-01
1.7657654877714657e-01 -1.8804108306001233e+01 8.5038984938751327e-01 3.6224415608580301e+01 -5.5417044683911074e+00 -5.2001342667241057e-01 3.3431723468481129e+00 -2.3155605253565366e+00 1.3036481000000001e-02 6.5636695000000000e-01
1.9124003957690938e-01 -1.9101383378526279e+01 8.5604332398763183e-01 3.5411052266472048e+01 -4.6517070681216204e+00 -5.7095619253243279e-01 3.3260997061565725e+00 -2.2357737059523948e+00 1.2932137999999999e-02 6.6935217000000002e-01
2.0577955060159681e-01 -1.9430016494658709e+01 8.6164899847528820e-01 3.4605097327048746e+01 -3.8185044929253147e+00 -6.2357748198458995e-01 3.3080317240063528e+00 -2.1591379553259928e+00 1.2816919000000000e-02 6.8222760000000005e-01
2.2018284083871364e-01 -1.9791800274408359e+01 8.6720215335672968e-01 3.3808528175367321e+01 -3.0396532717133899e+00 -6.7805470981284532e-01 3.2891056891200310e+00 -2.0855844992953401e+00 1.2690879000000000e-02 6.9498240000000000e-01
2.3443772573799992e-01 -2.0188737841060131e+01 8.7269809090708650e-01 3.3023134774400773e+01 -2.3127170758162090e+00 -7.3457826949572624e-01 3.2694514941699095e+00 -2.0150422379363482e+00 1.2554085000000000e-02 7.0760577999999996e-01
2.4853208850387709e-01 -2.0623067630692510e+01 8.7813213952414793e-01 3.2250533360516286e+01 -1.6352754961331313e+00 -7.9335312269282077e-01 3.2491918013700234e+00 -1.9474382121018281e+00 1.2406611999999999e-02 7.2008700999999997e-01
2.6245393655768323e-01 -2.1097284174218949e+01 8.8349967549724484e-01 3.1492169435584294e+01 -1.0049325172266554e+00 -8.5460078614655632e-01 3.2284421242411279e+00 -1.8826977725134217e+00 1.2248551000000000e-02 7.3241546999999996e-01
2.7619136766033192e-01 -2.1614171580076984e+01 8.8879610994592051e-01 3.0749329254407630e+01 -4.1932642316275553e-01 -9.1856117670910542e-01 3.2073111080581422e+00 -1.8207452909041546e+00 1.2080001999999999e-02 7.4458062000000003e-01
2.8973259249720618e-01 -2.2176833958138410e+01 8.9401689752748337e-01 3.0023147529441751e+01 1.2386311725320052e-01 -9.8549494399385662e-01 3.1859006571217807e+00 -1.7615044219937004e+00 1.1901076999999999e-02 7.5657202000000001e-01
3.0306595726305263e-01 -2.2788734827715185e+01 8.9915754514456014e-01 2.9314615882174582e+01 6.2690887505620096e-01 -1.0556861300975977e+00 3.1643062271962625e+00 -1.7048984278350920e+00 1.1711898000000000e-02 7.6837935000000002e-01
3.1617997753932192e-01 -2.3453741693781048e+01 9.0421362500642555e-01 2.8624590601451555e+01 1.0920298579902725e+00 -1.1294452702226072e+00 3.1426169388340663e+00 -1.6508504672751261e+00 1.1512599000000000e-02 7.7999244000000001e-01
3.2906328183193445e-01 -2.4176174104351006e+01 9.0918075286011923e-01 2.7953804499505146e+01 1.5213875485489707e+00 -1.2071124159752062e+00 3.1209159675960589e+00 -1.5992840297060740e+00 1.1303326000000001e-02 7.9140122000000002e-01
3.4170472449574951e-01 -2.4960867422214577e+01 9.1405463152821165e-01 2.7302870807767952e+01 1.9170804007737550e+00 -1.2890616238977763e+00 3.0992805628274480e+00 -1.5501231054939868e+00 1.1084235000000000e-02 8.0259581999999996e-01
3.5409328410254304e-01 -2.5813234980825424e+01 9.1883101172481496e-01 2.6672297300061768e+01 2.2811366007676606e+00 -1.3757047877690953e+00 3.0777826605390839e+00 -1.5032933452722241e+00 1.0855490000000001e-02 8.1356647999999998e-01
3.6621816507302962e-01 -2.6739352538880343e+01 9.2350573123957169e-01 2.6062491558284570e+01 2.6155183474160237e+00 -1.4674973795301791e+00 3.0564886966989326e+00 -1.4587183314304477e+00 1.0617270000000000e-02 8.2430364000000000e-01
3.7806877509196923e-01 -2.7746049818526028e+01 9.2807470623010180e-01 2.5473768692186027e+01 2.9221148029639528e+00 -1.5649443193855412e+00 3.0354601695273038e+00 -1.4163274380404203e+00 1.0369760000000000e-02 8.3479791999999997e-01
3.8963473640061386e-01 -2.8841019265293856e+01 9.3253393557577957e-01 2.4906360676065134e+01 3.2027411475172620e+00 -1.6686070663421129e+00 3.0147538042510806e+00 -1.3760484754829814e+00 1.0113159000000000e-02 8.4504013000000000e-01
4.0090589708915469e-01 -3.0032945094962482e+01 9.3687950523150909e-01 2.4360424637981463e+01 3.4591376517608832e+00 -1.7791118848143603e+00 2.9944218118375918e+00 -1.3378116328345648e+00 9.8476710000000005e-03 8.5502127999999999e-01
4.1187233109672150e-01 -3.1331653958817366e+01 9.4110758822772578e-01 2.3836050111330053e+01 3.6929682540092457e+00 -1.8971595329441979e+00 2.9745121587003287e+00 -1.3015489253307353e+00 9.5735140000000000e-03 8.6473257999999997e-01
4.2252439467361824e-01 -3.2748301815433010e+01 9.4521446643927742e-01 2.3333264346182553e+01 3.9058214015413122e+00 -2.0235373665619059e+00 2.9550687196017944e+00 -1.2671941561706332e+00 9.2909130999999992e-03 8.7416548999999999e-01
4.3285266991908766e-01 -3.4295582988858243e+01 9.4919650881654261e-01 2.2852042515560022e+01 4.0992086454966739e+00 -2.1591324958197688e+00 2.9361316778517010e+00 -1.2346832756438257e+00 9.0001030000000006e-03 8.8331166999999999e-01
4.4284803253599336e-01 -3.5987998692692507e+01 9.5305019750808984e-01 2.2392311424540082e+01 4.2745662442069738e+00 -2.3049490849560277e+00 2.9177376356157319e+00 -1.2039542117303734e+00 8.7013270999999996e-03 8.9216304000000002e-01
4.5250161795347887e-01 -3.7842167100223847e+01 9.5677211479934710e-01 2.1953958011619942e+01 4.4332551321587887e+00 -2.4621279429522689e+00 2.8999199173536101e+00 -1.1749474707191712e+00 8.3948374000000006e-03 9.0071175000000003e-01
4.6180487778920210e-01 -3.9877218241276424e+01 9.6035896488148542e-01 2.1536833059894754e+01 4.5765623673377842e+00 -2.6319718221186315e+00 2.8827087273231586e+00 -1.1476053256000189e+00 8.0808944000000001e-03 9.0895022999999997e-01
4.7074953467954805e-01 -4.2115258943580770e+01 9.6380755643631244e-01 2.1140758858862764e+01 4.7057022372992865e+00 -2.8159747175346506e+00 2.8661314592032894e+00 -1.1218727821425980e+00 7.7597663000000001e-03 9.1687114999999997e-01
4.7932762744941626e-01 -4.4581969369833004e+01 9.6711482005137839e-01 2.0765533708706535e+01 4.8218165061923992e+00 -3.0158599330843323e+00 2.8502128323140790e+00 -1.0976971443670342e+00 7.4317293999999999e-03 9.2446746000000002e-01
4.8753152240466746e-01 -4.7307345298514669e+01 9.7027781257375278e-01 2.0410936071135136e+01 4.9259786576780114e+00 -3.2336271910759571e+00 2.8349750797454303e+00 -1.0750281359132901e+00 7.0970672000000004e-03 9.3173240000000002e-01
4.9535389074723102e-01 -5.0326625804017077e+01 9.7329370840247109e-01 2.0076730542577611e+01 5.0191926596773984e+00 -3.4716115007359032e+00 2.8204382106853738e+00 -1.0538180084929651e+00 6.7560703000000000e-03 9.3865947999999999e-01
5.0278776503733758e-01 -5.3681513457330681e+01 9.7615982125741763e-01 1.9762670313477596e+01 5.1023967411961113e+00 -3.7325609872040069e+00 2.8066200875440659e+00 -1.0340214423036682e+00 6.4090362999999996e-03 9.4524253000000003e-01
5.0982647143883941e-01 -5.7421706154623017e+01 9.7887357805666675e-01 1.9468504192504390e+01 5.1764636075815433e+00 -4.0197339682744246e+00 2.7935367464168412e+00 -1.0155957611181265e+00 6.0562691999999996e-03 9.5147563999999996e-01
5.1646374264367867e-01 -6.1607013174923722e+01 9.8143256245424715e-01 1.9193975622981025e+01 5.2422041732737368e+00 -4.3370345697879751e+00 2.7812023536099195e+00 -9.9850059094825427e-01 5.6980790999999996e-03 9.5735325999999998e-01
5.2269360494741801e-01 -6.6310066109485106e+01 9.8383447130237744e-01 1.8938831679835285e+01 5.3003674655520516e+00 -4.6891850188373176e+00 2.7696295801975146e+00 -9.8269834458630423e-01 5.3347821999999998e-03 9.6287009999999995e-01
5.2851049117371085e-01 -7.1620188689529670e+01 9.8607715818923092e-01 1.8702820335877060e+01 5.3516441228176346e+00 -5.0819740471169474e+00 2.7588295496179756e+00 -9.6815381646722376e-01 4.9667000000000001e-03 9.6802122999999995e-01
5.3390916162717184e-01 -7.7648671101924037e+01 9.8815860296250047e-01 1.8485699810697586e+01 5.3966669673889278e+00 -5.5225943414473342e+00 2.7488121211970578e+00 -9.5483437991898557e-01 4.5941591999999996e-03 9.7280200999999999e-01
5.3888479443295290e-01 -8.4536543236690534e+01 9.9007694655960998e-01 1.8287232565075794e+01 5.4360138274248406e+00 -6.0201428612996413e+00 2.7395858643526587e+00 -9.4270985724799006e-01 4.2174915999999996e-03 9.7720817000000004e-01
5.4343289519716742e-01 -9.2465902952331362e+01 9.9183045617750287e-01 1.8107196681398019e+01 5.4702083285647261e+00 -6.5863490773085038e+00 2.7311583327572437e+00 -9.3175269615628620e-01 3.8370333000000002e-03 9.8123572999999997e-01
5.4754938734646585e-01 -1.0167766875105346e+02 9.9341756010285343e-01 1.7945381510350639e+01 5.4997219806335469e+00 -7.2367216708351503e+00 2.7235360236571862e+00 -9.2193776287309426e-01 3.4531249000000000e-03 9.8488107999999996e-01
5.5123057825069588e-01 -1.1250004408751822e+02 9.9483683465073858e-01 1.7801591652838159e+01 5.5249760436249815e+00 -7.9923886491476068e+00 2.7167245269045024e+00 -9.1324240696606185e-01 3.0661112999999999e-03 9.8814095000000002e-01
5.5447313663800624e-01 -1.2539705057049240e+02 9.9608699545708335e-01 1.7675651437780335e+01 5.5463416797184317e+00 -8.8832414477851405e+00 2.7107286684537129e+00 -9.0564655634872293e-01 2.6763420000000000e-03 9.9101238999999997e-01
5.5727416034953081e-01 -1.4105787208627513e+02 9.9716692360132109e-01 1.7567399855918111e+01 5.5641426277592023e+00 -9.9537350841764418e+00 2.7055524594947493e+00 -8.9913250127693900e-01 2.2841723000000002e-03 9.9349282999999999e-01
5.5963115375449357e-01 -1.6057640019004364e+02 9.9807565689883981e-01 1.7476696049750036e+01 5.5786557008240818e+00 -1.1274561083127372e+01 2.7011992171419532e+00 -8.9368497814718628e-01 1.8899688000000000e-03 9.9558005999999999e-01
5.6154201645776136e-01 -1.8586340244013803e+02 9.9881238554720586e-01 1.7403420911687387e+01 5.5901118218300789e+00 -1.2969481583365718e+01 2.6976716295554684e+00 -8.8929118335475588e-01 1.4941295000000000e-03 9.9727222000000004e-01
5.6300520139410182e-01 -2.2080835964396050e+02 9.9937651307903552e-01 1.7347470413747192e+01 5.5986975517114859e+00 -1.5291063937459352e+01 2.6949715316884233e+00 -8.8594041276445223e-01 1.0971916000000000e-03 9.9856794000000004e-01
5.6402014394116784e-01 -2.7603578044154835e+02 9.9976782180550261e-01 1.7308740222154640e+01 5.6045586627715398e+00 -1.8931008105678210e+01 2.6930991433088947e+00 -8.8362306758262554e-01 7.0085733000000002e-04 9.9946672000000003e-01
