-8.5128982415974452e-01 -3.0855633542594245e+02 8.5129171820614880e-01 -3.7388600062937195e+02 -8.4189082819336633e+01 2.0200033760210779e+01 -2.4426370561808227e+01 -5.4463427609717900e+00 5.5301730000000003e-06 1.0230946000000001e-06
-8.5125764392472236e-01 -2.2901578135802362e+02 8.5129452891903767e-01 -2.9431695325675372e+02 -8.4188346561665853e+01 1.5053927310924358e+01 -1.9278953113456677e+01 -5.4463096248659628e+00 3.5894988000000002e-05 1.9923924999999999e-05
-8.5115668254972532e-01 -1.9209146879707910e+02 8.5130334717153922e-01 -2.5731864342762464e+02 -8.4186036680233357e+01 1.2664000005911163e+01 -1.6885605488798767e+01 -5.4462056657394964e+00 8.5619985000000003e-05 7.9222864999999994e-05
-8.5095681179548677e-01 -1.6784621203620839e+02 8.5132080444941993e-01 -2.3294599464851666e+02 -8.4181464011951817e+01 1.1093448117817317e+01 -1.5309144267831838e+01 -5.4459998656480071e+00 1.5173507999999999e-04 1.9661552000000001e-04
-8.5063166324626449e-01 -1.4982302150458244e+02 8.5134920384480872e-01 -2.1473804189092721e+02 -8.4174025640566342e+01 9.9245182632419233e+00 -1.4131610663904578e+01 -5.4456650859768923e+00 2.3255418000000001e-04 3.8758918999999998e-04
-8.5015725546530285e-01 -1.3552361414667581e+02 8.5139063996432796e-01 -2.0019448099487363e+02 -8.4163173618473905e+01 8.9955785168638887e+00 -1.3191264106714520e+01 -5.4451766592188005e+00 3.2689763000000001e-04 6.6622920000000002e-04
-8.4951136931708193e-01 -1.2371498191099681e+02 8.5144705349021754e-01 -1.8808169242593431e+02 -8.4148400820714912e+01 8.2268761987526577e+00 -1.2408305262442910e+01 -5.4445117498479796e+00 4.3385032000000002e-04 1.0455858000000000e-03
-8.4867319836740962e-01 -1.1369671378897090e+02 8.5152026171538142e-01 -1.7769953867029798e+02 -8.4129233096525027e+01 7.5731219448259228e+00 -1.1737442314717830e+01 -5.4436490006596374e+00 5.5265518999999999e-04 1.5378795000000000e-03
-8.4762313277454515e-01 -1.0503194019193363e+02 8.5161197741894912e-01 -1.6861205091904938e+02 -8.4105224547949177e+01 7.0060905442530901e+00 -1.1150479627561344e+01 -5.4425683159580256e+00 6.8265765000000004e-04 2.1546280000000000e-03
-8.4634261336079852e-01 -9.7429358423524320e+01 8.5172382161207583e-01 -1.6052945892264748e+02 -8.4075954205932518e+01 6.5069782572412809e+00 -1.0628667260550968e+01 -5.4412507174096518e+00 8.2327310000000005e-04 2.9067318999999999e-03
-8.4481403218167539e-01 -9.0684626295976159e+01 8.5185733222251425e-01 -1.5324911386900851e+02 -8.4041024130759169e+01 6.0626113519640326e+00 -1.0158903255513678e+01 -5.4396782479155705e+00 9.7396649000000004e-04 3.8045331000000002e-03
-8.4302065982557783e-01 -8.4648576752388124e+01 8.5201397044446547e-01 -1.4662405144039602e+02 -8.4000057812865890e+01 5.6633879449918574e+00 -9.7316715698235559e+00 -5.4378339030791922e+00 1.1342389000000000e-03 4.8578574999999999e-03
-8.4094659229321056e-01 -7.9208752618322336e+01 8.5219512537828179e-01 -1.4054405283453482e+02 -8.3952699133669711e+01 5.3020822820779889e+00 -9.3398428617098581e+00 -5.4357015828392390e+00 1.3036180000000001e-03 6.0760461999999999e-03
-8.3857671251920141e-01 -7.4278084958444481e+01 8.5240211739127725e-01 -1.3492446986860006e+02 -8.3898611705355066e+01 4.9731114085340078e+00 -8.9779387350118380e+00 -5.4332660581166383e+00 1.4816515000000000e-03 7.4679780999999997e-03
-8.3589665921483114e-01 -6.9787630837609584e+01 8.5263620083909208e-01 -1.2969884175552860e+02 -8.3837478303355923e+01 4.6720645106426311e+00 -8.6416587274485437e+00 -5.4305129448812117e+00 1.6679024999999999e-03 9.0420881999999994e-03
-8.3289280575600166e-01 -6.5681749384376204e+01 8.5289856590967739e-01 -1.2481415639993280e+02 -8.3769000555166016e+01 4.3953902526908823e+00 -8.3275659082690598e+00 -5.4274286883743130e+00 1.8619452999999999e-03 1.0806380000000001e-02
-8.2955224060353061e-01 -6.1914787235116030e+01 8.5319034033344188e-01 -1.2022732490338626e+02 -8.3692898649014012e+01 4.1401819229532482e+00 -8.0328707192192965e+00 -5.4240005486793601e+00 2.0633631000000000e-03 1.2768437000000001e-02
-8.2586275827946021e-01 -5.8448751419630383e+01 8.5351259017140668e-01 -1.1590295201615967e+02 -8.3608911285521629e+01 3.9040264991325770e+00 -7.7552788816256388e+00 -5.4202165968465303e+00 2.2717459999999998e-03 1.4935428000000001e-02
-8.2181284421406797e-01 -5.5251621644235179e+01 8.5386632113871053e-01 -1.1181159771416313e+02 -8.3516795485072336e+01 3.6848952103043500e+00 -7.4928809313021620e+00 -5.4160657043901193e+00 2.4866887000000002e-03 1.7314116000000001e-02
-8.1739167508638300e-01 -5.2296120147782645e+01 8.5425247857486808e-01 -1.0792852997660992e+02 -8.3416326679530428e+01 3.4810637724714586e+00 -7.2440716995558416e+00 -5.4115375482848727e+00 2.7077901999999999e-03 1.9910858000000000e-02
-8.1258910009577157e-01 -4.9558775469383235e+01 8.5467194907956234e-01 -1.0423277630716187e+02 -8.3307298460951557e+01 3.2910516412226110e+00 -7.0074888051846873e+00 -5.4066225959842624e+00 2.9346520999999999e-03 2.2731616000000000e-02
-8.0739565117743584e-01 -4.7019226598151739e+01 8.5512555962039449e-01 -1.0070641841023469e+02 -8.3189522889511395e+01 3.1135768262219861e+00 -6.7819671822431760e+00 -5.4013121194149791e+00 3.1668782999999998e-03 2.5781951000000001e-02
-8.0180253278691527e-01 -4.4659672146636986e+01 8.5561407842513415e-01 -9.7334032397566162e+01 -8.3062830318098548e+01 2.9475204559476955e+00 -6.5665028686882705e+00 -5.3955981884540725e+00 3.4040742000000001e-03 2.9067029000000001e-02
-7.9580161508975400e-01 -4.2464442801250449e+01 8.5613821557655356e-01 -9.4102239968650537e+01 -8.2927069396601922e+01 2.7918988782532828e+00 -6.3602249248508480e+00 -5.3894736656328330e+00 3.6458464000000000e-03 3.2591624999999999e-02
-7.8938544417699963e-01 -4.0419667563491181e+01 8.5669862212017633e-01 -9.0999441752449869e+01 -8.2782107270763106e+01 2.6458421565826118e+00 -6.1623736534859068e+00 -5.3829322186916428e+00 3.8918026000000000e-03 3.6360116999999997e-02
-7.8254722844453795e-01 -3.8512997959010882e+01 8.5729589125394556e-01 -8.8015396629092336e+01 -8.2627829331997802e+01 2.5085762419552049e+00 -5.9722824615952392e+00 -5.3759683085793331e+00 4.1415510999999999e-03 4.0376493999999999e-02
-7.7528084370084283e-01 -3.6733390472107317e+01 8.5793055788209793e-01 -8.5141142555010674e+01 -8.2464139382925595e+01 2.3794089734428572e+00 -5.7893637484502625e+00 -5.3685771957699533e+00 4.3947007000000003e-03 4.4644352999999998e-02
-7.6758083316697567e-01 -3.5070927683961848e+01 8.5860309861516437e-01 -8.2368745634986965e+01 -8.2290959598068298e+01 2.2577185348169686e+00 -5.6130972233852354e+00 -5.3607549385251163e+00 4.6508610999999997e-03 4.9166899000000000e-02
-7.5944240066625346e-01 -3.3516668108207405e+01 8.5931393236480325e-01 -7.9691163856977340e+01 -8.2108230377797256e+01 2.1429438519546018e+00 -5.4430201670048923e+00 -5.3524983870277802e+00 4.9096423000000002e-03 5.3946949000000001e-02
-7.5086141913716375e-01 -3.2062525511674416e+01 8.6006341960025845e-01 -7.7102126506597813e+01 -8.1915910463349874e+01 2.0345768054840678e+00 -5.2787196866893700e+00 -5.3438051897717100e+00 5.1706551000000002e-03 5.8986927000000001e-02
-7.4183441531011707e-01 -3.0701161206160059e+01 8.6085186368673505e-01 -7.4596026787689937e+01 -8.1713976559085523e+01 1.9321554867169817e+00 -5.1198257933816649e+00 -5.3346737753036484e+00 5.4335110000000002e-03 6.4288872999999996e-02
-7.3235858503069484e-01 -2.9425901930880343e+01 8.6167950954702399e-01 -7.2167840603379162e+01 -8.1502423563987634e+01 1.8352588146046489e+00 -4.9660061686401633e+00 -5.3251033674539912e+00 5.6978226000000002e-03 6.9854434000000007e-02
-7.2243177623381793e-01 -2.8230661340818166e+01 8.6254654514858553e-01 -6.9813049088803965e+01 -8.1281264103262544e+01 1.7435016376911925e+00 -4.8169611621648336e+00 -5.3150939604477569e+00 5.9632034000000004e-03 7.5684873999999999e-02
-7.1205249745666288e-01 -2.7109878447826397e+01 8.6345310076000792e-01 -6.7527579330385620e+01 -8.1050528585030634e+01 1.6565308331156650e+00 -4.6724199916161515e+00 -5.3046463260464209e+00 6.2292681999999997e-03 8.1781068999999998e-02
-7.0121991102832837e-01 -2.6058461766986994e+01 8.6439924954584069e-01 -6.5307750085054110e+01 -8.0810264889324145e+01 1.5740217837675092e+00 -4.5321372498532497e+00 -5.2937620000163390e+00 6.4956331999999999e-03 8.8143510999999994e-02
-6.8993383306983624e-01 -2.5071742208471253e+01 8.6538500756659464e-01 -6.3150226780801610e+01 -8.0560538202603183e+01 1.4956754243070955e+00 -4.3958900183910865e+00 -5.2824432765417457e+00 6.7619166000000000e-03 9.4772308000000000e-02
-6.7819472327863217e-01 -2.4145430897974460e+01 8.6641033467099260e-01 -6.1051980740528208e+01 -8.0301430619825496e+01 1.4212155861821865e+00 -4.2634752204886954e+00 -5.2706932050905593e+00 7.0277381999999996e-03 1.0166719000000000e-01
-6.6600368322600267e-01 -2.3275583246069250e+01 8.6747513464467785e-01 -5.9010255696190498e+01 -8.0033040827316739e+01 1.3503867638819145e+00 -4.1347075182134754e+00 -5.2585155290064458e+00 7.2927204000000001e-03 1.0882751000000000e-01
-6.5336248019323884e-01 -2.2458568737033932e+01 8.6857925312829598e-01 -5.7022542361652775e+01 -7.9755484490169351e+01 1.2829522348445483e+00 -4.0094176594903308e+00 -5.2459147741264145e+00 7.5564877000000004e-03 1.1625223000000000e-01
-6.4027349779672571e-01 -2.1691039502447055e+01 8.6972248193003943e-01 -5.5086544997211334e+01 -7.9468789555485245e+01 1.2186921845410310e+00 -3.8874503380838950e+00 -5.2328961452393710e+00 7.8186677999999999e-03 1.2393994999999999e-01
-6.2673973258277582e-01 -2.0969905859889781e+01 8.7090455932306443e-01 -5.3200159629150399e+01 -7.9173309624957184e+01 1.1574019966382121e+00 -3.7686628105151612e+00 -5.2194654885030900e+00 8.0788911000000008e-03 1.3188891000000000e-01
-6.1276484510512330e-01 -2.0292317250206917e+01 8.7212516558423814e-01 -5.1361461833346425e+01 -7.8869103502082211e+01 1.0988912692599369e+00 -3.6529241007217892e+00 -5.2056295364914735e+00 8.3367917000000003e-03 1.4009695999999999e-01
-5.9835309182159824e-01 -1.9655638700887341e+01 8.7338392894247563e-01 -4.9568680225758037e+01 -7.8556348074432037e+01 1.0429822559601516e+00 -3.5401133217432648e+00 -5.1913953950888967e+00 8.5920070000000005e-03 1.4856159999999999e-01
-5.8350935914579005e-01 -1.9057434993099811e+01 8.7468042260457157e-01 -4.7820186065676722e+01 -7.8235234905940018e+01 9.8950893973600262e-01 -3.4301190022728050e+00 -5.1767723652501303e+00 8.8441787999999997e-03 1.5727996000000000e-01
-5.6823912939538412e-01 -1.8495453611014835e+01 8.7601416772936858e-01 -4.6114475678680257e+01 -7.7905969320996874e+01 9.3831593257464774e-01 -3.3228379829868513e+00 -5.1617662674282023e+00 9.0929527999999999e-03 1.6624881999999999e-01
-5.5254848079216212e-01 -1.7967610539563807e+01 8.7738463342775763e-01 -4.4450159422114034e+01 -7.7568769852209869e+01 8.8925759038075025e-01 -3.2181746984719459e+00 -5.1463862145246351e+00 9.3379794999999995e-03 1.7546460999999999e-01
-5.3644407043617071e-01 -1.7471977129952414e+01 8.7879123824976191e-01 -4.2825949984572908e+01 -7.7223867686942867e+01 8.4219730886259880e-01 -3.1160404074724912e+00 -5.1306446230196370e+00 9.5789143999999993e-03 1.8492342000000001e-01
-5.1993318538321542e-01 -1.7006770101748984e+01 8.8023334572328427e-01 -4.1240656898181570e+01 -7.6871507399010383e+01 7.9700669976897154e-01 -3.0163529325295571e+00 -5.1145504503741535e+00 9.8154178999999998e-03 1.9462097000000000e-01
-5.0302365751570388e-01 -1.6570339499007748e+01 8.8171027178952854e-01 -3.9693171228786497e+01 -7.6511944429613393e+01 7.5356493641922251e-01 -2.9190355916192963e+00 -5.0981145271520756e+00 1.0047156000000000e-02 2.0455266000000000e-01
-4.8572384651681499e-01 -1.6161153517667092e+01 8.8322128629008401e-01 -3.8182456894175388e+01 -7.6145445009795651e+01 7.1175803695713968e-01 -2.8240166823486912e+00 -5.0813481622624934e+00 1.0273801000000001e-02 2.1471357999999999e-01
-4.6804272499965499e-01 -1.5777803530704638e+01 8.8476560553150407e-01 -3.6707551301418846e+01 -7.5772286949232480e+01 6.7147854983683075e-01 -2.7312295604640835e+00 -5.0642632406170005e+00 1.0495031000000000e-02 2.2509846000000000e-01
-4.4998977635226989e-01 -1.5418982374178480e+01 8.8634240120781149e-01 -3.5267551609742469e+01 -7.5392757363848816e+01 6.3262480992408365e-01 -2.6406117505574445e+00 -5.0468720711504016e+00 1.0710529999999999e-02 2.3570173000000000e-01
-4.3157501176347651e-01 -1.5083483617211122e+01 8.8795079891341477e-01 -3.3861610780529759e+01 -7.5007152698631160e+01 5.9510053663091012e-01 -2.5521045246635827e+00 -5.0291874145376765e+00 1.0919989999999999e-02 2.4651751000000000e-01
-4.1280898724869408e-01 -1.4770194297051033e+01 8.8958987665602351e-01 -3.2488934490247900e+01 -7.4615778624024315e+01 5.5881444828991311e-01 -2.4656530215966184e+00 -5.0112224759077142e+00 1.1123108000000000e-02 2.5753959999999998e-01
-3.9370275257245008e-01 -1.4478088265017917e+01 8.9125866931790154e-01 -3.1148773074255182e+01 -7.4218948448109572e+01 5.2367977068078686e-01 -2.3812055111655202e+00 -4.9929908491235286e+00 1.1319591000000000e-02 2.6876150999999998e-01
-3.7426783422254895e-01 -1.4206220772543368e+01 8.9295617014295103e-01 -2.9840417323477904e+01 -7.3816982616069907e+01 4.8961390316731296e-01 -2.2987131884073939e+00 -4.9745064824156406e+00 1.1509152000000000e-02 2.8017647000000001e-01
-3.5451625243590362e-01 -1.3953724004084576e+01 8.9468132924962840e-01 -2.8563196268935108e+01 -7.3410208649596029e+01 4.5653788884873886e-01 -2.2181300116615321e+00 -4.9557836811097875e+00 1.1691511000000000e-02 2.9177742000000001e-01
-3.3446053822436650e-01 -1.3719803034338749e+01 8.9643305214385982e-01 -2.7316475549920003e+01 -7.2998960992953116e+01 4.2437674361207328e-01 -2.1394126417763983e+00 -4.9368371109403437e+00 1.1866398000000000e-02 3.0355700000000002e-01
-3.1411359716807918e-01 -1.3503730193473858e+01 8.9821021161571613e-01 -2.6099646296594916e+01 -7.2583577958944460e+01 3.9305763765344309e-01 -2.0625196731552040e+00 -4.9176816585550478e+00 1.2033550000000000e-02 3.1550762999999998e-01
-2.9348882859629133e-01 -1.3304843188678273e+01 9.0001163732982226e-01 -2.4912130706911444e+01 -7.2164403797129935e+01 3.6251178108908799e-01 -1.9874120291644291e+00 -4.8983325247988354e+00 1.2192715000000000e-02 3.2762143999999999e-01
-2.7260004045820463e-01 -1.3122541013067867e+01 9.0183612326077889e-01 -2.3753374934881165e+01 -7.1741786607126315e+01 3.3267223208835150e-01 -1.9140524827609311e+00 -4.8788051296435633e+00 1.2343646000000000e-02 3.3989032000000002e-01
-2.5146146634880362e-01 -1.2956281348994105e+01 9.0368242620607842e-01 -2.2622848289203233e+01 -7.1316078360924053e+01 3.0347455572522181e-01 -1.8424056143092233e+00 -4.8591151128199881e+00 1.2486109000000000e-02 3.5230591000000000e-01
-2.3008769740553070e-01 -1.2805577718927273e+01 9.0554927173444189e-01 -2.1520038466199100e+01 -7.0887633263547315e+01 2.7485632012038930e-01 -1.7724374945016821e+00 -4.8392783560745816e+00 1.2619877000000000e-02 3.6485963999999999e-01
-2.0849373338577970e-01 -1.2669997605337930e+01 9.0743534972456641e-01 -2.0444452845144699e+01 -7.0456808711961713e+01 2.4675694403157566e-01 -1.7041157730870173e+00 -4.8193108261383442e+00 1.2744734000000001e-02 3.7754270000000001e-01
-1.8669493158940265e-01 -1.2549160421672699e+01 9.0933931882637786e-01 -1.9395615113548537e+01 -7.0023962696314101e+01 2.1911740873873076e-01 -1.6374094403795456e+00 -4.7992286545870515e+00 1.2860473000000001e-02 3.9034606999999999e-01
-1.6470697280704616e-01 -1.2442735697034220e+01 9.1125980943519969e-01 -1.8373062501079286e+01 -6.9589454994752941e+01 1.9188000861704624e-01 -1.5722886654020984e+00 -4.7790480825325572e+00 1.2966896000000000e-02 4.0326054000000000e-01
-1.4254589537181517e-01 -1.2350442093176769e+01 9.1319542071758408e-01 -1.7376347234616379e+01 -6.9153646094799228e+01 1.6498818735547538e-01 -1.5087248627371497e+00 -4.7587854491215777e+00 1.3063819000000001e-02 4.1627669000000000e-01
-1.2022799300428400e-01 -1.2272045853149823e+01 9.1514472953381854e-01 -1.6405030723480547e+01 -6.8716895367223898e+01 1.3838621241149807e-01 -1.4466902990728214e+00 -4.7384571083760685e+00 1.3151064000000001e-02 4.2938494999999999e-01
-9.7769916967484827e-02 -1.2207360576983541e+01 9.1710628151541895e-01 -1.5458688025120287e+01 -6.8279562863351416e+01 1.1201910785819402e-01 -1.3861584774571489e+00 -4.7180795210507522e+00 1.3228465999999999e-02 4.4257553999999999e-01
-7.5188539860256864e-02 -1.2156246210284190e+01 9.1907860296180499e-01 -1.4536902221796453e+01 -6.7842006445149295e+01 8.5832281167095736e-02 -1.3271035286373873e+00 -4.6976691153506351e+00 1.3295871000000001e-02 4.5583855000000001e-01
-5.2501023720572304e-02 -1.2118609109579362e+01 9.2106019489196267e-01 -1.3639265590255045e+01 -6.7404582958941077e+01 5.9771409711704138e-02 -1.2695005880757944e+00 -4.6772423253346940e+00 1.3353135000000000e-02 4.6916390000000002e-01
-2.9724734896378613e-02 -1.2094401891585209e+01 9.2304954047986587e-01 -1.2765377738949109e+01 -6.6967646535391097e+01 3.3782146400786139e-02 -1.2133254321060756e+00 -4.6568155428097819e+00 1.3400123999999999e-02 4.8254139000000001e-01
-6.8772780972620184e-03 -1.2083623873035185e+01 9.2504510208030755e-01 -1.1914846019472767e+01 -6.6531548985353595e+01 7.8099554341161115e-03 -1.1585545771472239e+00 -4.6364051213868178e+00 1.3436718000000000e-02 4.9596067999999999e-01
1.6023571708878137e-02 -1.2086321624842599e+01 9.2704532717723753e-01 -1.1087283289117050e+01 -6.6096638502857417e+01 -1.8200182847776247e-02 -1.1051651949674262e+00 -4.6160273169206603e+00 1.3462807000000000e-02 5.0941133000000005e-01
3.8959801192503751e-02 -1.2102589881733829e+01 9.2904864243542473e-01 -1.0282310593339471e+01 -6.5663260862163895e+01 -4.4303907687195609e-02 -1.0531351179689930e+00 -4.5956983450792208e+00 1.3478291000000000e-02 5.2288276000000000e-01
6.1913311894920442e-02 -1.2132572825473421e+01 9.3105346708421632e-01 -9.4995518960310754e+00 -6.5231756469857430e+01 -7.0557871044427567e-02 -1.0024425969141282e+00 -4.5754342424441132e+00 1.3483083000000000e-02 5.3636434000000000e-01
8.4865835099120490e-02 -1.2176465635611558e+01 9.3305820548211627e-01 -8.7386366780625107e+00 -6.4802461972764334e+01 -9.7019886493368124e-02 -9.5306650574159080e-01 -4.5552509425182928e+00 1.3477108000000000e-02 5.4984533999999996e-01
1.0779896588144577e-01 -1.2234516415768551e+01 9.3506125009095364e-01 -7.9992008894116786e+00 -6.4375709610154047e+01 -1.2374922013895162e-01 -9.0498618789797436e-01 -4.5351642429060295e+00 1.3460300999999999e-02 5.6331494999999998e-01
1.3069421418908123e-01 -1.2307028556004500e+01 9.3706098593713594e-01 -7.2808836698885129e+00 -6.3951826263826128e+01 -1.5080690232892857e-01 -8.5818146889505020e-01 -4.5151897642115149e+00 1.3432611000000001e-02 5.7676231000000000e-01
1.5353303889171799e-01 -1.2394363618710310e+01 9.3905579358581759e-01 -6.5833275473725008e+00 -6.3531132921676544e+01 -1.7825606060027921e-01 -8.1263253149010350e-01 -4.4953429197247115e+00 1.3393997000000000e-02 5.9017653000000003e-01
1.7629679670405918e-01 -1.2496944312313788e+01 9.4104404467964697e-01 -5.9061806038222064e+00 -6.3113945661310225e+01 -2.0616216050133995e-01 -7.6832007716515438e-01 -4.4756389634066673e+00 1.3344429999999999e-02 6.0354666000000001e-01
1.9896681028914553e-01 -1.2615258358180791e+01 9.4302410788710378e-01 -5.2490946087043886e+00 -6.2700574315910657e+01 -2.3459342133138528e-01 -7.2522517382124985e-01 -4.4560929305345587e+00 1.3283893999999999e-02 6.1686173000000000e-01
2.2152443636168018e-01 -1.2749863084160582e+01 9.4499435485083649e-01 -4.6117237478754269e+00 -6.2291322142387884e+01 -2.6362125343442133e-01 -6.8332917422688366e-01 -4.4367195892432552e+00 1.3212384000000001e-02 6.3011079000000003e-01
2.4395096353304102e-01 -1.2901389749035285e+01 9.4695315126515600e-01 -3.9937279009357369e+00 -6.1886486594932592e+01 -2.9332052553388305e-01 -6.4261392536084760e-01 -4.4175335268748750e+00 1.3129907000000000e-02 6.4328284999999996e-01
2.6622773149209999e-01 -1.3070549631978555e+01 9.4889886728562656e-01 -3.3947700063388497e+00 -6.1486358154921383e+01 -3.2377013880457645e-01 -6.0306156648818809e-01 -4.3985490565343879e+00 1.3036481000000001e-02 6.5636695000000000e-01
2.8833614803105445e-01 -1.3258140562418808e+01 9.5082987901614935e-01 -2.8145159968205542e+00 -6.1091220020689761e+01 -3.5505352930167733e-01 -5.6465453851357172e-01 -4.3797802069765579e+00 1.2932137999999999e-02 6.6935217000000002e-01
3.1025763796793271e-01 -1.3465053652220403e+01 9.5274456404771024e-01 -2.2526370859391887e+00 -6.0701349174272480e+01 -3.8725911414249886e-01 -5.2737568330174189e-01 -4.3612407773043174e+00 1.2816919000000000e-02 6.8222760000000005e-01
3.3197374530158230e-01 -1.3692282236429248e+01 9.5464131038088540e-01 -1.7088072656582938e+00 -6.0317014843027280e+01 -4.2048101725551656e-01 -4.9120811590447450e-01 -4.3429442512352203e+00 1.2690879000000000e-02 6.9498240000000000e-01
3.5346609916000782e-01 -1.3940930874415111e+01 9.5651851345167260e-01 -1.1827052018548672e+00 -5.9938479292625608e+01 -4.5481966211723773e-01 -4.5613529590650892e-01 -4.3249038410375897e+00 1.2554085000000000e-02 7.0760577999999996e-01
3.7471643082620165e-01 -1.4212225947456416e+01 9.5837457761857570e-01 -6.7401400068798600e-01 -5.9565997773067480e+01 -4.9038254549305638e-01 -4.2214103320298618e-01 -4.3071324785564151e+00 1.2406611999999999e-02 7.2008700999999997e-01
3.9570665886730039e-01 -1.4507528591252642e+01 9.6020792359802631e-01 -1.8242018986065353e-01 -5.9199817340341809e+01 -5.2728501740954647e-01 -3.8920937944271827e-01 -4.2896427533581978e+00 1.2248551000000000e-02 7.3241546999999996e-01
4.1641883805709168e-01 -1.4828347925167234e+01 9.6201698400313074e-01 2.9238477349199032e-01 -5.8840177991534695e+01 -5.6565145726068100e-01 -3.5732474057848540e-01 -4.2724469680071859e+00 1.2080001999999999e-02 7.4458062000000003e-01
4.3683519342767596e-01 -1.5176356855455449e+01 9.6380020631783858e-01 7.5070461893590990e-01 -5.8487312372623428e+01 -6.0561598803118211e-01 -3.2647185469113399e-01 -4.2555571173596638e+00 1.1901076999999999e-02 7.5657202000000001e-01
4.5693815432112950e-01 -1.5553410463896181e+01 9.6555605587111182e-01 1.1928381433868551e+00 -5.8141445522244148e+01 -6.4732388979559730e-01 -2.9663576474919823e-01 -4.2389848703177071e+00 1.1711898000000000e-02 7.6837935000000002e-01
4.7671040546699883e-01 -1.5961567463682432e+01 9.6728302029817714e-01 1.6190802295791433e+00 -5.7802794221320049e+01 -6.9093299542438968e-01 -2.6780177689492218e-01 -4.2227415516934501e+00 1.1512599000000000e-02 7.7999244000000001e-01
4.9613480185314351e-01 -1.6403111967200829e+01 9.6897960210510492e-01 2.0297190181145304e+00 -5.7471569045575471e+01 -7.3661501613729596e-01 -2.3995561623032791e-01 -4.2068382051359734e+00 1.1303326000000001e-02 7.9140122000000002e-01
5.1519453898404888e-01 -1.6880584156944501e+01 9.7064433353965207e-01 2.4250390979131673e+00 -5.7147971360651646e+01 -7.8455765664680399e-01 -2.1308321083812826e-01 -4.1912854789649048e+00 1.1084235000000000e-02 8.0259581999999996e-01
5.3387299964834622e-01 -1.7396808159620409e+01 9.7227576320750342e-01 2.8053176621761140e+00 -5.6832196698937139e+01 -8.3496624948213305e-01 -1.8717093467909252e-01 -4.1760937578001531e+00 1.0855490000000001e-02 8.1356647999999998e-01
5.5215390715129176e-01 -1.7954931891525845e+01 9.7387246945603068e-01 3.1708271547129097e+00 -5.6524432246485759e+01 -8.8806640126080649e-01 -1.6220542827264867e-01 -4.1612730572079171e+00 1.0617270000000000e-02 8.2430364000000000e-01
5.7002129126310641e-01 -1.8558468743164223e+01 9.7543305740012332e-01 3.5218339385446318e+00 -5.6224857873012731e+01 -9.4410674084757629e-01 -1.3817366417349436e-01 -4.1468330567170870e+00 1.0369760000000000e-02 8.3479791999999997e-01
5.8745950524480595e-01 -1.9211347629888376e+01 9.7695616040927358e-01 3.8585981650769265e+00 -5.5933646231907623e+01 -1.0033618198719387e+00 -1.1506297745153482e-01 -4.1327831068645979e+00 1.0113159000000000e-02 8.4504013000000000e-01
6.0445324287403235e-01 -1.9917971646218362e+01 9.7844044159466037e-01 4.1813735039501001e+00 -5.5650962744132976e+01 -1.0661360941142162e+00 -9.2861036715983725e-02 -4.1191322231384211e+00 9.8476710000000005e-03 8.5502127999999999e-01
6.2098753844505450e-01 -2.0683286445274035e+01 9.7988459380914938e-01 4.4904066742368940e+00 -5.5376966047074099e+01 -1.1327681066866935e+00 -7.1555892829195000e-02 -4.1058891006925924e+00 9.5735140000000000e-03 8.6473257999999997e-01
6.3704785189792368e-01 -2.1512865592195386e+01 9.8128734708271470e-01 4.7859385330180135e+00 -5.5111806907644471e+01 -1.2036359744744241e+00 -5.1135883930229886e-02 -4.0930620607629562e+00 9.2909130999999992e-03 8.7416548999999999e-01
6.5261998368931828e-01 -2.2413003937856978e+01 9.8264746118701729e-01 5.0682019703280865e+00 -5.4855629998526055e+01 -1.2791631677084505e+00 -3.1589787859244989e-02 -4.0806591341039660e+00 9.0001030000000006e-03 8.8331166999999999e-01
6.6769017694753074e-01 -2.3390839629890255e+01 9.8396373455791120e-01 5.3374233798549922e+00 -5.4608572589701886e+01 -1.3598263398495487e+00 -1.2906702390610980e-02 -4.0686879910159037e+00 8.7013270999999996e-03 8.9216304000000002e-01
6.8224506639497373e-01 -2.4454492650226705e+01 9.8523499983418972e-01 5.5938211759188521e+00 -5.4370765731465518e+01 -1.4461638469639322e+00 4.9238657544954934e-03 -4.0571559942435114e+00 8.3948374000000006e-03 9.0071175000000003e-01
6.9627176347733677e-01 -2.5613243139637458e+01 9.8646013129300814e-01 5.8376069647381126e+00 -5.4142333186915110e+01 -1.5387872977681933e+00 2.1912074835060413e-02 -4.0460701367116201e+00 8.0808944000000001e-03 9.0895022999999997e-01
7.0975778826026192e-01 -2.6877738603661278e+01 9.8763803890154556e-01 6.0689841227720489e+00 -5.3923392277155919e+01 -1.6383943825599911e+00 3.8067647902525870e-02 -4.0354371299318919e+00 7.7597663000000001e-03 9.1687114999999997e-01
7.2269113753266745e-01 -2.8260262058657229e+01 9.8876767426534284e-01 6.2881473371156229e+00 -5.3714056362990696e+01 -1.7457859241269698e+00 5.3399933305359693e-02 -4.0252633446890584e+00 7.4317293999999999e-03 9.2446746000000002e-01
7.3506030183258009e-01 -2.9775064835010536e+01 9.8984803211538663e-01 6.4952850522195602e+00 -5.3514428366879564e+01 -1.8618869322736211e+00 6.7917892176646844e-02 -4.0155548174241202e+00 7.0970672000000004e-03 9.3173240000000002e-01
7.4685423139547225e-01 -3.1438780998259620e+01 9.9087814733394042e-01 6.6905759204626731e+00 -5.3324608169038406e+01 -1.9877727759470116e+00 8.1630071181153674e-02 -4.0063172851118498e+00 6.7560703000000000e-03 9.3865947999999999e-01
7.5806242128341905e-01 -3.3270976320912773e+01 9.9185710238996705e-01 6.8741912354939219e+00 -5.3144688323307427e+01 -2.1247041357554117e+00 9.4544625063822968e-02 -3.9975561365764931e+00 6.4090362999999996e-03 9.4524253000000003e-01
7.6867480923010922e-01 -3.5294834089512818e+01 9.9278401841662189e-01 7.0462925530161229e+00 -5.2974756587461464e+01 -2.2741702518044375e+00 1.0666923689653687e-01 -3.9892764967525953e+00 6.0562691999999996e-03 9.5147563999999996e-01
7.7868194589915984e-01 -3.7538109160471166e+01 9.9365807008209661e-01 7.2070342625450632e+00 -5.2814893554525099e+01 -2.4379500804257801e+00 1.1801126890028615e-01 -3.9814831089430061e+00 5.6980790999999996e-03 9.5735325999999998e-01
7.8807482462580158e-01 -4.0034344511681098e+01 9.9447847071877571e-01 7.3565604501510702e+00 -5.2665175596150043e+01 -2.6181893331815576e+00 1.2857756195388087e-01 -3.9741804771827924e+00 5.3347821999999998e-03 9.6287009999999995e-01
7.9684505167519348e-01 -4.2824623755864536e+01 9.9524448719407976e-01 7.4950074760560073e+00 -5.2525672438528986e+01 -2.8175126677413163e+00 1.3837457917753770e-01 -3.9673727449067684e+00 4.9667000000000001e-03 9.6802122999999995e-01
8.0498472706160218e-01 -4.5959951953819399e+01 9.9595542950087546e-01 7.6225016636603335e+00 -5.2396449338611404e+01 -3.0391756483359336e+00 1.4740831667400453e-01 -3.9610637930621984e+00 4.5941591999999996e-03 9.7280200999999999e-01
8.1248658075505364e-01 -4.9504788879333546e+01 9.9661066265414977e-01 7.7391613105025865e+00 -5.2277565095168391e+01 -3.2872912749400176e+00 1.5568439942646589e-01 -3.9552571492952939e+00 4.2174915999999996e-03 9.7720817000000004e-01
8.1934383647468190e-01 -5.3542192516403681e+01 9.9720959479433557e-01 7.8450942765551286e+00 -5.2169074477040780e+01 -3.5671594430927467e+00 1.6320792883272170e-01 -3.9499560985789079e+00 3.8370333000000002e-03 9.8123572999999997e-01
8.2555034789537984e-01 -5.8181922756008376e+01 9.9775168908398659e-01 7.9403999634779598e+00 -5.2071026242562695e+01 -3.8857880471568080e+00 1.6998361786835006e-01 -3.9451635852288471e+00 3.4531249000000000e-03 9.8488107999999996e-01
8.3110054757030594e-01 -6.3573453779313589e+01 9.9823645924652360e-01 8.0251682727013058e+00 -5.1983464210491078e+01 -4.2527294242582121e+00 1.7601574072305493e-01 -3.9408822613731229e+00 3.0661112999999999e-03 9.8814095000000002e-01
8.3598941287921980e-01 -6.9928215472995490e+01 9.9866346659206662e-01 8.0994789659547752e+00 -5.1906427765769038e+01 -4.6815127307879969e+00 1.8130805427687136e-01 -3.9371145172461763e+00 2.6763420000000000e-03 9.9101238999999997e-01
8.4021256818347223e-01 -7.7560645803035044e+01 9.9903232893994043e-01 8.1634030504435220e+00 -5.1839950778202869e+01 -5.1922909627608025e+00 1.8586393249104419e-01 -3.9338624145578591e+00 2.2841723000000002e-03 9.9349282999999999e-01
8.4376625077434086e-01 -8.6970844036782438e+01 9.9934271764450600e-01 8.2170021193583533e+00 -5.1784061817429048e+01 -5.8171748307701998e+00 1.8968630492994765e-01 -3.9311277096242034e+00 1.8899688000000000e-03 9.9558005999999999e-01
8.4664729384720050e-01 -9.9034646386741102e+01 9.9959435610807623e-01 8.2603280094942271e+00 -5.1738784898250145e+01 -6.6125092285484035e+00 1.9277763708187018e-01 -3.9289118753849519e+00 1.4941295000000000e-03 9.9727222000000004e-01
8.4885336486315977e-01 -1.1554025376032943e+02 9.9978704060009671e-01 8.2934262568620838e+00 -5.1704135690147382e+01 -7.6935579134784104e+00 1.9514017782466192e-01 -3.9272159226975365e+00 1.0971916000000000e-03 9.9856794000000004e-01
8.5038361253065253e-01 -1.4138767896071599e+02 9.9992069676635031e-01 8.3163456967004681e+00 -5.1680111452426878e+01 -9.3767383383875362e+00 1.9677664703910089e-01 -3.9260399043005023e+00 7.0085733000000002e-04 9.9946672000000003e-01
