-4.6629090723574501e-01 -9.1825945014663421e+02 4.6629240739103039e-01 -9.6605099937480145e+02 -2.6912203415502762e+02 6.1873419284400157e+01 -6.5008379196793598e+01 -1.7651467293123009e+01 5.5301730000000003e-06 1.0230946000000001e-06
-4.6627328062896817e-01 -6.6407326108649067e+02 4.6630249491804199e-01 -7.1160716623498888e+02 -2.6908927991938998e+02 4.5198589967737597e+01 -4.8321525850500926e+01 -1.7649984858007343e+01 3.5894988000000002e-05 1.9923924999999999e-05
-4.6621797940274995e-01 -5.4623285310372751e+02 4.6633414324493289e-01 -5.9310971489566646e+02 -2.6898653844787947e+02 3.7462024394589797e+01 -4.0554080059181459e+01 -1.7645334641019723e+01 8.5619985000000003e-05 7.9222864999999994e-05
-4.6610850092353079e-01 -4.6905022147903333e+02 4.6639679666032324e-01 -5.1481426942273174e+02 -2.6878323635553994e+02 3.2387193599342808e+01 -3.5426626854258082e+01 -1.7636131993716852e+01 1.5173507999999999e-04 1.9661552000000001e-04
-4.6593040198742175e-01 -4.1188570104705963e+02 4.6649872086226873e-01 -4.5605961009887733e+02 -2.6845276883028026e+02 2.8620309069022024e+01 -3.1584109781993995e+01 -1.7621170479786866e+01 2.3255418000000001e-04 3.8758918999999998e-04
-4.6567054684959885e-01 -3.6674861973178230e+02 4.6664743330335728e-01 -4.0885243915041224e+02 -2.6797118451717870e+02 2.5637419582084203e+01 -2.8502199387486957e+01 -1.7599361533226691e+01 3.2689763000000001e-04 6.6622920000000002e-04
-4.6531676505933461e-01 -3.2969017618886198e+02 4.6684989900822521e-01 -3.6925344645030401e+02 -2.6731664073062262e+02 2.3179793006824724e+01 -2.5922359268092389e+01 -1.7569708912578175e+01 4.3385032000000002e-04 1.0455858000000000e-03
-4.6485765996791983e-01 -2.9846205437322726e+02 4.6711264016251780e-01 -3.3503217463232374e+02 -2.6646914475483931e+02 2.1100299401179356e+01 -2.3698056327486505e+01 -1.7531296028753456e+01 5.5265518999999999e-04 1.5378795000000000e-03
-4.6428249035581143e-01 -2.7165767217310326e+02 4.6744180385646361e-01 -3.0480592559820519e+02 -2.6541043478499631e+02 1.9307057011874775e+01 -2.1738297981423646e+01 -1.7483279585171942e+01 6.8265765000000004e-04 2.1546280000000000e-03
-4.6358109050088153e-01 -2.4833519856569058e+02 4.6784320782899863e-01 -2.7766118570550299e+02 -2.6412393440656535e+02 1.7738685351040871e+01 -1.9982812484027228e+01 -1.7424886522164961e+01 8.2327310000000005e-04 2.9067318999999999e-03
-4.6274381571552825e-01 -2.2783067600675997e+02 4.6832237163632201e-01 -2.5296561130349079e+02 -2.6259475398426878e+02 1.6352034533031105e+01 -1.8389725371850034e+01 -1.7355413109226699e+01 9.7396649000000004e-04 3.8045331000000002e-03
-4.6176150252535053e-01 -2.0965666417820293e+02 4.6888453944123315e-01 -2.3026581212009765e+02 -2.6080971758518905e+02 1.5115527257460544e+01 -1.6928861784384480e+01 -1.7274225230346865e+01 1.1342389000000000e-03 4.8578574999999999e-03
-4.6062543957253610e-01 -1.9344340324670961e+02 4.6953469666482595e-01 -2.0922784571554649e+02 -2.5875740565520209e+02 1.4005292707272256e+01 -1.5577849513920206e+01 -1.7180759443391782e+01 1.3036180000000001e-03 6.0760461999999999e-03
-4.5932734653946938e-01 -1.7890275357414993e+02 4.7027758204829256e-01 -1.8960062160973041e+02 -2.5642820681118633e+02 1.3002796180426758e+01 -1.4319723976873936e+01 -1.7074524538773314e+01 1.4816515000000000e-03 7.4679780999999997e-03
-4.5785935708244935e-01 -1.6580506933363179e+02 4.7111769741978254e-01 -1.7119232821197124e+02 -2.5381436974588061e+02 1.2093318922485219e+01 -1.3141387586317167e+01 -1.6955103208429399e+01 1.6679024999999999e-03 9.0420881999999994e-03
-4.5621400726765116e-01 -1.5396383598658639e+02 4.7205931431238346e-01 -1.5385469816742395e+02 -2.5091005572695886e+02 1.1264948199936118e+01 -1.2032582746111418e+01 -1.6822153869702412e+01 1.8619452999999999e-03 1.0806380000000001e-02
-4.5438422484641361e-01 -1.4322511087033044e+02 4.7310648010176470e-01 -1.3747212062474449e+02 -2.4771138189534472e+02 1.0507883346520606e+01 -1.0985183070451232e+01 -1.6675411450215265e+01 2.0633631000000000e-03 1.2768437000000001e-02
-4.5236332431254539e-01 -1.3346009640326812e+02 4.7426302083483057e-01 -1.2195393346189414e+02 -2.4421646257155899e+02 9.8139480474549057e+00 -9.9926931997715833e+00 -1.6514692111200656e+01 2.2717459999999998e-03 1.4935428000000001e-02
-4.5014499860232970e-01 -1.2455974908412436e+02 4.7553254597972272e-01 -1.0722877065262317e+02 -2.4042543084399460e+02 9.1762366610292414e+00 -9.0498831966120861e+00 -1.6339889512278297e+01 2.4866887000000002e-03 1.7314116000000001e-02
-4.4772331928104131e-01 -1.1643083164416612e+02 4.7691844831907854e-01 -9.3240389746846034e+01 -2.3634045989619437e+02 8.5888558035264175e+00 -8.1525208331934298e+00 -1.6150978233581913e+01 2.7077901999999999e-03 1.9910858000000000e-02
-4.4509272628452534e-01 -1.0899290559003478e+02 4.7842390982082056e-01 -7.9944433648467310e+01 -2.3196575047322705e+02 8.0467275419454918e+00 -7.2971638767073586e+00 -1.5948015909362978e+01 2.9346520999999999e-03 2.2731616000000000e-02
-4.4224803351469988e-01 -1.0217607630479422e+02 4.8005189843590779e-01 -6.7305996055204147e+01 -2.2730752819745774e+02 7.5454427015938119e+00 -6.4810065362825995e+00 -1.5731138944678076e+01 3.1668782999999998e-03 2.5781951000000001e-02
-4.3918442324405321e-01 -9.5919204656513372e+01 4.8180517130058448e-01 -5.5297637464321575e+01 -2.2237400630133547e+02 7.0811445829998352e+00 -5.7017544784758769e+00 -1.5500564665490968e+01 3.4040742000000001e-03 2.9067029000000001e-02
-4.3589744238530953e-01 -9.0168506349381218e+01 4.8368627687121263e-01 -4.3897808620735418e+01 -2.1717533018977318e+02 6.6504382809472373e+00 -4.9575266604846453e+00 -1.5256589099815292e+01 3.6458464000000000e-03 3.2591624999999999e-02
-4.3238300808693075e-01 -8.4876446824730095e+01 4.8569755172202322e-01 -3.3089596458331023e+01 -2.1172352257507143e+02 6.2503196458496442e+00 -4.2467781673266645e+00 -1.4999585616387449e+01 3.8918026000000000e-03 3.6360116999999997e-02
-4.2863740027244690e-01 -8.0000825366196722e+01 4.8784112481478131e-01 -2.2859648513476998e+01 -2.0603238976964988e+02 5.8781164435927904e+00 -3.5682344894385745e+00 -1.4730002038280753e+01 4.1415510999999999e-03 4.0376493999999999e-02
-4.2465726443820750e-01 -7.5504042433642539e+01 4.9011891589766160e-01 -1.3197310269499750e+01 -2.0011742432227283e+02 5.5314417491819317e+00 -2.9208394201739845e+00 -1.4448357744754023e+01 4.3947007000000003e-03 4.4644352999999998e-02
-4.2043961165338112e-01 -7.1352489920344567e+01 4.9253263550524845e-01 -4.0938911662759390e+00 -1.9399569069978449e+02 5.2081552179599750e+00 -2.3037111191270210e+00 -1.4155240372703103e+01 4.6508610999999997e-03 4.9166899000000000e-02
-4.1598181482962099e-01 -6.7516037737070931e+01 4.9508378709336837e-01 4.4579600992256099e+00 -1.8768568678046435e+02 4.9063307338960227e+00 -1.7161047133840801e+00 -1.3851301296443911e+01 4.9096423000000002e-03 5.3946949000000001e-02
-4.1128161338398317e-01 -6.3967610484277451e+01 4.9777366437054943e-01 1.2464767613782149e+01 -1.8120720548859506e+02 4.6242299407791290e+00 -1.1573819380442365e+00 -1.3537251391411591e+01 5.1706551000000002e-03 5.8986927000000001e-02
-4.0633710484567331e-01 -6.0682817590734096e+01 5.0060335610139450e-01 1.9932684792582283e+01 -1.7458115091867043e+02 4.3602790850597426e+00 -6.2698383649369760e-01 -1.3213855385021231e+01 5.4335110000000002e-03 6.4288872999999996e-02
-4.0114675324930016e-01 -5.7639649906953395e+01 5.0357374130320798e-01 2.6867851396526728e+01 -1.6782944809194345e+02 4.1130503469566939e+00 -1.2440942496416763e-01 -1.2881927695246896e+01 5.6978226000000002e-03 6.9854434000000007e-02
-3.9570937980903820e-01 -5.4818206809771432e+01 5.0668549458307699e-01 3.3276716585760212e+01 -1.6097471665297766e+02 3.8812449122018138e+00 3.5080417419518406e-01 -1.2542322821612458e+01 5.9632034000000004e-03 7.5684873999999999e-02
-3.9002416758154634e-01 -5.2200469178635821e+01 5.0993908346933103e-01 3.9166289042371865e+01 -1.5404022790340048e+02 3.6636791067716570e+00 7.9909730970501225e-01 -1.2195934137996156e+01 6.2292681999999997e-03 8.1781068999999998e-02
-3.8409065773563295e-01 -4.9770096890886265e+01 5.1333477054637433e-01 4.4544349480062188e+01 -1.4704964153432499e+02 3.4592720095235374e+00 1.2209015446671527e+00 -1.1843684093230461e+01 6.4956331999999999e-03 8.8143510999999994e-02
-3.7790874955225601e-01 -4.7512254202621861e+01 5.1687261345468594e-01 4.9419611715513533e+01 -1.4002682646999324e+02 3.2670348262300388e+00 1.6166509523986479e+00 -1.1486518360868653e+01 6.7619166000000000e-03 9.4772308000000000e-02
-3.7147869482902063e-01 -4.5413454127979136e+01 5.2055246809306821e-01 5.3801852068346157e+01 -1.3299566239569489e+02 3.0860614300911746e+00 1.9867917137918043e+00 -1.1125398800356280e+01 7.0277381999999996e-03 1.0166719000000000e-01
-3.6480109694759549e-01 -4.3461423745427403e+01 5.2437398915235567e-01 5.7701992431890346e+01 -1.2597984796880108e+02 2.9155201910803883e+00 2.3317895573229710e+00 -1.0761296655238068e+01 7.2927204000000001e-03 1.0882751000000000e-01
-3.5787692392988468e-01 -4.1644988150838557e+01 5.2833662264350023e-01 6.1132147061381879e+01 -1.1900272784174571e+02 2.7546471639484063e+00 2.6521351443942187e+00 -1.0395186520771004e+01 7.5564877000000004e-03 1.1625223000000000e-01
-3.5070748139310004e-01 -3.9953956776307678e+01 5.3243962137510792e-01 6.4105658921759797e+01 -1.1208708391513321e+02 2.6027388611330369e+00 2.9483497215731225e+00 -1.0028038208656366e+01 7.8186677999999999e-03 1.2393994999999999e-01
-3.4329441068459354e-01 -3.8379030615955259e+01 5.3668204602085468e-01 6.6637087966918003e+01 -1.0525496546587729e+02 2.4591468396560425e+00 3.2209882196544277e+00 -9.6608103439275457e+00 8.0788911000000008e-03 1.3188891000000000e-01
-3.3563971685936900e-01 -3.6911724396276377e+01 5.4106274910824237e-01 6.8742169287404778e+01 -9.8527553790139606e+01 2.3232731155130835e+00 3.4706400715995507e+00 -9.2944454745741947e+00 8.3367917000000003e-03 1.4009695999999999e-01
-3.2774573137673318e-01 -3.5544283675870737e+01 5.4558039636692446e-01 7.0437770739879070e+01 -9.1924979180537505e+01 2.1945649242919587e+00 3.6979315626663993e+00 -8.9298623802590598e+00 8.5920070000000005e-03 1.4856159999999999e-01
-3.1961513075197034e-01 -3.4269621953596989e+01 5.5023345605454299e-01 7.1741810298235080e+01 -8.5466203439868337e+01 2.0725110419002339e+00 3.9035249890778978e+00 -8.5679513966409235e+00 8.8441787999999997e-03 1.5727996000000000e-01
-3.1125091790466758e-01 -3.3081257506183775e+01 5.5502020963089160e-01 7.2673167195864451e+01 -7.9168886058058305e+01 1.9566378384091525e+00 4.0881185428294877e+00 -8.2095684511044134e+00 9.0929527999999999e-03 1.6624881999999999e-01
-3.0265642215871502e-01 -3.1973260129289688e+01 5.5993875175791541e-01 7.3251572303609237e+01 -7.3049281058798641e+01 1.8465060406166613e+00 4.2524435815916934e+00 -7.8555303858440597e+00 9.3379794999999995e-03 1.7546460999999999e-01
-2.9383528991646835e-01 -3.0940201862246919e+01 5.6498699563679211e-01 7.3497485295055895e+01 -6.7122146348816898e+01 1.7417076696810248e+00 4.3972641510193107e+00 -7.5066104906614592e+00 9.5789143999999993e-03 1.8492342000000001e-01
-2.8479151263626101e-01 -2.9977116820239132e+01 5.7016265699668833e-01 7.3431968749700118e+01 -6.1400693877165935e+01 1.6418636817877656e+00 4.5233719944237354e+00 -7.1635359049204883e+00 9.8154178999999998e-03 1.9462097000000000e-01
-2.7552938020321727e-01 -2.9079456404549060e+01 5.7546328078016651e-01 7.3076548525387906e+01 -5.5896507505332586e+01 1.5466209783190616e+00 4.6315847221196762e+00 -6.8269826264340248e+00 1.0047156000000000e-02 2.0455266000000000e-01
-2.6605347160341580e-01 -2.8243054240025373e+01 5.8088624648026577e-01 7.2453074687256134e+01 -5.0619509026797211e+01 1.4556501708112273e+00 4.7227419749738138e+00 -6.4975735895298863e+00 1.0273801000000001e-02 2.1471357999999999e-01
-2.5636870155307523e-01 -2.7464098758859727e+01 5.8642874145509549e-01 7.1583573992821300e+01 -4.5577971352224694e+01 1.3686440350715510e+00 4.7977007220743513e+00 -6.1758752586407200e+00 1.0495031000000000e-02 2.2509846000000000e-01
-2.4648026454353109e-01 -2.6739099507219205e+01 5.9208779295032343e-01 7.0490108065541946e+01 -4.0778488784506514e+01 1.2853151185487275e+00 4.8573317121845996e+00 -5.8623988565615175e+00 1.0710529999999999e-02 2.3570173000000000e-01
-2.3639364416707295e-01 -2.6064862576100317e+01 5.9786026276209436e-01 6.9194630920150530e+01 -3.6226004265370449e+01 1.2053941877224887e+00 4.9025148818906779e+00 -5.5575968574673533e+00 1.0919989999999999e-02 2.4651751000000000e-01
-2.2611462244278169e-01 -2.5438468040035129e+01 6.0374284189994865e-01 6.7718854112157416e+01 -3.1923849000657007e+01 1.1286287589971500e+00 4.9341349151010379e+00 -5.2618637610474170e+00 1.1123108000000000e-02 2.5753959999999998e-01
-2.1564925183901762e-01 -2.4857247135114246e+01 6.0973206659806667e-01 6.6084112625173475e+01 -2.7873779173973499e+01 1.0547814628283243e+00 4.9530769566183022e+00 -4.9755354677820760e+00 1.1319591000000000e-02 2.6876150999999998e-01
-2.0500384594758353e-01 -2.4318763064964021e+01 6.1582432365234963e-01 6.4311240208167973e+01 -2.4076038043336659e+01 9.8362870712151917e-01 4.9602222391407231e+00 -4.6988898608518914e+00 1.1509152000000000e-02 2.8017647000000001e-01
-1.9418498880956186e-01 -2.3820795314094376e+01 6.2201584508333885e-01 6.2420458001357687e+01 -2.0529434957988833e+01 9.1495954589798256e-01 4.9564438213144113e+00 -4.4321482849183687e+00 1.1691511000000000e-02 2.9177742000000001e-01
-1.8319954424115176e-01 -2.3361323641639380e+01 6.2830270279913381e-01 6.0431270309400148e+01 -1.7231433100693458e+01 8.4857461657195621e-01 4.9426026447375282e+00 -4.1754773635218250e+00 1.1866398000000000e-02 3.0355700000000002e-01
-1.7205458122697143e-01 -2.2938512024183620e+01 6.3468085129204355e-01 5.8362362576410035e+01 -1.4178221199778642e+01 7.8428465803807257e-01 4.9195436562608590e+00 -3.9289893898060946e+00 1.2033550000000000e-02 3.1550762999999998e-01
-1.6075743920091851e-01 -2.2550699212495232e+01 6.4114609027901714e-01 5.6231529643956762e+01 -1.1364836123021805e+01 7.2190996368874172e-01 4.8880921750582811e+00 -3.6927459142754082e+00 1.2192715000000000e-02 3.2762143999999999e-01
-1.4931568141698431e-01 -2.2196385863049795e+01 6.4769409138705003e-01 5.4055599758866215e+01 -8.7852571880131016e+00 6.6127920128531270e-01 4.8490512994256765e+00 -3.4667599974693943e+00 1.2343646000000000e-02 3.3989032000000002e-01
-1.3773710427509073e-01 -2.1874225321561347e+01 6.5432039281610321e-01 5.1850380292308557e+01 -6.4325201262583818e+00 6.0222863981693453e-01 4.8031976564585346e+00 -3.2509988440675026e+00 1.2486109000000000e-02 3.5230591000000000e-01
-1.2602970001774144e-01 -2.1583014184414925e+01 6.6102042068742861e-01 4.9630607114427910e+01 -4.2988234305560642e+00 5.4460116521110280e-01 4.7512800397431842e+00 -3.0453864775160993e+00 1.2619877000000000e-02 3.6485963999999999e-01
-1.1420168470753345e-01 -2.1321685473090408e+01 6.6778947303232461e-01 4.7409919079916783e+01 -2.3756497454737064e+00 4.8824569592638312e-01 4.6940165839256744e+00 -2.8498076062093469e+00 1.2744734000000001e-02 3.7754270000000001e-01
-1.0226147024964577e-01 -2.1089301502303119e+01 6.7462273580338072e-01 4.5200832733501223e+01 -6.5387456248879328e-01 4.3301626782575964e-01 4.6320929926093459e+00 -2.6641106739825973e+00 1.2860473000000001e-02 3.9034606999999999e-01
-9.0217645740164498e-02 -2.0885048149586492e+01 6.8151529354864016e-01 4.3014732383454763e+01 8.7612290671798942e-01 3.7877135733699552e-01 4.5661608921821886e+00 -2.4881108403916681e+00 1.2966896000000000e-02 4.0326054000000000e-01
-7.8078996117757649e-02 -2.0708230263911734e+01 6.8846211873743668e-01 4.0861876046133716e+01 2.2243478397169891e+00 3.2537329239922330e-01 4.4968367817506136e+00 -2.3215941415672900e+00 1.3063819000000001e-02 4.1627669000000000e-01
-6.5854446208651607e-02 -2.0558267695367238e+01 6.9545810378288364e-01 3.8751399688160696e+01 3.4010867277279710e+00 2.7268731302338145e-01 4.4247009332871103e+00 -2.1643201187268932e+00 1.3151064000000001e-02 4.2938494999999999e-01
-5.3553116681654467e-02 -2.0434692265859280e+01 7.0249802901938507e-01 3.6691349021895313e+01 4.4168168805709733e+00 2.2058124709121918e-01 4.3502971359721752e+00 -2.0160261546515761e+00 1.3228465999999999e-02 4.4257553999999999e-01
-4.1184249441458376e-02 -2.0337145214857909e+01 7.0957660539928713e-01 3.4688698509993152e+01 5.2820925708072171e+00 1.6892456121768906e-01 4.2741323050428131e+00 -1.8764299382969971e+00 1.3295871000000001e-02 4.5583855000000001e-01
-2.8757244931988279e-02 -2.0265376121257376e+01 7.1668845314455210e-01 3.2749396623271700e+01 6.0074577589672211e+00 1.1758791605743313e-01 4.1966766240954980e+00 -1.7452333161829487e+00 1.3353135000000000e-02 4.6916390000000002e-01
-1.6281615507215907e-02 -2.0219242065160298e+01 7.2382812843216582e-01 3.0878401996876416e+01 6.6034062628220358e+00 6.6442356845440864e-02 4.1183637458593143e+00 -1.6221249730341152e+00 1.3400123999999999e-02 4.8254139000000001e-01
-3.7670040828340356e-03 -2.0198707896003850e+01 7.3099011271997494e-01 2.9079739985661298e+01 7.0802548993296330e+00 1.5358779107310649e-02 4.0395915973362024e+00 -1.5067837356671234e+00 1.3436718000000000e-02 4.9596067999999999e-01
8.7768531670922023e-03 -2.0203847244272715e+01 7.3816883409501188e-01 2.7356549707529688e+01 7.4481074853605307e+00 -3.5792852899916738e-02 3.9607229719639565e+00 -1.3988810988852254e+00 1.3462807000000000e-02 5.0941133000000005e-01
2.1340089506776294e-02 -2.0234844439388400e+01 7.4535864592516976e-01 2.5711149702628660e+01 7.7167879586567576e+00 -8.7144003276779625e-02 3.8820868307160064e+00 -1.2980843274582676e+00 1.3478291000000000e-02 5.2288276000000000e-01
3.3912791571246048e-02 -2.0291997386392449e+01 7.5255387489293479e-01 2.4145086457983130e+01 7.8957924331404268e+00 -1.3882857504706014e-01 3.8039790942936977e+00 -1.2040581262464574e+00 1.3483083000000000e-02 5.3636434000000000e-01
4.6484952737156582e-02 -2.0375721307069455e+01 7.5974879430997955e-01 2.2659204245401565e+01 7.9942449105482325e+00 -1.9098342844215443e-01 3.7266642061618205e+00 -1.1164676886909612e+00 1.3477108000000000e-02 5.4984533999999996e-01
5.9046491774465415e-02 -2.0486553452962760e+01 7.6693763479132515e-01 2.1253707260321519e+01 8.0208628917799363e+00 -2.4374919048997312e-01 3.6503766697819078e+00 -1.0349801885219327e+00 1.3460300999999999e-02 5.6331494999999998e-01
7.1587280823943833e-02 -2.0625159210142868e+01 7.7411460026658596e-01 1.9928218029459870e+01 7.9839272180354390e+00 -2.9727116691589683e-01 3.5753223533484282e+00 -9.5926691606384262e-01 1.3432611000000001e-02 5.7676231000000000e-01
8.4097164048851591e-02 -2.0792339515475202e+01 7.8127387865413211e-01 1.8681840599528471e+01 7.8912618505676253e+00 -3.5170026470659732e-01 3.5016801320760376e+00 -8.8900467337132794e-01 1.3393997000000000e-02 5.9017653000000003e-01
9.6565929657424832e-02 -2.0989038349178738e+01 7.8840962584984542e-01 1.7513224599631215e+01 7.7502183840658665e+00 -4.0719378417983321e-01 3.4296037745040744e+00 -8.2387745719552041e-01 1.3344429999999999e-02 6.0354666000000001e-01
1.0898334720622538e-01 -2.1216353755206033e+01 7.9551598707544513e-01 1.6420620521119140e+01 7.5676664596295202e+00 -4.6391657778188045e-01 3.3592234605283013e+00 -7.6357756993098846e-01 1.3283893999999999e-02 6.1686173000000000e-01
1.2133920490348959e-01 -2.1475549386709975e+01 8.0258711822681317e-01 1.5401935479998995e+01 7.3499899267388269e+00 -5.2204223354719415e-01 3.2906473526205682e+00 -7.0780652298833480e-01 1.3212384000000001e-02 6.3011079000000003e-01
1.3362325365410477e-01 -2.1768066874731009e+01 8.0961715385150546e-01 1.4454791920880350e+01 7.1030885170510700e+00 -5.8175413880781701e-01 3.2239636363930093e+00 -6.5627623965138771e-01 1.3129907000000000e-02 6.4328284999999996e-01
1.4582527234047016e-01 -2.2095542381662685e+01 8.1660024450832280e-01 1.3576574023369760e+01 6.8323829869454871e+00 -6.4324694395830107e-01 3.1592419738885535e+00 -6.0870949930639517e-01 1.3036481000000001e-02 6.5636695000000000e-01
1.5793507714833344e-01 -2.2459824307576053e+01 8.2353056210439113e-01 1.2764477274457580e+01 6.5428247391055772e+00 -7.0672813346552910e-01 3.0965350192972512e+00 -5.6484049599926289e-01 1.2932137999999999e-02 6.6935217000000002e-01
1.6994249358927993e-01 -2.2862992945964930e+01 8.3040228388391801e-01 1.2015552121848497e+01 6.2389084508705484e+00 -7.7241947011293810e-01 3.0358803458855523e+00 -5.2441540552690435e-01 1.2816919000000000e-02 6.8222760000000005e-01
1.8183741245575535e-01 -2.3307385154107468e+01 8.3720962445068015e-01 1.1326745087216374e+01 5.9246880272557032e+00 -8.4055908501858156e-01 2.9773016811824204e+00 -4.8719241680695430e-01 1.2690879000000000e-02 6.9498240000000000e-01
1.9360977116939171e-01 -2.3795620414765473e+01 8.4394682509386199e-01 1.0694935975697856e+01 5.6037949169409469e+00 -9.1140338375361818e-01 2.9208105353877425e+00 -4.5294208580921591e-01 1.2554085000000000e-02 7.0760577999999996e-01
2.0524956310684428e-01 -2.4330631585123548e+01 8.5060815912513577e-01 1.0116971623568904e+01 5.2794583128215642e+00 -9.8522934945374296e-01 2.8664076108274732e+00 -4.2144720149950615e-01 1.2406611999999999e-02 7.2008700999999997e-01
2.1674688422897770e-01 -2.4915702281790562e+01 8.5718795856406893e-01 9.5896943113307849e+00 4.9545259141350853e+00 -1.0623373855160001e+00 2.8140838113034143e+00 -3.9250281367195589e-01 1.2248551000000000e-02 7.3241546999999996e-01
2.2809190510335486e-01 -2.5554505429384086e+01 8.6368059812688047e-01 9.1099691608203130e+00 4.6314875138729379e+00 -1.1430540414058914e+00 2.7638223778808357e+00 -3.6591601110635136e-01 1.2080001999999999e-02 7.4458062000000003e-01
2.3927488955591025e-01 -2.6251151552701799e+01 8.7008050590060271e-01 8.6747087795045257e+00 4.3124978472850568e+00 -1.2277355358677209e+00 2.7155985669087119e+00 -3.4150576006027683e-01 1.1901076999999999e-02 7.5657202000000001e-01
2.5028621332262568e-01 -2.7010242897199792e+01 8.7638217401724505e-01 8.2808905897917988e+00 3.9994008434727659e+00 -1.3167709510988881e+00 2.6693821202503107e+00 -3.1910255298951690e-01 1.1711898000000000e-02 7.6837935000000002e-01
2.6111639202704107e-01 -2.7836937993337042e+01 8.8258017466503735e-01 7.9255741070372849e+00 3.6937522655013559e+00 -1.4105881336621096e+00 2.6251375008072646e+00 -2.9854805273573637e-01 1.1512599000000000e-02 7.7999244000000001e-01
2.7175603455106878e-01 -2.8737020301564691e+01 8.8866913340302345e-01 7.6059169767696515e+00 3.3968453539352979e+00 -1.5096568462240212e+00 2.5828251578221124e+00 -2.7969482844234211e-01 1.1303326000000001e-02 7.9140122000000002e-01
2.8219593629336548e-01 -2.9716989520686315e+01 8.9464378253187515e-01 7.3191830041878196e+00 3.1097312046247390e+00 -1.6144959593776593e+00 2.5424019800150042e+00 -2.6240567354423333e-01 1.1084235000000000e-02 8.0259581999999996e-01
2.9242699523679760e-01 -3.0784152438015429e+01 9.0049891306015906e-01 7.0627541384508703e+00 2.8332449160794240e+00 -1.7256791028055791e+00 2.5038225211379315e+00 -2.4655348290879708e-01 1.0855490000000001e-02 8.1356647999999998e-01
3.0244029588097598e-01 -3.1946744843014848e+01 9.0622942273806983e-01 6.8341348210887833e+00 2.5680239684082875e+00 -1.8438430981464771e+00 2.4670392751635393e+00 -2.3202051567566798e-01 1.0617270000000000e-02 8.2430364000000000e-01
3.1222709059058140e-01 -3.3214064793158556e+01 9.1183030538326715e-01 6.6309572888889061e+00 2.3145310458994777e+00 -1.9696967192971735e+00 2.4320035285470252e+00 -2.1869809452173938e-01 1.0369760000000000e-02 8.3479791999999997e-01
3.2177880892120236e-01 -3.4596632308036888e+01 9.1729665621795675e-01 6.4509852679342110e+00 2.0730732279308994e+00 -2.1040312276165150e+00 2.3986656996748188e+00 -2.0648599442185148e-01 1.0113159000000000e-02 8.4504013000000000e-01
3.3108706694517154e-01 -3.6106378172923648e+01 9.2262367720597216e-01 6.2921132376383335e+00 1.8438210587574513e+00 -2.2477327738007418e+00 2.3669760568285723e+00 -1.9529199081476534e-01 9.8476710000000005e-03 8.5502127999999999e-01
3.4014366725156620e-01 -3.7756866451921326e+01 9.2780667705277475e-01 6.1523673638591569e+00 1.6268262120256303e+00 -2.4017968762518596e+00 2.3368848348849784e+00 -1.8503143917305515e-01 9.5735140000000000e-03 8.6473257999999997e-01
3.4894064557539450e-01 -3.9563569567421851e+01 9.3284109789086056e-01 6.0299040723703516e+00 1.4220371167832189e+00 -2.5673465039212933e+00 2.3083429521507437e+00 -1.7562672106169575e-01 9.2909130999999992e-03 8.7416548999999999e-01
3.5747022416840901e-01 -4.1544179536246872e+01 9.3772248859435336e-01 5.9230072913016052e+00 1.2293152809186760e+00 -2.7456519425081565e+00 2.2813020350663820e+00 -1.6700683190913637e-01 9.0001030000000006e-03 8.8331166999999999e-01
3.6572486775413005e-01 -4.3719006026708932e+01 9.4244653680149293e-01 5.8300856952807472e+00 1.0484485626670015e+00 -2.9381566986090797e+00 2.2557148257462578e+00 -1.5910692055574421e-01 8.7013270999999996e-03 8.9216304000000002e-01
3.7369725555033451e-01 -4.6111439720896819e+01 9.4700905290339066e-01 5.7496664374835227e+00 8.7916434912135211e-01 -3.1465071791931729e+00 2.2315353252149488e+00 -1.5186784194338032e-01 8.3948374000000006e-03 9.0071175000000003e-01
3.8138032789824117e-01 -4.8748540454635183e+01 9.5140599672943726e-01 5.6803941041354529e+00 7.2114089850874019e-01 -3.3725905052853284e+00 2.2087190156409466e+00 -1.4523574653200766e-01 8.0808944000000001e-03 9.0895022999999997e-01
3.8876724895916281e-01 -5.1661735651130620e+01 9.5563345619897644e-01 5.6210223522061336e+00 5.7401883377311502e-01 -3.6185790744036637e+00 2.1872230680406179e+00 -1.3916174134034431e-01 7.7597663000000001e-03 9.1687114999999997e-01
3.9585144401785421e-01 -5.4887713668305729e+01 9.5968766866963073e-01 5.5704108354180599e+00 4.3740987644998142e-01 -3.8869877651573397e+00 2.1670064049390798e+00 -1.3360141253909627e-01 7.4317293999999999e-03 9.2446746000000002e-01
4.0262660880834966e-01 -5.8469538348264251e+01 9.6356502627438312e-01 5.5275181190400886e+00 3.1090553167568546e-01 -4.1807451548160017e+00 2.1480297024777304e+00 -1.2851458967862966e-01 7.0970672000000004e-03 9.3173240000000002e-01
4.0908669086228899e-01 -6.2458045554406624e+01 9.6726206524741343e-01 5.4913969018590274e+00 1.9408524172705011e-01 -4.5032823959204213e+00 2.1302558664611984e+00 -1.2386491981378162e-01 6.7560703000000000e-03 9.3865947999999999e-01
4.1522593613810288e-01 -6.6913676306067842e+01 9.7077549260950646e-01 5.4611877177728738e+00 8.6522410930126400e-02 -4.8586505611827375e+00 2.1136493492668293e+00 -1.1961960688124598e-01 6.4090362999999996e-03 9.4524253000000003e-01
4.2103883306599021e-01 -7.1908787923340356e+01 9.7410215414556278e-01 5.4361138285397574e+00 -1.2208414467772641e-02 -5.2516674690515144e+00 2.0981769645039905e+00 -1.1574909664337422e-01 6.0562691999999996e-03 9.5147563999999996e-01
4.2652020580628980e-01 -7.7530830508900124e+01 9.7723908777541291e-01 5.4154753153068036e+00 -1.0252849258224284e-01 -5.6881216287026506e+00 2.0838073796534085e+00 -1.1222687002232677e-01 5.6980790999999996e-03 9.5735325999999998e-01
4.3166512099110854e-01 -8.3886436685852644e+01 9.8018347018300356e-01 5.3986437109463745e+00 -1.8484760665647013e-01 -6.1750325117952247e+00 2.0705114363466572e+00 -1.0902908833254142e-01 5.3347821999999998e-03 9.6287009999999995e-01
4.3646898098269349e-01 -9.1107229555896140e+01 9.8293267018721109e-01 5.3850573744578201e+00 -2.5955667658846576e-01 -6.7210238233322599e+00 2.0582619225422589e+00 -1.0613447099018790e-01 4.9667000000000001e-03 9.6802122999999995e-01
4.4092745859257132e-01 -9.9357755363237814e+01 9.8548421138227227e-01 5.3742144821273081e+00 -3.2704571437705798e-01 -7.3368314700403063e+00 2.0470337497001743e+00 -1.0352406226653206e-01 4.5941591999999996e-03 9.7280200999999999e-01
4.4503657168824584e-01 -1.0884713442311568e+02 9.8783581483443494e-01 5.3656722582047465e+00 -3.8766817419810640e-01 -8.0360542262653709e+00 2.0368037615179952e+00 -1.0118097995977297e-01 4.2174915999999996e-03 9.7720817000000004e-01
4.4879260858650072e-01 -1.1984603896072177e+02 9.8998535638530749e-01 5.3590384451687427e+00 -4.4175989262981286e-01 -8.8362467089541337e+00 2.0275508957273671e+00 -9.9090366458142357e-02 3.8370333000000002e-03 9.8123572999999997e-01
4.5219220266009708e-01 -1.3271323563227656e+02 9.9193090934850936e-01 5.3539697892052782e+00 -4.8963176701950789e-01 -9.7606361264417227e+00 2.0192560097214081e+00 -9.7239093985756919e-02 3.4531249000000000e-03 9.8488107999999996e-01
4.5523230436026152e-01 -1.4793808276642312e+02 9.9367072849842708e-01 5.3501673758902326e+00 -5.3156903931440125e-01 -1.0840874950724201e+01 2.0119019202823480e+00 -9.5615716856727789e-02 3.0661112999999999e-03 9.8814095000000002e-01
4.5791016256501205e-01 -1.6621287001304549e+02 9.9520323939605182e-01 5.3473735595179637e+00 -5.6782847533685077e-01 -1.2121738181786260e+01 2.0054734359380859e+00 -9.4210342366406283e-02 2.6763420000000000e-03 9.9101238999999997e-01
4.6022338053418144e-01 -1.8856573255358956e+02 9.9652707041146715e-01 5.3453689809329159e+00 -5.9863830733633172e-01 -1.3669776516907492e+01 1.9999571877779172e+00 -9.3014494559090458e-02 2.2841723000000002e-03 9.9349282999999999e-01
4.6216989725774216e-01 -2.1662737397759625e+02 9.9764104204968673e-01 5.3439692193479749e+00 -6.2419689361402375e-01 -1.5590714342151509e+01 1.9953417359265584e+00 -9.2021033511812081e-02 1.8899688000000000e-03 9.9558005999999999e-01
4.6374797812997037e-01 -2.5324250240379757e+02 9.9854416161357273e-01 5.3430235163278041e+00 -6.4467196383672720e-01 -1.8069406220854958e+01 1.9916174291169828e+00 -9.1224086573314503e-02 1.4941295000000000e-03 9.9727222000000004e-01
4.6495634551116560e-01 -3.0419125327512688e+02 9.9923569792297506e-01 5.3424134761737818e+00 -6.6020153967086237e-01 -2.1482512818354596e+01 1.9887762261000010e+00 -9.0618918850837657e-02 1.0971916000000000e-03 9.9856794000000004e-01
4.6579453310946672e-01 -3.8522965913541668e+02 9.9971538412382455e-01 5.3420447898455645e+00 -6.7089806039950772e-01 -2.6859906227188336e+01 1.9868107814452203e+00 -9.0201698828893923e-02 7.0085733000000002e-04 9.9946672000000003e-01
