-6.6319852446667826e-01 -6.3030945829854613e+02 6.6320022607749574e-01 -7.1061960919387548e+02 -1.8408561517591741e+02 4.2419293574414866e+01 -4.7683661441566507e+01 -1.2066468526919623e+01 5.5301730000000003e-06 1.0230946000000001e-06
-6.6317345440971520e-01 -4.5643749067915365e+02 6.6320659187941422e-01 -5.3661037843407121e+02 -1.8407602827037948e+02 3.1020319670733677e+01 -3.6278287939510534e+01 -1.2066034714842198e+01 3.5894988000000002e-05 1.9923924999999999e-05
-6.6309480030975321e-01 -3.7582375448283381e+02 6.6322656376943323e-01 -4.5564569122752221e+02 -1.8404595319093374e+02 2.5731249670243741e+01 -3.0972739211037343e+01 -1.2064673776596004e+01 8.5619985000000003e-05 7.9222864999999994e-05
-6.6293909071998347e-01 -3.2301531926013939e+02 6.6326610162954835e-01 -4.0224112962657028e+02 -1.8398642590086993e+02 2.2261463486054577e+01 -2.7474800511153294e+01 -1.2061979970755573e+01 1.5173507999999999e-04 1.9661552000000001e-04
-6.6268578328935657e-01 -2.8389429719784965e+02 6.6333042158423494e-01 -3.6226579196474154e+02 -1.8388962019362677e+02 1.9685517029357229e+01 -2.4858288048851097e+01 -1.2057598867577049e+01 2.3255418000000001e-04 3.8758918999999998e-04
-6.6231619524613072e-01 -2.5299519089413116e+02 6.6342426757262196e-01 -3.3025097887085883e+02 -1.8374844906072065e+02 1.7645249052297828e+01 -2.2764765150163900e+01 -1.2051209208513493e+01 3.2689763000000001e-04 6.6622920000000002e-04
-6.6181301674179893e-01 -2.2761734318290792e+02 6.6355203492045611e-01 -3.0349901430573232e+02 -1.8355639002177540e+02 1.5963807104745623e+01 -2.1017398853483215e+01 -1.2042514889222145e+01 4.3385032000000002e-04 1.0455858000000000e-03
-6.6116003849479343e-01 -2.0622333198844416e+02 6.6371783949695329e-01 -2.8047960794524386e+02 -1.8330739330630385e+02 1.4540632468545262e+01 -1.9515852517269938e+01 -1.2031240683224091e+01 5.5265518999999999e-04 1.5378795000000000e-03
-6.6034198343056394e-01 -1.8785152987055301e+02 6.6392556046483853e-01 -2.6024114757867255e+02 -1.8299583034461241e+02 1.3312935784538777e+01 -1.8197702442186188e+01 -1.2017129785408676e+01 6.8265765000000004e-04 2.1546280000000000e-03
-6.5934439299585390e-01 -1.7185821544130096e+02 6.6417886914748359e-01 -2.4215194828203934e+02 -1.8261646362697357e+02 1.2238779275710527e+01 -1.7021479864193989e+01 -1.1999942316144045e+01 8.2327310000000005e-04 2.9067318999999999e-03
-6.5815354969695439e-01 -1.5778972964166721e+02 6.6448124869803382e-01 -2.2577180960057069e+02 -1.8216443048825388e+02 1.1288687653361317e+01 -1.5958254597300368e+01 -1.1979454457360765e+01 9.7396649000000004e-04 3.8045331000000002e-03
-6.5675642046243410e-01 -1.4531313820901318e+02 6.6483600848077362e-01 -2.1078220593241690e+02 -1.8163523495409575e+02 1.0441096252625869e+01 -1.4987061430455814e+01 -1.1955457960460283e+01 1.1342389000000000e-03 4.8578574999999999e-03
-6.5514061525946699e-01 -1.3417597661597517e+02 6.6524629457929008e-01 -1.9694571405671147e+02 -1.8102474517229180e+02 9.6797081417499307e+00 -1.4092241141640194e+01 -1.1927759891507474e+01 1.3036180000000001e-03 6.0760461999999999e-03
-6.5329435711719730e-01 -1.2418157866024565e+02 6.6571509740815527e-01 -1.8408107101049936e+02 -1.8032919486484673e+02 8.9918717857138208e+00 -1.3261807507475609e+01 -1.1896182583099444e+01 1.4816515000000000e-03 7.4679780999999997e-03
-6.5120645785362419e-01 -1.1517325613426674e+02 6.6624525787636868e-01 -1.7204715191394297e+02 -1.7954518634033329e+02 8.3675451712101694e+00 -1.2486397994511215e+01 -1.1860563658056183e+01 1.6679024999999999e-03 9.0420881999999994e-03
-6.4886630162824444e-01 -1.0702378890146235e+02 6.6683947156367884e-01 -1.6073230355632089e+02 -1.7866969593708558e+02 7.7986017967112575e+00 -1.1758575549212463e+01 -1.1820756164903718e+01 1.8619452999999999e-03 1.0806380000000001e-02
-6.4626382968845542e-01 -9.9628200975573719e+01 6.6750029259378429e-01 -1.5004699425816702e+02 -1.7770007887220319e+02 7.2783579665613818e+00 -1.1072347867142168e+01 -1.1776628706297766e+01 2.0633631000000000e-03 1.2768437000000001e-02
-6.4338953333963622e-01 -9.2898681658273830e+01 6.6823013541937470e-01 -1.3991864122292722e+02 -1.7663407624569069e+02 6.8012390733425629e+00 -1.0422829060120598e+01 -1.1728065677929381e+01 2.2717459999999998e-03 1.4935428000000001e-02
-6.4023444214018943e-01 -8.6760898671123897e+01 6.6903127781965133e-01 -1.3028784187561655e+02 -1.7546981914594099e+02 6.3625377474428051e+00 -9.8059939918801842e+00 -1.1674967382338089e+01 2.4866887000000002e-03 1.7314116000000001e-02
-6.3679012416682190e-01 -8.1151300001763687e+01 6.6990586083296755e-01 -1.2110562295544375e+02 -1.7420583593282370e+02 5.9582373774860233e+00 -9.2184967725539124e+00 -1.1617250305071540e+01 2.7077901999999999e-03 1.9910858000000000e-02
-6.3304867142414656e-01 -7.6015056892726747e+01 6.7085589246162991e-01 -1.1233132550803103e+02 -1.7284105222925507e+02 5.5848773683887591e+00 -8.6575370941908876e+00 -1.1554847095261186e+01 2.9346520999999999e-03 2.2731616000000000e-02
-6.2900270780308132e-01 -7.1304525445432688e+01 6.7188324565109725e-01 -1.0393104115079264e+02 -1.7137479856343708e+02 5.2394531680517042e+00 -8.1207542260555066e+00 -1.1487706873323535e+01 3.1668782999999998e-03 2.5781951000000001e-02
-6.2464538112245072e-01 -6.6978024517037085e+01 6.7298966031078200e-01 -9.5876356584387423e+01 -1.6980680946547901e+02 4.9193367071549625e+00 -7.6061478891717496e+00 -1.1415795212239068e+01 3.4040742000000001e-03 2.9067029000000001e-02
-6.1997035782338616e-01 -6.2998879402158046e+01 6.7417674466124966e-01 -8.8143371778778018e+01 -1.6813722245280857e+02 4.6222145172801685e+00 -7.1120142346742492e+00 -1.1339094107429585e+01 3.6458464000000000e-03 3.2591624999999999e-02
-6.1497183092772545e-01 -5.9334669178286212e+01 6.7544597321341937e-01 -8.0711938575842424e+01 -1.6636657984053323e+02 4.3460392467495517e+00 -6.6368966586826756e+00 -1.1257602109399482e+01 3.8918026000000000e-03 3.6360116999999997e-02
-6.0964450942681392e-01 -5.5956601479353921e+01 6.7679868946296362e-01 -7.3565015092434763e+01 -1.6449582206084887e+02 4.0889894843978647e+00 -6.1795443761328999e+00 -1.1171334125420604e+01 4.1415510999999999e-03 4.0376493999999999e-02
-6.0398362226070412e-01 -5.2839014211700537e+01 6.7823610487990871e-01 -6.6688161286378516e+01 -1.6252628409464273e+02 3.8494380084791229e+00 -5.7388800870065095e+00 -1.1080321154136117e+01 4.3947007000000003e-03 4.4644352999999998e-02
-5.9798491831815548e-01 -4.9958960010366063e+01 6.7975929890863440e-01 -6.0069116673371802e+01 -1.6045968892518957e+02 3.6259253720206184e+00 -5.3139731266602492e+00 -1.0984610405790251e+01 4.6508610999999997e-03 4.9166899000000000e-02
-5.9164466113103586e-01 -4.7295855121436567e+01 6.8136922031507452e-01 -5.3697442507569782e+01 -1.5829814520868180e+02 3.4171378498644143e+00 -4.9040167061809292e+00 -1.0884264731092813e+01 4.9096423000000002e-03 5.3946949000000001e-02
-5.8495963550631958e-01 -4.4831194515394643e+01 6.8306668550271643e-01 -4.7564233020555378e+01 -1.5604410545180033e+02 3.2218894241026934e+00 -4.5083098616169437e+00 -1.0779362466835135e+01 5.1706551000000002e-03 5.8986927000000001e-02
-5.7792713558849018e-01 -4.2548300733350082e+01 6.8485238154380168e-01 -4.1661861346007193e+01 -1.5370040051492930e+02 3.0391060241506889e+00 -4.1262410833872387e+00 -1.0669996785814254e+01 5.4335110000000002e-03 6.4288872999999996e-02
-5.7054497679713800e-01 -4.0432113937289849e+01 6.8672686314812559e-01 -3.5983771846642881e+01 -1.5127019521906934e+02 2.8678128116610320e+00 -3.7572757860716028e+00 -1.0556275625008620e+01 5.6978226000000002e-03 6.9854434000000007e-02
-5.6281148256296265e-01 -3.8469010181093914e+01 6.8869055603103790e-01 -3.0524288239379256e+01 -1.4875697648086324e+02 2.7071226669121886e+00 -3.4009443574820115e+00 -1.0438320699579675e+01 5.9632034000000004e-03 7.5684873999999999e-02
-5.5472549095977164e-01 -3.6646645703124982e+01 6.9074375522944242e-01 -2.5278467414920677e+01 -1.4616453827379937e+02 2.5562267801007672e+00 -3.0568328541402532e+00 -1.0316267195660304e+01 6.2292681999999997e-03 8.1781068999999998e-02
-5.4628634939888165e-01 -3.4953820233007846e+01 6.9288662644899746e-01 -2.0241960410181246e+01 -1.4349696063927874e+02 2.4143862144151385e+00 -2.7245744878573053e+00 -1.0190263014943998e+01 6.4956331999999999e-03 8.8143510999999994e-02
-5.3749391462911833e-01 -3.3380357638457504e+01 6.9511920606411581e-01 -1.5410897111475949e+01 -1.4075858946065617e+02 2.2809246995552726e+00 -2.4038425477093086e+00 -1.0060468095496429e+01 6.7619166000000000e-03 9.4772308000000000e-02
-5.2834854477841753e-01 -3.1917001455155066e+01 6.9744140313876546e-01 -1.0781777264085587e+01 -1.3795401218184296e+02 2.1552221959706328e+00 -2.0943435142916247e+00 -9.9270536237380380e+00 7.0277381999999996e-03 1.0166719000000000e-01
-5.1885109802742613e-01 -3.0555322821444452e+01 6.9985299976326965e-01 -6.3513870336614016e+00 -1.3508803509290462e+02 2.0367093699950938e+00 -1.7958124573341343e+00 -9.7902009915497512e+00 7.2927204000000001e-03 1.0882751000000000e-01
-5.0900295117909788e-01 -2.9287641794007378e+01 7.0235364633910558e-01 -2.1167299821614187e+00 -1.3216566453685837e+02 1.9248629102187897e+00 -1.5080081299053458e+00 -9.6501016398860191e+00 7.5564877000000004e-03 1.1625223000000000e-01
-4.9880596119310122e-01 -2.8106950465357183e+01 7.0494287134610722e-01 1.9250558768495880e+00 -1.2919207167322071e+02 1.8192007258877552e+00 -1.2307080618145239e+00 -9.5069554048393670e+00 7.8186677999999999e-03 1.2393994999999999e-01
-4.8826246253301886e-01 -2.7006849755996733e+01 7.0762008201606608e-01 5.7767531137933261e+00 -1.2617256666774165e+02 1.7192781628466069e+00 -9.6370503287743059e-01 -9.3609696172980232e+00 8.0788911000000008e-03 1.3188891000000000e-01
-4.7737530695834124e-01 -2.5981496650429126e+01 7.1038455422872726e-01 9.4410979901006620e+00 -1.2311258476423535e+02 1.6246849568713972e+00 -7.0680497930399744e-01 -9.2123590446063766e+00 8.3367917000000003e-03 1.4009695999999999e-01
-4.6614781046847592e-01 -2.5025548285333496e+01 7.1323544598379462e-01 1.2920841921655674e+01 -1.2001764554812944e+02 1.5350416578669066e+00 -4.5982295452411720e-01 -9.0613438231431438e+00 8.5920070000000005e-03 1.4856159999999999e-01
-4.5458377983074272e-01 -2.4134118400246113e+01 7.1617179066492798e-01 1.6218775474087867e+01 -1.1689333463401272e+02 1.4499971286633564e+00 -2.2258152652614482e-01 -8.9081492283341763e+00 8.8441787999999997e-03 1.5727996000000000e-01
-4.4268748605237840e-01 -2.3302735206711333e+01 7.1919250377574584e-01 1.9337766497099537e+01 -1.1374527208942561e+02 1.3692258768430676e+00 5.0919262356323158e-03 -8.7530042384649356e+00 9.0929527999999999e-03 1.6624881999999999e-01
-4.3046366438053701e-01 -2.2527304918139841e+01 7.2229638293982512e-01 2.2280780421301063e+01 -1.1057908585718111e+02 1.2924258425533002e+00 2.2336664520270033e-01 -8.5961407643684975e+00 9.3379794999999995e-03 1.7546460999999999e-01
-4.1791750103829173e-01 -2.1804078104071134e+01 7.2548211126870255e-01 2.5050902742774436e+01 -1.0740038495508769e+02 1.2193163258071307e+00 4.3241038595671311e-01 -8.4377927246532174e+00 9.5789143999999993e-03 1.8492342000000001e-01
-4.0505467301662829e-01 -2.1129622483228204e+01 7.2874824725787080e-01 2.7651343379238384e+01 -1.0421474598101032e+02 1.1496363892303179e+00 6.3238980633911090e-01 -8.2781945056661197e+00 9.8154178999999998e-03 1.9462097000000000e-01
-3.9188128175445647e-01 -2.0500792423183100e+01 7.3209324162678480e-01 3.0085462880127174e+01 -1.0102767193873477e+02 1.0831428127591565e+00 8.2347274935364168e-01 -8.1175816015770526e+00 1.0047156000000000e-02 2.0455266000000000e-01
-3.7840383987461251e-01 -1.9914704983593072e+01 7.3551544068686292e-01 3.2356776579457154e+01 -9.7844569542867774e+01 1.0196085759042310e+00 1.0058288946634362e+00 -7.9561872969053766e+00 1.0273801000000001e-02 2.1471357999999999e-01
-3.6462933750384746e-01 -1.9368721321684443e+01 7.3901306950148038e-01 3.4468946802485227e+01 -9.4670742383726093e+01 9.5882181639776221e-01 1.1796296141344329e+00 -7.7942439314961787e+00 1.0495031000000000e-02 2.2509846000000000e-01
-3.5056516268884125e-01 -1.8860423639521919e+01 7.4258425209397727e-01 3.6425796431347301e+01 -9.1511354709031721e+01 9.0058419199588946e-01 1.3450495056455245e+00 -7.6319806550290217e+00 1.0710529999999999e-02 2.3570173000000000e-01
-3.3621911466020032e-01 -1.8387598476751002e+01 7.4622700807965681e-01 3.8231302228531483e+01 -8.8371414708201357e+01 8.4470982430143537e-01 1.5022664721691528e+00 -7.4696231977552543e+00 1.0919989999999999e-02 2.4651751000000000e-01
-3.2159941709645523e-01 -1.7948221246817202e+01 7.4993924929778422e-01 3.9889587531769209e+01 -8.5255762068569410e+01 7.9102430123447054e-01 1.6514617889586372e+00 -7.3073931514704631e+00 1.1123108000000000e-02 2.5753959999999998e-01
-3.0671467833206778e-01 -1.7540440655786288e+01 7.5371878991559049e-01 4.1404920318849832e+01 -8.2169043990957675e+01 7.3936356022941185e-01 1.7928206569245828e+00 -7.1455069314505488e+00 1.1319591000000000e-02 2.6876150999999998e-01
-2.9157387809343349e-01 -1.7162565725368896e+01 7.5756334979627338e-01 4.2781703793697865e+01 -7.9115699518667100e+01 6.8957297279720864e-01 1.9265322119248103e+00 -6.9841750641612368e+00 1.1509152000000000e-02 2.8017647000000001e-01
-2.7618638076287927e-01 -1.6813054578392538e+01 7.6147055113099626e-01 4.4024463482310303e+01 -7.6099950218502670e+01 6.4150657648315301e-01 2.0527892882228471e+00 -6.8236017908873299e+00 1.1691511000000000e-02 2.9177742000000001e-01
-2.6056194864266058e-01 -1.6490504236207158e+01 7.6543791507088699e-01 4.5137834409563688e+01 -7.3125794868131024e+01 5.9502635210235266e-01 2.1717881713923419e+00 -6.6639847380719335e+00 1.1866398000000000e-02 3.0355700000000002e-01
-2.4471063584298114e-01 -1.6193639039024845e+01 7.6946288867104717e-01 4.6126555652380681e+01 -7.0196977193139148e+01 5.5000119873242692e-01 2.2837291374049746e+00 -6.5055133989482465e+00 1.2033550000000000e-02 3.1550762999999998e-01
-2.2864288112997561e-01 -1.5921304403382242e+01 7.7354282131454444e-01 4.6995447553784707e+01 -6.7317000606929966e+01 5.0630657107924182e-01 2.3888154132649957e+00 -6.3483697344928753e+00 1.2192715000000000e-02 3.2762143999999999e-01
-2.1236944160572185e-01 -1.5672457972627674e+01 7.7767498155241754e-01 4.7749402322020920e+01 -6.4489110283524667e+01 4.6382367025763838e-01 2.4872532593650507e+00 -6.1927272355956484e+00 1.2343646000000000e-02 3.3989032000000002e-01
-1.9590140597223871e-01 -1.5446163303595533e+01 7.8185655373567597e-01 4.8393366524624973e+01 -6.1716291800656322e+01 4.2243890830409592e-01 2.5792514930011388e+00 -6.0387507636230557e+00 1.2486109000000000e-02 3.5230591000000000e-01
-1.7925014147549501e-01 -1.5241583319314920e+01 7.8608465148730411e-01 4.8932327623625383e+01 -5.9001262484854053e+01 3.8204323689741349e-01 2.6650212928734405e+00 -5.8865959093937814e+00 1.2619877000000000e-02 3.6485963999999999e-01
-1.6242733369740270e-01 -1.5057975792552442e+01 7.9035630759825803e-01 4.9371295927887530e+01 -5.6346477914200150e+01 3.4253173770943457e-01 2.7447755274678078e+00 -5.7364092653855829e+00 1.2744734000000001e-02 3.7754270000000001e-01
-1.4544494676382413e-01 -1.4894688299704393e+01 7.9466848413146862e-01 4.9715290536853324e+01 -5.3754127182407039e+01 3.0380303484007509e-01 2.8187284323435264e+00 -5.5883279552864948e+00 1.2860473000000001e-02 3.9034606999999999e-01
-1.2831519681657644e-01 -1.4751154404254617e+01 7.9901807915784484e-01 4.9969323642802003e+01 -5.1226133214130300e+01 2.6575877075074983e-01 2.8870952221703399e+00 -5.4424793836441960e+00 1.2966896000000000e-02 4.0326054000000000e-01
-1.1105057854142708e-01 -1.4626890503708800e+01 8.0340192002027011e-01 5.0138385912165447e+01 -4.8764160779899747e+01 2.2830321710462576e-01 2.9500914624152075e+00 -5.2989815978939001e+00 1.3063819000000001e-02 4.1627669000000000e-01
-9.3663785584107928e-02 -1.4521492796533709e+01 8.0781678354161057e-01 5.0227425641083407e+01 -4.6369611600302562e+01 1.9134266450139725e-01 3.0079328069786930e+00 -5.1579426752082131e+00 1.3151064000000001e-02 4.2938494999999999e-01
-7.6167790134301194e-02 -1.4434635780426918e+01 8.1225937581670715e-01 5.0241348184818733e+01 -4.4043643784977924e+01 1.5478516606508330e-01 3.0608342613132908e+00 -5.0194613972202715e+00 1.3228465999999999e-02 4.4257553999999999e-01
-5.8575736813658019e-02 -1.4366070102764217e+01 8.1672635915638558e-01 5.0184988007072683e+01 -4.1787164602893441e+01 1.1853989393991715e-01 3.1090099245063541e+00 -4.8836267950247745e+00 1.3295871000000001e-02 4.5583855000000001e-01
-4.0900995731789624e-02 -1.4315621955717072e+01 8.2121433861545146e-01 5.0063103558894639e+01 -3.9600848051011297e+01 8.2516829093216892e-02 3.1526724302017386e+00 -4.7505186976234572e+00 1.3353135000000000e-02 4.6916390000000002e-01
-2.3157096166278479e-02 -1.4283192462750204e+01 8.2571987883269582e-01 4.9880363398431612e+01 -3.7485136587873860e+01 4.6626206327851749e-02 3.1920325579526638e+00 -4.6202074614879640e+00 1.3400123999999999e-02 4.8254139000000001e-01
-5.3577530906739890e-03 -1.4268757947080802e+01 8.3023949729489366e-01 4.9641335826220264e+01 -3.5440255750367037e+01 1.0778146436172698e-02 3.2272986943733515e+00 -4.4927545645017046e+00 1.3436718000000000e-02 4.9596067999999999e-01
1.2483185881498216e-02 -1.4272370666300834e+01 8.3476967780880762e-01 4.9350477267985376e+01 -3.3466220039133958e+01 -2.5117887449332632e-02 3.2586766678085355e+00 -4.3682125175014601e+00 1.3462807000000000e-02 5.0941133000000005e-01
3.0351687440745345e-02 -1.4294160074586857e+01 8.3930685702918395e-01 4.9012125601427556e+01 -3.1562850877293965e+01 -6.1153426354755847e-02 3.2863689977259143e+00 -4.2466256075055133e+00 1.3478291000000000e-02 5.2288276000000000e-01
4.8233651957586887e-02 -1.4334334835583272e+01 8.4384745477076317e-01 4.8630488139913375e+01 -2.9729776796987526e+01 -9.7421698378774235e-02 3.3105748853956349e+00 -4.1280294728431821e+00 1.3483083000000000e-02 5.3636434000000000e-01
6.6114847162565993e-02 -1.4393185512091371e+01 8.4838785716827358e-01 4.8209638196667782e+01 -2.7966453389473454e+01 -1.3401798056476244e-01 3.3314896527843869e+00 -4.0124519972774912e+00 1.3477108000000000e-02 5.4984533999999996e-01
8.3980934674244501e-02 -1.4471087806066242e+01 8.5292442341243435e-01 4.7753507013251600e+01 -2.6272175857256101e+01 -1.7104016521248244e-01 3.3493045065854630e+00 -3.8999135477002591e+00 1.3460300999999999e-02 5.6331494999999998e-01
1.0181750979119641e-01 -1.4568506748051472e+01 8.5745349585395836e-01 4.7265879385197074e+01 -2.4646085445211334e+01 -2.0858937771479957e-01 3.3642062728522317e+00 -3.7904271726017584e+00 1.3432611000000001e-02 5.7676231000000000e-01
1.1961012802000248e-01 -1.4686001799085915e+01 8.6197140673955541e-01 4.6750388522329082e+01 -2.3087183208861276e+01 -2.4677062578062814e-01 3.3763771093209018e+00 -3.6839989208046395e+00 1.3393997000000000e-02 5.9017653000000003e-01
1.3734426528325794e-01 -1.4824232389469040e+01 8.6647446810792772e-01 4.6210509526758734e+01 -2.1594346514211061e+01 -2.8569333488407811e-01 3.3859943095464313e+00 -3.5806285569476737e+00 1.3344429999999999e-02 6.0354666000000001e-01
1.5500537097556277e-01 -1.4983965058733437e+01 8.7095898526177529e-01 4.5649568352565069e+01 -2.0166337481729890e+01 -3.2547214190601448e-01 3.3932300845239718e+00 -3.4803097136706205e+00 1.3283893999999999e-02 6.1686173000000000e-01
1.7257892101951211e-01 -1.5166081722560985e+01 8.7542127023980065e-01 4.5070725412429404e+01 -1.8801812537475030e+01 -3.6622776247727695e-01 3.3982514345907884e+00 -3.3830300787356049e+00 1.3212384000000001e-02 6.3011079000000003e-01
1.9005033828171036e-01 -1.5371588239015843e+01 8.7985762160870140e-01 4.4476989157932977e+01 -1.7499341438955675e+01 -4.0808761806887328e-01 3.4012199702331118e+00 -3.2887723709184655e+00 1.3129907000000000e-02 6.4328284999999996e-01
2.0740508542075553e-01 -1.5601625762955646e+01 8.8426434803917886e-01 4.3871202414943582e+01 -1.6257412597471323e+01 -4.5118694767605549e-01 3.4022918303779326e+00 -3.1975142128054825e+00 1.3036481000000001e-02 6.5636695000000000e-01
2.2462867815123544e-01 -1.5857483146906878e+01 8.8863777167393898e-01 4.3256053804208392e+01 -1.5074444506915080e+01 -4.9566983786109742e-01 3.4016175893470177e+00 -3.1092286462804517e+00 1.2932137999999999e-02 6.6935217000000002e-01
2.4170664545173570e-01 -1.6140610339276591e+01 8.9297421802368881e-01 4.2634076291684416e+01 -1.3948800689355901e+01 -5.4169022765843933e-01 3.3993422117659451e+00 -3.0238846644383299e+00 1.2816919000000000e-02 6.8222760000000005e-01
2.5862460914882535e-01 -1.6452635548916582e+01 8.9727003617514389e-01 4.2007647708395396e+01 -1.2878795287574571e+01 -5.8941334073305207e-01 3.3956050072986228e+00 -2.9414477777258843e+00 1.2690879000000000e-02 6.9498240000000000e-01
2.7536825738906190e-01 -1.6795383197002845e+01 9.0152159205502569e-01 4.1378996305957592e+01 -1.1862705966763196e+01 -6.3901700142680007e-01 3.3905396513813271e+00 -2.8618796015515335e+00 1.2554085000000000e-02 7.0760577999999996e-01
2.9192335790298829e-01 -1.7170895143136281e+01 9.0572527179806239e-01 4.0750200782274945e+01 -1.0898783168373733e+01 -6.9069321464976874e-01 3.3842741047800962e+00 -2.7851394694446556e+00 1.2406611999999999e-02 7.2008700999999997e-01
3.0827582432512135e-01 -1.7581456339112034e+01 9.0987749858699596e-01 4.0123198889394686e+01 -9.9852556820886349e+00 -7.4465011593719410e-01 3.3769307799761488e+00 -2.7111828959020077e+00 1.2248551000000000e-02 7.3241546999999996e-01
3.2441167640195934e-01 -1.8029621877999272e+01 9.1397472254857703e-01 3.9499787075469506e+01 -9.1203411699218861e+00 -8.0111384346026315e-01 3.3686266266868135e+00 -2.6399645893948205e+00 1.2080001999999999e-02 7.4458062000000003e-01
3.4031706651997629e-01 -1.8518249569331800e+01 9.1801342748956849e-01 3.8881628267902485e+01 -8.3022606715501404e+00 -8.6033086197125452e-01 3.3594729308277862e+00 -2.5714364161613381e+00 1.1901076999999999e-02 7.5657202000000001e-01
3.5597830623361804e-01 -1.9050537675938649e+01 9.2199013763274751e-01 3.8270255290705435e+01 -7.5292327085553552e+00 -9.2257062104753051e-01 3.3495756864509483e+00 -2.5055488362662626e+00 1.1711898000000000e-02 7.6837935000000002e-01
3.7138190605729526e-01 -1.9630069215767893e+01 9.2590142772090900e-01 3.7667075536585543e+01 -6.7994794111349641e+00 -9.8812866339553884e-01 3.3390355887711491e+00 -2.4422508693485105e+00 1.1512599000000000e-02 7.7999244000000001e-01
3.8651450914539398e-01 -2.0260859103647153e+01 9.2974390617685954e-01 3.7073379380019794e+01 -6.1112579614682767e+00 -1.0573297143270957e+00 3.3279480904488903e+00 -2.3814907183892657e+00 1.1303326000000001e-02 7.9140122000000002e-01
4.0136302393225398e-01 -2.0947417047877863e+01 9.3351424878342959e-01 3.6490341127229243e+01 -5.4628345707073525e+00 -1.1305321517916409e+00 3.3164036344157979e+00 -2.3232155321294412e+00 1.1084235000000000e-02 8.0259581999999996e-01
4.1591450475618819e-01 -2.1694809799284556e+01 9.3720916837146251e-01 3.5919029855676960e+01 -4.8525082277487250e+00 -1.2081319505788084e+00 3.3044877547949136e+00 -2.2673724204966033e+00 1.0855490000000001e-02 8.1356647999999998e-01
4.3015627123546218e-01 -2.2508744961463087e+01 9.4082544513182553e-01 3.5360411206721643e+01 -4.2786078615032626e+00 -1.2905684684053624e+00 3.2922811791972140e+00 -2.2139078167540736e+00 1.0617270000000000e-02 8.2430364000000000e-01
4.4407588174029911e-01 -2.3395662413555009e+01 9.4435991987940704e-01 3.4815354579023868e+01 -3.7394997565152837e+00 -1.3783304279649757e+00 3.2798600015743169e+00 -2.1627683594549598e+00 1.0369760000000000e-02 8.3479791999999997e-01
4.5766114665687729e-01 -2.4362843790771951e+01 9.4780949742111797e-01 3.4284639080402279e+01 -3.2335900730288643e+00 -1.4719631230705850e+00 3.2672958425641561e+00 -2.1139008476322600e+00 1.0113159000000000e-02 8.4504013000000000e-01
4.7090014165132710e-01 -2.5418541737485018e+01 9.5117114992389307e-01 3.3768959156606492e+01 -2.7593282877800420e+00 -1.5720768932339690e+00 3.2546560069093911e+00 -2.0672524835643684e+00 9.8476710000000005e-03 8.5502127999999999e-01
4.8378120766973154e-01 -2.6572132613889405e+01 9.5444191691469071e-01 3.3268930878186126e+01 -2.3152104175051043e+00 -1.6793570177902462e+00 3.2420036582062965e+00 -2.0227711495734808e+00 9.5735140000000000e-03 8.6473257999999997e-01
4.9629301725811537e-01 -2.7834304625255371e+01 9.5761892212049893e-01 3.2785095265124937e+01 -1.8997794932135004e+00 -1.7945760690047703e+00 3.2293979214382404e+00 -1.9804053411781486e+00 9.2909130999999992e-03 8.7416548999999999e-01
5.0842450824245444e-01 -2.9217270917973373e+01 9.6069935662832939e-01 3.2317927113578868e+01 -1.5116304864784695e+00 -1.9186074726221958e+00 3.2168941443350705e+00 -1.9401046340991606e+00 9.0001030000000006e-03 8.8331166999999999e-01
5.2016496331266404e-01 -3.0735041665992824e+01 9.6368049909322462e-01 3.1867837421871485e+01 -1.1494095117717116e+00 -2.0524432074683578e+00 3.2045439747417350e+00 -1.9018195727571769e+00 8.7013270999999996e-03 8.9216304000000002e-01
5.3150397023060469e-01 -3.2403740918186351e+01 9.6655970563425431e-01 3.1435180689432730e+01 -8.1181697741557679e-01 -2.1972140037917005e+00 3.1923955803317070e+00 -1.8655020543041434e+00 8.3948374000000006e-03 9.0071175000000003e-01
5.4243148815007014e-01 -3.4242008762761145e+01 9.6933442667452152e-01 3.1020257817748352e+01 -4.9760700492571852e-01 -2.3542152695062142e+00 3.1804937649635110e+00 -1.8311051175985793e+00 8.0808944000000001e-03 9.0895022999999997e-01
5.5293779456079817e-01 -3.6271478030599333e+01 9.7200219346915762e-01 3.0623323384413958e+01 -2.0559007683567312e-01 -2.5249373574667646e+00 3.1688801744808313e+00 -1.7985834164264072e+00 7.7597663000000001e-03 9.1687114999999997e-01
5.6301353834445911e-01 -3.8517384823885379e+01 9.7456063157732697e-01 3.0244588516176652e+01 6.5367759832745453e-02 -2.7111046807676740e+00 3.1575934233251601e+00 -1.7678930744451953e+00 7.4317293999999999e-03 9.2446746000000002e-01
5.7264975303865551e-01 -4.1009329447008056e+01 9.7700746423022888e-01 2.9884225391002087e+01 3.1634425046667064e-01 -2.9147242559144573e+00 3.1466692277351842e+00 -1.7389918514007616e+00 7.0970672000000004e-03 9.3173240000000002e-01
5.8183783030892522e-01 -4.3782229363846277e+01 9.7934050559509400e-01 2.9542372726693142e+01 5.4836007544181797e-01 -3.1381463788442376e+00 3.1361406062266810e+00 -1.7118392714197681e+00 6.7560703000000000e-03 9.3865947999999999e-01
5.9056958626873068e-01 -4.6877571166525371e+01 9.8155767761519130e-01 2.9219137663616433e+01 7.6238016700012134e-01 -3.3841445828252712e+00 3.1260379441108248e+00 -1.6863965649831847e+00 6.4090362999999996e-03 9.4524253000000003e-01
5.9883718189547264e-01 -5.0344985398554314e+01 9.8365698980182037e-01 2.8914602841087074e+01 9.5931158286240714e-01 -3.6560158575905977e+00 3.1163892374264637e+00 -1.6626269738136552e+00 6.0562691999999996e-03 9.5147563999999996e-01
6.0663325567046622e-01 -5.4244417252725846e+01 9.8563657291432349e-01 2.8628825302124461e+01 1.1400069245055677e+00 -3.9577197925129974e+00 3.1072200749369219e+00 -1.6404954400788267e+00 5.6980790999999996e-03 9.5735325999999998e-01
6.1395079093896532e-01 -5.8648917299278466e+01 9.8749464528007391e-01 2.8361845059243837e+01 1.3052610964515738e+00 -4.2940560953794842e+00 3.0985539259615908e+00 -1.6199690620414238e+00 5.3347821999999998e-03 9.6287009999999995e-01
6.2078324855013844e-01 -6.3648602414250206e+01 9.8922954647448735e-01 2.8113683673885628e+01 1.4558151133693107e+00 -4.6709193219769851e+00 3.0904121138961567e+00 -1.6010168575917503e+00 4.9667000000000001e-03 9.6802122999999995e-01
6.2712447400908500e-01 -6.9356071378240671e+01 9.9083971374501401e-01 2.7884350739215300e+01 1.5923535488085530e+00 -5.0956455207175377e+00 3.0828140378613740e+00 -1.5836099171821898e+00 4.5941591999999996e-03 9.7280200999999999e-01
6.3296880358881735e-01 -7.5914359648740103e+01 9.9232370895514799e-01 2.7673843865969477e+01 1.7155077920653750e+00 -5.5775246106388572e+00 3.0757771629950499e+00 -1.5677213321155357e+00 4.2174915999999996e-03 9.7720817000000004e-01
6.3831095821827855e-01 -8.3508528866088312e+01 9.9368019164041743e-01 2.7482150493532171e+01 1.8258540177939686e+00 -6.1285464639132954e+00 3.0693172467015679e+00 -1.5533264269928415e+00 3.8370333000000002e-03 9.8123572999999997e-01
6.4314614959432415e-01 -9.2383795424838766e+01 9.9490794595239462e-01 2.7309255997765945e+01 1.9239158569027701e+00 -6.7645732666706175e+00 3.0634483053944073e+00 -1.5404025526695679e+00 3.4531249000000000e-03 9.8488107999999996e-01
6.4747004038972922e-01 -1.0287455763297567e+02 9.9600587055469214e-01 2.7155137883323917e+01 2.0101638456504389e+00 -7.5072191689569037e+00 3.0581827557536605e+00 -1.5289292527434282e+00 3.0661112999999999e-03 9.8814095000000002e-01
6.5127871772519275e-01 -1.1545382249623833e+02 9.9697297188696021e-01 2.7019773345414396e+01 2.0850156013582808e+00 -8.3870589723314026e+00 3.0535315160397234e+00 -1.5188882934277956e+00 2.6763420000000000e-03 9.9101238999999997e-01
6.5456877275332415e-01 -1.3082404354483242e+02 9.9780838437289465e-01 2.6903137381424717e+01 2.1488375919159024e+00 -9.4495398987258774e+00 3.0495039859297006e+00 -1.5102635151576933e+00 2.2841723000000002e-03 9.9349282999999999e-01
6.5733727413064680e-01 -1.5009944726015570e+02 9.9851136368423321e-01 2.6805205187521441e+01 2.2019450503777698e+00 -1.0766869507732387e+01 3.0461081377133818e+00 -1.5030409383102576e+00 1.8899688000000000e-03 9.9558005999999999e-01
6.5958175475360192e-01 -1.7522408945476221e+02 9.9908128337275559e-01 2.6725953990239155e+01 2.2446019781749609e+00 -1.2465321890116737e+01 3.0433505906342191e+00 -1.4972088220597377e+00 1.4941295000000000e-03 9.9727222000000004e-01
6.6130039745451408e-01 -2.1014905738276676e+02 9.9951768202229963e-01 2.6665357639686341e+01 2.2770258563407992e+00 -1.4802249901078746e+01 3.0412364191901413e+00 -1.4927571638042134e+00 1.0971916000000000e-03 9.9856794000000004e-01
6.6249253903350158e-01 -2.6564783485484685e+02 9.9982039123280586e-01 2.6623369699625027e+01 2.2993945869345285e+00 -1.8481479021919380e+01 3.0397685770816318e+00 -1.4896764181162181e+00 7.0085733000000002e-04 9.9946672000000003e-01
