-1.4750879431634495e-01 -4.1722406161510562e+03 1.4750996832670468e-01 -3.7363123057322537e+03 -1.2895551418660978e+03 2.8582920349836712e+02 -2.5699052940034403e+02 -8.5330914512443499e+01 5.5301730000000003e-06 1.0230946000000001e-06
-1.4750321822752746e-01 -2.9546620723465871e+03 1.4752608111269594e-01 -2.5143834283031929e+03 -1.2881919791435266e+03 2.0523875766050114e+02 -1.7619485847264406e+02 -8.5269117365978673e+01 3.5894988000000002e-05 1.9923924999999999e-05
-1.4748572396144360e-01 -2.3911197786550433e+03 1.4757663291965400e-01 -1.9402915360474103e+03 -1.2839228320378875e+03 1.6789139590637552e+02 -1.3834398759914276e+02 -8.5075502881871927e+01 8.5619985000000003e-05 7.9222864999999994e-05
-1.4745109099257672e-01 -2.0231192112283766e+03 1.4767670909022054e-01 -1.5552943855472388e+03 -1.2755052221549529e+03 1.4344650611469928e+02 -1.1307815784727563e+02 -8.4693397041241880e+01 1.5173507999999999e-04 1.9661552000000001e-04
-1.4739475028567722e-01 -1.7517336671251974e+03 1.4783951240677082e-01 -1.2608770110016453e+03 -1.2619073443355533e+03 1.2535900350953212e+02 -9.3863591374953401e+01 -8.4075149285276723e+01 2.3255418000000001e-04 3.8758918999999998e-04
-1.4731254641362576e-01 -1.5386212977895702e+03 1.4807705048074507e-01 -1.0194950766536026e+03 -1.2422787283476805e+03 1.1109414411738639e+02 -7.8194562797905746e+01 -8.3180514074522421e+01 3.2689763000000001e-04 6.6622920000000002e-04
-1.4720062931525832e-01 -1.3647941898534309e+03 1.4840044853156134e-01 -8.1322262776395098e+02 -1.2159540166672073e+03 9.9398587847463446e+01 -6.4858913838940254e+01 -8.1976530476222294e+01 4.3385032000000002e-04 1.0455858000000000e-03
-1.4705539371780574e-01 -1.2194063608285985e+03 1.4882012443283507e-01 -6.3246459250540818e+02 -1.1824677944537755e+03 8.9558114303995822e+01 -5.3192470866243667e+01 -8.0437927437343191e+01 5.5265518999999999e-04 1.5378795000000000e-03
-1.4687344169023464e-01 -1.0956433954086265e+03 1.4934589691904951e-01 -4.7178718963310394e+02 -1.1415724156488384e+03 8.1125402706398106e+01 -4.2804396054429503e+01 -7.8547718142807909e+01 6.8265765000000004e-04 2.1546280000000000e-03
-1.4665155735723806e-01 -9.8891902740537296e+02 1.4998705865255124e-01 -3.2806019646722257e+02 -1.0932540870196515e+03 7.3800545062301609e+01 -3.3455596145862742e+01 -7.6297797365664223e+01 8.2327310000000005e-04 2.9067318999999999e-03
-1.4638668967017313e-01 -8.9598162317486731e+02 1.5075242600901875e-01 -1.9951005483548929e+02 -1.0377441946915337e+03 6.7371821240052498e+01 -2.4997511894478965e+01 -7.3689432489149738e+01 9.7396649000000004e-04 3.8045331000000002e-03
-1.4607593980978414e-01 -8.1442976695100469e+02 1.5165037547882426e-01 -8.5181413789081901e+01 -9.7552320602575776e+02 6.1683578279214807e+01 -1.7338027954376209e+01 -7.0733551587966417e+01 1.1342389000000000e-03 4.8578574999999999e-03
-1.4571655198163505e-01 -7.4243109877517259e+02 1.5268887026474973e-01 1.5398112625659863e+01 -9.0731562653827280e+02 5.6617584686886751e+01 -1.0420861519325459e+01 -6.7450764124137962e+01 1.3036180000000001e-03 6.0760461999999999e-03
-1.4530590674869831e-01 -6.7854992224439366e+02 1.5387547954828135e-01 1.0244302845361548e+02 -8.3407419393476937e+02 5.2081598821916991e+01 -4.2121936606505059e+00 -6.3871066328919866e+01 1.4816515000000000e-03 7.4679780999999997e-03
-1.4484151563252184e-01 -6.2163654603365114e+02 1.5521739409019311e-01 1.7606984283277265e+02 -7.5695348995949973e+02 4.8002036996389670e+01 1.3085267915288594e+00 -6.0033196676635825e+01 1.6679024999999999e-03 9.0420881999999994e-03
-1.4432101745500367e-01 -5.7075362994635213e+02 1.5672143680143402e-01 2.3641395471506695e+02 -6.7727274704218951e+02 4.4319098239545610e+01 6.1551726907215638e+00 -5.5983643265454198e+01 1.8619452999999999e-03 1.0806380000000001e-02
-1.4374217494568250e-01 -5.2512541335219464e+02 1.5839407254677346e-01 2.8371515941786652e+02 -5.9646893752213350e+02 4.0983409818229475e+01 1.0339791378976944e+01 -5.1775304016191228e+01 2.0633631000000000e-03 1.2768437000000001e-02
-1.4310287317814138e-01 -4.8410185262421709e+02 1.6024141266300287e-01 3.1837736961992942e+02 -5.1604219710573329e+02 3.7953665840793889e+01 1.3876169431191869e+01 -4.7465859055300363e+01 2.2717459999999998e-03 1.4935428000000001e-02
-1.4240111694434585e-01 -4.4713246583423239e+02 1.6226922254610512e-01 3.4100581492179435e+02 -4.3749567560937862e+02 3.5194909651257127e+01 1.6782394467167059e+01 -4.3115888568980154e+01 2.4866887000000002e-03 1.7314116000000001e-02
-1.4163503081364745e-01 -4.1374703621678242e+02 1.6448292148075591e-01 3.5242334065331141e+02 -3.6227347401287346e+02 3.2677274211924114e+01 1.9082545071152047e+01 -3.8786845271317340e+01 2.7077901999999999e-03 1.9910858000000000e-02
-1.4080285588758373e-01 -3.8354082295382898e+02 1.6688759201772407e-01 3.5366751063721182e+02 -2.9169935344389580e+02 3.0375019620546389e+01 2.0807635333261477e+01 -3.4538938393626438e+01 2.9346520999999999e-03 2.2731616000000000e-02
-1.3990295156998733e-01 -3.5616334366635743e+02 1.6948797485892586e-01 3.4597016174316695e+02 -2.2692099231575074e+02 2.8265809892295973e+01 2.1995863103986853e+01 -3.0429080814796933e+01 3.1668782999999998e-03 2.5781951000000001e-02
-1.3893379379687687e-01 -3.3130942633313578e+02 1.7228847397237063e-01 3.3072188181344819e+02 -1.6886195588194889e+02 2.6330137953354310e+01 2.2692269322907858e+01 -2.6508956376072263e+01 3.4040742000000001e-03 2.9067029000000001e-02
-1.3789397385638411e-01 -3.0871211951895981e+02 1.7529316000212425e-01 3.0942424884097778e+02 -1.1818538692205173e+02 2.4550875046258522e+01 2.2947871235024280e+01 -2.2823334257467845e+01 3.6458464000000000e-03 3.2591624999999999e-02
-1.3678220015886319e-01 -2.8813702951746296e+02 1.7850576515336380e-01 2.8363353658275861e+02 -7.5271592974726786e+01 2.2912911027559108e+01 2.2818373272020203e+01 -1.9408725720448849e+01 3.8918026000000000e-03 3.6360116999999997e-02
-1.3559729587674504e-01 -2.6937760564568924e+02 1.8192969001230472e-01 2.5489977249710438e+02 -4.0210756447881202e+01 2.1402859440060904e+01 2.2362567362241847e+01 -1.6292370807684808e+01 4.1415510999999999e-03 4.0376493999999999e-02
-1.3433819982959200e-01 -2.5225131319586833e+02 1.8556800098872819e-01 2.2470556948444326e+02 -1.2811609289876255e+01 2.0008819301970693e+01 2.1640538016081482e+01 -1.3492005207577131e+01 4.3947007000000003e-03 4.4644352999999998e-02
-1.3300396648409771e-01 -2.3659642143228777e+02 1.8942343031598105e-01 1.9440886768079818e+02 7.3747948557812979e+00 1.8720175586436405e+01 2.0711797785310498e+01 -1.1015285099872898e+01 4.6508610999999997e-03 4.9166899000000000e-02
-1.3159376477401452e-01 -2.2226929055289744e+02 1.9349837946093945e-01 1.6519344862532478e+02 2.1017907170491664e+01 1.7527432356552815e+01 1.9633472490006973e+01 -8.8607315073118240e+00 4.9096423000000002e-03 5.3946949000000001e-02
-1.3010687957524428e-01 -2.0914210329884895e+02 1.9779491486155432e-01 1.3803052733868390e+02 2.8959734849569305e+01 1.6422074162869983e+01 1.8458652254085514e+01 -7.0182910409897525e+00 5.1706551000000002e-03 5.8986927000000001e-02
-1.2854270905067472e-01 -1.9710089066881019e+02 2.0231477559926955e-01 1.1365363790767888e+02 3.2159645799711498e+01 1.5396445321202080e+01 1.7234995375635254e+01 -5.4705573830895364e+00 5.4335110000000002e-03 6.4288872999999996e-02
-1.2690076730534311e-01 -1.8604388433944496e+02 2.0705936572660374e-01 9.2548263600935158e+01 3.1635745209697870e+01 1.4443650703370071e+01 1.6003670261210225e+01 -4.1942092180528086e+00 5.6978226000000002e-03 6.9854434000000007e-02
-1.2518068143625438e-01 -1.7588005266504294e+02 2.1202976279205937e-01 7.4956135692738059e+01 2.8406951391985810e+01 1.3557466042301638e+01 1.4798667502061146e+01 -3.1616047967016563e+00 5.9632034000000004e-03 7.5684873999999999e-02
-1.2338219300747214e-01 -1.6652786496444554e+02 2.1722671357766826e-01 6.0893395838483841e+01 2.3439589573535748e+01 1.2732264704113508e+01 1.3646513693577070e+01 -2.3424385523841544e+00 6.2292681999999997e-03 8.1781068999999998e-02
-1.2150515687004571e-01 -1.5791419986569645e+02 2.2265063750895503e-01 5.0180479790994674e+01 1.7601877039421279e+01 1.1962948265355388e+01 1.2566365518326243e+01 -1.7053530914211810e+00 6.4956331999999999e-03 8.8143510999999994e-02
-1.1954954116201036e-01 -1.4997339999680310e+02 2.2830162665493736e-01 4.2480947749991500e+01 1.1628894541642307e+01 1.1244895766611631e+01 1.1570453610201584e+01 -1.2194149680824942e+00 6.7619166000000000e-03 9.4772308000000000e-02
-1.1751542553827800e-01 -1.4264643741924854e+02 2.3417945084307118e-01 3.7345918228588836e+01 6.0996775925908562e+00 1.0573906694587876e+01 1.0664814804763079e+01 -8.5537842948895326e-01 7.0277381999999996e-03 1.0166719000000000e-01
-1.1540300087561906e-01 -1.3588018908291684e+02 2.4028355851174171e-01 3.4260472692828984e+01 1.4270318826044202e+00 9.9461603907189300e+00 9.8502388131151708e+00 -5.8668342608392576e-01 7.2927204000000001e-03 1.0882751000000000e-01
-1.1321257340291710e-01 -1.2962681075503755e+02 2.4661306477539074e-01 3.2688582766024574e+01 -2.1403689602973501e+00 9.3581777133124628e+00 9.1233534657755548e+00 -3.9015569391848404e-01 7.5564877000000004e-03 1.1625223000000000e-01
-1.1094455614564139e-01 -1.2384314711464495e+02 2.5316677614675287e-01 3.2113423798715722e+01 -4.5050243542893060e+00 8.8067841655203090e+00 8.4777479306998256e+00 -2.4640082481518272e-01 7.8186677999999999e-03 1.2393994999999999e-01
-1.0859946833581033e-01 -1.1849024051588751e+02 2.5994319224183737e-01 3.2070601319421492e+01 -5.6988516227127954e+00 8.2890797730096324e+00 7.9050737222063061e+00 -1.3990979876740112e-01 8.0788911000000008e-03 1.3188891000000000e-01
-1.0617794426253738e-01 -1.1353291259862482e+02 2.6694048020520089e-01 3.2172653792112257e+01 -5.8553499817760555e+00 7.8024145221021719e+00 7.3960486598134452e+00 -5.8913911858456583e-02 8.3367917000000003e-03 1.4009695999999999e-01
-1.0368072147130325e-01 -1.0893934832633383e+02 2.7415650880958381e-01 3.2123910000576494e+01 -5.1785060150748743e+00 7.3443612913697285e+00 6.9413051904590191e+00 4.9700273503675771e-03 8.5920070000000005e-03 1.4856159999999999e-01
-1.0110864666431986e-01 -1.0468076561363071e+02 2.8158883140609214e-01 3.1725966247747525e+01 -3.9113653629274774e+00 6.9126942983534301e+00 6.5320608879738113e+00 5.7236054107514381e-02 8.8441787999999997e-03 1.5727996000000000e-01
-9.8462669800166394e-02 -1.0073109871195379e+02 2.8923470297401538e-01 3.0874461927788616e+01 -2.3067485408923254e+00 6.5053721250679244e+00 6.1605862993761544e+00 1.0107241577107424e-01 9.0929527999999999e-03 1.6624881999999999e-01
-9.5743844093789332e-02 -9.7066728906477991e+01 2.9709108012082686e-01 2.9548734897637097e+01 -6.0222619508311048e-01 6.1205174280025707e+00 5.8204790700450388e+00 1.3796980643917489e-01 9.3379794999999995e-03 1.7546460999999999e-01
-9.2953323066320565e-02 -9.3666240026557631e+01 3.0515462960709250e-01 2.7796254640212933e+01 9.9920024085929471e-01 5.7564025135518655e+00 5.5067573383260022e+00 1.6830464933102210e-01 9.5789143999999993e-03 1.8492342000000001e-01
-9.0092369395623123e-02 -9.0510214189707384e+01 3.1342170277174375e-01 2.5713933845535859e+01 2.3419661921276518e+00 5.4114364979432619e+00 5.2158062937010801e+00 1.9185490893034932e-01 9.8154178999999998e-03 1.9462097000000000e-01
-8.7162340165381574e-02 -8.7581020288844414e+01 3.2188837815662297e-01 2.3428410162795441e+01 3.3242390805976361e+00 5.0841504438377214e+00 4.9452076928914774e+00 2.0822136747984282e-01 1.0047156000000000e-02 2.0455266000000000e-01
-8.4164683914920047e-02 -8.4862650383123722e+01 3.3055047003139221e-01 2.1077309265507967e+01 3.8981843632716520e+00 4.7731867210199326e+00 4.6934993006301884e+00 2.1713734543127372e-01 1.0273801000000001e-02 2.1471357999999999e-01
-8.1100955390111973e-02 -8.2340572986341598e+01 3.3940348576898816e-01 1.8792673555442271e+01 4.0651255164664937e+00 4.4772895361195406e+00 4.4598999238437802e+00 2.1866524921527195e-01 1.0495031000000000e-02 2.2509846000000000e-01
-7.7972797842288444e-02 -8.0001586349039584e+01 3.4844267699507642e-01 1.6688225608542286e+01 3.8669440640747910e+00 4.1952944551103055e+00 4.2440314717188237e+00 2.1328737047236573e-01 1.0710529999999999e-02 2.3570173000000000e-01
-7.4781945978420153e-02 -7.7833700546559669e+01 3.5766303106314223e-01 1.4850476824805687e+01 3.3751055390156943e+00 3.9261201258069311e+00 4.0456703382779358e+00 2.0190692389959342e-01 1.0919989999999999e-02 2.4651751000000000e-01
-7.1530228911299329e-02 -7.5826031392602061e+01 3.6705926252958182e-01 1.3334152422001891e+01 2.6787861390018897e+00 3.6687611811645175e+00 3.8645460504562124e+00 1.8577985393295837e-01 1.1123108000000000e-02 2.5753959999999998e-01
-6.8219561308993967e-02 -7.3968698233581748e+01 3.7662583872842914e-01 1.2161496086310889e+01 1.8733279963173386e+00 3.4222800553073034e+00 3.7001966170858669e+00 1.6640167139390399e-01 1.1319591000000000e-02 2.6876150999999998e-01
-6.4851940444665898e-02 -7.2252737592678457e+01 3.8635698829626514e-01 1.1324878890636604e+01 1.0501326186991800e+00 3.1858013026059209e+00 3.5518859596839016e+00 1.4537307162077795e-01 1.1509152000000000e-02 2.8017647000000001e-01
-6.1429449146752774e-02 -7.0670028640133268e+01 3.9624669264730861e-01 1.0791875388218690e+01 2.8862970142280509e-01 2.9585056836680188e+00 3.4185783128471732e+00 1.2426305633838981e-01 1.1691511000000000e-02 2.9177742000000001e-01
-5.7954258749149848e-02 -6.9213225748142804e+01 4.0628867744850711e-01 1.0511887276704508e+01 -3.4920103909817640e-01 2.7396248007787385e+00 3.2989639162167119e+00 1.0448776393240783e-01 1.1866398000000000e-02 3.0355700000000002e-01
-5.4428605489754756e-02 -6.7875687988993619e+01 4.1647648081880956e-01 1.0423364041636139e+01 -8.2189383597406185e-01 2.5284354179410466e+00 3.1915122747758984e+00 8.7215420657139789e-02 1.2033550000000000e-02 3.1550762999999998e-01
-5.0854811161740829e-02 -6.6651434499470298e+01 4.2680339365480258e-01 1.0460861490037182e+01 -1.1081890527845326e+00 2.3242555925144890e+00 3.0945623127245323e+00 7.3305214940187255e-02 1.2192715000000000e-02 3.2762143999999999e-01
-4.7235268362647589e-02 -6.5535091694763821e+01 4.3726250225525598e-01 1.0561316345269189e+01 -1.2070300519629513e+00 2.1264404881863053e+00 3.0064094473374148e+00 6.3279888974400747e-02 1.2343646000000000e-02 3.3989032000000002e-01
-4.3572443444562681e-02 -6.4521850614066722e+01 4.4784667979621351e-01 1.0668944921894045e+01 -1.1329498812556429e+00 1.9343779216161550e+00 2.9253978781351004e+00 5.7331369137970316e-02 1.2486109000000000e-02 3.5230591000000000e-01
-3.9868864713394014e-02 -6.3607429004780251e+01 4.5854862043062916e-01 1.0738706021143969e+01 -9.1282081007106697e-01 1.7474847122394346e+00 2.8499976822627531e+00 5.5352466466624825e-02 1.2619877000000000e-02 3.6485963999999999e-01
-3.6127131279415747e-02 -6.2788040298713035e+01 4.6936081371364008e-01 1.0738157421400976e+01 -5.8128863898771033e-01 1.5652036704065395e+00 2.7788670125442687e+00 5.6989604280888645e-02 1.2744734000000001e-02 3.7754270000000001e-01
-3.2349904206722388e-02 -6.2060363896403196e+01 4.8027557017729333e-01 1.0647869759985802e+01 -1.7645196390233284e-01 1.3869998342416965e+00 2.7108924401763406e+00 6.1705760010065350e-02 1.2860473000000001e-02 3.9034606999999999e-01
-2.8539900612864960e-02 -6.1421520366282380e+01 4.9128503838036464e-01 1.0460607971623796e+01 2.6397581039926066e-01 1.2123580941055669e+00 2.6452056064278455e+00 6.8849528583025260e-02 1.2966896000000000e-02 4.0326054000000000e-01
-2.4699899569214909e-02 -6.0869052295209691e+01 5.0238118785853958e-01 1.0179606543648884e+01 7.0574737445826774e-01 1.0407791991638380e+00 2.5811824800711065e+00 7.7719731886487842e-02 1.3063819000000001e-02 4.1627669000000000e-01
-2.0832724399872493e-02 -6.0400905306211342e+01 5.1355586027386835e-01 9.8162580928768666e+00 1.1203085394973440e+00 8.7177718077289912e-01 2.5184286152495408e+00 8.7623723176408749e-02 1.3151064000000001e-02 4.2938494999999999e-01
-1.6941260382758394e-02 -6.0015418421761005e+01 5.2480071826531138e-01 9.3875408645548184e+00 1.4860627484969631e+00 7.0487785089971089e-01 2.4567420054749749e+00 9.7924638766716560e-02 1.3228465999999999e-02 4.4257553999999999e-01
-1.3028431148158215e-02 -5.9711306633722792e+01 5.3610731364801123e-01 8.9134870624749798e+00 1.7888129475889816e+00 5.3961430661261200e-01 2.3960817872174949e+00 1.0807466211243784e-01 1.3295871000000001e-02 4.5583855000000001e-01
-9.0972104794503073e-03 -5.9487662626876983e+01 5.4746705331365741e-01 8.4148837378143959e+00 2.0214717790220926e+00 3.7552544623373407e-01 2.3365235452075841e+00 1.1763380921550476e-01 1.3353135000000000e-02 4.6916390000000002e-01
-5.1506075621961245e-03 -5.9343947417500608e+01 5.5887124185503023e-01 7.9113923960707533e+00 2.1832324312855258e+00 2.1215257447149893e-01 2.2782196751685886e+00 1.2628191261034757e-01 1.3400123999999999e-02 4.8254139000000001e-01
-1.1916728845039748e-03 -5.9279991673441636e+01 5.7031106451618419e-01 7.4201496650343151e+00 2.2783672201852623e+00 4.9037392620297382e-02 2.2213625123072220e+00 1.3381267170817895e-01 1.3436718000000000e-02 4.9596067999999999e-01
2.7765135636985683e-03 -5.9295998032951395e+01 5.8177762129208288e-01 6.9548857408430687e+00 2.3148594389804864e+00 -1.1428128603410226e-01 2.1661538122246631e+00 1.4012428076822753e-01 1.3462807000000000e-02 5.0941133000000005e-01
6.7508304899370208e-03 -5.9392547390858503e+01 5.9326189282896369e-01 6.5255004292156107e+00 2.3030056514020356e+00 -2.7826950902807646e-01 2.1127789756266750e+00 1.4520366895586537e-01 1.3478291000000000e-02 5.2288276000000000e-01
1.0728141850827266e-02 -5.9570608621199369e+01 6.0475481714851853e-01 6.1380803340455365e+00 2.2541365451133504e+00 -4.4340219284976357e-01 2.0613920633929492e+00 1.4910756526244640e-01 1.3483083000000000e-02 5.3636434000000000e-01
1.4705282101165978e-02 -5.9831551908901332e+01 6.1624724702334910e-01 5.7952112586727829e+00 2.1795352239241863e+00 -6.1016534811090928e-01 2.0121049422205233e+00 1.5194284381970460e-01 1.3477108000000000e-02 5.4984533999999996e-01
1.8679062094294457e-02 -6.0177165747074838e+01 6.2772996702678485e-01 5.4965238565732761e+00 2.0895762882425055e+00 -7.7905927560580812e-01 1.9649832552249993e+00 1.5384684440815932e-01 1.3460300999999999e-02 5.6331494999999998e-01
2.2646277932644343e-02 -6.0609677727895324e+01 6.3919371910761003e-01 5.2393512348857234e+00 1.9931696224390556e+00 -9.5060215721577235e-01 1.9200490897990634e+00 1.5497251549929403e-01 1.3432611000000001e-02 5.7676231000000000e-01
2.6603716868101562e-02 -6.1131786243675784e+01 6.5062921963988152e-01 5.0194363894897700e+00 1.8974221219125573e+00 -1.1253338314251029e+00 1.8772817904981631e+00 1.5547264332550206e-01 1.3393997000000000e-02 5.9017653000000003e-01
3.0548148451460450e-02 -6.1746683372977742e+01 6.6202713384820200e-01 4.8315984199653439e+00 1.8075498735548692e+00 -1.3038189311160329e+00 1.8366288238519899e+00 1.5549151900631186e-01 1.3344429999999999e-02 6.0354666000000001e-01
3.4476336333151530e-02 -6.2458097664951673e+01 6.7337810990735636e-01 4.6703189077552816e+00 1.7269321644704452e+00 -1.4866521034844080e+00 1.7980111845286242e+00 1.5515712065289158e-01 1.3283893999999999e-02 6.1686173000000000e-01
3.8385050063969195e-02 -6.3270338483702737e+01 6.8467281304194749e-01 4.5302227171497256e+00 1.6573318204710967e+00 -1.6744621475456980e+00 1.7613323106718872e+00 1.5457754373856816e-01 1.3212384000000001e-02 6.3011079000000003e-01
4.2271047393980049e-02 -6.4188343309898684e+01 6.9590187437694206e-01 4.4064243363050268e+00 1.5991881039492764e+00 -1.8679168602520226e+00 1.7264856368729773e+00 1.5383983424112355e-01 1.3129907000000000e-02 6.4328284999999996e-01
4.6131094923796606e-02 -6.5217739969887916e+01 7.0705595061203397e-01 4.2947575399003801e+00 1.5519220751996328e+00 -2.0677291288818527e+00 1.6933610021517986e+00 1.5301022224385916e-01 1.3036481000000001e-02 6.5636695000000000e-01
4.9961971054758969e-02 -6.6364916178552150e+01 7.1812573254655265e-01 4.1918739159082765e+00 1.5142742247922649e+00 -2.2746633128773990e+00 1.6618497057541401e+00 1.5213557317726625e-01 1.2932137999999999e-02 6.6935217000000002e-01
5.3760457138389173e-02 -6.7637095144450626e+01 7.2910191950473768e-01 4.0952757787492429e+00 1.4845940969903852e+00 -2.4895416417396450e+00 1.6318488011635333e+00 1.5124811508288974e-01 1.2816919000000000e-02 6.8222760000000005e-01
5.7523355177482721e-02 -6.9042432753849297e+01 7.3997527048519074e-01 4.0032546597685466e+00 1.4610856686219327e+00 -2.7132524420233413e+00 1.6032628314616026e+00 1.5036795915162346e-01 1.2690879000000000e-02 6.9498240000000000e-01
6.1247481925744751e-02 -7.0590120502812383e+01 7.5073658711105984e-01 3.9147732514306841e+00 1.4420299837097152e+00 -2.9467593475626321e+00 1.5760056334666794e+00 1.4950396100543312e-01 1.2554085000000000e-02 7.0760577999999996e-01
6.4929671837971964e-02 -7.2290508397687120e+01 7.6137672215494612e-01 3.8293641727019163e+00 1.4258946465628768e+00 -3.1911102791955783e+00 1.5500007185277043e+00 1.4866080968608819e-01 1.2406611999999999e-02 7.2008700999999997e-01
6.8566791820962175e-02 -7.4155253047081075e+01 7.7188662216345105e-01 3.7469563923248983e+00 1.4114344001064079e+00 -3.4474504362877276e+00 1.5251805429318286e+00 1.4783777591564290e-01 1.2248551000000000e-02 7.3241546999999996e-01
7.2155732382968574e-02 -7.6197478294717072e+01 7.8225730188244791e-01 3.6677612721122763e+00 1.3977279960704794e+00 -3.7170338214045420e+00 1.5014864578637965e+00 1.4703333690707651e-01 1.2080001999999999e-02 7.4458062000000003e-01
7.5693413534063586e-02 -7.8431968528929701e+01 7.9247986130690040e-01 3.5921067369176285e+00 1.3841772947326494e+00 -4.0012384094642837e+00 1.4788656472141182e+00 1.4624518800823966e-01 1.1901076999999999e-02 7.5657202000000001e-01
7.9176790686502713e-02 -8.0875394528352842e+01 8.0254550273068093e-01 3.5204283475551477e+00 1.3704750717943672e+00 -4.3015839433442515e+00 1.4572730204885447e+00 1.4547183274901296e-01 1.1711898000000000e-02 7.6837935000000002e-01
8.2602863505270296e-02 -8.3546580175666790e+01 8.1244555632129711e-01 3.4530136538835725e+00 1.3565660986517356e+00 -4.6197507707358056e+00 1.4366663014911412e+00 1.4471292568872893e-01 1.1512599000000000e-02 7.7999244000000001e-01
8.5968661157169973e-02 -8.6466795716307914e+01 8.2217143749534727e-01 3.3902049166169235e+00 1.3425839268642390e+00 -4.9576022743823556e+00 1.4170087680117707e+00 1.4396770514336080e-01 1.1303326000000001e-02 7.9140122000000002e-01
8.9271271812643715e-02 -8.9660139251255728e+01 8.3171473216761016e-01 3.3321374155797083e+00 1.3287940565552592e+00 -5.3172126942736799e+00 1.3982647220585973e+00 1.4324352454381162e-01 1.1084235000000000e-02 8.0259581999999996e-01
9.2507816094134776e-02 -9.3153935910897317e+01 8.4106712002686468e-01 3.2788364248570256e+00 1.3155368980395483e+00 -5.7008951163315054e+00 1.3804007129796123e+00 1.4253843036577904e-01 1.0855490000000001e-02 8.1356647999999998e-01
9.5675473627724800e-02 -9.6979254737118509e+01 8.5022045126006973e-01 3.2302022208649026e+00 1.3031692321763759e+00 -6.1112396910177900e+00 1.3633849868022501e+00 1.4185804501165061e-01 1.0617270000000000e-02 8.2430364000000000e-01
9.8771477142770014e-02 -1.0117150243525201e+02 8.5916672950254713e-01 3.1860211765258066e+00 1.2920586316894822e+00 -6.5511547450002521e+00 1.3471874833246373e+00 1.4120667320559291e-01 1.0369760000000000e-02 8.3479791999999997e-01
1.0179311542208325e-01 -1.0577112441970549e+02 8.6789812036289060e-01 3.1459879101864461e+00 1.2824876809869972e+00 -7.0239161521995266e+00 1.3317779712626749e+00 1.4058812253483044e-01 1.0113159000000000e-02 8.4504013000000000e-01
1.0473773625211580e-01 -1.1082445075219819e+02 8.7640695994787432e-01 3.1097294426667377e+00 1.2747137681050724e+00 -7.5332262881015915e+00 1.3171281010400437e+00 1.4000611510441999e-01 9.8476710000000005e-03 8.5502127999999999e-01
1.0760274642295725e-01 -1.1638470193950344e+02 8.8468575486245338e-01 3.0768334316933945e+00 1.2688968793802211e+00 -8.0832815557555460e+00 1.3032093306024415e+00 1.3946380208778245e-01 9.5735140000000000e-03 8.6473257999999997e-01
1.1038562647924560e-01 -1.2251323504930967e+02 8.9272722483430944e-01 3.0468686793573920e+00 1.2651174452582670e+00 -8.6788616840163542e+00 1.2899947940417478e+00 1.3896341595774997e-01 9.2909130999999992e-03 8.7416548999999999e-01
1.1308391596925693e-01 -1.2928099024017001e+02 9.0052426008930375e-01 3.0194186137642647e+00 1.2633826028441675e+00 -9.3254226114542362e+00 1.2774586347612606e+00 1.3850674460560047e-01 9.0001030000000006e-03 8.8331166999999999e-01
1.1569523114599761e-01 -1.3677032705829083e+02 9.0806997250093335e-01 2.9940736333816456e+00 1.2636269703376304e+00 -1.0029223699832919e+01 1.2655763208527888e+00 1.3809397566216852e-01 8.7013270999999996e-03 8.9216304000000002e-01
1.1821725611665801e-01 -1.4507720956138863e+02 9.1535767001560320e-01 2.9704715300706726e+00 1.2657294529017142e+00 -1.0797471812200898e+01 1.2543243812362446e+00 1.3772491718643803e-01 8.3948374000000006e-03 9.0071175000000003e-01
1.2064775759352253e-01 -1.5431397541018944e+02 9.2238089927717093e-01 2.9482945727273173e+00 1.2695201481986389e+00 -1.1638506303344791e+01 1.2436811104748249e+00 1.3739855886430238e-01 8.0808944000000001e-03 9.0895022999999997e-01
1.2298457309324157e-01 -1.6461268510697124e+02 9.2913341152731133e-01 2.9272761355145605e+00 1.2747956456919638e+00 -1.2562018745223238e+01 1.2336260622433448e+00 1.3711300017797992e-01 7.7597663000000001e-03 9.1687114999999997e-01
1.2522562273755955e-01 -1.7612940614709839e+02 9.3560919670515230e-01 2.9071918721988821e+00 1.2813324971654159e+00 -1.3579334889756954e+01 1.2241408725872476e+00 1.3686606399178669e-01 7.4317293999999999e-03 9.2446746000000002e-01
1.2736891220349650e-01 -1.8904960417681048e+02 9.4180249197218391e-01 2.8878914790064329e+00 1.2888844364041339e+00 -1.4703766957656107e+01 1.2152078069392709e+00 1.3665512042214681e-01 7.0970672000000004e-03 9.3173240000000002e-01
1.2941252682298438e-01 -2.0359496432914756e+02 9.4770776466243989e-01 2.8692521213480155e+00 1.2972231248344610e+00 -1.5951056307563832e+01 1.2068105977410815e+00 1.3647700820782316e-01 6.7560703000000000e-03 9.3865947999999999e-01
1.3135464633377680e-01 -2.2003233825473603e+02 9.5331975490704379e-01 2.8512203413957224e+00 1.3061150914775852e+00 -1.7339955118236084e+01 1.1989381487346078e+00 1.3632843748152729e-01 6.4090362999999996e-03 9.4524253000000003e-01
1.3319352717835720e-01 -2.3868517102166135e+02 9.5863342448475342e-01 2.8337541023486685e+00 1.3153440253574102e+00 -1.8892961733424926e+01 1.1915750020719340e+00 1.3620626032313890e-01 6.0562691999999996e-03 9.5147563999999996e-01
1.3492753200575847e-01 -2.5994909900235331e+02 9.6364404207105281e-01 2.8168792628032837e+00 1.3247081587853273e+00 -2.0637331879563654e+01 1.1847094230237083e+00 1.3610715446004351e-01 5.6980790999999996e-03 9.5735325999999998e-01
1.3655510016974320e-01 -2.8431229670689203e+02 9.6834709798906049e-01 2.8006041009481688e+00 1.3340302839823455e+00 -2.2606383202733092e+01 1.1783326041755737e+00 1.3602824027186886e-01 5.3347821999999998e-03 9.6287009999999995e-01
1.3807477723062350e-01 -3.1238415895287085e+02 9.7273838945862034e-01 2.7849960291821625e+00 1.3431359939431040e+00 -2.4841347681300626e+01 1.1724353023249625e+00 1.3596675390977922e-01 4.9667000000000001e-03 9.6802122999999995e-01
1.3948519430398709e-01 -3.4493471800347339e+02 9.7681396092193862e-01 2.7701221259376623e+00 1.3519343274820053e+00 -2.7393906974307377e+01 1.1670094607092703e+00 1.3591961706342306e-01 4.5941591999999996e-03 9.7280200999999999e-01
1.4078509166215286e-01 -3.8295224558244058e+02 9.8057017224285570e-01 2.7560551168984704e+00 1.3602725149778894e+00 -3.0329909718626372e+01 1.1620480051330488e+00 1.3588435354242290e-01 4.2174915999999996e-03 9.7720817000000004e-01
1.4197329513271539e-01 -4.2772734400974213e+02 9.8400363050757433e-01 2.7428877106956748e+00 1.3680604842150779e+00 -3.3734796897278386e+01 1.1575451145189937e+00 1.3585841571080665e-01 3.8370333000000002e-03 9.8123572999999997e-01
1.4304873970000065e-01 -4.8098369247304089e+02 9.8711125822393186e-01 2.7306978593831119e+00 1.3752354556697988e+00 -3.7722072441336323e+01 1.1534953795272798e+00 1.3584106232523183e-01 3.4531249000000000e-03 9.8488107999999996e-01
1.4401046065451972e-01 -5.4508693690080304e+02 9.8989026774667233e-01 2.7195941902060183e+00 1.3817345361691675e+00 -4.2446860259862881e+01 1.1498942292979792e+00 1.3582938844858042e-01 3.0661112999999999e-03 9.8814095000000002e-01
1.4485758769260537e-01 -6.2339889571859351e+02 9.9233814422762934e-01 2.7096252524548969e+00 1.3875154052201824e+00 -4.8128963534171817e+01 1.1467376916423384e+00 1.3582210457721525e-01 2.6763420000000000e-03 9.9101238999999997e-01
1.4558936261750338e-01 -7.2092523637363092e+02 9.9445269676518033e-01 2.7008784955110516e+00 1.3925084268725572e+00 -5.5095185311170837e+01 1.1440226034581245e+00 1.3581806179722716e-01 2.2841723000000002e-03 9.9349282999999999e-01
1.4620513343900882e-01 -8.4561001889352815e+02 9.9623204135442767e-01 2.6934198556070195e+00 1.3967869714173593e+00 -6.3864171842773636e+01 1.1417461392275912e+00 1.3581624677388737e-01 1.8899688000000000e-03 9.9558005999999999e-01
1.4670435142328397e-01 -1.0112913283563432e+03 9.9767459236229028e-01 2.6873061756758112e+00 1.4002403102957524e+00 -7.5340716542120788e+01 1.1399059678235819e+00 1.3581581886316080e-01 1.4941295000000000e-03 9.9727222000000004e-01
1.4708661239540538e-01 -1.2459913563216069e+03 9.9877918187622949e-01 2.6825839613531763e+00 1.4028894095729607e+00 -9.1362279414277623e+01 1.1385001710605902e+00 1.3581612060077899e-01 1.0971916000000000e-03 9.9856794000000004e-01
1.4735176884627693e-01 -1.6257215156800762e+03 9.9954538365079371e-01 2.6792878381047180e+00 1.4047287623613325e+00 -1.1693253271675054e+02 1.1375266889263955e+00 1.3581659947516561e-01 7.0085733000000002e-04 9.9946672000000003e-01
