-1.8249037043866456e-01 -1.0323474300949606e+03 1.8249158023855916e-01 -9.6357649716719402e+02 -2.6786912281725387e+02 6.5818908451522475e+01 -6.1419925495402531e+01 -1.7135295252618356e+01 5.5301730000000003e-06 1.0230946000000001e-06
-1.8248347198546644e-01 -7.7923560637976550e+02 1.8250703184236008e-01 -7.1030997399607259e+02 -2.6783410985395159e+02 4.9626709525664602e+01 -4.5220723902439467e+01 -1.7133728079244793e+01 3.5894988000000002e-05 1.9923924999999999e-05
-1.8246182897012631e-01 -6.6167148267958123e+02 1.8255550927469003e-01 -5.9234569139216978e+02 -2.6772428425178401e+02 4.2103812153408740e+01 -3.7679669400633088e+01 -1.7128812095889142e+01 8.5619985000000003e-05 7.9222864999999994e-05
-1.8241898282425953e-01 -5.8439510791191651e+02 1.8265147885675662e-01 -5.1438331808936255e+02 -2.6750696848387588e+02 3.7156284873318683e+01 -3.2700948012731288e+01 -1.7119083724052327e+01 1.5173507999999999e-04 1.9661552000000001e-04
-1.8234928097007166e-01 -5.2685993398565472e+02 1.8280760159966269e-01 -4.5585708266848388e+02 -2.6715373355046171e+02 3.3469646617570909e+01 -2.8969150318826589e+01 -1.7103268108946967e+01 2.3255418000000001e-04 3.8758918999999998e-04
-1.8224758252468956e-01 -4.8111696634902813e+02 1.8303539238697164e-01 -4.0881075261992214e+02 -2.6663899697731927e+02 3.0535335135664827e+01 -2.5975326360812936e+01 -1.7080215533006371e+01 3.2689763000000001e-04 6.6622920000000002e-04
-1.8210912438845331e-01 -4.4324460760825622e+02 1.8334551991885351e-01 -3.6932363980240837e+02 -2.6593944446570356e+02 2.8102461545958757e+01 -2.3468563680718834e+01 -1.7048874603848894e+01 4.3385032000000002e-04 1.0455858000000000e-03
-1.8192944630144270e-01 -4.1101651776307955e+02 1.8374797457534822e-01 -3.3517626140133649e+02 -2.6503375762056748e+02 2.6028609736569443e+01 -2.1306690205536928e+01 -1.7008279101175873e+01 5.5265518999999999e-04 1.5378795000000000e-03
-1.8170434451637688e-01 -3.8304575376830479e+02 1.8425217218281531e-01 -3.0499320447617737e+02 -2.6390249124785385e+02 2.4225081376868744e+01 -1.9401459818204465e+01 -1.6957541473336377e+01 6.8265765000000004e-04 2.1546280000000000e-03
-1.8142984051605102e-01 -3.5840882336687571e+02 1.8486702408265238e-01 -2.7786627262801488e+02 -2.6252802903717088e+02 2.2632840734589596e+01 -1.7694456413434445e+01 -1.6895849853342508e+01 8.2327310000000005e-04 2.9067318999999999e-03
-1.8110215969841753e-01 -3.3645917411259211e+02 1.8560098487383564e-01 -2.5316731913961328e+02 -2.6089458949077147e+02 2.1210579357726029e+01 -1.6145129320745479e+01 -1.6822467313231954e+01 9.7396649000000004e-04 3.8045331000000002e-03
-1.8071771579187637e-01 -3.1672593820967228e+02 1.8646208732056505e-01 -2.3044647976346684e+02 -2.5898825893555158e+02 1.9928235690196320e+01 -1.4724290197240190e+01 -1.6736732402110054e+01 1.1342389000000000e-03 4.8578574999999999e-03
-1.8027309946785286e-01 -2.9885510458514187e+02 1.8745796785855331e-01 -2.0937292396284639e+02 -2.5679704092933554e+02 1.8763229658337746e+01 -1.3410327809136815e+01 -1.6638060456479121e+01 1.3036180000000001e-03 6.0760461999999999e-03
-1.7976507009221587e-01 -2.8257343281865519e+02 1.8859588507073480e-01 -1.8969841035075868e+02 -2.5431091544905212e+02 1.7698151942080081e+01 -1.2186886890580816e+01 -1.6525945473280522e+01 1.4816515000000000e-03 7.4679780999999997e-03
-1.7919054904611662e-01 -2.6766529544457956e+02 1.8988273464768518e-01 -1.7123380349756147e+02 -2.5152189706255390e+02 1.6719281154023548e+01 -1.1041362483032589e+01 -1.6399962009359108e+01 1.6679024999999999e-03 9.0420881999999994e-03
-1.7854661520021833e-01 -2.5395729278668753e+02 1.9132505952473602e-01 -1.5383338645098823e+02 -2.4842409345851283e+02 1.5815598353197942e+01 -9.9639103709756593e+00 -1.6259767269656709e+01 1.8619452999999999e-03 1.0806380000000001e-02
-1.7783050071740908e-01 -2.4130767710587639e+02 1.9292905928333140e-01 -1.3738401792541924e+02 -2.4501375392660881e+02 1.4978109441698800e+01 -8.9467540356431901e+00 -1.6105102843075912e+01 2.0633631000000000e-03 1.2768437000000001e-02
-1.7703958911839979e-01 -2.2959892758695156e+02 1.9470059448382676e-01 -1.2179743093961423e+02 -2.4128931455114198e+02 1.4199369288426485e+01 -7.9836991590929847e+00 -1.5935796497401931e+01 2.2717459999999998e-03 1.4935428000000001e-02
-1.7617141203338921e-01 -2.1873236457409536e+02 1.9664519394132146e-01 -1.0700458482461129e+02 -2.3725142060441397e+02 1.3473136433587316e+01 -7.0697774466477536e+00 -1.5751763182693525e+01 2.4866887000000002e-03 1.7314116000000001e-02
-1.7522364927506001e-01 -2.0862422471723463e+02 1.9876805456215688e-01 -9.2951499962689269e+01 -2.3290294955640056e+02 1.2794121512976560e+01 -6.2009856575005182e+00 -1.5553006170998470e+01 2.7077901999999999e-03 1.9910858000000000e-02
-1.7419412482378255e-01 -1.9920267324285476e+02 2.0107405033651812e-01 -7.9595998550253810e+01 -2.2824899580996026e+02 1.2157795496064230e+01 -5.3740834978645848e+00 -1.5339616757602412e+01 2.9346520999999999e-03 2.2731616000000000e-02
-1.7308080901750372e-01 -1.9040558902726065e+02 2.0356772743337873e-01 -6.6905256279448338e+01 -2.2329686534984870e+02 1.1560247710004894e+01 -4.5864429279797783e+00 -1.5111774606188746e+01 3.1668782999999998e-03 2.5781951000000001e-02
-1.7188181636185806e-01 -1.8217881111031784e+02 2.0625330910555589e-01 -5.4853848389779124e+01 -2.1805603084849122e+02 1.0998073269251748e+01 -3.8359266023104204e+00 -1.4869746540917326e+01 3.4040742000000001e-03 2.9067029000000001e-02
-1.7059540407024187e-01 -1.7447477698568633e+02 2.0913469895974779e-01 -4.3422104877915174e+01 -2.1253807028876003e+02 1.0468285730230514e+01 -3.1207911093080138e+00 -1.4613884812308191e+01 3.6458464000000000e-03 3.2591624999999999e-02
-1.6921997425370194e-01 -1.6725146668061072e+02 2.1221547605147784e-01 -3.2594870774945932e+01 -2.0675660157860440e+02 9.9682493433455814e+00 -2.4396115812928820e+00 -1.4344625416670310e+01 3.8918026000000000e-03 3.6360116999999997e-02
-1.6775407100108386e-01 -1.6047152745702320e+02 2.1549890142516881e-01 -2.2360408450262806e+01 -2.0072717475762605e+02 9.4956229054521089e+00 -1.7912169787747239e+00 -1.4062484419204960e+01 4.1415510999999999e-03 4.0376493999999999e-02
-1.6619638147397642e-01 -1.5410158983803618e+02 2.1898791566161507e-01 -1.2709521426035334e+01 -1.9446716319642897e+02 9.0483158356245035e+00 -1.1746388585106344e+00 -1.3768055871703925e+01 4.3947007000000003e-03 4.4644352999999998e-02
-1.6454573590671148e-01 -1.4811170242081010e+02 2.2268513887798261e-01 -3.6348057261216331e+00 -1.8799563067191193e+02 8.6244517316187679e+00 -5.8906813002360003e-01 -1.3462005884228491e+01 4.6508610999999997e-03 4.9166899000000000e-02
-1.6280110614643822e-01 -1.4247486333015175e+02 2.2659287399784597e-01 4.8699877014653401e+00 -1.8133317637587496e+02 8.2223396230920969e+00 -3.3817970815269494e-02 -1.3145068807243783e+01 4.9096423000000002e-03 5.3946949000000001e-02
-1.6096160747803048e-01 -1.3716664236310297e+02 2.3071310266364209e-01 1.2810477238070909e+01 -1.7450177693652421e+02 7.8404473564132520e+00 4.9170576229203045e-01 -1.2818041988814246e+01 5.1706551000000002e-03 5.8986927000000001e-02
-1.5902649533925334e-01 -1.3216485427677017e+02 2.3504749259425353e-01 2.0192115807843624e+01 -1.6752459426825303e+02 7.4773826286397433e+00 9.8803156573271700e-01 -1.2481779760484832e+01 5.4335110000000002e-03 6.4288872999999996e-02
-1.5699516860559654e-01 -1.2744928502833494e+02 2.3959739022742513e-01 2.7020540473674551e+01 -1.6042579749222315e+02 7.1318755118275465e+00 1.4556432881275079e+00 -1.2137185408587403e+01 5.6978226000000002e-03 6.9854434000000007e-02
-1.5486716594045966e-01 -1.2300147640918600e+02 2.4436382889485669e-01 3.3301963425908603e+01 -1.5323034773487919e+02 6.8027633674496375e+00 1.8949990879798828e+00 -1.1785208119114095e+01 5.9632034000000004e-03 7.5684873999999999e-02
-1.5264216762005944e-01 -1.1880452268963440e+02 2.4934752473465660e-01 3.9043332957867975e+01 -1.4596379746220896e+02 6.4889788752338866e+00 2.3065475202913106e+00 -1.1426832437141998e+01 6.2292681999999997e-03 8.1781068999999998e-02
-1.5031999407350399e-01 -1.1484290537477564e+02 2.5454887996137887e-01 4.4252622977655804e+01 -1.3865207131212571e+02 6.1895392639532885e+00 2.6907399511725916e+00 -1.1063072075515590e+01 6.4956331999999999e-03 8.8143510999999994e-02
-1.4790060588279258e-01 -1.1110235143139988e+02 2.5996798286602313e-01 4.8938913557407034e+01 -1.3132125055001049e+02 5.9035372609430770e+00 3.0480415329612121e+00 -1.0694962439891798e+01 6.7619166000000000e-03 9.4772308000000000e-02
-1.4538410159292692e-01 -1.0756970588668996e+02 2.6560461272109032e-01 5.3112611251916007e+01 -1.2399735117230269e+02 5.6301330160805323e+00 3.3789402699852471e+00 -1.0323552551318695e+01 7.0277381999999996e-03 1.0166719000000000e-01
-1.4277071734692953e-01 -1.0423282606848385e+02 2.7145824059809165e-01 5.6785461041362808e+01 -1.1670611116206308e+02 5.3685473551845444e+00 3.6839537696660818e+00 -9.9498974647465186e+00 7.2927204000000001e-03 1.0882751000000000e-01
-1.4006083199558467e-01 -1.0108049374319266e+02 2.7752801792241921e-01 5.9970605271916057e+01 -1.0947279458493058e+02 5.1180563262563954e+00 3.9636339303503396e+00 -9.5750513325677211e+00 7.5564877000000004e-03 1.1625223000000000e-01
-1.3725495651297509e-01 -9.8102319884566029e+01 2.8381280018111443e-01 6.2682592995741480e+01 -1.0232196643108254e+02 4.8779849727458107e+00 4.2185715441284755e+00 -9.2000586243291220e+00 7.8186677999999999e-03 1.2393994999999999e-01
-1.3435373326651917e-01 -9.5288674456881438e+01 2.9031114855788642e-01 6.4937372984341025e+01 -9.5277301699496249e+01 4.6477029104245622e+00 4.4493995506349915e+00 -8.8259467562328986e+00 8.0788911000000008e-03 1.3188891000000000e-01
-1.3135794696641545e-01 -9.2630633428126444e+01 2.9702130540783456e-01 6.6752222835131576e+01 -8.8361435738601841e+01 4.4266211646377993e+00 4.6567907055417805e+00 -8.4537208273606481e+00 8.3367917000000003e-03 1.4009695999999999e-01
-1.2826851006638315e-01 -9.0119907944510899e+01 3.0394122695781844e-01 6.8145693026471804e+01 -8.1595766917483132e+01 4.2141874616001864e+00 4.8414640626221148e+00 -8.0843551353840066e+00 8.5920070000000005e-03 1.4856159999999999e-01
-1.2508647006329199e-01 -8.7748801329379319e+01 3.1106856695627283e-01 6.9137504597931141e+01 -7.5000327452813266e+01 4.0098835833081754e+00 5.0041747688791904e+00 -7.7187881505226068e+00 8.8441787999999997e-03 1.5727996000000000e-01
-1.2181300219753236e-01 -8.5510158332523844e+01 3.1840069302339302e-01 6.9748438772926292e+01 -6.8593639661864358e+01 3.8132222140579684e+00 5.1457209521964629e+00 -7.3579158541889162e+00 9.0929527999999999e-03 1.6624881999999999e-01
-1.1844940945301533e-01 -8.3397326206013346e+01 3.2593468665113451e-01 7.0000222682252357e+01 -6.2392607527744623e+01 3.6237442310093022e+00 5.2669370590769766e+00 -7.0025870958351382e+00 9.3379794999999995e-03 1.7546460999999999e-01
-1.1499711890735780e-01 -8.1404116728463961e+01 3.3366735137830578e-01 6.9915303354786275e+01 -5.6412419011571679e+01 3.4410163873122324e+00 5.3686908837178402e+00 -6.6535987568755344e+00 9.5789143999999993e-03 1.8492342000000001e-01
-1.1145769268132714e-01 -7.9524780205816796e+01 3.4159518826529045e-01 6.9516866645491859e+01 -5.0666499524534203e+01 3.2646298288263420e+00 5.4518797002113200e+00 -6.3116928582370280e+00 9.8154178999999998e-03 1.9462097000000000e-01
-1.0783280968976676e-01 -7.7753965721137703e+01 3.4971443676951020e-01 6.8828493961880469e+01 -4.5166425672253446e+01 3.0941976981654231e+00 5.5174268661888712e+00 -5.9775516998073748e+00 1.0047156000000000e-02 2.0455266000000000e-01
-1.0412426199178124e-01 -7.6086694825159725e+01 3.5802108292051749e-01 6.7874106289418648e+01 -3.9921897719699245e+01 2.9293514615336660e+00 5.5662761921693118e+00 -5.6517951565300990e+00 1.0273801000000001e-02 2.1471357999999999e-01
-1.0033397303981076e-01 -7.4518346556560545e+01 3.6651081844453226e-01 6.6677764757911774e+01 -3.4940757518352989e+01 2.7697427070676572e+00 5.5993884996886507e+00 -5.3349805059288657e+00 1.0495031000000000e-02 2.2509846000000000e-01
-9.6463975780741812e-02 -7.3044625790541716e+01 3.7517908981499776e-01 6.5263515400105604e+01 -3.0228967693485984e+01 2.6150405348054324e+00 5.6177344362896626e+00 -5.0275992699270340e+00 1.0710529999999999e-02 2.3570173000000000e-01
-9.2516416305722049e-02 -7.1661546468540365e+01 3.8402109007748786e-01 6.3655219161804368e+01 -2.5790649222828289e+01 2.4649282825170413e+00 5.6222907734261653e+00 -4.7300771415937772e+00 1.0919989999999999e-02 2.4651751000000000e-01
-8.8493557499975201e-02 -7.0365415233762135e+01 3.9303175067461443e-01 6.1876406026948665e+01 -2.1628144110835393e+01 2.3191042947642502e+00 5.6140348123958841e+00 -4.4427745537065144e+00 1.1123108000000000e-02 2.5753959999999998e-01
-8.4397768093356446e-02 -6.9152811959489611e+01 4.0220576597130508e-01 5.9950121138502162e+01 -1.7742021297883955e+01 2.1772799448407660e+00 5.5939394438164891e+00 -4.1659855998707815e+00 1.1319591000000000e-02 2.6876150999999998e-01
-8.0231519010537489e-02 -6.8020574897341220e+01 4.1153760142989559e-01 5.7898786280882476e+01 -1.4131217972829800e+01 2.0391785410241301e+00 5.5629680285768428e+00 -3.8999405825498554e+00 1.1509152000000000e-02 2.8017647000000001e-01
-7.5997387020821483e-02 -6.6965789124886584e+01 4.2102148543503759e-01 5.5744077095565942e+01 -1.0793100735128933e+01 1.9045344777584008e+00 5.5220701115035018e+00 -3.6448077558192518e+00 1.1691511000000000e-02 2.9177742000000001e-01
-7.1698058387957897e-02 -6.5985775500734334e+01 4.3065140111860578e-01 5.3506802444945492e+01 -7.7235694440797200e+00 1.7730924985678045e+00 5.4721758210193086e+00 -3.4006933472902068e+00 1.1866398000000000e-02 3.0355700000000002e-01
-6.7336299671623495e-02 -6.5078073531787723e+01 4.4042115176043856e-01 5.1206808724660213e+01 -4.9171553071415603e+00 1.6446059338151024e+00 5.4141931031137434e+00 -3.1676466955150966e+00 1.2033550000000000e-02 3.1550762999999998e-01
-6.2914983276126435e-02 -6.4240438327318387e+01 4.5032430356269004e-01 4.8862880875596922e+01 -2.3671588354281332e+00 1.5188367148346820e+00 5.3490030446032319e+00 -2.9456618134931656e+00 1.2192715000000000e-02 3.2762143999999999e-01
-5.8437069201331959e-02 -6.3470828352367931e+01 4.6035422652529284e-01 4.6492681640567675e+01 -6.5764650634937361e-02 1.3955541450042559e+00 5.2774565457634619e+00 -2.7346807018012251e+00 1.2343646000000000e-02 3.3989032000000002e-01
-5.3905608692477264e-02 -6.2767398796855488e+01 4.7050408627086548e-01 4.4112679414758972e+01 1.9958293399431051e+00 1.2745342185173851e+00 5.2003714005262172e+00 -2.5345971522064987e+00 1.2486109000000000e-02 3.5230591000000000e-01
-4.9323729640911890e-02 -6.2128493222024233e+01 4.8076687674508278e-01 4.1738109905226480e+01 3.8272815295571356e+00 1.1555585984609302e+00 5.1185294413770182e+00 -2.3452598050961804e+00 1.2619877000000000e-02 3.6485963999999999e-01
-4.4694647533542436e-02 -6.1552639702778933e+01 4.9113539569139808e-01 3.9382942804812792e+01 5.4389729366128243e+00 1.0384143024030408e+00 5.0326743646223013e+00 -2.1664771823665823e+00 1.2744734000000001e-02 3.7754270000000001e-01
-4.0021654503388016e-02 -6.1038543772694318e+01 5.0160226917632089e-01 3.7059867119664318e+01 6.8418745352356245e+00 9.2289263515506015e-01 4.9435103424696676e+00 -1.9980205502285608e+00 1.2860473000000001e-02 3.9034606999999999e-01
-3.5308112029950267e-02 -6.0585087592785499e+01 5.1215996793960195e-01 3.4780283081442462e+01 8.0474409116615426e+00 8.0878853303858023e-01 4.8516996422002796e+00 -1.8396290056236175e+00 1.2966896000000000e-02 4.0326054000000000e-01
-3.0557458238843316e-02 -6.0191322200204191e+01 5.2280079104404853e-01 3.2554315506199380e+01 9.0674450879929669e+00 6.9590046307424647e-01 4.7578628662100533e+00 -1.6910106615019147e+00 1.3063819000000001e-02 4.1627669000000000e-01
-2.5773186002904486e-02 -5.9856467093215002e+01 5.3351691492607900e-01 3.0390819630014882e+01 9.9139020754206637e+00 5.8402833072345928e-01 4.6625774787399985e+00 -1.5518522847059464e+00 1.3151064000000001e-02 4.2938494999999999e-01
-2.0958864841083447e-02 -5.9579910636727902e+01 5.4430034434516861e-01 2.8297448514229291e+01 1.0598933308374106e+01 4.7297546976348670e-01 4.5663782277874319e+00 -1.4218184582190427e+00 1.3228465999999999e-02 4.4257553999999999e-01
-1.6118111719923250e-02 -5.9361203559903608e+01 5.5514297778458843e-01 2.6280641982182786e+01 1.1134670166179877e+01 3.6254242846945939e-01 4.4697567412533061e+00 -1.3005543845745893e+00 1.3295871000000001e-02 4.5583855000000001e-01
-1.1254605652819938e-02 -5.9200065656591754e+01 5.6603657475103686e-01 2.4345711228398052e+01 1.1533153119487466e+01 2.5253501155148994e-01 4.3731624271715006e+00 -1.1876969077591946e+00 1.3353135000000000e-02 4.6916390000000002e-01
-6.3720694509480369e-03 -5.9096382250930404e+01 5.7697279665010082e-01 2.2496879823529667e+01 1.1806245778616560e+01 1.4275543144234559e-01 4.2770031051784239e+00 -1.0828683169385152e+00 1.3400123999999999e-02 4.8254139000000001e-01
-1.4742770228903523e-03 -5.9050207220733284e+01 5.8794319043607202e-01 2.0737347889058405e+01 1.1965553937958711e+01 3.3005658364816171e-02 4.1816460572759260e+00 -9.8568715255458128e-01 1.3436718000000000e-02 4.9596067999999999e-01
3.4349612246216132e-03 -5.9061765521609033e+01 5.9893922131231614e-01 1.9069356444506134e+01 1.2022355004334324e+01 -7.6914278980089623e-02 4.0874192649733159e+00 -8.9576761427435014e-01 1.3462807000000000e-02 5.0941133000000005e-01
8.3517837874478862e-03 -5.9131456569997852e+01 6.0995224003090287e-01 1.7494263794574994e+01 1.1987536052844037e+01 -1.8720664296839118e-01 3.9946128966117529e+00 -8.1272364278469833e-01 1.3478291000000000e-02 5.2288276000000000e-01
1.3272310912374352e-02 -5.9259858951397391e+01 6.2097355646843966e-01 1.6012604706011700e+01 1.1871541872248704e+01 -2.9807739310063930e-01 3.9034782908209715e+00 -7.3617098234079925e-01 1.3483083000000000e-02 5.3636434000000000e-01
1.8192626348037921e-02 -5.9447736128063809e+01 6.3199439875060781e-01 1.4624177640838596e+01 1.1684330268321014e+01 -4.0973650453323440e-01 3.8142458230201655e+00 -6.6572910005896868e-01 1.3477108000000000e-02 5.4984533999999996e-01
2.3108784644556596e-02 -5.9696042944565278e+01 6.4300592960234848e-01 1.3328101079722723e+01 1.1435339782663350e+01 -5.2239890436292713e-01 3.7270922587158513e+00 -6.0102631561455155e-01 1.3460300999999999e-02 5.6331494999999998e-01
2.8016822102974015e-02 -6.0005932800570783e+01 6.5399927087313980e-01 1.2122918261055775e+01 1.1133457775691827e+01 -6.3628552427386431e-01 3.6421787804725065e+00 -5.4169690853847430e-01 1.3432611000000001e-02 5.7676231000000000e-01
3.2912764074889106e-02 -6.0378771307472661e+01 6.6496551988718233e-01 1.1006612296607521e+01 1.0787006464653500e+01 -7.5162425175078429e-01 3.5596344471652812e+00 -4.8738588190499588e-01 1.3393997000000000e-02 5.9017653000000003e-01
3.7792614013011538e-02 -6.0816140330818662e+01 6.7589572491812100e-01 9.9767462910679470e+00 1.0403732402524124e+01 -8.6865108828034288e-01 3.4795623119021721e+00 -4.3774950983408356e-01 1.3344429999999999e-02 6.0354666000000001e-01
4.2652368070421304e-02 -6.1319854661942273e+01 6.8678091788941620e-01 9.0304864374564016e+00 9.9907936011114238e+00 -9.8761053941198629e-01 3.4020413384738877e+00 -3.9245706674058928e-01 1.3283893999999999e-02 6.1686173000000000e-01
4.7488029699828099e-02 -6.1891977481607718e+01 6.9761214707471275e-01 8.1646761256290024e+00 9.5547635734311900e+00 -1.1087580560101880e+00 3.3271283415965973e+00 -3.5119073869625839e-01 1.3212384000000001e-02 6.3011079000000003e-01
5.2295587754682071e-02 -6.2534829879441574e+01 7.0838042804728585e-01 7.3759012066992229e+00 9.1016557831013785e+00 -1.2323600752131756e+00 3.2548604434122255e+00 -3.1364698480431202e-01 1.3129907000000000e-02 6.4328284999999996e-01
5.7071042037878134e-02 -6.3251016959479443e+01 7.1907680090568782e-01 6.6605432706000922e+00 8.6369046026203158e+00 -1.3586964043403649e+00 3.1852566009411718e+00 -2.7953616210248006e-01 1.3036481000000001e-02 6.5636695000000000e-01
6.1810406951570557e-02 -6.4043445123800325e+01 7.2969233844884163e-01 6.0148337499947235e+00 8.1654035692870348e+00 -1.4880613560986400e+00 3.1183199830821757e+00 -2.4858506996428031e-01 1.2932137999999999e-02 6.6935217000000002e-01
6.6509700547728562e-02 -6.4915343918459527e+01 7.4021812165076262e-01 5.4349044708873855e+00 7.6915158240627273e+00 -1.6207653151346455e+00 3.0540394259164878e+00 -2.2053484498656067e-01 1.2816919000000000e-02 6.8222760000000005e-01
7.1164966427025467e-02 -6.5870295601775510e+01 7.5064528871111413e-01 4.9168301833760433e+00 7.2190994497571319e+00 -1.7571369456226957e+00 2.9923913352982123e+00 -1.9514172378197650e-01 1.2690879000000000e-02 6.9498240000000000e-01
7.5772266439209035e-02 -6.6912263006237438e+01 7.6096501870502231e-01 4.4566694997360328e+00 6.7515325443928198e+00 -1.8975251039791776e+00 2.9333414463805756e+00 -1.7217730670959377e-01 1.2554085000000000e-02 7.0760577999999996e-01
8.0327684332916260e-02 -6.8045623010898922e+01 7.7116853975816868e-01 4.0505012505006439e+00 6.2917400117979216e+00 -2.0423010239387960e+00 2.8768463402808608e+00 -1.5142804847294900e-01 1.2406611999999999e-02 7.2008700999999997e-01
8.4827344004747840e-02 -6.9275208461396076e+01 7.8124716992225296e-01 3.6944537519078184e+00 5.8422203899493299e+00 -2.1918613563039351e+00 2.8228547561241126e+00 -1.3269494799997864e-01 1.2248551000000000e-02 7.3241546999999996e-01
8.9267398549823351e-02 -7.0606348410416857e+01 7.9119229264971525e-01 3.3847345019154536e+00 5.4050765177704534e+00 -2.3466306377620123e+00 2.7713096400238966e+00 -1.1579323562328428e-01 1.2080001999999999e-02 7.4458062000000003e-01
9.3644037561411209e-02 -7.2044918044439754e+01 8.0099537314392122e-01 3.1176523337031985e+00 4.9820428998210291e+00 -2.5070645650000740e+00 2.7221472364843669e+00 -1.0055185039128804e-01 1.1901076999999999e-02 7.5657202000000001e-01
9.7953494430558452e-02 -7.3597396189323206e+01 8.1064797470934757e-01 2.8896375248187520e+00 4.5745269749087205e+00 -2.6736538126031415e+00 2.6753013971434387e+00 -8.6812987470032910e-02 1.1711898000000000e-02 7.6837935000000002e-01
1.0219205729553510e-01 -7.5270932796368456e+01 8.2014178327685938e-01 2.6972538401326065e+00 4.1836095968880986e+00 -2.8469284819401359e+00 2.6307022427027986e+00 -7.4431381242225425e-02 1.1512599000000000e-02 7.7999244000000001e-01
1.0635605079276006e-01 -7.7073414384457266e+01 8.2946856652824685e-01 2.5372205808405073e+00 3.8101114007337342e+00 -3.0274624081822052e+00 2.5882781803340320e+00 -6.3273855165487683e-02 1.1303326000000001e-02 7.9140122000000002e-01
1.1044187255494975e-01 -7.9013562201184882e+01 8.3862025564715181e-01 2.4064110040729738e+00 3.4545932159233557e+00 -3.2158775875523729e+00 2.5479560215831598e+00 -5.3218575991802151e-02 1.1084235000000000e-02 8.0259581999999996e-01
1.1444596036278426e-01 -8.1101014424753998e+01 8.4758887174323472e-01 2.3018665138110359e+00 3.1173956090208730e+00 -3.4128534985130146e+00 2.5096623862874261e+00 -4.4154507072166116e-02 1.0855490000000001e-02 8.1356647999999998e-01
1.1836482499324119e-01 -8.3346452234452883e+01 8.5636659942800630e-01 2.2207979853843884e+00 2.7986606515012009e+00 -3.6191308357279643e+00 2.4733238581147834e+00 -3.5980701083061388e-02 1.0617270000000000e-02 8.2430364000000000e-01
1.2219504291996586e-01 -8.5761726962448463e+01 8.6494577046464394e-01 2.1605887116644960e+00 2.4983577062180098e+00 -3.8355216937600360e+00 2.4388677211461225e+00 -2.8605615873669884e-02 1.0369760000000000e-02 8.3479791999999997e-01
1.2593325996308641e-01 -8.8360013613263220e+01 8.7331887194308355e-01 2.1187941184802459e+00 2.2163002641328053e+00 -4.0629187866609646e+00 2.4062220332230853e+00 -2.1946549233589501e-02 1.0113159000000000e-02 8.4504013000000000e-01
1.2957619493902839e-01 -9.1155990929389333e+01 8.8147855445511270e-01 2.0931404587616576e+00 1.9521918394290867e+00 -4.3023067749629824e+00 2.3753176789255241e+00 -1.5928949187880907e-02 9.8476710000000005e-03 8.5502127999999999e-01
1.3312063966051491e-01 -9.4166050775737347e+01 8.8941763209436941e-01 2.0815211952273676e+00 1.7056104920077708e+00 -4.5547751875015825e+00 2.3460862161772509e+00 -1.0485865666403107e-02 9.5735140000000000e-03 8.6473257999999997e-01
1.3656347718564099e-01 -9.7408562244224655e+01 8.9712912333180639e-01 2.0819929212699182e+00 1.4760499583381870e+00 -4.8215355178787620e+00 2.3184617391849525e+00 -5.5571901294515511e-03 9.2909130999999992e-03 8.7416548999999999e-01
1.3990166356879935e-01 -1.0090415415597388e+02 9.0460621014022724e-01 2.0927695528586781e+00 1.2629321976777530e+00 -5.1039383927121094e+00 2.2923808374548420e+00 -1.0893494260014668e-03 9.0001030000000006e-03 8.8331166999999999e-01
1.4313224975956929e-01 -1.0467609248037391e+02 9.1184228704484216e-01 2.1122168366768279e+00 1.0656223300189294e+00 -5.4034976564050989e+00 2.2677826227279216e+00 2.9655103686719825e-03 8.7013270999999996e-03 8.9216304000000002e-01
1.4625237065327240e-01 -1.0875070277234644e+02 9.1883093659799076e-01 2.1388442783165109e+00 8.8344978210409064e-01 -5.7219166238763668e+00 2.2446089733399814e+00 6.6497169935712322e-03 8.3948374000000006e-03 9.0071175000000003e-01
1.4925926334004680e-01 -1.1315792112743792e+02 9.2556597025460330e-01 2.1712985122583155e+00 7.1569092554665337e-01 -6.0611230023155525e+00 2.2228045048502345e+00 1.0000916800092838e-02 8.0808944000000001e-03 9.0895022999999997e-01
1.5215025250558767e-01 -1.1793192675869386e+02 9.3204139567183297e-01 2.2083546920139545e+00 5.6162688281773598e-01 -6.4233083211069699e+00 2.2023170561859740e+00 1.3052294809016311e-02 7.7597663000000001e-03 9.1687114999999997e-01
1.5492276503040669e-01 -1.2311197046071059e+02 9.3825144940942340e-01 2.2489107879671475e+00 4.2052166578538025e-01 -6.8109803066891956e+00 2.1830964495034877e+00 1.5833058302190711e-02 7.4317293999999999e-03 9.2446746000000002e-01
1.5757433363964712e-01 -1.2874340035198000e+02 9.4419060510480324e-01 2.2919768033184531e+00 2.9163920713504693e-01 -7.2270276160583773e+00 2.1650963278504225e+00 1.8368969484288334e-02 7.0970672000000004e-03 9.3173240000000002e-01
1.6010258960345369e-01 -1.3487894006953795e+02 9.4985355712289987e-01 2.3366582118144485e+00 1.7425147050234122e-01 -7.6748001838276272e+00 2.1482727647876914e+00 2.0682428839318309e-02 6.7560703000000000e-03 9.3865947999999999e-01
1.6250528098604733e-01 -1.4158038943041828e+02 9.5523526143160309e-01 2.3821842639401476e+00 6.7644215476527755e-02 -8.1582173097263322e+00 2.1325848774735028e+00 2.2793035519450135e-02 6.4090362999999996e-03 9.4524253000000003e-01
1.6478025074683578e-01 -1.4892075294619343e+02 9.6033088655120880e-01 2.4278508734428375e+00 -2.8875544800818199e-02 -8.6819004841929406e+00 2.1179944776666084e+00 2.4717821014483974e-02 6.0562691999999996e-03 9.5147563999999996e-01
1.6692547323856227e-01 -1.5698720380064947e+02 9.6513589530534571e-01 2.4730316159428050e+00 -1.1597826431695731e-01 -9.2513644306527585e+00 2.1044660967928532e+00 2.6471562542202884e-02 5.6980790999999996e-03 9.5735325999999998e-01
1.6893901770915692e-01 -1.6588486738432346e+02 9.6964596307004824e-01 2.5171945276075620e+00 -1.9430271857708867e-01 -9.8732527105041719e+00 2.0919670194484361e+00 2.8066984202013624e-02 5.3347821999999998e-03 9.6287009999999995e-01
1.7081908479988533e-01 -1.7574230640864590e+02 9.7385705952468404e-01 2.5598609787029534e+00 -2.6445655618903796e-01 -1.0555689495441625e+01 2.0804670510301171e+00 2.9515143440793198e-02 4.9667000000000001e-03 9.6802122999999995e-01
1.7256398099664461e-01 -1.8671896024662772e+02 9.7776539142630448e-01 2.6006180561485976e+00 -3.2701135277981086e-01 -1.1308750035118182e+01 2.0699386060980887e+00 3.0825377480203756e-02 4.5941591999999996e-03 9.7280200999999999e-01
1.7417214782848228e-01 -1.9901624426023531e+02 9.8136746801038566e-01 2.6391105393546219e+00 -3.8250198834901011e-01 -1.2145167730711186e+01 2.0603564189466970e+00 3.2005755108941561e-02 4.2174915999999996e-03 9.7720817000000004e-01
1.7564213266907724e-01 -2.1289369992924134e+02 9.8466003559008808e-01 2.6750197665502440e+00 -4.3142186727742243e-01 -1.3081361216269523e+01 2.0516977616188909e+00 3.3063098468733107e-02 3.8370333000000002e-03 9.8123572999999997e-01
1.7697261793525898e-01 -2.2869454655449692e+02 9.8764014295699720e-01 2.7080929071689992e+00 -4.7422517321018010e-01 -1.4139063189840037e+01 2.0439420578878456e+00 3.4003187325983820e-02 3.4531249000000000e-03 9.8488107999999996e-01
1.7816241013756273e-01 -2.4688674240027936e+02 9.9030511685584544e-01 2.7381010818790004e+00 -5.1132326011657747e-01 -1.5347938293510710e+01 2.0370710711683895e+00 3.4830876562047357e-02 3.0661112999999999e-03 9.8814095000000002e-01
1.7921043258059977e-01 -2.6813330119660446e+02 9.9265254563432692e-01 2.7648544886980426e+00 -5.4308427474371945e-01 -1.6750069510488803e+01 2.0310686962341231e+00 3.5550206266784276e-02 2.6763420000000000e-03 9.9101238999999997e-01
1.8011574726194662e-01 -2.9342231750456824e+02 9.9468032829365338e-01 2.7881965177599644e+00 -5.6983298780339464e-01 -1.8408260774489523e+01 2.0259208805414413e+00 3.6164520940317677e-02 2.2841723000000002e-03 9.9349282999999999e-01
1.8087754757251556e-01 -3.2432906100407968e+02 9.9638665813836891e-01 2.8079981535725471e+00 -5.9184989827176748e-01 -2.0422780008266479e+01 2.0216156104969008e+00 3.6676544300453737e-02 1.8899688000000000e-03 9.9558005999999999e-01
1.8149515464673949e-01 -3.6361940636237068e+02 9.9777001460125714e-01 2.8241543881930404e+00 -6.0937121743585965e-01 -2.2969924911368061e+01 2.0181428730875020e+00 3.7088436229109414e-02 1.4941295000000000e-03 9.9727222000000004e-01
1.8196806845998020e-01 -4.1695517119623054e+02 9.9882927769463681e-01 2.8365864403269487e+00 -6.2258946337823995e-01 -2.6411057684866378e+01 2.0154943388140141e+00 3.7401949609556798e-02 1.0971916000000000e-03 9.9856794000000004e-01
1.8229610652149386e-01 -4.9988879082550579e+02 9.9956403866387999e-01 2.8452402730463939e+00 -6.3165771796750769e-01 -3.1739961090588867e+01 2.0136625535374653e+00 3.7618490312081712e-02 7.0085733000000002e-04 9.9946672000000003e-01
