-8.8891124574116166e-03 -2.4776764218366552e+04 8.8901446464331804e-03 -1.6345054589819772e+04 -6.5829731666200041e+03 1.6009145470030317e+03 -1.0586256296489673e+03 -4.2347966455476671e+02 5.5301730000000003e-06 1.0230946000000001e-06
-8.8887764335101212e-03 -1.8555403317449880e+04 8.9088774648824320e-03 -1.0070635577320378e+04 -6.5553119680224354e+03 1.2006956456687258e+03 -6.5595516301754321e+02 -4.2223772696397015e+02 3.5894988000000002e-05 1.9923924999999999e-05
-8.8877222014604323e-03 -1.5666402219619262e+04 8.9676492888575866e-03 -7.0635024212409244e+03 -6.4691181062514888e+03 1.0147851019831350e+03 -4.6451468499342110e+02 -4.1836231618085270e+02 8.5619985000000003e-05 7.9222864999999994e-05
-8.8856351641660204e-03 -1.3768267040105269e+04 9.0839984252103819e-03 -4.9935962786446462e+03 -6.3010950382688743e+03 8.9255860325783351e+02 -3.3410291527808090e+02 -4.1078349122405348e+02 1.5173507999999999e-04 1.9661552000000001e-04
-8.8822399843607701e-03 -1.2355973313127392e+04 9.2732745053077572e-03 -3.3777001012624687e+03 -6.0350446085936519e+03 8.0152682206508871e+02 -2.3310970706911246e+02 -3.9871505330012576e+02 2.3255418000000001e-04 3.8758918999999998e-04
-8.8772862494564432e-03 -1.1234130881680332e+04 9.5494376478555930e-03 -2.0484002352577454e+03 -5.6626082242592629e+03 7.2911980278305327e+02 -1.5011798117380587e+02 -3.8167224242100389e+02 3.2689763000000001e-04 6.6622920000000002e-04
-8.8705419486986049e-03 -1.0306332330934065e+04 9.9254220974766740e-03 -9.4045794896429027e+02 -5.1843785177023801e+03 6.6913600344446365e+02 -8.0236902319007683e+01 -3.5951123523017310e+02 4.3385032000000002e-04 1.0455858000000000e-03
-8.8617898226673493e-03 -9.5178308740153807e+03 1.0413339734461046e-02 -3.0430753509664282e+01 -4.6106337264026979e+03 6.1805461454197780e+02 -2.1302692148328994e+01 -3.3246115454554570e+02 5.5265518999999999e-04 1.5378795000000000e-03
-8.8508251066825860e-03 -8.8345064832552125e+03 1.1024605876468665e-02 6.8764262630842393e+02 -3.9612645928233110e+03 5.7368228236509469e+02 2.7592140321404322e+01 -3.0113283102725700e+02 6.8265765000000004e-04 2.1546280000000000e-03
-8.8374540070292693e-03 -8.2336267676050575e+03 1.1770024226642006e-02 1.2147616762978450e+03 -3.2646238216374695e+03 5.3455861481501017e+02 6.6812997810193025e+01 -2.6649394359752239e+02 8.2327310000000005e-04 2.9067318999999999e-03
-8.8214926627069416e-03 -7.6992637494604505e+03 1.2659844754480842e-02 1.5544210916482566e+03 -2.5552129117586533e+03 4.9966123456830030e+02 9.6588853208550418e+01 -2.2980584393047079e+02 9.7396649000000004e-04 3.8045331000000002e-03
-8.8027663862979659e-03 -7.2198061913699376e+03 1.3703806016276354e-02 1.7170987054006139e+03 -1.8703266629035868e+03 4.6824565422547261e+02 1.1726009513236788e+02 -1.9252313017126207e+02 1.1342389000000000e-03 4.8578574999999999e-03
-8.7811091092857840e-03 -6.7865143494225968e+03 1.4911166077770262e-02 1.7224035647186902e+03 -1.2460008360482084e+03 4.3975223465662486e+02 1.2942240800659255e+02 -1.5616405781811835e+02 1.3036180000000001e-03 6.0760461999999999e-03
-8.7563629802662035e-03 -6.3926336088887774e+03 1.6290724913260474e-02 1.5990959691159776e+03 -7.1279843593213729e+02 4.1374910969250124e+02 1.3398721271553143e+02 -1.2216583912133454e+02 1.4816515000000000e-03 7.4679780999999997e-03
-8.7283780396052255e-03 -6.0328257831790170e+03 1.7850842542929984e-02 1.3831872116443797e+03 -2.9208390910014913e+02 3.8989555441934016e+02 1.3216958187675650e+02 -9.1743403180610528e+01 1.6679024999999999e-03 9.0420881999999994e-03
-8.6970119989885943e-03 -5.7027913340431742e+03 1.9599451322621669e-02 1.1145037012800362e+03 6.5645854301093287e+00 3.6791764555950203e+02 1.2541511386593361e+02 -6.5771964317912023e+01 1.8619452999999999e-03 1.0806380000000001e-02
-8.6621300369717959e-03 -5.3990097362485012e+03 2.1544067341613272e-02 8.3232363449677428e+02 1.8629339117728730e+02 3.4759152768456551e+02 1.1528206628057285e+02 -4.4711462575688628e+01 2.0633631000000000e-03 1.2768437000000001e-02
-8.6236047047552802e-03 -5.1185571908310749e+03 2.3691795675505015e-02 5.7087062065655914e+02 2.6201289686499263e+02 3.2873166750285316e+02 1.0330023000834159e+02 -2.8585454296319831e+01 2.2717459999999998e-03 1.4935428000000001e-02
-8.5813157679579238e-03 -4.8589744404689282e+03 2.6049339207106333e-02 3.5550062533162276e+02 2.5763710933800132e+02 3.1118232397033546e+02 9.0831115308037766e+01 -1.7018093955307268e+01 2.4866887000000002e-03 1.7314116000000001e-02
-8.5351502101726900e-03 -4.6181704374701849e+03 2.8622998428213715e-02 2.0031438233330948e+02 2.0197962532349564e+02 2.9481134005346235e+02 7.8953536432451159e+01 -9.3230152123350543e+00 2.7077901999999999e-03 1.9910858000000000e-02
-8.4850020374057540e-03 -4.3943489806228681e+03 3.1418682341830248e-02 1.0765621888005323e+02 1.2405206196076320e+02 2.7950540956031739e+02 6.8393612255656976e+01 -4.6282172571331053e+00 2.9346520999999999e-03 2.2731616000000000e-02
-8.4307723847460662e-03 -4.1859543527510386e+03 3.4441902515500403e-02 6.9583361275557067e+01 4.8652945601151288e+01 2.6516657134570494e+02 5.9509766734235271e+01 -2.0148657467146860e+00 3.1668782999999998e-03 2.5781951000000001e-02
-8.3723694096957922e-03 -3.9916282413654990e+03 3.7697779027975269e-02 7.0968362936788324e+01 -6.9184135474172175e+00 2.5170943080293372e+02 5.2332206190971604e+01 -6.4526280115958090e-01 3.4040742000000001e-03 2.9067029000000001e-02
-8.3097082210572583e-03 -3.8101763030282546e+03 4.1191044433655996e-02 9.3551790809106308e+01 -3.4430978838433504e+01 2.3905900301761287e+02 4.6645863403510845e+01 1.4131832417802404e-01 3.6458464000000000e-03 3.2591624999999999e-02
-8.2427109856025270e-03 -3.6405421555812909e+03 4.4926037815928632e-02 1.2006517768955933e+02 -3.4369407951776672e+01 2.2714903893958629e+02 4.2097565532742664e+01 7.7894405361764640e-01 3.8918026000000000e-03 3.6360116999999997e-02
-8.1713067858473019e-03 -3.4817858845538012e+03 4.8906712716051015e-02 1.3755816214436248e+02 -1.3891412106489405e+01 2.1592063866860482e+02 3.8304480692846440e+01 1.4751034753231855e+00 4.1415510999999999e-03 4.0376493999999999e-02
-8.0954316733857137e-03 -3.3330671618188844e+03 5.3136634159820229e-02 1.3928853332216377e+02 1.6300307296310748e+01 2.0532116594116405e+02 3.4942603378737346e+01 2.2533072895304320e+00 4.3947007000000003e-03 4.4644352999999998e-02
-8.0150286688903186e-03 -3.1936313197176414e+03 5.7618978657572525e-02 1.2490914987927655e+02 4.5349217926673994e+01 1.9530335323293286e+02 3.1800430845712121e+01 3.0225649740068885e+00 4.6508610999999997e-03 4.9166899000000000e-02
-7.9300476909990592e-03 -3.0627977692823051e+03 6.2356538168626907e-02 9.9116125579930198e+01 6.5077007637163305e+01 1.8582455683795590e+02 2.8792478745184710e+01 3.6538320454848665e+00 4.9096423000000002e-03 5.3946949000000001e-02
-7.8404456452065598e-03 -2.9399506502224776e+03 6.7351715145730656e-02 6.9287221764481259e+01 7.1643379169129318e+01 1.7684615894758582e+02 2.5937315424242314e+01 4.0444734486014928e+00 5.1706551000000002e-03 5.8986927000000001e-02
-7.7461862638597851e-03 -2.8245306582338567e+03 7.2606531455057258e-02 4.2844317127879741e+01 6.5778199133090169e+01 1.6833304217640705e+02 2.3312670194311536e+01 4.1573513646505020e+00 5.4335110000000002e-03 6.4288872999999996e-02
-7.6472402661623843e-03 -2.7160285675593145e+03 7.8122619456208561e-02 2.5068625972619838e+01 5.1729411872830646e+01 1.6025317843608019e+02 2.1004095473469345e+01 4.0295030451974769e+00 5.6978226000000002e-03 6.9854434000000007e-02
-7.5435851803920852e-03 -2.6139793548389812e+03 8.3901231913323410e-02 1.7892647664162453e+01 3.5399195240206986e+01 1.5257725175348503e+02 1.9062739008251786e+01 3.7541624506501479e+00 5.9632034000000004e-03 7.5684873999999999e-02
-7.4352054327919952e-03 -2.5179574489304327e+03 8.9943237039523366e-02 1.9861090661845239e+01 2.2307087222139522e+01 1.4527835907970370e+02 1.7482875989753808e+01 3.4465551211894963e+00 6.2292681999999997e-03 8.1781068999999998e-02
-7.3220922764575588e-03 -2.4275726080096370e+03 9.6249122461356140e-02 2.7101353506687321e+01 1.5988650565526349e+01 1.3833174125672042e+02 1.6202506054159127e+01 3.2068148862648647e+00 6.4956331999999999e-03 8.8143510999999994e-02
-7.2042437913365561e-03 -2.3424661480752079e+03 1.0281899521879564e-01 3.4870933414764110e+01 1.7235274244223739e+01 1.3171455789981039e+02 1.5123097691495513e+01 3.0921759251680845e+00 6.7619166000000000e-03 9.4772308000000000e-02
-7.0816647775595355e-03 -2.2623079620707153e+03 1.0965258771190714e-01 3.9137757737665304e+01 2.4280156987089217e+01 1.2540568272131030e+02 1.4139356017652588e+01 3.1059344387554217e+00 7.0277381999999996e-03 1.0166719000000000e-01
-6.9543667376615534e-03 -2.1867937229030954e+03 1.1674925869195815e-01 3.7710548768549799e+01 3.3739137349075335e+01 1.1938553783503714e+02 1.3168150092631898e+01 3.2044605999546976e+00 7.2927204000000001e-03 1.0882751000000000e-01
-6.8223681254778326e-03 -2.1156426659523095e+03 1.2410797938586628e-01 3.0637518442191986e+01 4.1911329302136899e+01 1.1363595361227712e+02 1.2167558832677809e+01 3.3177510107615276e+00 7.5564877000000004e-03 1.1625223000000000e-01
-6.6856938305741818e-03 -2.0485952064166368e+03 1.3172736223841447e-01 1.9854554542343852e+01 4.5987362253801642e+01 1.0814001382390965e+02 1.1141218918692497e+01 3.3753916052580091e+00 7.8186677999999999e-03 1.2393994999999999e-01
-6.5443751426904756e-03 -1.9854111363895729e+03 1.3960566289447260e-01 8.2989232311928340e+00 4.4804166983053491e+01 1.0288194348602445e+02 1.0128484175531231e+01 3.3291870295356345e+00 8.0788911000000008e-03 1.3188891000000000e-01
-6.3984502850884927e-03 -1.9258682333861173e+03 1.4774075046567162e-01 -1.1575380007415039e+00 3.8976286074147957e+01 9.7847027343768048e+01 9.1852418107901386e+00 3.1658880119907971e+00 8.3367917000000003e-03 1.4009695999999999e-01
-6.2479637034214656e-03 -1.8697604873166777e+03 1.5613014717483809e-01 -6.5999827062466014e+00 3.0453903715484294e+01 9.3021492267773951e+01 8.3625022819153578e+00 2.9074706606717080e+00 8.5920070000000005e-03 1.4856159999999999e-01
-6.0929664212993027e-03 -1.8168969790320818e+03 1.6477100853377702e-01 -7.5281224555627562e+00 2.1730253143470165e+01 8.8392439023085032e+01 7.6895997856818088e+00 2.6005474913739652e+00 8.8441787999999997e-03 1.5727996000000000e-01
-5.9335156847233660e-03 -1.7671005683164410e+03 1.7366014316548906e-01 -4.8075098965548060e+00 1.4999396380468127e+01 8.3947762819131015e+01 7.1664674599358431e+00 2.2997337683933834e+00 9.0929527999999999e-03 1.6624881999999999e-01
-5.7696749620864702e-03 -1.7202068881198893e+03 1.8279401280417060e-01 -2.0462633252458329e-01 1.1535281089418406e+01 7.9676083923135849e+01 6.7660390083080930e+00 2.0508788358596060e+00 9.3379794999999995e-03 1.7546460999999999e-01
-5.6015137663902679e-03 -1.6760633757610553e+03 1.9216874220632252e-01 4.2834677521952997e+00 1.1451057046507062e+01 7.5566688974689143e+01 6.4444722085446777e+00 1.8793018880793040e+00 9.5789143999999993e-03 1.8492342000000001e-01
-5.4291081885930927e-03 -1.6345285473173140e+03 2.0178008941742392e-01 7.0626280622959303e+00 1.3853135322421519e+01 7.1609490274308357e+01 6.1549556287477483e+00 1.7858005937137635e+00 9.8154178999999998e-03 1.9462097000000000e-01
-5.2525400086968895e-03 -1.5954710447203272e+03 2.1162349532747582e-01 7.3481375743413082e+00 1.7276158046118642e+01 6.7794955701861568e+01 5.8603485389262469e+00 1.7504144508496642e+00 1.0047156000000000e-02 2.0455266000000000e-01
-5.0718965179646046e-03 -1.5587688220512468e+03 2.2169409358210965e-01 5.2566809321337846e+00 2.0218262716996382e+01 6.4114063851285422e+01 5.5410855747078500e+00 1.7416298213298436e+00 1.0273801000000001e-02 2.1471357999999999e-01
-4.8872714078332484e-03 -1.5243089403314818e+03 2.3198666102704399e-01 1.6106614708335216e+00 2.1593034648003982e+01 6.0558283667171764e+01 5.1967714320733309e+00 1.7272797840862961e+00 1.0495031000000000e-02 2.2509846000000000e-01
-4.6987637032182214e-03 -1.4919865604291440e+03 2.4249567717473647e-01 -2.4349272048022446e+00 2.0975602711075869e+01 5.7119511212519804e+01 4.8421055084675118e+00 1.6837702732213502e+00 1.0710529999999999e-02 2.3570173000000000e-01
-4.5064779402959228e-03 -1.4617045909455824e+03 2.5321531429327532e-01 -5.7946220902251762e+00 1.8605376881064714e+01 5.3790053779133665e+01 4.4992914690108545e+00 1.6011559455292093e+00 1.0919989999999999e-02 2.4651751000000000e-01
-4.3105243442863673e-03 -1.4333732365614694e+03 2.6413942749527053e-01 -7.7582711720052711e+00 1.5190652571479898e+01 5.0562582025857807e+01 4.1898043533149263e+00 1.4834119455812542e+00 1.1123108000000000e-02 2.5753959999999998e-01
-4.1110182961053418e-03 -1.4069094944881708e+03 2.7526158447118004e-01 -8.1256340763431858e+00 1.1613016973793814e+01 4.7430109229018477e+01 3.9279954470916461e+00 1.3447125194479348e+00 1.1319591000000000e-02 2.6876150999999998e-01
-3.9080801545817974e-03 -1.3822367614244260e+03 2.8657507540041827e-01 -7.1643763116522017e+00 8.6403792798177133e+00 4.4385957659093435e+01 3.7179802879963217e+00 1.2035788216810945e+00 1.1509152000000000e-02 2.8017647000000001e-01
-3.7018354342404592e-03 -1.3592845184006067e+03 2.9807290304024758e-01 -5.4403014436238060e+00 6.7317058816083968e+00 4.1423733690244681e+01 3.5540419857747843e+00 1.0769843050164218e+00 1.1691511000000000e-02 2.9177742000000001e-01
-3.4924149830844404e-03 -1.3379880482322658e+03 3.0974777281466959e-01 -3.5980029292143003e+00 5.9722986840175469e+00 3.8537310264609189e+01 3.4236942741811518e+00 9.7608530895701973e-01 1.1866398000000000e-02 3.0355700000000002e-01
-3.2799535603343383e-03 -1.3182879778714255e+03 3.2159217210329455e-01 -2.1648992078697042e+00 6.1306068448123821e+00 3.5720784415213785e+01 3.3119857362058092e+00 9.0442017038428724e-01 1.2033550000000000e-02 3.1550762999999998e-01
-3.0645910809065239e-03 -1.3001301980922931e+03 3.3359830086358061e-01 -1.4340326449934151e+00 6.7909345334849087e+00 3.2968475077773242e+01 3.2055505621290372e+00 8.5855835900776367e-01 1.2192715000000000e-02 3.2762143999999999e-01
-2.8464717265000794e-03 -1.2834655344874786e+03 3.4575812118637744e-01 -1.4379284133852561e+00 7.5088990822202781e+00 3.0274891450228054e+01 3.0954177777928198e+00 8.3035439897397867e-01 1.2343646000000000e-02 3.3989032000000002e-01
-2.6257441233794119e-03 -1.2682495734366594e+03 3.5806334738481710e-01 -2.0016593808764833e+00 7.9372569039340410e+00 2.7634716871308484e+01 2.9780230030422814e+00 8.1013805193150223e-01 1.2486109000000000e-02 3.5230591000000000e-01
-2.4025606312437974e-03 -1.2544424390252116e+03 3.7050548563874924e-01 -2.8398137624749307e+00 7.8949907067759311e+00 2.5042783282184011e+01 2.8546446899131235e+00 7.8929779375049736e-01 1.2619877000000000e-02 3.6485963999999999e-01
-2.1770778765752216e-03 -1.2420086829145218e+03 3.8307580426141496e-01 -3.6596918504545122e+00 7.3739032474377959e+00 2.2494060799153985e+01 2.7297343705411787e+00 7.6213556193111653e-01 1.2744734000000001e-02 3.7754270000000001e-01
-1.9494562192905445e-03 -1.2309171221648921e+03 3.9576536343277263e-01 -4.2394831439798519e+00 6.4970563567299031e+00 1.9983635163454835e+01 2.6089204146125291e+00 7.2650034155408871e-01 1.2860473000000001e-02 3.9034606999999999e-01
-1.7198593971762700e-03 -1.2211407092167251e+03 4.0856503502171548e-01 -4.4677854896397085e+00 5.4534158557529437e+00 1.7506687603992312e+01 2.4972153661343723e+00 6.8337556438189684e-01 1.2966896000000000e-02 4.0326054000000000e-01
-1.4884548814537721e-03 -1.2126564756499845e+03 4.2146548276385426e-01 -4.3428128687566288e+00 4.4323768333256517e+00 1.5058484877581868e+01 2.3978567148424426e+00 6.3581417393047646e-01 1.3063819000000001e-02 4.1627669000000000e-01
-1.2554128100836217e-03 -1.2054454167383767e+03 4.3445722172816914e-01 -3.9439924520218441e+00 3.5772623434582149e+00 1.2634346847206245e+01 2.3119131235599220e+00 5.8767843798213681e-01 1.3151064000000001e-02 4.2938494999999999e-01
-1.0209070544612599e-03 -1.1994924857924220e+03 4.4753055885035797e-01 -3.3908967765914761e+00 2.9627133685339380e+00 1.0229665381763233e+01 2.2385173707978003e+00 5.4251557178349696e-01 1.3228465999999999e-02 4.4257553999999999e-01
-7.8511379715609335e-04 -1.1947865222840162e+03 4.6067567222170541e-01 -2.8038336470157632e+00 2.5965956360303286e+00 7.8398279560143322e+00 2.1754524096268204e+00 5.0284904168912636e-01 1.3295871000000001e-02 4.5583855000000001e-01
-5.4821224304195219e-04 -1.1913202682038025e+03 4.7388257144464835e-01 -2.2771193051023420e+00 2.4373338193004979e+00 5.4602598326658836e+00 2.1199460213223067e+00 4.6988304915160778e-01 1.3353135000000000e-02 4.6916390000000002e-01
-3.1038373038401804e-04 -1.1890903657110416e+03 4.8714114718831941e-01 -1.8656133092367708e+00 2.4179890495147367e+00 3.0863719448999660e+00 2.0693147956378999e+00 4.4360666920240899e-01 1.3400123999999999e-02 4.8254139000000001e-01
-7.1812086404060213e-05 -1.1880973981315656e+03 5.0044115136632938e-01 -1.5863997758127049e+00 2.4677511279186919e+00 7.1355585364583618e-01 2.0214080187087515e+00 4.2313495229732606e-01 1.3436718000000000e-02 4.9596067999999999e-01
1.6731708385003471e-04 -1.1883459462260305e+03 5.1377223678120243e-01 -1.4270039355009088e+00 2.5276768761949033e+00 -1.6628402475602115e+00 1.9748411611430188e+00 4.0710307123380529e-01 1.3462807000000000e-02 5.0941133000000005e-01
4.0681568637378381e-04 -1.1898446646311820e+03 5.2712391747994047e-01 -1.3584062586256447e+00 2.5574828433335544e+00 -4.0475208681131960e+00 1.9289352371953452e+00 3.9404132593023000e-01 1.3478291000000000e-02 5.2288276000000000e-01
6.4649473824965505e-04 -1.1926063905570468e+03 5.4048565795400250e-01 -1.3456138090107781e+00 2.5366248929297925e+00 -6.4452762902108347e+00 1.8836100392000836e+00 3.8271317939026744e-01 1.3483083000000000e-02 5.3636434000000000e-01
8.8616347873397491e-04 -1.1966482775839086e+03 5.5384682358376036e-01 -1.3557163276998696e+00 2.4603376605350946e+00 -8.8609922715380520e+00 1.8391756706621762e+00 3.7219114271733039e-01 1.3477108000000000e-02 5.4984533999999996e-01
1.1256297248221723e-03 -1.2019919498092268e+03 5.6719670046071624e-01 -1.3621634724410963e+00 2.3346921214742955e+00 -1.1299672563957365e+01 1.7961002558133603e+00 3.6193411478323456e-01 1.3460300999999999e-02 5.6331494999999998e-01
1.3647004045966131e-03 -1.2086636996064367e+03 5.8052452512082908e-01 -1.3460532990958904e+00 2.1720738474316517e+00 -1.3766466686558715e+01 1.7548679647143366e+00 3.5174713042685452e-01 1.3432611000000001e-02 5.7676231000000000e-01
1.6031819127918217e-03 -1.2166947205822482e+03 5.9381950436673148e-01 -1.2952319402447869e+00 1.9876613204190885e+00 -1.6266692157005451e+01 1.7158710342181402e+00 3.4169197142655022e-01 1.3393997000000000e-02 5.9017653000000003e-01
1.8408795774466410e-03 -1.2261213462909959e+03 6.0707078553440408e-01 -1.2037421308597269e+00 1.7975519813037837e+00 -1.8805854973197825e+01 1.6793511117894249e+00 3.3199881390930069e-01 1.3344429999999999e-02 6.0354666000000001e-01
2.0775983710346942e-03 -1.2369853624539426e+03 6.2026749613761001e-01 -1.0708704015900989e+00 1.6175425988805530e+00 -2.1389681849705561e+01 1.6453607339947047e+00 3.2298486324616349e-01 1.3283893999999999e-02 6.1686173000000000e-01
2.3131436215948313e-03 -1.2493343784532456e+03 6.3339878351233003e-01 -9.0049796994671238e-01 1.4622908845939064e+00 -2.4024155403205704e+01 1.6138035358423695e+00 3.1497730115553607e-01 1.3212384000000001e-02 6.3011079000000003e-01
2.5473199460354420e-03 -1.2632221690316303e+03 6.4645375535010963e-01 -7.0072312459271036e-01 1.3442546981063546e+00 -2.6715533144968340e+01 1.5844466804563484e+00 3.0826015109256699e-01 1.3129907000000000e-02 6.4328284999999996e-01
2.7799324946127663e-03 -1.2787091550145235e+03 6.5942154907582096e-01 -4.8330430107064465e-01 1.2727672664842589e+00 -2.9470393734839476e+01 1.5569535018610088e+00 3.0303335159220107e-01 1.3036481000000001e-02 6.5636695000000000e-01
3.0107871287134869e-03 -1.2958629314279153e+03 6.7229134175877070e-01 -2.6236709463333696e-01 1.2526274167111422e+00 -3.2295675824350845e+01 1.5309182092664402e+00 2.9940604222731987e-01 1.2932137999999999e-02 6.6935217000000002e-01
3.2396898875069018e-03 -1.3147587859041103e+03 6.8505232037937391e-01 -5.3456054659759500e-02 1.2841509653376773e+00 -3.5198712030050757e+01 1.5059212525943195e+00 2.9735481758464843e-01 1.2816919000000000e-02 6.8222760000000005e-01
3.4664480546406015e-03 -1.3354804184059865e+03 6.9769374129580708e-01 1.2885671063415866e-01 1.3618440454222709e+00 -3.8187286021249868e+01 1.4815539975307455e+00 2.9675890241740205e-01 1.2690879000000000e-02 6.9498240000000000e-01
3.6908698026752399e-03 -1.3581206345132209e+03 7.1020491042178968e-01 2.7248294713783311e-01 1.4759691317422807e+00 -4.1269677545023178e+01 1.4574607345685580e+00 2.9738955410600115e-01 1.2554085000000000e-02 7.0760577999999996e-01
3.9127643708671469e-03 -1.3827821966101264e+03 7.2257519313769381e-01 3.6946972724244154e-01 1.6133278607518429e+00 -4.4454720201002146e+01 1.4333644158265466e+00 2.9893211799126312e-01 1.2406611999999999e-02 7.2008700999999997e-01
4.1319429540813985e-03 -1.4095788101132941e+03 7.3479406384608659e-01 4.1649163697950209e-01 1.7589978592496067e+00 -4.7751876023853320e+01 1.4090901985303736e+00 3.0104482987608039e-01 1.2248551000000000e-02 7.3241546999999996e-01
4.3482181694439719e-03 -1.4386361776153474e+03 7.4685107623840541e-01 4.1533271534260291e-01 1.8980914816458165e+00 -5.1171294966361430e+01 1.3845693858259489e+00 3.0332289504442217e-01 1.2080001999999999e-02 7.4458062000000003e-01
4.5614044119069701e-03 -1.4700932184575452e+03 7.5873588311717388e-01 3.7252741017967245e-01 2.0176928479156464e+00 -5.4723902809333012e+01 1.3598356768502011e+00 3.0550426057403340e-01 1.1901076999999999e-02 7.5657202000000001e-01
4.7713182098138556e-03 -1.5041035004883679e+03 7.7043825621822049e-01 2.9755696020028111e-01 2.1079677343412722e+00 -5.8421492475797031e+01 1.3350174652491817e+00 3.0719926603695369e-01 1.1711898000000000e-02 7.6837935000000002e-01
4.9777787582472848e-03 -1.5408369177336035e+03 7.8194811594400371e-01 2.0231726052652466e-01 2.1629850457615061e+00 -6.2276835694378896e+01 1.3103082018800456e+00 3.0820496736471109e-01 1.1512599000000000e-02 7.7999244000000001e-01
5.1806070301160419e-03 -1.5804813552262419e+03 7.9325548180806937e-01 9.9080669134096369e-02 2.1809731037775815e+00 -6.6303781458001851e+01 1.2859383237701940e+00 3.0837030405061694e-01 1.1303326000000001e-02 7.9140122000000002e-01
5.3796275539811662e-03 -1.6232450584960136e+03 8.0435057154613676e-01 -7.1026521820265231e-04 2.1638942599151108e+00 -7.0517425000348510e+01 1.2621632075239533e+00 3.0762469036881507e-01 1.1084235000000000e-02 8.0259581999999996e-01
5.5746668140124502e-03 -1.6693588253324017e+03 8.1522371191612109e-01 -8.7594320924138214e-02 2.1168448157930531e+00 -7.4934223969479461e+01 1.2392258610272258e+00 3.0598825368051197e-01 1.0855490000000001e-02 8.1356647999999998e-01
5.7655548500319311e-03 -1.7190790254169849e+03 8.2586542789811146e-01 -1.5449893516966806e-01 2.0469991931173350e+00 -7.9572209629205290e+01 1.2173283583366108e+00 3.0357429696182114e-01 1.0617270000000000e-02 8.2430364000000000e-01
5.9521249019486872e-03 -1.7726908537605464e+03 8.3626642287215303e-01 -1.9736687382330045e-01 1.9623995032480188e+00 -8.4451184348874818e+01 1.1966376871715330e+00 3.0040083363509329e-01 1.0369760000000000e-02 8.3479791999999997e-01
6.1342135875414403e-03 -1.8305121439899092e+03 8.4641758852935667e-01 -2.1480474889412057e-01 1.8715096868435601e+00 -8.9592964395424644e+01 1.1772641381618414e+00 2.9675062664506335e-01 1.0113159000000000e-02 8.4504013000000000e-01
6.3116610802411710e-03 -1.8928978975543139e+03 8.5631001478300683e-01 -2.0767294798458430e-01 1.7817722379640408e+00 -9.5021664674194227e+01 1.1592705677506596e+00 2.9275844192028333e-01 9.8476710000000005e-03 8.5502127999999999e-01
6.4843111091311186e-03 -1.9602455203195270e+03 8.6593498976856176e-01 -1.7912464027559519e-01 1.6996253479559755e+00 -1.0076402363552035e+02 1.1426537509548353e+00 2.8860720127998335e-01 9.5735140000000000e-03 8.6473257999999997e-01
6.6520118478598442e-03 -2.0330013938143934e+03 8.7528404939919746e-01 -1.3320505760894166e-01 1.6296032446152298e+00 -1.0684982981283389e+02 1.1273785385172510e+00 2.8445298028362070e-01 9.2909130999999992e-03 8.7416548999999999e-01
6.8146150257281692e-03 -2.1116680122028638e+03 8.8434892781026331e-01 -7.4484920884523631e-02 1.5748833384739740e+00 -1.1331235559355531e+02 1.1133755872773645e+00 2.8043440058927965e-01 9.0001030000000006e-03 8.8331166999999999e-01
6.9719769943848500e-03 -2.1968133662160963e+03 8.9312161682593494e-01 -8.0931154157768779e-03 1.5370189982280935e+00 -1.2018895787462066e+02 1.1005401012019576e+00 2.7666983087908154e-01 8.7013270999999996e-03 8.9216304000000002e-01
7.1239581944787383e-03 -2.2890815394372562e+03 9.0159433622588803e-01 6.1483775462826948e-02 1.5159865284668599e+00 -1.2752173791098001e+02 1.0887912416387953e+00 2.7322984082780616e-01 8.3948374000000006e-03 9.0071175000000003e-01
7.2704240445718507e-03 -2.3892064358733173e+03 9.0975958330084139e-01 1.2915337409967056e-01 1.5107185089825155e+00 -1.3535841160254762e+02 1.0779770361372987e+00 2.7016443896676745e-01 8.0808944000000001e-03 9.0895022999999997e-01
7.4112442300089156e-03 -2.4980276208519590e+03 9.1761009320812292e-01 1.9468044706482726e-01 1.5194725675648950e+00 -1.4375330270532311e+02 1.0680055077645130e+00 2.6749882312715267e-01 7.7597663000000001e-03 9.1687114999999997e-01
7.5462934140478194e-03 -2.6165109602824446e+03 9.2513887861610344e-01 2.5278165073662279e-01 1.5399171371121885e+00 -1.5276864498966438e+02 1.0587744341377374e+00 2.6523962464744216e-01 7.4317293999999999e-03 9.2446746000000002e-01
7.6754514156422218e-03 -2.7457741897194128e+03 9.3233923961530629e-01 3.0283646307204393e-01 1.5694311578961273e+00 -1.6247620072902140e+02 1.0501944012731648e+00 2.6335741654309591e-01 7.0970672000000004e-03 9.3173240000000002e-01
7.7986028538763394e-03 -2.8871187677139328e+03 9.3920474389618924e-01 3.4412362788845002e-01 1.6055855324390602e+00 -1.7295926780923219e+02 1.0421927291370823e+00 2.6181119612179177e-01 6.7560703000000000e-03 9.3865947999999999e-01
7.9156380368779929e-03 -3.0420722246132736e+03 9.4572927630468839e-01 3.7630260193067872e-01 1.6459357604113105e+00 -1.8431537049526662e+02 1.0346976724450470e+00 2.6058316354134858e-01 6.4090362999999996e-03 9.4524253000000003e-01
8.0264518951229449e-03 -3.2124407844692473e+03 9.5190697937556590e-01 3.9982027346834459e-01 1.6884084106011741e+00 -1.9665957959337752e+02 1.0276733587233822e+00 2.5964162930160617e-01 6.0562691999999996e-03 9.5147563999999996e-01
8.1309457592610261e-03 -3.4003833577174250e+03 9.5773235244349686e-01 4.1535802036472097e-01 1.7311935020881892e+00 -2.1012923222305531e+02 1.0244666388851651e+00 2.5892758277718453e-01 5.6980790999999996e-03 9.5735325999999998e-01
8.2290255822899949e-03 -3.6085051980933317e+03 9.6320015253198232e-01 4.2395830445045324e-01 1.7729371559676128e+00 -2.2488986023282320e+02 1.0149116073999112e+00 2.5839693219197674e-01 5.3347821999999998e-03 9.6287009999999995e-01
8.3206037173816777e-03 -3.8399936969570676e+03 9.6830549346443651e-01 4.2660065743882414e-01 1.8127972831976467e+00 -2.4114385909389370e+02 1.0091399290535157e+00 2.5801990629881255e-01 4.9667000000000001e-03 9.6802122999999995e-01
8.4055976734036843e-03 -4.0988026596301643e+03 9.7304377648642548e-01 4.2438799454121251e-01 1.8494352707951720e+00 -2.5914221595280083e+02 1.0037633854139525e+00 2.5775483820466905e-01 4.5941591999999996e-03 9.7280200999999999e-01
8.4839315371802865e-03 -4.3899265608360311e+03 9.7741076955453732e-01 4.1855125912972529e-01 1.8827900722558379e+00 -2.7920203814914487e+02 9.9878745059471319e-01 2.5758810316663949e-01 4.2174915999999996e-03 9.7720817000000004e-01
8.5555345512315466e-03 -4.7197996888742555e+03 9.8140252804751160e-01 4.1003784331419457e-01 1.9125508479211768e+00 -3.0173203814578221e+02 9.9421027962904596e-01 2.5748140180848883e-01 3.8370333000000002e-03 9.8123572999999997e-01
8.6203425360341958e-03 -5.0969266160098587e+03 9.8501547405511025e-01 3.9988601959720632e-01 1.9387666125738214e+00 -3.2727289578615182e+02 9.9004537181040675e-01 2.5741982769810517e-01 3.4531249000000000e-03 9.8488107999999996e-01
8.6782973566738100e-03 -5.5328948262762024e+03 9.8824636664479049e-01 3.8886388172954378e-01 1.9611768585184577e+00 -3.5656211265260214e+02 9.8629808497267124e-01 2.5738925236737925e-01 3.0661112999999999e-03 9.8814095000000002e-01
8.7293465672795695e-03 -6.0441077302450685e+03 9.9109228203948752e-01 3.7776133743123447e-01 1.9802428514527040e+00 -3.9064510397102214e+02 9.8297967631296057e-01 2.5738480938615621e-01 2.6763420000000000e-03 9.9101238999999997e-01
8.7734444777199626e-03 -6.6549866621928159e+03 9.9355067308426737e-01 3.6712386821015747e-01 1.9960642964354500e+00 -4.3108067393674258e+02 9.8010071195684145e-01 2.5738502387678497e-01 2.2841723000000002e-03 9.9349282999999999e-01
8.8105517980375282e-03 -7.4044222314155259e+03 9.9561934942410857e-01 3.5749527914978269e-01 2.0088724902437280e+00 -4.8035525444471955e+02 9.7766731509652249e-01 2.5741473760581463e-01 1.8899688000000000e-03 9.9558005999999999e-01
8.8406354606662615e-03 -8.3606205592690130e+03 9.9729646759279433e-01 3.4920674870777568e-01 2.0188985804481114e+00 -5.4283674922938133e+02 9.7568654659559606e-01 2.5739476414772527e-01 1.4941295000000000e-03 9.9727222000000004e-01
8.8636711093881930e-03 -9.6630426376915129e+03 9.9858066976843329e-01 3.4261758581799273e-01 2.0263308681434764e+00 -6.2747053551207944e+02 9.7416514578308711e-01 2.5740113005528864e-01 1.0971916000000000e-03 9.9856794000000004e-01
8.8796498550726723e-03 -1.1694372488473373e+04 9.9947146039559109e-01 3.3789801983231693e-01 2.0314848700505141e+00 -7.5883852470574095e+02 9.7310770967837956e-01 2.5741228896922003e-01 7.0085733000000002e-04 9.9946672000000003e-01
