-4.6483118689956643e-01 -6.2296732190093019e+02 4.6483268556141677e-01 -6.5327252996343771e+02 -1.7243971154839451e+02 4.1050767064402116e+01 -4.3017191213651763e+01 -1.1188434836043159e+01 5.5301730000000003e-06 1.0230946000000001e-06
-4.6481361547275551e-01 -4.6005584195505583e+02 4.6484280067841133e-01 -4.9026419022056791e+02 -1.7242812517378604e+02 3.0479433716824140e+01 -3.2441487614274770e+01 -1.1187912651496923e+01 3.5894988000000002e-05 1.9923924999999999e-05
-4.6475848736662884e-01 -3.8444486158462723e+02 4.6487453556534797e-01 -4.1440207393283185e+02 -1.7239177840306991e+02 2.5570690853320425e+01 -2.7520993353657143e+01 -1.1186274506154135e+01 8.5619985000000003e-05 7.9222864999999994e-05
-4.6464935160900250e-01 -3.3481661873636938e+02 4.6493736034153482e-01 -3.6434307942717874e+02 -1.7231984144682946e+02 2.2345816530215888e+01 -2.4276037332297456e+01 -1.1183032145005061e+01 1.5173507999999999e-04 1.9661552000000001e-04
-4.6447181021033390e-01 -2.9794614375742287e+02 4.6503956331220048e-01 -3.2684946471389168e+02 -1.7220286553861612e+02 1.9946645946692431e+01 -2.1847696670767949e+01 -1.1177759292947417e+01 2.3255418000000001e-04 3.8758918999999998e-04
-4.6421276854715365e-01 -2.6871654766366623e+02 4.6518868249061035e-01 -2.9679851481420775e+02 -1.7203230450487300e+02 1.8041134179094009e+01 -1.9903612352400984e+01 -1.1170069943830821e+01 3.2689763000000001e-04 6.6622920000000002e-04
-4.6386009426824298e-01 -2.4460063838566421e+02 4.6539170195115503e-01 -2.7166353333994522e+02 -1.7180030754189900e+02 1.6465428296583102e+01 -1.8279829216915818e+01 -1.1159608848495166e+01 4.3385032000000002e-04 1.0455858000000000e-03
-4.6340242640201956e-01 -2.2416356899886904e+02 4.6565516171804333e-01 -2.5001169679625150e+02 -1.7149961216038196e+02 1.5126463738509194e+01 -1.6883337843991388e+01 -1.1146046523650428e+01 5.5265518999999999e-04 1.5378795000000000e-03
-4.6282905735425095e-01 -2.0650920296740819e+02 4.6598522569415901e-01 -2.3095249339183820e+02 -1.7112348619956549e+02 1.3966224508556254e+01 -1.5656293883578456e+01 -1.1129076432814159e+01 6.8265765000000004e-04 2.1546280000000000e-03
-4.6212985322652944e-01 -1.9104104944605075e+02 4.6638772753029828e-01 -2.1389527271843639e+02 -1.7066569560993753e+02 1.2946044768323478e+01 -1.4560292803738264e+01 -1.1108413359960975e+01 8.2327310000000005e-04 2.9067318999999999e-03
-4.6129519952387832e-01 -1.7733891986950056e+02 4.6686820187897271e-01 -1.9842903563318939e+02 -1.7012048919754056e+02 1.2038821728594829e+01 -1.3568563613866640e+01 -1.1083792524621021e+01 9.7396649000000004e-04 3.8045331000000002e-03
-4.6031596145808745e-01 -1.6509633148978079e+02 4.6743190724607725e-01 -1.8425679743095819e+02 -1.6948259290827278e+02 1.1224783055952912e+01 -1.2661727544537657e+01 -1.1054969137314744e+01 1.1342389000000000e-03 4.8578574999999999e-03
-4.5918345494218754e-01 -1.5408197030404713e+02 4.6808384268812731e-01 -1.7115770083259008e+02 -1.6874721069450405e+02 1.0489054850457926e+01 -1.1825331359920371e+01 -1.1021718254516180e+01 1.3036180000000001e-03 6.0760461999999999e-03
-4.5788942558003792e-01 -1.4411652394486950e+02 4.6882875990705247e-01 -1.5896363081944014e+02 -1.6791003027969882e+02 9.8201202179066627e+00 -1.1048332586440070e+01 -1.0983834866928497e+01 1.4816515000000000e-03 7.4679780999999997e-03
-4.5642603165346984e-01 -1.3505784930213491e+02 4.6967117304376849e-01 -1.4754414327059146e+02 -1.6696722205246729e+02 9.2088773135134616e+00 -1.0322120016326297e+01 -1.0941134054689190e+01 1.6679024999999999e-03 9.0420881999999994e-03
-4.5478583259444993e-01 -1.2679108391522786e+02 4.7061536531425852e-01 -1.3679648666054891e+02 -1.6591548121624876e+02 8.6479908366580034e+00 -9.6398887280615160e+00 -1.0893451276464159e+01 1.8619452999999999e-03 1.0806380000000001e-02
-4.5296177829394052e-01 -1.1922189446842734e+02 4.7166539516400380e-01 -1.2663869934687183e+02 -1.6475198749282657e+02 8.1314471787656224e+00 -8.9961588398081318e+00 -1.0840642634561146e+01 2.0633631000000000e-03 1.2768437000000001e-02
-4.5094720417467937e-01 -1.1227161907419823e+02 4.7282509910437320e-01 -1.1700474185894456e+02 -1.6347444855345640e+02 7.6542611692392732e+00 -8.3864845895407569e+00 -1.0782585242820929e+01 2.2717459999999998e-03 1.4935428000000001e-02
-4.4873582291716740e-01 -1.0587397899291790e+02 4.7409809647561724e-01 -1.0784095754580888e+02 -1.6208109821866285e+02 7.2122262193667090e+00 -7.8072202430428570e+00 -1.0719177457212384e+01 2.4866887000000002e-03 1.7314116000000001e-02
-4.4632172464560166e-01 -9.9972400270256983e+01 4.7548778933983438e-01 -9.9103478217381792e+01 -1.6057070618058970e+02 6.8017674989367904e+00 -7.2553520459815033e+00 -1.0650339214946074e+01 2.7077901999999999e-03 1.9910858000000000e-02
-4.4369936670156829e-01 -9.4518175484921088e+01 4.7699736836781770e-01 -9.0756230988736249e+01 -1.5894257862957252e+02 6.4198129595864568e+00 -6.7283706756605293e+00 -1.0576012760727510e+01 2.9346520999999999e-03 2.2731616000000000e-02
-4.4086357922202796e-01 -8.9469021165925895e+01 4.7862980962804752e-01 -8.2769456372474025e+01 -1.5719656673571893e+02 6.0637007495652187e+00 -6.2241761210292665e+00 -1.0496160287334094e+01 3.1668782999999998e-03 2.5781951000000001e-02
-4.3780955956133061e-01 -8.4787959029771031e+01 4.8038787779769887e-01 -7.5118518397112368e+01 -1.5533306377453698e+02 5.7311059523552013e+00 -5.7410016192525406e+00 -1.0410768672636051e+01 3.4040742000000001e-03 2.9067029000000001e-02
-4.3453286857255796e-01 -8.0442401246456711e+01 4.8227412830331251e-01 -6.7782969322427505e+01 -1.5335300352145902e+02 5.4199836018841090e+00 -5.2773542007654646e+00 -1.0319843844375360e+01 3.6458464000000000e-03 3.2591624999999999e-02
-4.3102943618550943e-01 -7.6403520486071585e+01 4.8429090410978826e-01 -6.0745823883694662e+01 -1.5125785858738604e+02 5.1285243970613594e+00 -4.8319685833617223e+00 -1.0223415798664925e+01 3.8918026000000000e-03 3.6360116999999997e-02
-4.2729555396938773e-01 -7.2645643297446156e+01 4.8644034000172742e-01 -5.3992937471846467e+01 -1.4904962901136292e+02 4.8551179771887885e+00 -4.4037679666617295e+00 -1.0121535360558704e+01 4.1415510999999999e-03 4.0376493999999999e-02
-4.2332787792179183e-01 -6.9145815809664015e+01 4.8872436097792948e-01 -4.7512521421049939e+01 -1.4673083413467259e+02 4.5983241402151442e+00 -3.9918338780848748e+00 -1.0014274098338928e+01 4.3947007000000003e-03 4.4644352999999998e-02
-4.1912342846871703e-01 -6.5883429361448123e+01 4.9114468225139207e-01 -4.1294733683713986e+01 -1.4430449919044659e+02 4.3568490140815817e+00 -3.5953804435359777e+00 -9.9017262681029745e+00 4.6508610999999997e-03 4.9166899000000000e-02
-4.1467958674589755e-01 -6.2839913932721203e+01 4.9370281138998229e-01 -3.5331330573208788e+01 -1.4177413708961106e+02 4.1295252322372642e+00 -3.2137329365872618e+00 -9.7840047184373891e+00 4.9096423000000002e-03 5.3946949000000001e-02
-4.0999409924712821e-01 -5.9998486212200014e+01 4.9640004564059764e-01 -2.9615386558732300e+01 -1.3914373209620743e+02 3.9152959545860120e+00 -2.8463104599189935e+00 -9.6612427469138282e+00 5.1706551000000002e-03 5.8986927000000001e-02
-4.0506506945728588e-01 -5.7343929792416276e+01 4.9923747674567648e-01 -2.4141038785451848e+01 -1.3641770961322484e+02 3.7132008176001632e+00 -2.4926104863331013e+00 -9.5335925813873175e+00 5.4335110000000002e-03 6.4288872999999996e-02
-3.9989096621930781e-01 -5.4862419133517420e+01 5.0221598612668750e-01 -1.8903288910676778e+01 -1.3360092994017694e+02 3.5223646639565169e+00 -2.1521965653424653e+00 -9.4012248103744227e+00 5.6978226000000002e-03 6.9854434000000007e-02
-3.9447061443754916e-01 -5.2541359740583580e+01 5.0533625023580808e-01 -1.3897813972192864e+01 -1.3069863885298605e+02 3.3419877024163616e+00 -1.8246870388804191e+00 -9.2643272445607234e+00 5.9632034000000004e-03 7.5684873999999999e-02
-3.8880319972610394e-01 -5.0369258252860803e+01 5.0859873788008547e-01 -9.1208179085526080e+00 -1.2771644073262485e+02 3.1713371574889524e+00 -1.5097460199329396e+00 -9.1231040609199994e+00 6.2292681999999997e-03 8.1781068999999998e-02
-3.8288826469014847e-01 -4.8335606394195246e+01 5.1200371236210773e-01 -4.5688950881529680e+00 -1.2466028189640427e+02 3.0097400288214793e+00 -1.2070751733185898e+00 -8.9777746566573544e+00 6.4956331999999999e-03 8.8143510999999994e-02
-3.7672570892594082e-01 -4.6430781530212720e+01 5.1555123148000392e-01 -2.3891841338465000e-01 -1.2153640344436658e+02 2.8565769042374547e+00 -9.1640684080707946e-01 -8.8285722125573489e+00 6.7619166000000000e-03 9.4772308000000000e-02
-3.7031578344283567e-01 -4.4645958540379034e+01 5.1924115073845134e-01 3.8720670649236979e+00 -1.1835130657090112e+02 2.7112764469694643e+00 -6.3749779232379322e-01 -8.6757435526108821e+00 7.0277381999999996e-03 1.0166719000000000e-01
-3.6365908973361943e-01 -4.2973033914177627e+01 5.2307312388384331e-01 7.7669242489584995e+00 -1.1511171605715236e+02 2.5733107109803006e+00 -3.7012409935572022e-01 -8.5195455402543523e+00 7.2927204000000001e-03 1.0882751000000000e-01
-3.5675659278981087e-01 -4.1404561991378749e+01 5.2704659541193899e-01 1.1448491123635378e+01 -1.1182454870064173e+02 2.4421912678768285e+00 -1.1407713644285511e-01 -8.3602474237343216e+00 7.5564877000000004e-03 1.1625223000000000e-01
-3.4960959414139636e-01 -3.9933688967664146e+01 5.3116081608773169e-01 1.4919656918840749e+01 -1.0849685867435520e+02 2.3174650091454754e+00 1.3084387987652601e-01 -8.1981253580103015e+00 7.8186677999999999e-03 1.2393994999999999e-01
-3.4221972999750178e-01 -3.8554101368928045e+01 5.3541484401578443e-01 1.8183411230559148e+01 -1.0513581234311299e+02 2.1987110013069970e+00 3.6482422799571657e-01 -8.0334631825551668e+00 8.0788911000000008e-03 1.3188891000000000e-01
-3.3458899913632073e-01 -3.7259984620676597e+01 5.3980752858519387e-01 2.1242874195853659e+01 -1.0174864190786461e+02 2.0855380798075602e+00 5.8805369903432081e-01 -7.8665510665787739e+00 8.3367917000000003e-03 1.4009695999999999e-01
-3.2671972571854335e-01 -3.6045974255797027e+01 5.4433753187630518e-01 2.4101346105877646e+01 -9.8342603128908650e+01 1.9775812641570993e+00 8.0071540655398388e-01 -7.6976834317611473e+00 8.5920070000000005e-03 1.4856159999999999e-01
-3.1861457788064196e-01 -3.4907121966232580e+01 5.4900331795735458e-01 2.6762326609833906e+01 -9.4924940226954831e+01 1.8745013249892097e+00 1.0029943063490179e+00 -7.5271578010448810e+00 8.8441787999999997e-03 1.5727996000000000e-01
-3.1027654914158553e-01 -3.3838859791847476e+01 5.5380316358782633e-01 2.9229540725551374e+01 -9.1502852609721984e+01 1.7759806844831005e+00 1.1950759733599634e+00 -7.3552731836328755e+00 9.0929527999999999e-03 1.6624881999999999e-01
-3.0170895840283962e-01 -3.2836968265039488e+01 5.5873515821845332e-01 3.1506950855943579e+01 -8.8083442345026754e+01 1.6817218176766708e+00 1.3771497059443480e+00 -7.1823287234437210e+00 9.3379794999999995e-03 1.7546460999999999e-01
-2.9291544065172359e-01 -3.1897551186833070e+01 5.6379720934289534e-01 3.3598766832653034e+01 -8.4673685778074599e+01 1.5914465667128730e+00 1.5494093387644088e+00 -7.0086221084856097e+00 9.5789143999999993e-03 1.8492342000000001e-01
-2.8389997485133900e-01 -3.1017011777124040e+01 5.6898702644270305e-01 3.5509441931186529e+01 -8.1280405106656730e+01 1.5048940827531734e+00 1.7120535223695557e+00 -6.8344489999185587e+00 9.8154178999999998e-03 1.9462097000000000e-01
-2.7466683745735587e-01 -3.0192027955865672e+01 5.7430214774571153e-01 3.7243682318955635e+01 -7.7910230647826197e+01 1.4218192371209151e+00 1.8652872244491840e+00 -6.6601008301824445e+00 1.0047156000000000e-02 2.0455266000000000e-01
-2.6522059312136970e-01 -2.9419528580784348e+01 5.7973994557771835e-01 3.8806439829671646e+01 -7.4569564226021328e+01 1.3419913138292316e+00 2.0093221543599387e+00 -6.4858635356133210e+00 1.0273801000000001e-02 2.1471357999999999e-01
-2.5556614117411525e-01 -2.8696681722119035e+01 5.8529759960409111e-01 4.0202894021599327e+01 -7.1264564868744273e+01 1.2651936799865413e+00 2.1443761864257223e+00 -6.3120173032757299e+00 1.0495031000000000e-02 2.2509846000000000e-01
-2.4570865984561027e-01 -2.8020872818745552e+01 5.9097212893983864e-01 4.1438448663684454e+01 -6.8001110274507610e+01 1.1912203993011690e+00 2.2706742652717198e+00 -6.1388346009189867e+00 1.0710529999999999e-02 2.3570173000000000e-01
-2.3565361556179806e-01 -2.7389690786789984e+01 5.9676038679793253e-01 4.2518712540728806e+01 -6.4784778260239889e+01 1.1198782435326531e+00 2.3884480769641061e+00 -5.9665794183674672e+00 1.0919989999999999e-02 2.4651751000000000e-01
-2.2540677224119027e-01 -2.6800914976773441e+01 6.0265905513762863e-01 4.3449480187058022e+01 -6.1620831235073481e+01 1.0509839161338685e+00 2.4979356682754883e+00 -5.7955065773250531e+00 1.1123108000000000e-02 2.5753959999999998e-01
-2.1497416340493850e-01 -2.6252501093604621e+01 6.0866466071950276e-01 4.4236712169207799e+01 -5.8514194329454995e+01 9.8436355171145795e-01 2.5993813863570745e+00 -5.6258604874099953e+00 1.1319591000000000e-02 2.6876150999999998e-01
-2.0436208288019175e-01 -2.5742570025529396e+01 6.1477358045712949e-01 4.4886520529172515e+01 -5.5469429858884872e+01 9.1985189837576065e-01 2.6930354581701312e+00 -5.4578744211595094e+00 1.1509152000000000e-02 2.8017647000000001e-01
-1.9357709409673912e-01 -2.5269397938898305e+01 6.2098203606540314e-01 4.5405131591495781e+01 -5.2490747063669950e+01 8.5729168286204727e-01 2.7791532779712149e+00 -5.2917700483837811e+00 1.1691511000000000e-02 2.9177742000000001e-01
-1.8262603938365246e-01 -2.4831407781416527e+01 6.2728608870885982e-01 4.5798884165599588e+01 -4.9581984995840692e+01 7.9653298664968397e-01 2.8579947530253191e+00 -5.1277571218061260e+00 1.1866398000000000e-02 3.0355700000000002e-01
-1.7151596559614435e-01 -2.4427157836296093e+01 6.3368168181510565e-01 4.6074150409826188e+01 -4.6746591195495348e+01 7.3743222174768386e-01 2.9298241257111819e+00 -4.9660318685206057e+00 1.2033550000000000e-02 3.1550762999999998e-01
-1.6025418919206746e-01 -2.4055337256442165e+01 6.4016460361306726e-01 4.6237387261876940e+01 -4.3987643902341127e+01 6.7985192190196619e-01 2.9949087374681862e+00 -4.8067781586207978e+00 1.2192715000000000e-02 3.2762143999999999e-01
-1.4884824974870059e-01 -2.3714757582395045e+01 6.4673051389138392e-01 4.6295062410721741e+01 -4.1307827762386772e+01 6.2365994107184153e-01 3.0535185768228255e+00 -4.6501659619037508e+00 1.2343646000000000e-02 3.3989032000000002e-01
-1.3730591925939184e-01 -2.3404347272072815e+01 6.5337493864672946e-01 4.6253630459057760e+01 -3.8709458487747270e+01 5.6872899017934886e-01 3.1059252965267161e+00 -4.4963518249384302e+00 1.2486109000000000e-02 3.5230591000000000e-01
-1.2563516494698707e-01 -2.3123145527814831e+01 6.6009329149052709e-01 4.6119543518336549e+01 -3.6194462510876981e+01 5.1493596501804773e-01 3.1524020583816568e+00 -4.3454783150325742e+00 1.2619877000000000e-02 3.6485963999999999e-01
-1.1384417715375833e-01 -2.2870298595384902e+01 6.6688085759391269e-01 4.5899174585929075e+01 -3.3764402304816592e+01 4.6216163015649614e-01 3.1932216318030560e+00 -4.1976743951403019e+00 1.2744734000000001e-02 3.7754270000000001e-01
-1.0194134145147588e-01 -2.2645055112700440e+01 6.7373280974277150e-01 4.5598830615023225e+01 -3.1420478463101901e+01 4.1029000588434061e-01 3.2286566480598138e+00 -4.0530553015782775e+00 1.2860473000000001e-02 3.9034606999999999e-01
-8.9935220048122211e-02 -2.2446762537303243e+01 6.8064421904109462e-01 4.5224721112764975e+01 -2.9163538202672701e+01 3.5920787768793250e-01 3.2589783795894158e+00 -3.9117225111367011e+00 1.2966896000000000e-02 4.0326054000000000e-01
-7.7834570381177970e-02 -2.2274864678113005e+01 6.8761004420762251e-01 4.4782939331040566e+01 -2.6994093510507700e+01 3.0880444618822844e-01 3.2844560143306856e+00 -3.7737643154815008e+00 1.3063819000000001e-02 4.1627669000000000e-01
-6.5648289337765120e-02 -2.2128898802280375e+01 6.9462516368591609e-01 4.4279440542111878e+01 -2.4912326506951491e+01 2.5897067187633960e-01 3.3053560431659763e+00 -3.6392555332381957e+00 1.3151064000000001e-02 4.2938494999999999e-01
-5.3385469034503530e-02 -2.2008494678312161e+01 7.0168434353428533e-01 4.3720025576236942e+01 -2.2918118920300696e+01 2.0959910717294550e-01 3.3219414221131309e+00 -3.5082585950324607e+00 1.3228465999999999e-02 4.4257553999999999e-01
-4.1055322444369102e-02 -2.1913372640169104e+01 7.0878228023921808e-01 4.3110328917112973e+01 -2.1011047105885329e+01 1.6058317410100997e-01 3.3344710427481861e+00 -3.3808232506043305e+00 1.3295871000000001e-02 4.5583855000000001e-01
-2.8667220583264597e-02 -2.1843343436815672e+01 7.1591357930866584e-01 4.2455794040978233e+01 -1.9190422828706165e+01 1.1181691198163302e-01 3.3431990803679805e+00 -3.2569872978708077e+00 1.3353135000000000e-02 4.6916390000000002e-01
-1.6230646026805851e-02 -2.1798307899302678e+01 7.2307278203043657e-01 4.1761672359852803e+01 -1.7455295438801070e+01 6.3194378559154663e-02 3.3483744339945369e+00 -3.1367770581698378e+00 1.3400123999999999e-02 4.8254139000000001e-01
-3.7552115036075251e-03 -2.1778257645521293e+01 7.3025435476883738e-01 4.1033006708704839e+01 -1.5804478361441795e+01 1.4609306392191490e-02 3.3502400771769718e+00 -3.0202079065793352e+00 1.3436718000000000e-02 4.9596067999999999e-01
8.7493772912883849e-03 -2.1783276171637624e+01 7.3745271037138949e-01 4.0274620864614789e+01 -1.4236563317955122e+01 -3.4045469507137938e-02 3.3490330909606043e+00 -2.9072846564889523e+00 1.3462807000000000e-02 5.0941133000000005e-01
2.1273284509840840e-02 -2.1813540507897823e+01 7.4466218676211304e-01 3.9491118408117622e+01 -1.2749946670909891e+01 -8.2878319751793939e-02 3.3449833314078168e+00 -2.7980025582571755e+00 1.3478291000000000e-02 5.2288276000000000e-01
3.3806627820795465e-02 -2.1869323722946543e+01 7.5187709510663581e-01 3.8686869521188129e+01 -1.1342839715469676e+01 -1.3199959506131176e-01 3.3383139449090025e+00 -2.6923472468126977e+00 1.3483083000000000e-02 5.3636434000000000e-01
4.6339431926469943e-02 -2.1950998011661618e+01 7.5909169305379853e-01 3.7866012060922507e+01 -1.0013295283537536e+01 -1.8152194257457488e-01 3.3292406148608911e+00 -2.5902958566217960e+00 1.3477108000000000e-02 5.4984533999999996e-01
5.8861647156040142e-02 -2.2059038433673003e+01 7.6630019543901340e-01 3.7032447745371883e+01 -8.7592253850072836e+00 -2.3156088058271895e-01 3.3179713837945415e+00 -2.4918175642720115e+00 1.3460300999999999e-02 5.6331494999999998e-01
7.1363177355467711e-02 -2.2194027558158599e+01 7.7349679033929974e-01 3.6189831239141064e+01 -7.5784185402365072e+00 -2.8223545292494256e-01 3.3047064506694115e+00 -2.3968740720921828e+00 1.3432611000000001e-02 5.7676231000000000e-01
8.3833898480786373e-02 -2.2356661400663651e+01 7.8067564977664039e-01 3.5341619801718124e+01 -6.4685615715955000e+00 -3.3366888596822453e-01 3.2896379771600586e+00 -2.3054201863474817e+00 1.3393997000000000e-02 5.9017653000000003e-01
9.6263630708173231e-02 -2.2547754995158709e+01 7.8783091366294689e-01 3.4490965769089350e+01 -5.4272432139426519e+00 -3.8598909980320106e-01 3.2729498289347800e+00 -2.2174047320722639e+00 1.3344429999999999e-02 6.0354666000000001e-01
1.0864217562051981e-01 -2.2768250519719487e+01 7.9495671120677369e-01 3.3640873212355388e+01 -4.4519942297627910e+00 -4.3932953052076174e-01 3.2548181739487534e+00 -2.1327709525772471e+00 1.3283893999999999e-02 6.1686173000000000e-01
1.2095935339400310e-01 -2.3019226251558042e+01 8.0204718232003203e-01 3.2794041875798420e+01 -3.5402886919723913e+00 -4.9383003037826478e-01 3.2354103885950400e+00 -2.0514569482492493e+00 1.3212384000000001e-02 6.3011079000000003e-01
1.3320494701822905e-01 -2.3301905346676712e+01 8.0909644550791904e-01 3.1952994564640765e+01 -2.6895614217215207e+00 -5.4963741704055247e-01 3.2148858494477635e+00 -1.9733967216497652e+00 1.3129907000000000e-02 6.4328284999999996e-01
1.4536876737273219e-01 -2.3617668126721160e+01 8.1609863533066740e-01 3.1120025695251176e+01 -1.8972234252498630e+00 -6.0690664406918726e-01 3.1933957305758303e+00 -1.8985203620796360e+00 1.3036481000000001e-02 6.5636695000000000e-01
1.5744066252361766e-01 -2.3968065148416322e+01 8.2304790775522474e-01 3.0297219139820054e+01 -1.1606744534221163e+00 -6.6580181592706988e-01 3.1710831030420952e+00 -1.8267546192537583e+00 1.2932137999999999e-02 6.6935217000000002e-01
1.6941048983363360e-01 -2.4354830928340537e+01 8.2993842410021679e-01 2.9486464167417292e+01 -4.7731765880744637e-01 -7.2649712168659963e-01 3.1480830576467373e+00 -1.7580236769155488e+00 1.2816919000000000e-02 6.8222760000000005e-01
1.8126817174202736e-01 -2.4779901962495423e+01 8.3676438314601986e-01 2.8689431940460043e+01 1.5543380476010571e-01 -7.8917829791346261e-01 3.1245228284629842e+00 -1.6922493667169092e+00 1.2690879000000000e-02 6.9498240000000000e-01
1.9300367717126032e-01 -2.5245434990412608e+01 8.4352001043140334e-01 2.7907643032392045e+01 7.4013288505129249e-01 -8.5404386105597196e-01 3.1005220234093911e+00 -1.6293518307546129e+00 1.2554085000000000e-02 7.0760577999999996e-01
2.0460703082365017e-01 -2.5753828581169881e+01 8.5019956360520843e-01 2.7142419638766864e+01 1.2793073098676706e+00 -9.2130662669431240e-01 3.0761927460624356e+00 -1.5692492367408672e+00 1.2406611999999999e-02 7.2008700999999997e-01
2.1606835966458515e-01 -2.6307749444816544e+01 8.5679735918474087e-01 2.6394920900360873e+01 1.7754403444042097e+00 -9.9119564223475143e-01 3.0516399045131504e+00 -1.5118617007553539e+00 1.2248551000000000e-02 7.3241546999999996e-01
2.2737786503259549e-01 -2.6910159200306644e+01 8.6330775650073588e-01 2.5666149445080897e+01 2.2309641608679081e+00 -1.0639579018706171e+00 3.0269613125859776e+00 -1.4571044933276092e+00 1.2080001999999999e-02 7.4458062000000003e-01
2.3852584123263887e-01 -2.7564346934273711e+01 8.6972516840071412e-01 2.4956960081669095e+01 2.6482536403750250e+00 -1.1398605684890240e+00 3.0022480443404547e+00 -1.4048957577730010e+00 1.1901076999999999e-02 7.5657202000000001e-01
2.4950269412938642e-01 -2.8273966580109718e+01 8.7604407195234035e-01 2.4268069379473946e+01 3.0296209326673238e+00 -1.2191934907480830e+00 2.9775846854072636e+00 -1.3551531004625290e+00 1.1711898000000000e-02 7.6837935000000002e-01
2.6029896903715055e-01 -2.9043080764394624e+01 8.8225902449845828e-01 2.3600064120404621e+01 3.3773124670207038e+00 -1.3022716847574092e+00 2.9530494645646495e+00 -1.3077946224548336e+00 1.1512599000000000e-02 7.7999244000000001e-01
2.7090530423667114e-01 -2.9876205744502009e+01 8.8836463689869793e-01 2.2953413350192573e+01 3.6934965260635781e+00 -1.3894399719444652e+00 2.9287148764984794e+00 -1.2627393961260247e+00 1.1303326000000001e-02 7.9140122000000002e-01
2.8131252394154338e-01 -3.0778373898523231e+01 8.9435562704626181e-01 2.2328476086483100e+01 3.9802720945865073e+00 -1.4810745143636934e+00 2.9046474088472207e+00 -1.2199072296256728e+00 1.1084235000000000e-02 8.0259581999999996e-01
2.9151155462843303e-01 -3.1755191565590604e+01 9.0022677170281695e-01 2.1725510259333596e+01 4.2396567728168257e+00 -1.5775880532237703e+00 2.8809083969141649e+00 -1.1792197459834530e+00 1.0855490000000001e-02 8.1356647999999998e-01
3.0149350870686076e-01 -3.2812921026230974e+01 9.0597295466360317e-01 2.1144683140990530e+01 4.4735885123661276e+00 -1.6794350114138412e+00 2.8575539561770293e+00 -1.1405993805312389e+00 1.0617270000000000e-02 8.2430364000000000e-01
3.1124966592591707e-01 -3.3958564392744726e+01 9.1158915605407498e-01 2.0586078582466744e+01 4.6839242809496504e+00 -1.7871169327548688e+00 2.8346353735461349e+00 -1.1039715232776011e+00 1.0369760000000000e-02 8.3479791999999997e-01
3.2077148267090494e-01 -3.5199969823732651e+01 9.1707045768158113e-01 2.0049706126318895e+01 4.8724378351897926e+00 -1.9011889370610460e+00 2.8121993853479230e+00 -1.0692622801341034e+00 1.0113159000000000e-02 8.4504013000000000e-01
3.3005060125998231e-01 -3.6545951973061115e+01 9.2241204838704238e-01 1.9535509497713569e+01 5.0408195148170023e+00 -2.0222675115589657e+00 2.7902884590566797e+00 -1.0364001923401533e+00 9.8476710000000005e-03 8.5502127999999999e-01
3.3907884994416282e-01 -3.8006431047659476e+01 9.2760922404495205e-01 1.9043374131956870e+01 5.1906777096735084e+00 -2.1510398578094434e+00 2.7689410829985119e+00 -1.0053159793501563e+00 9.5735140000000000e-03 8.6473257999999997e-01
3.4784828939052870e-01 -3.9592610772785804e+01 9.3265741432176918e-01 1.8573132804637389e+01 5.3235384528633833e+00 -2.2882734812878596e+00 2.7481919387085760e+00 -9.7594252033171536e-01 9.2909130999999992e-03 8.7416548999999999e-01
3.5635116619901752e-01 -4.1317171606720287e+01 9.3755215591752483e-01 1.8124575847519804e+01 5.4408468086165485e+00 -2.4348307808109229e+00 2.7280723015210220e+00 -9.4821513897177079e-01 9.0001030000000006e-03 8.8331166999999999e-01
3.6457996868227871e-01 -4.3194522510981727e+01 9.4228912467589421e-01 1.7697454534958506e+01 5.5439674743608078e+00 -2.5916834536765130e+00 2.7086101884672891e+00 -9.2207150153788497e-01 8.7013270999999996e-03 8.9216304000000002e-01
3.7252739897574516e-01 -4.5241088133207562e+01 9.4686411952916094e-01 1.7291489969324882e+01 5.6341870691465283e+00 -2.7599309265243495e+00 2.6898306599516646e+00 -8.9745183615078772e-01 8.3948374000000006e-03 9.0071175000000003e-01
3.8018641952084697e-01 -4.7475677269751856e+01 9.5127308925661003e-01 1.6906376847982795e+01 5.7127159463668402e+00 -2.9408238048824527e+00 2.6717559736157437e+00 -8.7429880848850172e-01 8.0808944000000001e-03 9.0895022999999997e-01
3.8755021587844052e-01 -4.9919912494100899e+01 9.5551211107781331e-01 1.6541791432843876e+01 5.7806890762838048e+00 -3.1357908233206997e+00 2.6544059295978366e+00 -8.5255772290295029e-01 7.7597663000000001e-03 9.1687114999999997e-01
3.9461223391537970e-01 -5.2598784729675479e+01 9.5957741205934366e-01 1.6197391586719878e+01 5.8391689798583615e+00 -3.3464740622659286e+00 2.6377979904755082e+00 -8.3217639713711322e-01 7.4317293999999999e-03 9.2446746000000002e-01
4.0136618910115818e-01 -5.5541341409976894e+01 9.6346537446645453e-01 1.5872826812762233e+01 5.8891484453205489e+00 -3.5747725355473472e+00 2.6219474878975562e+00 -8.1310528061201370e-01 7.0970672000000004e-03 9.3173240000000002e-01
4.0780604791462416e-01 -5.8781628186790797e+01 9.6717252505972140e-01 1.5567743810157133e+01 5.9315518561470491e+00 -3.8228963957164726e+00 2.6068678934920757e+00 -7.9529739988247672e-01 6.7560703000000000e-03 9.3865947999999999e-01
4.1392607432719453e-01 -6.2359407830459389e+01 9.7069556185343631e-01 1.5281782644750253e+01 5.9672366955003984e+00 -4.0934393681429260e+00 2.5925708388596087e+00 -7.7870840489959325e-01 6.4090362999999996e-03 9.4524253000000003e-01
4.1972077402299757e-01 -6.6322406885191157e+01 9.7403132200553477e-01 1.5014588302080073e+01 5.9970014508662493e+00 -4.3894680638672314e+00 2.5790665570504405e+00 -7.6329658272560652e-01 6.0562691999999996e-03 9.5147563999999996e-01
4.2518498736530108e-01 -7.0727457816207121e+01 9.7717683533438293e-01 1.4765808486085257e+01 6.0215790512163174e+00 -4.7146483062964615e+00 2.5663637162817738e+00 -7.4902270637643453e-01 5.6980790999999996e-03 9.5735325999999998e-01
4.3031379643008483e-01 -7.5643426102460509e+01 9.8012927080199108e-01 1.4535101837899726e+01 6.0416470652181840e+00 -5.0734046050384816e+00 2.5544698617312660e+00 -7.3585017104124917e-01 5.3347821999999998e-03 9.6287009999999995e-01
4.3510261797246763e-01 -8.1154738936645231e+01 9.8288599003079968e-01 1.4322136125754964e+01 6.0578243136636658e+00 -5.4711514864119390e+00 2.5433913437137536e+00 -7.2374492681614122e-01 4.9667000000000001e-03 9.6802122999999995e-01
4.3954713835020875e-01 -8.7366294467360419e+01 9.8544450984192922e-01 1.4126594317140388e+01 6.0706773684059101e+00 -5.9146072709948569e+00 2.5331335950773139e+00 -7.1267546311315322e-01 4.5941591999999996e-03 9.7280200999999999e-01
4.4364338789684910e-01 -9.4410726004827737e+01 9.8780254506860898e-01 1.3948173404359398e+01 6.0807205235846826e+00 -6.4122609995896145e+00 2.5237011203985662e+00 -7.0261269943046423e-01 4.2174915999999996e-03 9.7720817000000004e-01
4.4738766654857010e-01 -1.0245903007249834e+02 9.8995796574274852e-01 1.3786590572494136e+01 6.0884184201901181e+00 -6.9750518109498598e+00 2.5150977398867096e+00 -6.9353012928902436e-01 3.8370333000000002e-03 9.8123572999999997e-01
4.5077661821733506e-01 -1.1173717026477233e+02 9.9190883990836598e-01 1.3641580545369511e+01 6.0941876463656133e+00 -7.6174417056072423e+00 2.5073265620403271e+00 -6.8540363761645651e-01 3.4531249000000000e-03 9.8488107999999996e-01
4.5380720290096133e-01 -1.2255286761806309e+02 9.9365341756655290e-01 1.3512900862364440e+01 6.0983988111958132e+00 -8.3591424421974949e+00 2.5003901442530001e+00 -6.7821153228165565e-01 3.0661112999999999e-03 9.8814095000000002e-01
4.5647667808983439e-01 -1.3534118364396514e+02 9.9519011997211637e-01 1.3400331940551848e+01 6.1013779683702447e+00 -9.2280464893448872e+00 2.4942906065195607e+00 -6.7193459764337926e-01 2.6763420000000000e-03 9.9101238999999997e-01
4.5878265454676481e-01 -1.5074892867572279e+02 9.9651757174365119e-01 1.3303677225464595e+01 6.1034082465394635e+00 -1.0265696093558716e+01 2.4890295903317412e+00 -6.6655593554862125e-01 2.2841723000000002e-03 9.9349282999999999e-01
4.6072307771370247e-01 -1.6980402237823469e+02 9.9763459016018230e-01 1.3222764911134448e+01 6.1047313941620569e+00 -1.1538240382524998e+01 2.4846083711634428e+00 -6.6206099475805147e-01 1.8899688000000000e-03 9.9558005999999999e-01
4.6229621841509394e-01 -1.9430528542451466e+02 9.9854017980948662e-01 1.3157449291948973e+01 6.1055477929485482e+00 -1.3161652072968408e+01 2.4810279361189078e+00 -6.5843758381675765e-01 1.4941295000000000e-03 9.9727222000000004e-01
4.6350080301088104e-01 -2.2792249233105417e+02 9.9923360751159307e-01 1.3107606204506057e+01 6.1060191269378779e+00 -1.5373037886074561e+01 2.4782887307191173e+00 -6.5567556036848296e-01 1.0971916000000000e-03 9.9856794000000004e-01
4.6433636666892553e-01 -2.8069996127756815e+02 9.9971460568257087e-01 1.3073119087624594e+01 6.1062682010842195e+00 -1.8822849095382743e+01 2.4763899024682750e+00 -6.5376601702333248e-01 7.0085733000000002e-04 9.9946672000000003e-01
