-3.6869285512571848e-01 -6.9768025308768983e+02 3.6869425542875944e-01 -7.0705506728553974e+02 -1.8976960825971119e+02 4.5607654309869446e+01 -4.6213876809395018e+01 -1.2268590468754731e+01 5.5301730000000003e-06 1.0230946000000001e-06
-3.6867891789495144e-01 -5.1838619788722804e+02 3.6870618764377594e-01 -5.2765592354059743e+02 -1.8975387214367993e+02 3.4015274892062685e+01 -3.4616664620502462e+01 -1.2267882462292828e+01 3.5894988000000002e-05 1.9923924999999999e-05
-3.6863519161449015e-01 -4.3515085802576505e+02 3.6874362344354528e-01 -4.4414823266184902e+02 -1.8970450876576103e+02 2.8631441440546048e+01 -2.9220249315152003e+01 -1.2265661420257429e+01 8.5619985000000003e-05 7.9222864999999994e-05
-3.6854862777107866e-01 -3.8049242494351205e+02 3.6881773417683955e-01 -3.8902201354626737e+02 -1.8960681509681652e+02 2.5093225782707758e+01 -2.5660337517182164e+01 -1.2261265537417991e+01 1.5173507999999999e-04 1.9661552000000001e-04
-3.6840780622763886e-01 -3.3985630479177217e+02 3.6893829707511966e-01 -3.4770867775658138e+02 -1.8944797222132800e+02 2.2459575028882163e+01 -2.2995161258594106e+01 -1.2254117352025171e+01 2.3255418000000001e-04 3.8758918999999998e-04
-3.6820234064553908e-01 -3.0761104817722031e+02 3.6911420429406977e-01 -3.1457069542990320e+02 -1.8921640057546560e+02 2.0366391432444495e+01 -2.0860272182620982e+01 -1.2243694483014949e+01 3.2689763000000001e-04 6.6622920000000002e-04
-3.6792260793722348e-01 -2.8097750836369636e+02 3.6935369453991196e-01 -2.8682806395284075e+02 -1.8890148373678312e+02 1.8634023993569009e+01 -1.9075909691942652e+01 -1.2229516933388364e+01 4.3385032000000002e-04 1.0455858000000000e-03
-3.6755959685480732e-01 -2.5837690760376148e+02 3.6966448269870389e-01 -2.6290489016475476e+02 -1.8849342902191103e+02 1.7160457433979673e+01 -1.7540122317255971e+01 -1.2211140518249165e+01 5.5265518999999999e-04 1.5378795000000000e-03
-3.6710481439351733e-01 -2.3882475331575861e+02 3.7005383996805891e-01 -2.4182238940558545e+02 -1.8798319465108040e+02 1.5882117533912101e+01 -1.6189531106417494e+01 -1.2188153288124205e+01 6.8265765000000004e-04 2.1546280000000000e-03
-3.6655022259023318e-01 -2.2166461113617973e+02 3.7052864796641682e-01 -2.2293203207455181e+02 -1.8736245209840513e+02 1.4756654109284980e+01 -1.4982084046492004e+01 -1.2160173520505635e+01 8.2327310000000005e-04 2.9067318999999999e-03
-3.6588819546007384e-01 -2.0643608901312169e+02 3.7109543560133712e-01 -2.0578308128829809e+02 -1.8662357142907297e+02 1.3754399916421837e+01 -1.3888494476767240e+01 -1.2126848747188456e+01 9.7396649000000004e-04 3.8045331000000002e-03
-3.6511148750996325e-01 -1.9280316310889557e+02 3.7176040602628185e-01 -1.9005057053621852e+02 -1.8575961905899607e+02 1.2853734168679866e+01 -1.2887589157075267e+01 -1.2087855371606572e+01 1.1342389000000000e-03 4.8578574999999999e-03
-3.6421321073214924e-01 -1.8051255644864267e+02 3.7252945633737483e-01 -1.7549342049996227e+02 -1.8476436626317496e+02 1.2038388843746263e+01 -1.1963602302340268e+01 -1.2042898687893768e+01 1.3036180000000001e-03 6.0760461999999999e-03
-3.6318681793925228e-01 -1.6936821799245533e+02 3.7340819184092633e-01 -1.6192869494997942e+02 -1.8363229890655361e+02 1.1295796527735819e+01 -1.1104513572586873e+01 -1.1991713180400904e+01 1.4816515000000000e-03 7.4679780999999997e-03
-3.6202608927007934e-01 -1.5921494656468573e+02 3.7440193760633989e-01 -1.4921504205549022e+02 -1.8235863543635455e+02 1.0616030062654620e+01 -1.0300979554272821e+01 -1.1934062917350236e+01 1.6679024999999999e-03 9.0420881999999994e-03
-3.6072512304602250e-01 -1.4992751880221391e+02 3.7551574629431150e-01 -1.3724166268135505e+02 -1.8093934032726278e+02 9.9910982322282074e+00 -9.5456223701562894e+00 -1.1869742111095508e+01 1.8619452999999999e-03 1.0806380000000001e-02
-3.5927832729110587e-01 -1.4140321444429995e+02 3.7675440541685312e-01 -1.2592069635134639e+02 -1.7937114212602478e+02 9.4144616060967685e+00 -8.8325392895882597e+00 -1.1798575581876449e+01 2.0633631000000000e-03 1.2768437000000001e-02
-3.5768041582383320e-01 -1.3355657029636444e+02 3.7812244068321682e-01 -1.1518185514276783e+02 -1.7765154960273773e+02 8.8806925348221792e+00 -8.1569575489623407e+00 -1.1720419449886764e+01 2.2717459999999998e-03 1.4935428000000001e-02
-3.5592640169444184e-01 -1.2631557570840140e+02 3.7962412161852116e-01 -1.0496849865455521e+02 -1.7577886024829363e+02 8.3852285764157166e+00 -7.5149825508253985e+00 -1.1635161375773365e+01 2.4866887000000002e-03 1.7314116000000001e-02
-3.5401159733238013e-01 -1.1961889880005488e+02 3.8126346143749029e-01 -9.5234764812794751e+01 -1.7375217584717942e+02 7.9241927545424211e+00 -6.9034140007064622e+00 -1.1542721206245391e+01 2.7077901999999999e-03 1.9910858000000000e-02
-3.5193160643504778e-01 -1.1341377578471059e+02 3.8304422398882410e-01 -8.5943352044171775e+01 -1.7157140264347584e+02 7.4942566868931282e+00 -6.3196044585882287e+00 -1.1443050963603513e+01 2.9346520999999999e-03 2.2731616000000000e-02
-3.4968232839211955e-01 -1.0765444283206234e+02 3.8496991996735996e-01 -7.7063870647922698e+01 -1.6923725982769204e+02 7.0925390586676782e+00 -5.7613545002152646e+00 -1.1336135307865636e+01 3.1668782999999998e-03 2.5781951000000001e-02
-3.4725995386122155e-01 -1.0230089530337958e+02 3.8704381070191102e-01 -6.8571510091892307e+01 -1.6675127477908342e+02 6.7165253897080195e+00 -5.2268284645228444e+00 -1.1221991419754252e+01 3.4040742000000001e-03 2.9067029000000001e-02
-3.4466096181838274e-01 -9.7317923233519963e+01 3.8926891068049158e-01 -6.0445993120925955e+01 -1.6411577447797242e+02 6.3640052660858677e+00 -4.7144885634477083e+00 -1.1100668766959034e+01 3.6458464000000000e-03 3.2591624999999999e-02
-3.4188212398235790e-01 -9.2674359587152367e+01 3.9164798376247917e-01 -5.2670753791114457e+01 -1.6133387904639562e+02 6.0330241254736610e+00 -4.2230435274904217e+00 -1.0972249050488809e+01 3.8918026000000000e-03 3.6360116999999997e-02
-3.3892049891553017e-01 -8.8342459466220774e+01 3.9418354822906532e-01 -4.5232236280703702e+01 -1.5840948055767149e+02 5.7218429648998974e+00 -3.7514050153385083e+00 -1.0836845494757705e+01 4.1415510999999999e-03 4.0376493999999999e-02
-3.3577343423607242e-01 -8.4297410164909920e+01 3.9687787488933640e-01 -3.8119341164130560e+01 -1.5534722334612516e+02 5.4289068403104297e+00 -3.2986536594063769e+00 -1.0694602321642328e+01 4.3947007000000003e-03 4.4644352999999998e-02
-3.3243856661794752e-01 -8.0516927518445371e+01 3.9973298708027399e-01 -3.1322957769847662e+01 -1.5215247587733870e+02 5.1528188670039938e+00 -2.8640101419341257e+00 -1.0545693936966870e+01 4.6508610999999997e-03 4.9166899000000000e-02
-3.2891381884135928e-01 -7.6980919202450025e+01 4.0275066319197989e-01 -2.4835565243204368e+01 -1.4883129963834338e+02 4.8923185903849369e+00 -2.4468112886761628e+00 -1.0390323837648097e+01 4.9096423000000002e-03 5.3946949000000001e-02
-3.2519740347968867e-01 -7.3671211733666965e+01 4.0593243351114455e-01 -1.8650907749715927e+01 -1.4539041386743583e+02 4.6462645232538486e+00 -2.0464901538797990e+00 -1.0228723585238509e+01 5.1706551000000002e-03 5.8986927000000001e-02
-3.2128781626300879e-01 -7.0571311890193783e+01 4.0927958590280461e-01 -1.2763700550195260e+01 -1.4183714840410087e+02 4.4136189132365606e+00 -1.6625587402605668e+00 -1.0061151207740240e+01 5.4335110000000002e-03 6.4288872999999996e-02
-3.1718384271456973e-01 -6.7666216695148890e+01 4.1279316012858508e-01 -7.1693998413218889e+00 -1.3817940449875331e+02 4.1934356269696753e+00 -1.2945939656989052e+00 -9.8878900160751613e+00 5.6978226000000002e-03 6.9854434000000007e-02
-3.1288455077692662e-01 -6.4942240949693641e+01 4.1647395415976352e-01 -1.8639848077850596e+00 -1.3442559617195627e+02 3.9848491868248490e+00 -9.4222480495273986e-01 -9.7092466254684169e+00 5.9632034000000004e-03 7.5684873999999999e-02
-3.0838929449887553e-01 -6.2386877503222834e+01 4.2032252102073797e-01 3.1562139564624538e+00 -1.3058460988113592e+02 3.7870659570783074e+00 -6.0512203748216542e-01 -9.5255493707930885e+00 6.2292681999999997e-03 8.1781068999999998e-02
-3.0369771108590460e-01 -5.9988672570060373e+01 4.2433917131425253e-01 7.8946697200200227e+00 -1.2666573372417942e+02 3.5993562642161416e+00 -2.8298895870117424e-01 -9.3371462930078515e+00 6.4956331999999999e-03 8.8143510999999994e-02
-2.9880972090019431e-01 -5.7737119468748581e+01 4.2852397322139735e-01 1.2354789285872069e+01 -1.2267859895637716e+02 3.4210477264576906e+00 2.4446396022301142e-02 -9.1444031260123069e+00 6.7619166000000000e-03 9.4772308000000000e-02
-2.9372552303629368e-01 -5.5622564333771329e+01 4.3287675628944711e-01 1.6540026910748619e+01 -1.1863312696268461e+02 3.2515193166348952e+00 3.1743834868620191e-01 -8.9477010284703518e+00 7.0277381999999996e-03 1.0166719000000000e-01
-2.8844559458373353e-01 -5.3636125261794525e+01 4.3739711206316700e-01 2.0453975026984509e+01 -1.1453945720846374e+02 3.0901963248154360e+00 5.9622921371612447e-01 -8.7474344485459472e+00 7.2927204000000001e-03 1.0882751000000000e-01
-2.8297070095044730e-01 -5.1769625013415535e+01 4.4208438524652383e-01 2.4100434526637308e+01 -1.1040789403604364e+02 2.9365462429052567e+00 8.6105337652237457e-01 -8.5440092842080677e+00 7.5564877000000004e-03 1.1625223000000000e-01
-2.7730187447854160e-01 -5.0015520181423135e+01 4.4693769201057099e-01 2.7483492104814996e+01 -1.0624882629888756e+02 2.7900742249910144e+00 1.1121434520832778e+00 -8.3378397413654817e+00 7.8186677999999999e-03 1.2393994999999999e-01
-2.7144041296952209e-01 -4.8366846765709376e+01 4.5195592125606127e-01 3.0607566664941707e+01 -1.0207266395752495e+02 2.6503197233897788e+00 1.3497327193629487e+00 -8.1293461320935254e+00 8.0788911000000008e-03 1.3188891000000000e-01
-2.6538790180590982e-01 -4.6817177206005013e+01 4.5713771567425510e-01 3.3477433943352302e+01 -9.7889791005260392e+01 2.5168539827127447e+00 1.5740575936280612e+00 -7.9189533967352297e+00 8.3367917000000003e-03 1.4009695999999999e-01
-2.5914618445575244e-01 -4.5360567839226491e+01 4.6248149699917646e-01 3.6098269513986509e+01 -9.3710483966795763e+01 2.3892766137445349e+00 1.7853610534466218e+00 -7.7070877628197580e+00 8.5920070000000005e-03 1.4856159999999999e-01
-2.5271737722036880e-01 -4.3991523599238576e+01 4.6798545338148462e-01 3.8475654624234501e+01 -8.9544862083556836e+01 2.2672135064647434e+00 1.9838939201607730e+00 -7.4941750559249174e+00 8.8441787999999997e-03 1.5727996000000000e-01
-2.4610385448660432e-01 -4.2704959759967920e+01 4.7364755201460240e-01 4.0615591890281721e+01 -8.5402820734695865e+01 2.1503143848545569e+00 2.1699169510987169e+00 -7.2806381473530672e+00 9.0929527999999999e-03 1.6624881999999999e-01
-2.3930824872683112e-01 -4.1496170060533409e+01 4.7946553913471579e-01 4.2524500002972360e+01 -8.1293979864705435e+01 2.0382508893855968e+00 2.3437013586129503e+00 -7.0668947808389877e+00 9.3379794999999995e-03 1.7546460999999999e-01
-2.3233344312507581e-01 -4.0360797327011966e+01 4.8543694633383816e-01 4.4209207075964876e+01 -7.7227627160192696e+01 1.9307146717822565e+00 2.5055300425798031e+00 -6.8533554605936544e+00 9.5789143999999993e-03 1.8492342000000001e-01
-2.2518259369863614e-01 -3.9294811387044788e+01 4.9155907162061829e-01 4.5676929731609455e+01 -7.3212686059644454e+01 1.8274161548036134e+00 2.6556972401544026e+00 -6.6404221987383609e+00 9.8154178999999998e-03 1.9462097000000000e-01
-2.1785909242871984e-01 -3.8294479277813707e+01 4.9782901098566013e-01 4.6935260540694784e+01 -6.9257651044440550e+01 1.7280825024986406e+00 2.7945094432483875e+00 -6.4284856484544726e+00 1.0047156000000000e-02 2.0455266000000000e-01
-2.1036655988657266e-01 -3.7356344297359016e+01 5.0424366471458648e-01 4.7992139571520092e+01 -6.5370547392885967e+01 1.6324562597759567e+00 2.9222851501596416e+00 -6.2179233132791483e+00 1.0273801000000001e-02 2.1471357999999999e-01
-2.0270888210283911e-01 -3.6477211588347238e+01 5.1079970582271983e-01 4.8855816803883371e+01 -6.1558917497104900e+01 1.5402946337063983e+00 3.0393537859860253e+00 -6.0090991189524932e+00 1.0495031000000000e-02 2.2509846000000000e-01
-1.9489016632432957e-01 -3.5654125182524240e+01 5.1749361793346504e-01 4.9534825190342062e+01 -5.7829769385437594e+01 1.4513678041950480e+00 3.1460557713264241e+00 -5.8023608480730191e+00 1.0710529999999999e-02 2.3570173000000000e-01
-1.8691474838789224e-01 -3.4884353429497992e+01 5.2432168896524634e-01 5.0037938214580777e+01 -5.4189558142146083e+01 1.3654580260562243e+00 3.2427415209007036e+00 -5.5980391680696648e+00 1.0919989999999999e-02 2.4651751000000000e-01
-1.7878720009428545e-01 -3.4165375800487311e+01 5.3128000481844295e-01 5.0374130134949219e+01 -5.0644170999440043e+01 1.2823587750479715e+00 3.3297703656587778e+00 -5.3964468262481216e+00 1.1123108000000000e-02 2.5753959999999998e-01
-1.7051230708656104e-01 -3.3494867315821232e+01 5.3836446831458074e-01 5.0552535019520292e+01 -4.7198904148293309e+01 1.2018736363134217e+00 3.4075097092133220e+00 -5.1978772462793321e+00 1.1319591000000000e-02 2.6876150999999998e-01
-1.6209506147619221e-01 -3.2870686755963796e+01 5.4557080550939641e-01 5.0582402179312609e+01 -4.3858452262380752e+01 1.1238154511421614e+00 3.4763338260028731e+00 -5.0026036831259280e+00 1.1509152000000000e-02 2.8017647000000001e-01
-1.5354066921694576e-01 -3.2290867025208208e+01 5.5289455937977317e-01 5.0473052612139021e+01 -4.0626909026124423e+01 1.0480056478538584e+00 3.5366224786732916e+00 -4.8108789082252583e+00 1.1691511000000000e-02 2.9177742000000001e-01
-1.4485455747875411e-01 -3.1753605388996021e+01 5.6033108351067729e-01 5.0233835404185548e+01 -3.7507770350695061e+01 9.7427359163374749e-01 3.5887596201117744e+00 -4.6229351730505428e+00 1.1866398000000000e-02 3.0355700000000002e-01
-1.3604231565673797e-01 -3.1257251436643394e+01 5.6787559259966924e-01 4.9874083742166313e+01 -3.4503919462853460e+01 9.0245542738992257e-01 3.6331323850417601e+00 -4.4389819018475336e+00 1.2033550000000000e-02 3.1550762999999998e-01
-1.2710974698831146e-01 -3.0800302694141436e+01 5.7552311826545588e-01 4.9403072335758985e+01 -3.1617656747411342e+01 8.3239391462077661e-01 3.6701289024193446e+00 -4.2592084756148294e+00 1.2192715000000000e-02 3.2762143999999999e-01
-1.1806283168382137e-01 -3.0381395505270625e+01 5.8326854061321098e-01 4.8829977978217819e+01 -2.8850700648252854e+01 7.6393753632866623e-01 3.7001381554654236e+00 -4.0837818858454984e+00 1.2343646000000000e-02 3.3989032000000002e-01
-1.0890773430041939e-01 -2.9999299085805227e+01 5.9110658192150989e-01 4.8163839393179614e+01 -2.6204208952223748e+01 6.9694000739494122e-01 3.7235475493432557e+00 -3.9128480079685279e+00 1.2486109000000000e-02 3.5230591000000000e-01
-9.9650774246572926e-02 -2.9652909222814419e+01 5.9903183189458664e-01 4.7413519966507977e+01 -2.3678791514961066e+01 6.3125953348184183e-01 3.7407420626097685e+00 -3.7465312623007452e+00 1.2619877000000000e-02 3.6485963999999999e-01
-9.0298447903682189e-02 -2.9341244457602734e+01 6.0703872872314135e-01 4.6587674396392963e+01 -2.1274541790445848e+01 5.6675847258333456e-01 3.7521030629006860e+00 -3.5849355800835574e+00 1.2744734000000001e-02 3.7754270000000001e-01
-8.0857406504463269e-02 -2.9063440829462891e+01 6.1512157802353185e-01 4.5694716901209866e+01 -1.8991057473885530e+01 5.0330268592212213e-01 3.7580066383780997e+00 -3.4281446457228593e+00 1.2860473000000001e-02 3.9034606999999999e-01
-7.1334441385204006e-02 -2.8818748429449272e+01 6.2327456546390225e-01 4.4742791593343448e+01 -1.6827466920144424e+01 4.4076097609573228e-01 3.7588227451294864e+00 -3.2762222705062967e+00 1.2966896000000000e-02 4.0326054000000000e-01
-6.1736498733508172e-02 -2.8606528833434449e+01 6.3149174413805431e-01 4.3739748567546883e+01 -1.4782464080195730e+01 3.7900472021354270e-01 3.7549148756147819e+00 -3.1292137278738870e+00 1.3063819000000001e-02 4.1627669000000000e-01
-5.2070635345062399e-02 -2.8426251933583082e+01 6.3976707244383135e-01 4.2693118083885167e+01 -1.2854331463344339e+01 3.1790713566988438e-01 3.7466371240789504e+00 -2.9871457359693685e+00 1.3151064000000001e-02 4.2938494999999999e-01
-4.2344062866869370e-02 -2.8277495262760144e+01 6.4809437620473487e-01 4.1610096061058627e+01 -1.1040984233688802e+01 2.5734311709144952e-01 3.7343351221479084e+00 -2.8500282856353367e+00 1.3228465999999999e-02 4.4257553999999999e-01
-3.2564088806270153e-02 -2.8159941870786074e+01 6.5646739917443531e-01 4.0497526187041323e+01 -9.3399919103911877e+00 1.9718841678049204e-01 3.7183444002524872e+00 -2.7178546840198727e+00 1.3295871000000001e-02 4.5583855000000001e-01
-2.2738146026433148e-02 -2.8073380386775185e+01 6.6487977778451679e-01 3.9361880043264186e+01 -7.7486205567071620e+00 1.3731938950152234e-01 3.6989898168539113e+00 -2.5906031487028129e+00 1.3353135000000000e-02 4.6916390000000002e-01
-1.2873755876993076e-02 -2.8017704803008002e+01 6.7332507270979680e-01 3.8209263574594281e+01 -6.2638607889311135e+00 7.7612290837261400e-02 3.6765848747130909e+00 -2.4682374076200784e+00 1.3400123999999999e-02 4.8254139000000001e-01
-2.9785429417952258e-03 -2.7992915450758929e+01 6.8179675624219782e-01 3.7045394904488113e+01 -4.8824657466510297e+00 1.7942956743297156e-02 3.6514311277601390e+00 -2.3507080634051900e+00 1.3436718000000000e-02 4.9596067999999999e-01
6.9397944565931513e-03 -2.7999120279474056e+01 6.9028823754300372e-01 3.5875606860668569e+01 -3.6009807339057063e+00 -4.1813897533602429e-02 3.6238179172763729e+00 -2.2379533666514528e+00 1.3462807000000000e-02 5.0941133000000005e-01
1.6873454761394069e-02 -2.8036536967272042e+01 6.9879283739060316e-01 3.4704849479541863e+01 -2.4157810744776320e+00 -1.0178496715311391e-01 3.5940218921008356e+00 -2.1299007554056604e+00 1.3478291000000000e-02 5.2288276000000000e-01
2.6814599546468754e-02 -2.8105495825872346e+01 7.0730384499806587e-01 3.3537684202160648e+01 -1.3230959418805588e+00 -1.6209924987309243e-01 3.5623067119089198e+00 -2.0264672295250805e+00 1.3483083000000000e-02 5.3636434000000000e-01
3.6755316646956304e-02 -2.8206443334290686e+01 7.1581448644782197e-01 3.2378294460906837e+01 -3.1904490153428483e-01 -2.2288838384903209e-01 3.5289229559049908e+00 -1.9275609574497188e+00 1.3477108000000000e-02 5.4984533999999996e-01
4.6687634907018549e-02 -2.8339946505491284e+01 7.2431793731779093e-01 3.1230489834391221e+01 6.0033486596311159e-01 -2.8428729851569812e-01 3.4941080445520027e+00 -1.8330822150287756e+00 1.3460300999999999e-02 5.6331494999999998e-01
5.6603546301456087e-02 -2.8506698239399974e+01 7.3280734162057215e-01 3.0097713997370448e+01 1.4390619335419026e+00 -3.4643492188996650e-01 3.4580861678472141e+00 -1.7429242784976418e+00 1.3432611000000001e-02 5.7676231000000000e-01
6.6495020683453199e-02 -2.8707523866847669e+01 7.4127582442957363e-01 2.8983054566589452e+01 2.2011853836652309e+00 -4.0947493424520864e-01 3.4210683269814210e+00 -1.6569742542206027e+00 1.3393997000000000e-02 5.9017653000000003e-01
7.6353983662960812e-02 -2.8943387915488199e+01 7.4971647293981980e-01 2.7889261143465355e+01 2.8907589527842643e+00 -4.7355631127553233e-01 3.3832526036916994e+00 -1.5751145284664407e+00 1.3344429999999999e-02 6.0354666000000001e-01
8.6172346102185604e-02 -2.9215402820095164e+01 7.5812236172020742e-01 2.6818746297672874e+01 3.5118164618943397e+00 -5.3883425075708358e-01 3.3448241839810451e+00 -1.4972232821528719e+00 1.3283893999999999e-02 6.1686173000000000e-01
9.5942033611078614e-02 -2.9524839372313174e+01 7.6648657796576103e-01 2.5773610127366563e+01 4.0683614873334886e+00 -6.0547117456594912e-01 3.3059556902840894e+00 -1.4231752983935519e+00 1.3212384000000001e-02 6.3011079000000003e-01
1.0565494230410194e-01 -2.9873136490792483e+01 7.7480218361924913e-01 2.4755654460282834e+01 4.5643362953871147e+00 -6.7363731853661868e-01 3.2668075356967465e+00 -1.3528430770295501e+00 1.3129907000000000e-02 6.4328284999999996e-01
1.1530299041733466e-01 -3.0261914824785560e+01 7.8306225956263287e-01 2.3766396099300877e+01 5.0036127611756029e+00 -7.4351203723076020e-01 3.2275281649003111e+00 -1.2860981273193730e+00 1.3036481000000001e-02 6.5636695000000000e-01
1.2487812568234419e-01 -3.0692991786973021e+01 7.9125991193012812e-01 2.2807083009216221e+01 5.3899766731625176e+00 -8.1528493084302367e-01 3.1882544322402810e+00 -1.2228083675377088e+00 1.2932137999999999e-02 6.6935217000000002e-01
1.3437230320457039e-01 -3.1168396488674148e+01 7.9938825316901507e-01 2.1878715575283483e+01 5.7271127514443121e+00 -8.8915685419434110e-01 3.1491122058180601e+00 -1.1628452449798838e+00 1.2816919000000000e-02 6.8222760000000005e-01
1.4377752970655833e-01 -3.1690390281814793e+01 8.0744043991802106e-01 2.0982059421053744e+01 6.0185958814804765e+00 -9.6534153902454434e-01 3.1102165224915495e+00 -1.1060780191760911e+00 1.2690879000000000e-02 6.9498240000000000e-01
1.5308584878021403e-01 -3.2261486662341689e+01 8.1540966038119311e-01 2.0117665380472346e+01 6.2678804738453531e+00 -1.0440669560679374e+00 3.0716722747266609e+00 -1.0523773986667451e+00 1.2554085000000000e-02 7.0760577999999996e-01
1.6228934826067676e-01 -3.2884475383738462e+01 8.2328914064096181e-01 1.9285887379167441e+01 6.4782929597344756e+00 -1.1255769567795968e+00 3.0335746770126035e+00 -1.0016157272657034e+00 1.2406611999999999e-02 7.2008700999999997e-01
1.7138019709567986e-01 -3.3562451894440571e+01 8.3107217622346030e-01 1.8486895133480996e+01 6.6530264725437167e+00 -1.2101334235253163e+00 2.9960095982013573e+00 -9.5366659718693247e-01 1.2248551000000000e-02 7.3241546999999996e-01
1.8035062322393425e-01 -3.4298846505068909e+01 8.3875211315933318e-01 1.7720695562650029e+01 6.7951345712214097e+00 -1.2980181248109588e+00 2.9590542472195329e+00 -9.0840654230822038e-01 1.2080001999999999e-02 7.4458062000000003e-01
1.8919292832287260e-01 -3.5097460778152460e+01 8.4632236060986399e-01 1.6987147791286592e+01 6.9075293846086501e+00 -1.3895351435613892e+00 2.9227776047010074e+00 -8.6571431587590919e-01 1.1901076999999999e-02 7.5657202000000001e-01
1.9789950255639377e-01 -3.5962508292190030e+01 8.5377640349310335e-01 1.6285976349110566e+01 6.9929808312552524e+00 -1.4850136302772383e+00 2.8872409340797511e+00 -8.2547164431650955e-01 1.1711898000000000e-02 7.6837935000000002e-01
2.0646284669647996e-01 -3.6898663572523681e+01 8.6110782142306030e-01 1.5616789027849222e+01 7.0541113465444756e+00 -1.5848110369670136e+00 2.8524982110704835e+00 -7.8756335502315988e-01 1.1512599000000000e-02 7.7999244000000001e-01
2.1487553525383485e-01 -3.7911110726355801e+01 8.6831025714438281e-01 1.4979091539048037e+01 7.0934002153946052e+00 -1.6893160908188298e+00 2.8185968129235350e+00 -7.5187783976285827e-01 1.1303326000000001e-02 7.9140122000000002e-01
2.2313029021660602e-01 -3.9005612795018635e+01 8.7537747966299717e-01 1.4372297395628923e+01 7.1131839694619581e+00 -1.7989535616329193e+00 2.7855777324817024e+00 -7.1830687542380711e-01 1.1084235000000000e-02 8.0259581999999996e-01
2.3121991468553527e-01 -4.0188574151418926e+01 8.8230332742853257e-01 1.3795746586151058e+01 7.1156570568688196e+00 -1.9141879234048704e+00 2.7534763562452622e+00 -6.8674614069053252e-01 1.0855490000000001e-02 8.1356647999999998e-01
2.3913735923880808e-01 -4.1467130638938322e+01 8.8908176515189619e-01 1.3248713169483565e+01 7.1028759682989104e+00 -2.0355293836400254e+00 2.7223226866195480e+00 -6.5709507069377404e-01 1.0617270000000000e-02 8.2430364000000000e-01
2.4687570718430951e-01 -4.2849243072855302e+01 8.9570687117914538e-01 1.2730417783967146e+01 7.0767614498086040e+00 -2.1635397428962690e+00 2.6921418657867653e+00 -6.2925705688178013e-01 1.0369760000000000e-02 8.3479791999999997e-01
2.5442818193349614e-01 -4.4343810084933750e+01 9.0217284380455209e-01 1.2240040636952527e+01 7.0391043044515609e+00 -2.2988395359095612e+00 2.6629546199681915e+00 -6.0313946262117724e-01 1.0113159000000000e-02 8.4504013000000000e-01
2.6178815437526848e-01 -4.5960799900259175e+01 9.0847400758366603e-01 1.1776727704821655e+01 6.9915649862342812e+00 -2.4421163537893946e+00 2.6347777057096886e+00 -5.7865368363129832e-01 9.8476710000000005e-03 8.5502127999999999e-01
2.6894914287597049e-01 -4.7711403958767328e+01 9.1460481333331489e-01 1.1339603221086874e+01 6.9356878785372826e+00 -2.5941345850970108e+00 2.6076242326183623e+00 -5.5571519983978990e-01 9.5735140000000000e-03 8.6473257999999997e-01
2.7590485014875155e-01 -4.9608229639424032e+01 9.2055986969692449e-01 1.0927774841727738e+01 6.8728967759971615e+00 -2.7557476685258782e+00 2.5815040100189388e+00 -5.3424340804147785e-01 9.2909130999999992e-03 8.7416548999999999e-01
2.8264912638420425e-01 -5.1665509587118265e+01 9.2633391157919809e-01 1.0540344004855724e+01 6.8045049265227355e+00 -2.9279110895651481e+00 2.5564239544291092e+00 -5.1416177328024071e-01 9.0001030000000006e-03 8.8331166999999999e-01
2.8917601349359845e-01 -5.3899376440975821e+01 9.3192183802450101e-01 1.0176411851409018e+01 6.7317190946461869e+00 -3.1116998994221579e+00 2.5323886641371391e+00 -4.9539765802058139e-01 8.7013270999999996e-03 8.9216304000000002e-01
2.9547972298726422e-01 -5.6328174245313107e+01 9.3731869327766815e-01 9.8350842564100542e+00 6.6556462973220079e+00 -3.3083281855686990e+00 2.5094000825792233e+00 -4.7788234508046973e-01 8.3948374000000006e-03 9.0071175000000003e-01
3.0155467284395332e-01 -5.8972859716129506e+01 9.4251969834932359e-01 9.5154813269890948e+00 6.5772984420519842e+00 -3.5191745800096483e+00 2.4874584329036131e+00 -4.6155088552361523e-01 8.0808944000000001e-03 9.0895022999999997e-01
3.0739545801534962e-01 -6.1857467897486430e+01 9.4752022576362538e-01 9.2167282008953730e+00 6.4975984610566497e+00 -3.7458114031528353e+00 2.4665622551667421e+00 -4.4634210799674540e-01 7.7597663000000001e-03 9.1687114999999997e-01
3.1299687992155878e-01 -6.5009715640705764e+01 9.5231582481052091e-01 8.9379901579982501e+00 6.4173855756027214e+00 -3.9900429276327820e+00 2.4467086317206430e+00 -4.3219848351543910e-01 7.4317293999999999e-03 9.2446746000000002e-01
3.1835395382497955e-01 -6.8461749795281449e+01 9.5690222785881041e-01 8.6784408338827124e+00 6.3374207470446304e+00 -4.2539527273053723e+00 2.4278934424062273e+00 -4.1906601348517941e-01 7.0970672000000004e-03 9.3173240000000002e-01
3.2346189408256032e-01 -7.2251079880593565e+01 9.6127533773002005e-01 8.4372882854653337e+00 6.2583921836339931e+00 -4.5399625494291289e+00 2.4101116331609131e+00 -4.0689419636225049e-01 6.7560703000000000e-03 9.3865947999999999e-01
3.2831615101515910e-01 -7.6421813489882268e+01 9.6543125926372064e-01 8.2137696249955372e+00 6.1809202242497934e+00 -4.8509109382770292e+00 2.3933573497597802e+00 -3.9563584739900809e-01 6.4090362999999996e-03 9.4524253000000003e-01
3.3291236666431123e-01 -8.1026196078633134e+01 9.6936626143914451e-01 8.0071568542904039e+00 6.1055628681417105e+00 -5.1901504701827834e+00 2.3776241784867667e+00 -3.8524711148625451e-01 6.0562691999999996e-03 9.5147563999999996e-01
3.3724644853095087e-01 -8.6126762953539099e+01 9.7307684050582477e-01 7.8167556236250002e+00 6.0328194775734625e+00 -5.5616854062443704e+00 2.3629052447063468e+00 -3.7568720836893732e-01 5.6980790999999996e-03 9.5735325999999998e-01
3.4131449583668882e-01 -9.1799073763557601e+01 9.7655965685295576e-01 7.6419106566146908e+00 5.9631366072365655e+00 -5.9703450058595697e+00 2.3491935300972955e+00 -3.6691850816950788e-01 5.3347821999999998e-03 9.6287009999999995e-01
3.4511287326253515e-01 -9.8135657796711911e+01 9.7981159814003260e-01 7.4820042021895334e+00 5.8969110680303833e+00 -6.4220360184272689e+00 2.3364817611193294e+00 -3.5890628226040372e-01 4.9667000000000001e-03 9.6802122999999995e-01
3.4863815933179332e-01 -1.0525137427984549e+02 9.8282973510540350e-01 7.3364596696618474e+00 5.8344950329814154e+00 -6.9240846513390846e+00 2.3247628483420781e+00 -3.5161874220449846e-01 4.5941591999999996e-03 9.7280200999999999e-01
3.5188720540103779e-01 -1.1329136851075319e+02 9.8561137207078131e-01 7.2047404523248941e+00 5.7761987029263429e+00 -7.4857465690228953e+00 2.3140296502205873e+00 -3.4502679421109800e-01 4.2174915999999996e-03 9.7720817000000004e-01
3.5485707666913657e-01 -1.2244265322387189e+02 9.8815399643673196e-01 7.0863531362288876e+00 5.7222948425589015e+00 -8.1189485446834713e+00 2.3042754178555356e+00 -3.3910412772884757e-01 3.8370333000000002e-03 9.8123572999999997e-01
3.5754511116822874e-01 -1.3295236420419104e+02 9.9045532918718582e-01 6.9808447872498069e+00 5.6730212810576468e+00 -8.8394613349314284e+00 2.2954936336858940e+00 -3.3382699995931348e-01 3.4531249000000000e-03 9.8488107999999996e-01
3.5994889764210813e-01 -1.4515706979187354e+02 9.9251330595024623e-01 6.8878098520096431e+00 5.6285839512662070e+00 -9.6687836978348436e+00 2.2876781470268566e+00 -3.2917420953893128e-01 3.0661112999999999e-03 9.8814095000000002e-01
3.6206626079847803e-01 -1.5953288117570784e+02 9.9432606437206117e-01 6.8068810331239513e+00 5.5891598663651250e+00 -1.0637367514241104e+01 2.2808234383245543e+00 -3.2512708651231270e-01 2.6763420000000000e-03 9.9101238999999997e-01
3.6389530555218574e-01 -1.7678795458061191e+02 9.9589198199520734e-01 6.7377378749590617e+00 5.5548991338490428e+00 -1.1790579184318188e+01 2.2749243942869217e+00 -3.2166929087219598e-01 2.2841723000000002e-03 9.9349282999999999e-01
3.6543440227747703e-01 -1.9804875177291987e+02 9.9720966363256169e-01 6.6801026494850282e+00 5.5259267959283287e+00 -1.3200712744219734e+01 2.2699764947573380e+00 -3.1878686034038278e-01 1.8899688000000000e-03 9.9558005999999999e-01
3.6668217943412429e-01 -2.2528841061085291e+02 9.9827793505423812e-01 6.6337420968043110e+00 5.5023450645609593e+00 -1.4994640822168927e+01 2.2659758716090792e+00 -3.1646813504753046e-01 1.4941295000000000e-03 9.9727222000000004e-01
3.6763762680163736e-01 -2.6253623793110182e+02 9.9909593137048158e-01 6.5984634075653235e+00 5.4842328249960168e+00 -1.7431941611178956e+01 2.2629190193163615e+00 -3.1470354324364713e-01 1.0971916000000000e-03 9.9856794000000004e-01
3.6830037568640672e-01 -3.2083523152036781e+02 9.9966333692809695e-01 6.5741042200931759e+00 5.4716415504512010e+00 -2.1225293504664670e+01 2.2608019384218205e+00 -3.1348505715008318e-01 7.0085733000000002e-04 9.9946672000000003e-01
