-3.6631424880137375e-01 -8.5222674329904885e+02 3.6631564667087047e-01 -8.6322972970204330e+02 -2.3851693413175522e+02 5.6424590423885498e+01 -5.7140307727823249e+01 -1.5509793808732443e+01 5.5301730000000003e-06 1.0230946000000001e-06
-3.6630040148606008e-01 -6.2689783601007287e+02 3.6632762384361361e-01 -6.3772702057218714e+02 -2.3848986475805012e+02 4.1770655318160294e+01 -4.2478323618826330e+01 -1.5508572605067231e+01 3.5894988000000002e-05 1.9923924999999999e-05
-3.6625695730384344e-01 -5.2233607968915487e+02 3.6636520069250528e-01 -5.3271809630750772e+02 -2.3840495380686616e+02 3.4967053725818857e+01 -3.5653895576370090e+01 -1.5504741829735817e+01 8.5619985000000003e-05 7.9222864999999994e-05
-3.6617095192339794e-01 -4.5372877272740635e+02 3.6643959065728254e-01 -4.6334765199749512e+02 -2.3823692829182036e+02 3.0498423984408731e+01 -3.1149545437104088e+01 -1.5497160633187370e+01 1.5173507999999999e-04 1.9661552000000001e-04
-3.6603103888417560e-01 -4.0278337183758919e+02 3.6656060780767136e-01 -4.1130408010829171e+02 -2.3796378600729690e+02 2.7175164336142451e+01 -2.7774641640979709e+01 -1.5484834731047476e+01 2.3255418000000001e-04 3.8758918999999998e-04
-3.6582689885456815e-01 -3.6242112828312537e+02 3.6673717780286763e-01 -3.6950265995904221e+02 -2.3756570316416889e+02 2.4536981246429466e+01 -2.5068467677469723e+01 -1.5466866444408897e+01 3.2689763000000001e-04 6.6622920000000002e-04
-3.6554897082996113e-01 -3.2914736732824468e+02 3.6697757039056417e-01 -3.3445133088699788e+02 -2.3702457857350532e+02 2.2356712660502048e+01 -2.2803838069286616e+01 -1.5442433517643101e+01 4.3385032000000002e-04 1.0455858000000000e-03
-3.6518830169815358e-01 -3.0097558743402146e+02 3.6728952952466037e-01 -3.0417232501218672e+02 -2.3632381366463107e+02 2.0505314290239369e+01 -2.0851971271436028e+01 -1.5410778479449899e+01 5.5265518999999999e-04 1.5378795000000000e-03
-3.6473645324663240e-01 -2.7666586953743951e+02 3.6768035379889979e-01 -2.7743903940767473e+02 -2.3544820789406776e+02 1.8902319906603200e+01 -1.9132879488657746e+01 -1.5371203198107224e+01 6.8265765000000004e-04 2.1546280000000000e-03
-3.6418543936885556e-01 -2.5539043440960418e+02 3.6815695076001137e-01 -2.5344054856594414e+02 -2.3438391469938924e+02 1.7494082503006982e+01 -1.7593561715342062e+01 -1.5323066158361669e+01 8.2327310000000005e-04 2.9067318999999999e-03
-3.6352768327866025e-01 -2.3656778953461074e+02 3.6872587391491368e-01 -2.3161499187958955e+02 -2.3311843685270145e+02 1.6242981446297996e+01 -1.6197176443848871e+01 -1.5265781526599168e+01 9.7396649000000004e-04 3.8045331000000002e-03
-3.6275598622696176e-01 -2.1977273464534423e+02 3.6939334978906446e-01 -2.1155900483871577e+02 -2.3164064280937112e+02 1.5121564560698573e+01 -1.4917157457183974e+01 -1.5198819186992919e+01 1.1342389000000000e-03 4.8578574999999999e-03
-3.6186350464369793e-01 -2.0468410710221474e+02 3.7016529769743256e-01 -1.9297500305486466e+02 -2.2994079676312697e+02 1.4109145699637875e+01 -1.3733790405257208e+01 -1.5121705445065800e+01 1.3036180000000001e-03 6.0760461999999999e-03
-3.6084373358039107e-01 -1.9105273952539062e+02 3.7104734406577911e-01 -1.7563876091672321e+02 -2.2801059715881595e+02 1.3189717690197483e+01 -1.2632109150207880e+01 -1.5034024155844163e+01 1.4816515000000000e-03 7.4679780999999997e-03
-3.5969049330301894e-01 -1.7868091188082013e+02 3.7204483402709304e-01 -1.5937854319665442e+02 -2.2584321558345263e+02 1.2350612624079641e+01 -1.1600542419288473e+01 -1.4935417963683191e+01 1.6679024999999999e-03 9.0420881999999994e-03
-3.5839792020740296e-01 -1.6740870566756632e+02 3.7316283927928506e-01 -1.4406117937449167e+02 -2.2343333764299365e+02 1.1581617688984936e+01 -1.0630012310578380e+01 -1.4825589704047603e+01 1.8619452999999999e-03 1.0806380000000001e-02
-3.5696045839396318e-01 -1.5710462734920634e+02 3.7440616537256516e-01 -1.2958243290402021e+02 -2.2077719719643352e+02 1.0874353772417038e+01 -9.7133136185407558e+00 -1.4704303607810020e+01 2.0633631000000000e-03 1.2768437000000001e-02
-3.5537285578477917e-01 -1.4765902312304078e+02 3.7577935506797316e-01 -1.1586019239787248e+02 -2.1787261027424222e+02 1.0221858682825326e+01 -8.8446724471487457e+00 -1.4571386609153205e+01 2.2717459999999998e-03 1.4935428000000001e-02
-3.5363015760318334e-01 -1.3897930323258953e+02 3.7728669397717524e-01 -1.0282948121974101e+02 -2.1471896625540521e+02 9.6182659472431169e+00 -8.0194255688531406e+00 -1.4426729100922339e+01 2.4866887000000002e-03 1.7314116000000001e-02
-3.5172770652028651e-01 -1.3098645870440154e+02 3.7893221043572684e-01 -9.0438783304248332e+01 -2.1131735823527569e+02 9.0585804901221785e+00 -7.2337889691963451e+00 -1.4270285896379622e+01 2.7077901999999999e-03 1.9910858000000000e-02
-3.4966113459604842e-01 -1.2361240831116940e+02 3.8071968247360777e-01 -7.8647191985521800e+01 -2.0767041060640841e+02 8.5385097115638580e+00 -6.4846738786314688e+00 -1.4102076093120935e+01 2.9346520999999999e-03 2.2731616000000000e-02
-3.4742636767505741e-01 -1.1679802422481596e+02 3.8265263401311228e-01 -6.7422275621551350e+01 -2.0378239358604353e+02 8.0543312923474293e+00 -5.7695529749068024e+00 -1.3922183603210726e+01 3.1668782999999998e-03 2.5781951000000001e-02
-3.4501962099075051e-01 -1.1049156905971400e+02 3.8473433867095885e-01 -5.6738339420069728e+01 -1.9965917064209913e+02 7.6027926032779201e+00 -5.0863509310127482e+00 -1.3730755571541687e+01 3.4040742000000001e-03 2.9067029000000001e-02
-3.4243739623489344e-01 -1.0464747828084650e+02 3.8696782229303028e-01 -4.6575047054130316e+01 -1.9530816263179824e+02 7.1810317475255392e+00 -4.4333592692335557e+00 -1.3528005070896292e+01 3.6458464000000000e-03 3.2591624999999999e-02
-3.3967648595336064e-01 -9.9225408437653485e+01 3.8935585915226389e-01 -3.6916329365443140e+01 -1.9073831133336290e+02 6.7865159309341569e+00 -3.8091687443468505e+00 -1.3314204754949646e+01 3.8918026000000000e-03 3.6360116999999997e-02
-3.3673396768509534e-01 -9.4189449818760508e+01 3.9190097701813126e-01 -2.7749444935945323e+01 -1.8596001228908082e+02 6.4169906645728654e+00 -3.2126135489451029e+00 -1.3089688443147363e+01 4.1415510999999999e-03 4.0376493999999999e-02
-3.3360720615999928e-01 -8.9507503538293918e+01 3.9460545525558322e-01 -1.9064239063255638e+01 -1.8098504880665209e+02 6.0704396063024930e+00 -2.6427240047700042e+00 -1.2854848255707298e+01 4.3947007000000003e-03 4.4644352999999998e-02
-3.3029385329893313e-01 -8.5150765724333979e+01 3.9747132482505015e-01 -1.0852497099606021e+01 -1.7582650787707124e+02 5.7450503318507877e+00 -2.0986899018806167e+00 -1.2610132076415274e+01 4.6508610999999997e-03 4.9166899000000000e-02
-3.2679184528319616e-01 -8.1093296564860225e+01 4.0050037081718165e-01 -3.1074023973515401e+00 -1.7049868206942077e+02 5.4391925561524506e+00 -1.5798277749358547e+00 -1.2356040368578064e+01 4.9096423000000002e-03 5.3946949000000001e-02
-3.2309940621767630e-01 -7.7311668759068056e+01 4.0369412928442172e-01 4.1769017280323908e+00 -1.6501696850087117e+02 5.1513841170522801e+00 -1.0855545537753990e+00 -1.2093123108433767e+01 5.1706551000000002e-03 5.8986927000000001e-02
-3.1921504153718039e-01 -7.3784660467331193e+01 4.0705389294417377e-01 1.1005717371252507e+01 -1.5939774323107756e+02 4.8802829332467654e+00 -6.1536387382828006e-01 -1.1821975534146242e+01 5.4335110000000002e-03 6.4288872999999996e-02
-3.1513754460010374e-01 -7.0493007844896098e+01 4.1058070547563547e-01 1.7384103799151145e+01 -1.5365824594446619e+02 4.6246659839998179e+00 -1.6880758856384825e-01 -1.1543234323598382e+01 5.6978226000000002e-03 6.9854434000000007e-02
-3.1086598936213056e-01 -6.7419181109964143e+01 4.1427536785664887e-01 2.3317165806041078e+01 -1.4781643686838925e+02 4.3834160235220789e+00 2.5452156414417026e-01 -1.1257573647365643e+01 5.9632034000000004e-03 7.5684873999999999e-02
-3.0639973403938381e-01 -6.4547201644298724e+01 4.1813843519527549e-01 2.8810282531311763e+01 -1.4189086313139731e+02 4.1555102046621455e+00 6.5500356927380521e-01 -1.0965699262875008e+01 6.2292681999999997e-03 8.1781068999999998e-02
-3.0173841817790498e-01 -6.1862478201868775e+01 4.2217021926453607e-01 3.3869282715598750e+01 -1.3590051213167072e+02 3.9400099980939705e+00 1.0330033177616236e+00 -1.0668344532894171e+01 6.4956331999999999e-03 8.8143510999999994e-02
-2.9688196265365452e-01 -5.9351667182053667e+01 4.2637078850241084e-01 3.8500623984694244e+01 -1.2986465817809827e+02 3.7360523079979444e+00 1.3888806004025895e+00 -1.0366265005601029e+01 6.7619166000000000e-03 9.4772308000000000e-02
-2.9183056527673157e-01 -5.7002547477992508e+01 4.3073997181394935e-01 4.2711516909912760e+01 -1.2380273006185212e+02 3.5428418646953350e+00 1.7229988240012548e+00 -1.0060233263799237e+01 7.0277381999999996e-03 1.0166719000000000e-01
-2.8658470005874392e-01 -5.4803913779890507e+01 4.3527735920495553e-01 4.6509990949276037e+01 -1.1773413401035521e+02 3.3596445773274670e+00 2.0357317775950818e+00 -9.7510332811882972e+00 7.2927204000000001e-03 1.0882751000000000e-01
-2.8114512746962816e-01 -5.2745485096763510e+01 4.3998229291039764e-01 4.9904974947678490e+01 -1.1167813770976500e+02 3.1857820580196985e+00 2.3274687052272287e+00 -9.4394562013577641e+00 7.5564877000000004e-03 1.1625223000000000e-01
-2.7551287319137968e-01 -5.0817811393032514e+01 4.4485388577127338e-01 5.2906343104139054e+01 -1.0565370308328508e+02 3.0206257604845463e+00 2.5986203277895572e+00 -9.1262937067068126e+00 7.8186677999999999e-03 1.2393994999999999e-01
-2.6968922665279271e-01 -4.9012205316503653e+01 4.4989102250197993e-01 5.5524926426899434e+01 -9.9679333566817235e+01 2.8635925128330459e+00 2.8496204375064988e+00 -8.8123326020475279e+00 8.0788911000000008e-03 1.3188891000000000e-01
-2.6367576300836010e-01 -4.7320672576754724e+01 4.5509234067976362e-01 5.7772499515616424e+01 -9.3772989803125512e+01 2.7141410861105917e+00 3.0809294396715732e+00 -8.4983516503102692e+00 8.3367917000000003e-03 1.4009695999999999e-01
-2.5747431383307362e-01 -4.5735853256997970e+01 4.6045625609212038e-01 5.9661769323804180e+01 -8.7951921663974787e+01 2.5717677668305985e+00 3.2930353017518965e+00 -8.1851151171003593e+00 8.5920070000000005e-03 1.4856159999999999e-01
-2.5108698177502387e-01 -4.4250969261791091e+01 4.6598095006309553e-01 6.1206337336479052e+01 -8.2232573286221424e+01 2.4360035360576151e+00 3.4864551595471047e+00 -7.8733685857387705e+00 8.8441787999999997e-03 1.5727996000000000e-01
-2.4451612590280020e-01 -4.2859769939898428e+01 4.7166438212698369e-01 6.2420583234115725e+01 -7.6630462984101300e+01 2.3064106406060341e+00 3.6617337935629575e+00 -7.5638343965924513e+00 9.0929527999999999e-03 1.6624881999999999e-01
-2.3776436170549078e-01 -4.1556490889512212e+01 4.7750429002832895e-01 6.3319715685883352e+01 -7.1160107265667705e+01 2.1825807493360641e+00 3.8194441001526980e+00 -7.2572076335884566e+00 9.3379794999999995e-03 1.7546460999999999e-01
-2.3083455376638276e-01 -4.0335833137891157e+01 4.8349819605877498e-01 6.3919615743430569e+01 -6.5834914553302497e+01 2.0641313882190082e+00 3.9601855071213343e+00 -6.9541522569659389e+00 9.5789143999999993e-03 1.8492342000000001e-01
-2.2372983774186206e-01 -3.9192887936795756e+01 4.8964338804651464e-01 6.4236693305750762e+01 -6.0667149563123921e+01 1.9507048561501250e+00 4.0845819509273005e+00 -6.6552989415125419e+00 9.8154178999999998e-03 1.9462097000000000e-01
-2.1645358372991344e-01 -3.8123141764959655e+01 4.9593695104054031e-01 6.4287896773082736e+01 -5.5667847431273685e+01 1.8419654943148931e+00 4.1932800992534744e+00 -6.3612403529376707e+00 1.0047156000000000e-02 2.0455266000000000e-01
-2.0900938894382076e-01 -3.7122429415493890e+01 5.0237577364749397e-01 6.4090551919680337e+01 -5.0846771580775574e+01 1.7375978596464319e+00 4.2869469586663360e+00 -6.0725290116571209e+00 1.0273801000000001e-02 2.1471357999999999e-01
-2.0140111434366662e-01 -3.6186911446081680e+01 5.0895651634741690e-01 6.3662263870469268e+01 -4.6212411328641501e+01 1.6373056448545589e+00 4.3662663931524222e+00 -5.7896764996046182e+00 1.0495031000000000e-02 2.2509846000000000e-01
-1.9363284067853268e-01 -3.5313050480688943e+01 5.1567564951484990e-01 6.3020808479183543e+01 -4.1771938977409938e+01 1.5408095401201858e+00 4.4319366700119174e+00 -5.5131502998078759e+00 1.0710529999999999e-02 2.3570173000000000e-01
-1.8570887581279949e-01 -3.4497588423349448e+01 5.2252944708198334e-01 6.2184023511823980e+01 -3.7531216114413780e+01 1.4478460182450186e+00 4.4846670086399820e+00 -5.2433729787254117e+00 1.0919989999999999e-02 2.4651751000000000e-01
-1.7763376205244666e-01 -3.3737528407741870e+01 5.2951398020180696e-01 6.1169701904131436e+01 -3.3494808285760364e+01 1.3581661593766325e+00 4.5251742085036648e+00 -4.9807218010119509e+00 1.1123108000000000e-02 2.5753959999999998e-01
-1.6941225416615277e-01 -3.3030115911333539e+01 5.3662513625865993e-01 5.9995484383244772e+01 -2.9666000348206516e+01 1.2715342094664974e+00 4.5541793827031318e+00 -4.7255277331783310e+00 1.1319591000000000e-02 2.6876150999999998e-01
-1.6104931205899548e-01 -3.2372820723226788e+01 5.4385862520508133e-01 5.8678757389856607e+01 -2.6046817687634931e+01 1.1877265280966953e+00 4.5724045399988009e+00 -4.4780757901433050e+00 1.1509152000000000e-02 2.8017647000000001e-01
-1.5255010809875152e-01 -3.1763325453160736e+01 5.5120997322495935e-01 5.7236558639516083e+01 -2.2638091555293858e+01 1.1065305081643526e+00 4.5805691890464226e+00 -4.2386040397810154e+00 1.1691511000000000e-02 2.9177742000000001e-01
-1.4392003444219664e-01 -3.1199511844563791e+01 5.5867451639668197e-01 5.5685490244124544e+01 -1.9439503256120268e+01 1.0277439061539748e+00 4.5793867028251674e+00 -4.0073073889564075e+00 1.1866398000000000e-02 3.0355700000000002e-01
-1.3516464442470585e-01 -3.0679445555353507e+01 5.6624745138793653e-01 5.4041626105163786e+01 -1.6449628260156299e+01 9.5117331622823653e-01 4.5695629849500028e+00 -3.7843352981251348e+00 1.2033550000000000e-02 3.1550762999999998e-01
-1.2628970384435315e-01 -3.0201369238538149e+01 5.7392379109776015e-01 5.2320447397361704e+01 -1.3666023735381684e+01 8.7663361648238514e-01 4.5517903404083784e+00 -3.5697952527645334e+00 1.2192715000000000e-02 3.2762143999999999e-01
-1.1730115433041177e-01 -2.9763690948882886e+01 5.8169839634078957e-01 5.0536770306213889e+01 -1.1085291943458685e+01 8.0394785494609389e-01 4.5267476863927270e+00 -3.3637535316371823e+00 1.2343646000000000e-02 3.3989032000000002e-01
-1.0820512066965426e-01 -2.9364976275453195e+01 5.8956596951041074e-01 4.8704690644453215e+01 -8.7031610059279174e+00 7.3294512330146633e-01 4.4950962281951732e+00 -3.1662373859200983e+00 1.2486109000000000e-02 3.5230591000000000e-01
-9.9007881501152306e-02 -2.9003939762569637e+01 5.9752107992615966e-01 4.6837530669405673e+01 -6.5145592685288589e+00 6.6346084564455010e-01 4.4574778951667868e+00 -2.9772363726577469e+00 1.2619877000000000e-02 3.6485963999999999e-01
-8.9715891295176764e-02 -2.8679439529322970e+01 6.0555814482317194e-01 4.4947805890878264e+01 -4.5137151096555179e+00 5.9533511923734261e-01 4.4145125562459970e+00 -2.7967063769644001e+00 1.2744734000000001e-02 3.7754270000000001e-01
-8.0335758374298016e-02 -2.8390470775170066e+01 6.1367144836273257e-01 4.3047190302604086e+01 -2.6942270958801564e+00 5.2841333362347687e-01 4.3667971115088733e+00 -2.6245701496925502e+00 1.2860473000000001e-02 3.9034606999999999e-01
-7.0874230260785598e-02 -2.8136160786387663e+01 6.2185515430597638e-01 4.1146556088051874e+01 -1.0491506925916478e+00 4.6254451160450105e-01 4.3149031675127159e+00 -2.4607202300174191e+00 1.2966896000000000e-02 4.0326054000000000e-01
-6.1338208329208499e-02 -2.7915765201715228e+01 6.3010329334018789e-01 3.9255650683657180e+01 4.2890413692670476e-01 3.9758105852035475e-01 4.2593760540620158e+00 -2.3050224046333341e+00 1.3063819000000001e-02 4.1627669000000000e-01
-5.1734703848635155e-02 -2.7728664455533302e+01 6.3840980109990120e-01 3.7383718997370877e+01 1.7477041328486591e+00 3.3337788432851068e-01 4.2007337721978555e+00 -2.1573171511469651e+00 1.3151064000000001e-02 4.2938494999999999e-01
-4.2070881940433347e-02 -2.7574361019286307e+01 6.4676848014580024e-01 3.5538876970486690e+01 2.9152954389024335e+00 2.6979213543109237e-01 4.1394659803535943e+00 -2.0174236074626397e+00 1.3228465999999999e-02 4.4257553999999999e-01
-3.2354002967870277e-02 -2.7452478446519592e+01 6.5517305065951881e-01 3.3728434945706766e+01 3.9399421441695122e+00 2.0668218552259576e-01 4.0760336391061776e+00 -1.8851410758088165e+00 1.3295871000000001e-02 4.5583855000000001e-01
-2.2591451841312837e-02 -2.7362759686509627e+01 6.6361712509624005e-01 3.1958856382954981e+01 4.8300421958804352e+00 1.4390751685176695e-01 4.0108687181176537e+00 -1.7602516275376510e+00 1.3353135000000000e-02 4.6916390000000002e-01
-1.2790701386727332e-02 -2.7305067292305694e+01 6.7209423986894734e-01 3.0235775786800350e+01 5.5940554229307473e+00 8.1327414510687035e-02 3.9443739729610181e+00 -1.6425233090657829e+00 1.3400123999999999e-02 4.8254139000000001e-01
-2.9593269982796655e-03 -2.7279383346030802e+01 6.8059784267472345e-01 2.8564031108451953e+01 6.2404438882711810e+00 1.8800973528854570e-02 3.8769232587850078e+00 -1.5317128029694671e+00 1.3436718000000000e-02 4.9596067999999999e-01
6.8950226668645920e-03 -2.7285811896566180e+01 6.8912131784215136e-01 2.6947693626625515e+01 6.7776148129731553e+00 -4.3813910210738438e-02 3.8088616949729861e+00 -1.4275664936666970e+00 1.3462807000000000e-02 5.0941133000000005e-01
1.6764596383340324e-02 -2.7324580500747505e+01 6.9765796098391353e-01 2.5390110763592830e+01 7.2138515668098373e+00 -1.0666093109695884e-01 3.7405064332575915e+00 -1.3298239797323219e+00 1.3478291000000000e-02 5.2288276000000000e-01
2.6641606294282583e-02 -2.7396043481653667e+01 7.0620103602844231e-01 2.3893936476547932e+01 7.5572772042508198e+00 -1.6988636522449307e-01 3.6721469393154313e+00 -1.2382193389031642e+00 1.3483083000000000e-02 5.3636434000000000e-01
3.6518191279826695e-02 -2.7500686696695617e+01 7.1474374353567027e-01 2.2461183296869624e+01 7.8158051932077539e+00 -2.3363973127323390e-01 3.6040461139452651e+00 -1.1524836328923740e+00 1.3477108000000000e-02 5.4984533999999996e-01
4.6386431609708456e-02 -2.7639131618369106e+01 7.2327923337072941e-01 2.1093262926902458e+01 7.9971021968753204e+00 -2.9807429618025227e-01 3.5364411814766656e+00 -1.0723465508365313e+00 1.3460300999999999e-02 5.6331494999999998e-01
5.6238370922163550e-02 -2.7812142163683252e+01 7.3180062371450183e-01 1.9791033104860684e+01 8.1085542617561721e+00 -3.6334798984381456e-01 3.4695446107182377e+00 -9.9753818937755045e-01 1.3432611000000001e-02 5.7676231000000000e-01
6.6066030876527959e-02 -2.8020631982896401e+01 7.4030101373731960e-01 1.8554841703377431e+01 8.1572414865760035e+00 -4.2962454490249558e-01 3.4035452262698209e+00 -9.2778987628911502e-01 1.3393997000000000e-02 5.9017653000000003e-01
7.5861389174337768e-02 -2.8265673745812784e+01 7.4877346458841476e-01 1.7384586879399794e+01 8.1499136933386325e+00 -4.9707400877572150e-01 3.3386096586216789e+00 -8.6283760285881173e-01 1.3344429999999999e-02 6.0354666000000001e-01
8.5616408864529092e-02 -2.8548507910865720e+01 7.5721102474331903e-01 1.6279720041064110e+01 8.0929740769478311e+00 -5.6587391484190319e-01 3.2748832634397784e+00 -8.0242099834662117e-01 1.3283893999999999e-02 6.1686173000000000e-01
9.5323067648638127e-02 -2.8870556086359407e+01 7.6560675535126466e-01 1.5239357906706832e+01 7.9924667959955089e+00 -6.3621050577682814e-01 3.2124915251515009e+00 -7.4628437361234157e-01 1.3212384000000001e-02 6.3011079000000003e-01
1.0497331392300102e-01 -2.9233432774263630e+01 7.7395369221408306e-01 1.4262285150907847e+01 7.8540684086275094e+00 -7.0827952155284057e-01 3.1515414731411724e+00 -6.9417982879256712e-01 1.3129907000000000e-02 6.4328284999999996e-01
1.1455911806285407e-01 -2.9638961971002807e+01 7.8224489014415655e-01 1.3346994759812384e+01 7.6830844568728773e+00 -7.8228752460731021e-01 3.0921228420741880e+00 -6.4586637204088193e-01 1.3036481000000001e-02 6.5636695000000000e-01
1.2407247974863317e-01 -3.0089195023553913e+01 7.9047342930126707e-01 1.2491744331158960e+01 7.4844476618638787e+00 -8.5845428915344235e-01 3.0343093034453616e+00 -6.0111090580252391e-01 1.2932137999999999e-02 6.6935217000000002e-01
1.3350540598707433e-01 -3.0586429327972059e+01 7.9863239618204651e-01 1.1694582638293378e+01 7.2627193873670617e+00 -9.3701289937382093e-01 2.9781600038786600e+00 -5.5968893812890719e-01 1.2816919000000000e-02 6.8222760000000005e-01
1.4284995506901327e-01 -3.1133232909296975e+01 8.0671492164107694e-01 1.0953390550221092e+01 7.0221024788129496e+00 -1.0182116911986903e+00 2.9237205561181208e+00 -5.2138469414065292e-01 1.2690879000000000e-02 6.9498240000000000e-01
1.5209822191678551e-01 -3.1732469470231639e+01 8.1471416821719078e-01 1.0265949079456846e+01 6.7664408311098923e+00 -1.1023172481672068e+00 2.8710244410179921e+00 -4.8599234689266524e-01 1.2554085000000000e-02 7.0760577999999996e-01
1.6124234541052657e-01 -3.2387327848977989e+01 8.2262333647032027e-01 9.6298881787536867e+00 6.4992345846687556e+00 -1.1896154933805478e+00 2.8200941607392345e+00 -4.5331456593952441e-01 1.2406611999999999e-02 7.2008700999999997e-01
1.7027454501967149e-01 -3.3101358100462640e+01 8.3043569666574779e-01 9.0427988324510249e+00 6.2236520016279284e+00 -1.2804145680085923e+00 2.7709422346448291e+00 -4.2316421029848317e-01 1.2248551000000000e-02 7.3241546999999996e-01
1.7918709882405487e-01 -3.3878508338538147e+01 8.3814456976355611e-01 8.5022198497013992e+00 5.9425428164680287e+00 -1.3750473534887693e+00 2.7235724357689062e+00 -3.9536368775872333e-01 1.2080001999999999e-02 7.4458062000000003e-01
1.8797235816651131e-01 -3.4723169426536337e+01 8.4574334009232799e-01 8.0056679698651809e+00 5.6584543901166811e+00 -1.4738743336210494e+00 2.6779807389868773e+00 -3.6974488799692090e-01 1.1901076999999999e-02 7.5657202000000001e-01
1.9662276230547465e-01 -3.5640226491092449e+01 8.5322546802284638e-01 7.5506612298172229e+00 5.3736474847972291e+00 -1.5772872503530031e+00 2.6341565081857792e+00 -3.4614935938052449e-01 1.1711898000000000e-02 7.6837935000000002e-01
2.0513086039387857e-01 -3.6635119105823541e+01 8.6058450897864436e-01 7.1347351272825446e+00 5.0901121769706092e+00 -1.6857131135499921e+00 2.5920828267242508e+00 -3.2442785340507985e-01 1.1512599000000000e-02 7.7999244000000001e-01
2.1348927484765617e-01 -3.7713903866879264e+01 8.6781408175175545e-01 6.7554621027641515e+00 4.8095874590835574e+00 -1.7996181113403593e+00 2.5517380438660768e+00 -3.0444030484944951e-01 1.1303326000000001e-02 7.9140122000000002e-01
2.2169077460874015e-01 -3.8883339983568995e+01 8.7490793187121363e-01 6.4104634707513730e+00 4.5335760663361988e+00 -1.9195135494292166e+00 2.5130960279354109e+00 -2.8605549191220186e-01 1.1084235000000000e-02 8.0259581999999996e-01
2.2972820920836251e-01 -4.0150969949924225e+01 8.8185987457140236e-01 6.0974205850798704e+00 4.2633643794888814e+00 -2.0459607165323654e+00 2.4761272412856696e+00 -2.6915086966155466e-01 1.0855490000000001e-02 8.1356647999999998e-01
2.3759457470375506e-01 -4.1525227980394853e+01 8.8866385182370622e-01 5.8140910532989478e+00 4.0000381943510588e+00 -2.1795784597205854e+00 2.4407992089623147e+00 -2.5361212638769781e-01 1.0617270000000000e-02 8.2430364000000000e-01
2.4528299902554834e-01 -4.3015580541252234e+01 8.9531391966280949e-01 5.5583065915286323e+00 3.7445001738770269e+00 -2.3210507693101867e+00 2.4070771237470212e+00 -2.3933291576915239e-01 1.0369760000000000e-02 8.3479791999999997e-01
2.5278674930407302e-01 -4.4632625824022476e+01 9.0180425452354718e-01 5.3279939802750276e+00 3.4974867302793626e+00 -2.4711360928102515e+00 2.3749244438619028e+00 -2.2621451487080202e-01 1.0113159000000000e-02 8.4504013000000000e-01
2.6009923919565853e-01 -4.6388305661140414e+01 9.0812915957775431e-01 5.1211642608003158e+00 3.2595838017869099e+00 -2.6306773723698251e+00 2.3443034374795086e+00 -2.1416541252088858e-01 9.8476710000000005e-03 8.5502127999999999e-01
2.6721402888263385e-01 -4.8296083363285618e+01 9.1428306473426657e-01 4.9359267477032445e+00 3.0312421868498300e+00 -2.8006156202226755e+00 2.3151755457559759e+00 -2.0310104262644404e-01 9.5735140000000000e-03 8.6473257999999997e-01
2.7412486170482725e-01 -5.0371186481837988e+01 9.2026055832317000e-01 4.7704868166521504e+00 2.8127921770822275e+00 -2.9820049042269234e+00 2.2875017443356658e+00 -1.9294331448028146e-01 9.2909130999999992e-03 8.7416548999999999e-01
2.8082562752806622e-01 -5.2630881321359773e+01 9.2605635541155040e-01 4.6231498025094480e+00 2.6044577623281651e+00 -3.1760293890982818e+00 2.2612430336160276e+00 -1.8362030023869366e-01 9.0001030000000006e-03 8.8331166999999999e-01
2.8731040670197744e-01 -5.5094821509631551e+01 9.3166533582459499e-01 4.4923192323705941e+00 2.4063690920567331e+00 -3.3840257761264674e+00 2.2363606102678277e+00 -1.7506585970325150e-01 8.7013270999999996e-03 8.9216304000000002e-01
2.9357344808108660e-01 -5.7785449368923793e+01 9.3708252513504031e-01 4.3764971940911330e+00 2.2185766380521215e+00 -3.6075084720099122e+00 2.2128162173732733e+00 -1.6721928234556632e-01 8.3948374000000006e-03 9.0071175000000003e-01
2.9960920565631882e-01 -6.0728508330395002e+01 9.4230312634742419e-01 4.2742816732589679e+00 2.0410570314294922e+00 -3.8482022943861205e+00 2.1905723106025059e+00 -1.6002498214142957e-01 8.0808944000000001e-03 9.0895022999999997e-01
3.0541230924979829e-01 -6.3953642662256122e+01 9.4732249455068440e-01 4.1843660396212909e+00 1.8737335902676577e+00 -4.1080801256851771e+00 2.1695925803141063e+00 -1.5343189678681912e-01 7.7597663000000001e-03 9.1687114999999997e-01
3.1097759382004825e-01 -6.7495170131761299e+01 9.5213616226555953e-01 4.1055358366334715e+00 1.7164761726122022e+00 -4.3894120763095996e+00 2.1498408341220392e+00 -1.4739420931712099e-01 7.4317293999999999e-03 9.2446746000000002e-01
3.1630010678829085e-01 -7.1393041522086662e+01 9.5673984578143823e-01 4.0366652816102127e+00 1.5691159025126924e+00 -4.6948261777385900e+00 2.1312835386020001e+00 -1.4186888435565859e-01 7.0970672000000004e-03 9.3173240000000002e-01
3.2137509338584763e-01 -7.5694037919889169e+01 9.6112943248265981e-01 3.9767148314296437e+00 1.4314513879551765e+00 -5.0273843078386804e+00 2.1138877544109578e+00 -1.3681794555543575e-01 6.7560703000000000e-03 9.3865947999999999e-01
3.2619803328563896e-01 -8.0453350225859182e+01 9.6530101253276412e-01 3.9247273637685969e+00 1.3032564875169375e+00 -5.3906826213894536e+00 2.0976220755755723e+00 -1.3220624589233268e-01 6.4090362999999996e-03 9.4524253000000003e-01
3.3076459664438423e-01 -8.5736554843883511e+01 9.6925084085339153e-01 3.8798243840091096e+00 1.1842880069526507e+00 -5.7889769318786941e+00 2.0824567808271337e+00 -1.2800228192284521e-01 6.0562691999999996e-03 9.5147563999999996e-01
3.3507071736560184e-01 -9.1622357165038281e+01 9.7297540049278264e-01 3.8412028268051457e+00 1.0742899102934753e+00 -6.2273579532197143e+00 2.0683636488179959e+00 -1.2417748339745165e-01 5.6980790999999996e-03 9.5735325999999998e-01
3.3911251983660912e-01 -9.8206092501320555e+01 9.7647133925727903e-01 3.8081305038448767e+00 9.7299995613266055e-01 -6.7119738406097209e+00 2.0553162548983375e+00 -1.2070613988437441e-01 5.3347821999999998e-03 9.6287009999999995e-01
3.4288639219152245e-01 -1.0560474647218055e+02 9.7973553307982231e-01 3.7799431099238747e+00 8.8015819179142896e-01 -7.2503520005694080e+00 2.0432897697497903e+00 -1.1756507414842843e-01 4.9667000000000001e-03 9.6802122999999995e-01
3.4638893502715701e-01 -1.1396378768138115e+02 9.8276504166200507e-01 3.7560402095107630e+00 7.9550160037507966e-01 -7.8518359885608318e+00 2.0322611867839981e+00 -1.1473372465897379e-01 4.5941591999999996e-03 9.7280200999999999e-01
3.4961702001342704e-01 -1.2346726979949720e+02 9.8555715916887010e-01 3.7358817123800674e+00 7.1877774664863237e-01 -8.5282346264025026e+00 2.0222091460309009e+00 -1.1219358037697509e-01 4.2174915999999996e-03 9.7720817000000004e-01
3.5256773128294544e-01 -1.3435254173333158e+02 9.8810936353411094e-01 3.7189848543143706e+00 6.4974409504126163e-01 -9.2947666945293648e+00 2.0131141413777458e+00 -1.0992822416231779e-01 3.8370333000000002e-03 9.8123572999999997e-01
3.5523842404142431e-01 -1.4693336800117345e+02 9.9041936715487155e-01 3.7049205982681563e+00 5.8817083309320795e-01 -1.0171550000692569e+01 2.0049583554820405e+00 -1.0792323708429663e-01 3.4531249000000000e-03 9.8488107999999996e-01
3.5762670258877433e-01 -1.6163701559267523e+02 9.9248509788119654e-01 3.6933108159662589e+00 5.3384387420651724e-01 -1.1186000395465085e+01 1.9977257453926547e+00 -1.0616594073630732e-01 3.0661112999999999e-03 9.8814095000000002e-01
3.5973040566650522e-01 -1.7906757459130105e+02 9.9430468634233105e-01 3.6838257785319635e+00 4.8656744561514020e-01 -1.2376911491993717e+01 1.9914020701412585e+00 -1.0464534860730036e-01 2.6763420000000000e-03 9.9101238999999997e-01
3.6154765041552567e-01 -2.0012267024475975e+02 9.9587650396782079e-01 3.6761813290194723e+00 4.4616526248836430e-01 -1.3802024938989154e+01 1.9859747763411724e+00 -1.0335202672787605e-01 2.2841723000000002e-03 9.9349282999999999e-01
3.6307681772354267e-01 -2.2622823749877054e+02 9.9719915031381223e-01 3.6701368662366831e+00 4.1248212562275149e-01 -1.5553233424655003e+01 1.9814330372163371e+00 -1.0227801129613695e-01 1.8899688000000000e-03 9.9558005999999999e-01
3.6431654489876247e-01 -2.5987794742057753e+02 9.9827144672620238e-01 3.6654934393608110e+00 3.8538579439421100e-01 -1.7791591697322062e+01 1.9777677731426690e+00 -1.0141673412143683e-01 1.4941295000000000e-03 9.9727222000000004e-01
3.6526582823808967e-01 -3.0615497985843757e+02 9.9909252505653878e-01 3.6620916845119211e+00 3.6476569312939860e-01 -2.0846147272105668e+01 1.9749713469699337e+00 -1.0076289415018219e-01 1.0971916000000000e-03 9.9856794000000004e-01
3.6592430142652571e-01 -3.7896555072781024e+02 9.9966206846232075e-01 3.6598098077932248e+00 3.5052782667524301e-01 -2.5619092363931355e+01 1.9730367466206884e+00 -1.0031221391327068e-01 7.0085733000000002e-04 9.9946672000000003e-01
