-5.8844209672619596e-01 -6.6090118602840869e+02 5.8844372185395943e-01 -7.2476979355189451e+02 -1.9100003849736868e+02 4.4310724738017889e+01 -4.8489412945657385e+01 -1.2495865502007078e+01 5.5301730000000003e-06 1.0230946000000001e-06
-5.8841985259213936e-01 -4.8048816635387084e+02 5.8845150061733109e-01 -5.4421780486385887e+02 -1.9098776001148204e+02 3.2505629392501632e+01 -3.6677846999287098e+01 -1.2495310241258780e+01 3.5894988000000002e-05 1.9923924999999999e-05
-5.8835006446416516e-01 -3.9682138977180597e+02 5.8847590549334394e-01 -4.6019464083594283e+02 -1.9094924192243215e+02 2.7027162970933553e+01 -3.1182680198501266e+01 -1.2493568327788465e+01 8.5619985000000003e-05 7.9222864999999994e-05
-5.8821190662137113e-01 -3.4198819149911429e+02 5.8852421922694698e-01 -4.0475482432883132e+02 -1.9087300692754079e+02 2.3431945537728328e+01 -2.7558876756081322e+01 -1.2490120549026441e+01 1.5173507999999999e-04 1.9661552000000001e-04
-5.8798715226789267e-01 -3.0134050628603455e+02 5.8860281572020767e-01 -3.6323605399368165e+02 -1.9074904019177703e+02 2.0761591160190800e+01 -2.4847259785645381e+01 -1.2484513566483310e+01 2.3255418000000001e-04 3.8758918999999998e-04
-5.8765922457345809e-01 -2.6920831392303188e+02 5.8871749188299050e-01 -3.2996418396654718e+02 -1.9056828195670357e+02 1.8645215936496005e+01 -2.2676628667175905e+01 -1.2476336787888695e+01 3.2689763000000001e-04 6.6622920000000002e-04
-5.8721276487369523e-01 -2.4279065562222090e+02 5.8887361863310905e-01 -3.0214054277376431e+02 -1.9032240716120930e+02 1.6899714778643510e+01 -2.0863866014971890e+01 -1.2465212230574528e+01 4.3385032000000002e-04 1.0455858000000000e-03
-5.8663339101412049e-01 -2.2049370362417756e+02 5.8907622540332172e-01 -2.7817794289560157e+02 -1.9000371141862274e+02 1.5421003068342888e+01 -1.9305085719415896e+01 -1.2450789188630235e+01 5.5265518999999999e-04 1.5378795000000000e-03
-5.8590754796792288e-01 -2.0132115330206480e+02 5.8933005238022285e-01 -2.5708992425828103e+02 -1.8960504887574928e+02 1.4144115591633350e+01 -1.7935673423527568e+01 -1.2432741211787777e+01 6.8265765000000004e-04 2.1546280000000000e-03
-5.8502240696501295e-01 -1.8460658067456120e+02 5.8963958577876796e-01 -2.3822201355966925e+02 -1.8911979729809323e+02 1.3025683947225774e+01 -1.6712724210668039e+01 -1.2410764331563959e+01 8.2327310000000005e-04 2.9067318999999999e-03
-5.8396579676184601e-01 -1.6988075116792115e+02 5.9000908187718437e-01 -2.2111865478652555e+02 -1.8854184125361576e+02 1.2035246690141424e+01 -1.5606324400117087e+01 -1.2384576098354680e+01 9.7396649000000004e-04 3.8045331000000002e-03
-5.8272615338836342e-01 -1.5679964186528770e+02 5.9044258459044308e-01 -2.0545065691615207e+02 -1.8786556537240384e+02 1.1150533910365787e+01 -1.4594814917661738e+01 -1.2353915072026060e+01 1.1342389000000000e-03 4.8578574999999999e-03
-5.8129248342913109e-01 -1.4510265419366849e+02 5.9094393831082692e-01 -1.9097305005073136e+02 -1.8708585470044329e+02 1.0354728960452016e+01 -1.3662035724898296e+01 -1.2318540654380456e+01 1.3036180000000001e-03 6.0760461999999999e-03
-5.7965433742570227e-01 -1.3458700182396706e+02 5.9151679720911254e-01 -1.7749936400814627e+02 -1.8619809981831469e+02 9.6347887711292888e+00 -1.2795638426859512e+01 -1.2278233125343123e+01 1.4816515000000000e-03 7.4679780999999997e-03
-5.7780178833959261e-01 -1.2509128492328070e+02 5.9216463276605769e-01 -1.6488466378875165e+02 -1.8519820414319489e+02 8.9803678543326164e+00 -1.1985990328598314e+01 -1.2232793809859423e+01 1.6679024999999999e-03 9.0420881999999994e-03
-5.7572541695888624e-01 -1.1648458156256983e+02 5.9289073887570454e-01 -1.5301479201892738e+02 -1.8408259335527961e+02 8.3831022648290325e+00 -1.1225459518733429e+01 -1.2182045353239836e+01 1.8619452999999999e-03 1.0806380000000001e-02
-5.7341629836404007e-01 -1.0865895024912909e+02 5.9369823657828147e-01 -1.4179856776971778e+02 -1.8284822421005293e+02 7.8361180046447148e+00 -1.0507912190747593e+01 -1.2125831974411026e+01 2.0633631000000000e-03 1.2768437000000001e-02
-5.7086599569038465e-01 -1.0152416059932550e+02 5.9459007624145377e-01 -1.3116243884350396e+02 -1.8149259542740589e+02 7.3336859930037477e+00 -9.8283621168483126e+00 -1.2064019852255177e+01 2.2717459999999998e-03 1.4935428000000001e-02
-5.6806654965383352e-01 -9.5003870832457324e+01 5.9556904122317822e-01 -1.2104655858217060e+02 -1.8001375430517871e+02 6.8709723013354091e+00 -9.1827162326575209e+00 -1.1996497337837186e+01 2.4866887000000002e-03 1.7314116000000001e-02
-5.6501047878626043e-01 -8.9032831601009832e+01 5.9663774778939160e-01 -1.1140191815376197e+02 -1.7841030680548985e+02 6.4438527086534370e+00 -8.5675875717924832e+00 -1.1923175344174552e+01 2.7077901999999999e-03 1.9910858000000000e-02
-5.6169076648974658e-01 -8.3554756830207239e+01 5.9779864964113472e-01 -1.0218813955688640e+02 -1.7668141835297831e+02 6.0487765683672858e+00 -7.9801520910171142e+00 -1.1843987356292795e+01 2.9346520999999999e-03 2.2731616000000000e-02
-5.5810086809790060e-01 -7.8520732312034795e+01 5.9905403544521174e-01 -9.3371839136002066e+01 -1.7482682239522191e+02 5.6826615711986763e+00 -7.4180435690686499e+00 -1.1758889811370221e+01 3.1668782999999998e-03 2.5781951000000001e-02
-5.5423470381453888e-01 -7.3887953832623722e+01 6.0040603130353087e-01 -8.4925312087576103e+01 -1.7284681880094064e+02 5.3428119756907648e+00 -6.8792676751858863e+00 -1.1667862067559062e+01 3.4040742000000001e-03 2.9067029000000001e-02
-5.5008665400613865e-01 -6.9618740870097724e+01 6.0185660239933070e-01 -7.6825500475746111e+01 -1.7074227080878919e+02 5.0268546428835794e+00 -6.3621360271980132e+00 -1.1570906324738914e+01 3.6458464000000000e-03 3.2591624999999999e-02
-5.4565156626315814e-01 -6.5679761770488398e+01 6.0340755052784045e-01 -6.9053190638738698e+01 -1.6851460467289161e+02 4.7326890644736483e+00 -5.8652156719391471e+00 -1.1468047716205064e+01 3.8918026000000000e-03 3.6360116999999997e-02
-5.4092474598494389e-01 -6.2041390524830966e+01 6.0506051738873334e-01 -6.1592330331048117e+01 -1.6616579812302817e+02 4.4584459658274289e+00 -5.3872845545028589e+00 -1.1359333922532214e+01 4.1415510999999999e-03 4.0376493999999999e-02
-5.3590195991038969e-01 -5.8677197348901714e+01 6.0681698335145628e-01 -5.4429487897794637e+01 -1.6369837221539589e+02 4.2024545892580640e+00 -4.9272980968690154e+00 -1.1244834960548165e+01 4.3947007000000003e-03 4.4644352999999998e-02
-5.3057943611793768e-01 -5.5563518889561571e+01 6.0867826745523024e-01 -4.7553424911878096e+01 -1.6111537806073417e+02 3.9632155737689923e+00 -4.4843607907235672e+00 -1.1124642807831014e+01 4.6508610999999997e-03 4.9166899000000000e-02
-5.2495385931803107e-01 -5.2679105525812055e+01 6.1064552905527691e-01 -4.0954670023457290e+01 -1.5842034150641211e+02 3.7393783212605656e+00 -4.0577022734407446e+00 -1.0998870795512193e+01 4.9096423000000002e-03 5.3946949000000001e-02
-5.1902237673754770e-01 -5.0004825675778903e+01 6.1271976576503528e-01 -3.4625249891387888e+01 -1.5561743218606716e+02 3.5297225287415479e+00 -3.6466581452105578e+00 -1.0867653142767566e+01 5.1706551000000002e-03 5.8986927000000001e-02
-5.1278258752782024e-01 -4.7523409811488627e+01 6.1490181716017156e-01 -2.8558395848517097e+01 -1.5271106514553014e+02 3.3331420825945699e+00 -3.2506525954517538e+00 -1.0731144020981189e+01 5.4335110000000002e-03 6.4288872999999996e-02
-5.0623255335661599e-01 -4.5219241100490706e+01 6.1719236107456943e-01 -2.2748323811364443e+01 -1.4970625236667561e+02 3.1486319063543400e+00 -2.8691851432702844e+00 -1.0589516981504763e+01 5.6978226000000002e-03 6.9854434000000007e-02
-4.9937078663927048e-01 -4.3078167014417488e+01 6.1959191771589661e-01 -1.7190028386883181e+01 -1.4660838364073322e+02 2.9752764195026589e+00 -2.5018178131625297e+00 -1.0442963811478398e+01 5.9632034000000004e-03 7.5684873999999999e-02
-4.9219625642312070e-01 -4.1087342956935586e+01 6.2210084760782181e-01 -1.1879121502416881e+01 -1.4342323880320953e+02 2.8122399761160546e+00 -2.1481652560366151e+00 -1.0291693669170963e+01 6.2292681999999997e-03 8.1781068999999998e-02
-4.8470838367995872e-01 -3.9235093080197565e+01 6.2471935323624073e-01 -6.8116821171480915e+00 -1.4015694886462293e+02 2.6587579966812269e+00 -1.8078856378323001e+00 -1.0135931911202642e+01 6.4956331999999999e-03 8.8143510999999994e-02
-4.7690704130603156e-01 -3.7510790276399462e+01 6.2744747904927722e-01 -1.9841306361855944e+00 -1.3681596655863851e+02 2.5141298546674649e+00 -1.4806729870056408e+00 -9.9759189660218208e+00 6.7619166000000000e-03 9.4772308000000000e-02
-4.6879254706072171e-01 -3.5904750987964732e+01 6.3028511392662223e-01 2.6069185111904556e+00 -1.3340702531227518e+02 2.3777122809540452e+00 -1.1662502777678143e+00 -9.8119089668119237e+00 7.0277381999999996e-03 1.0166719000000000e-01
-4.6036566238966026e-01 -3.4408132059228336e+01 6.3323199159109156e-01 6.9645677006714219e+00 -1.2993709787341314e+02 2.2489137460785149e+00 -8.6436374787155090e-01 -9.6441684758496766e+00 7.2927204000000001e-03 1.0882751000000000e-01
-4.5162760890113973e-01 -3.3012877999500596e+01 6.3628768484683129e-01 1.1092075703536379e+01 -1.2641338258022455e+02 2.1271897385738909e+00 -5.7477842709373739e-01 -9.4729754425886874e+00 7.5564877000000004e-03 1.1625223000000000e-01
-4.4258003423640235e-01 -3.1711607284672702e+01 6.3945161751446256e-01 1.4992570185521569e+01 -1.2284322226568923e+02 2.0120378532692520e+00 -2.9727267761130954e-01 -9.2986172693695668e+00 7.8186677999999999e-03 1.2393994999999999e-01
-4.3322500971586686e-01 -3.0497574680767389e+01 6.4272306525419487e-01 1.8669293639588876e+01 -1.1923408357601987e+02 1.9029939641240139e+00 -3.1634593493142793e-02 -9.1213892939260024e+00 8.0788911000000008e-03 1.3188891000000000e-01
-4.2356506564572677e-01 -2.9364610180247094e+01 6.4610114321912482e-01 2.2125595263329807e+01 -1.1559352643902074e+02 1.7996291682756460e+00 2.2234029314989473e-01 -8.9415941033546549e+00 8.3367917000000003e-03 1.4009695999999999e-01
-4.1360314424248590e-01 -2.8307053850159356e+01 6.4958482251750438e-01 2.5364989606344274e+01 -1.1192914579918492e+02 1.7015461166365227e+00 4.6485279945508101e-01 -8.7595392251964679e+00 8.5920070000000005e-03 1.4856159999999999e-01
-4.0334262317069092e-01 -2.7319728222204496e+01 6.5317292198160692e-01 2.8391177806190342e+01 -1.0824854216858446e+02 1.6083765161167267e+00 6.9610200059633953e-01 -8.5755361668910695e+00 8.8441787999999997e-03 1.5727996000000000e-01
-3.9278729200519891e-01 -2.6397881267025138e+01 6.5686411639886089e-01 3.1208078142220032e+01 -1.0455927257913592e+02 1.5197783872073614e+00 9.1628758613290939e-01 -8.3898985467512546e+00 9.0929527999999999e-03 1.6624881999999999e-01
-3.8194135223117742e-01 -2.5537157848640561e+01 6.6065693651185009e-01 3.3819841676778168e+01 -1.0086882118054757e+02 1.4354338411051586e+00 1.1256114239997266e+00 -8.2029407713006375e+00 9.3379794999999995e-03 1.7546460999999999e-01
-3.7080940547523877e-01 -2.4733559191058742e+01 6.6454977313388075e-01 3.6230864910929704e+01 -9.7184549039979188e+01 1.3550469634417581e+00 1.3242789634541663e+00 -8.0149764906170518e+00 9.5789143999999993e-03 1.8492342000000001e-01
-3.5939648881203767e-01 -2.3983412928775238e+01 6.6854086480228025e-01 3.8445787577501257e+01 -9.3513678614625931e+01 1.2783422124209871e+00 1.5124996774182931e+00 -7.8263178539812444e+00 9.8154178999999998e-03 1.9462097000000000e-01
-3.4770801591994149e-01 -2.3283374380213068e+01 6.7262831835623216e-01 4.0469505593372169e+01 -8.9863240579039726e+01 1.2050623122024595e+00 1.6904888567020060e+00 -7.6372733209165693e+00 1.0047156000000000e-02 2.0455266000000000e-01
-3.3574976531216399e-01 -2.2630332976651939e+01 6.7681011305234340e-01 4.2307166269395850e+01 -8.6240040702825084e+01 1.1349667062522295e+00 1.8584681548198214e+00 -7.4481462315059863e+00 1.0273801000000001e-02 2.1471357999999999e-01
-3.2352793918109551e-01 -2.2021463251928541e+01 6.8108407998680920e-01 4.3964150196875238e+01 -8.2650649188310254e+01 1.0678305390884955e+00 2.0166650300404250e+00 -7.2592346983510074e+00 1.0495031000000000e-02 2.2509846000000000e-01
-3.1104909278510684e-01 -2.1454165921486304e+01 6.8544792678881483e-01 4.5446070078773573e+01 -7.9101352593813758e+01 1.0034428922181258e+00 2.1653139182270866e+00 -7.0708293876473105e+00 1.0710529999999999e-02 2.3570173000000000e-01
-2.9832014621741532e-01 -2.0926057790976468e+01 6.8989923350496907e-01 4.6758753564998869e+01 -7.5598155663545555e+01 9.4160581256635234e-01 2.3046559463577503e+00 -6.8832127543543988e+00 1.0919989999999999e-02 2.4651751000000000e-01
-2.8534839617495084e-01 -2.0434955922136510e+01 6.9443544848373684e-01 4.7908225189930555e+01 -7.2146726968755587e+01 8.8213322976802999e-01 2.4349386255844054e+00 -6.6966583508951913e+00 1.1123108000000000e-02 2.5753959999999998e-01
-2.7214148065175758e-01 -1.9978861490961606e+01 6.9905390072214013e-01 4.8900682514462893e+01 -6.8752399033350201e+01 8.2484980717067202e-01 2.5564159336226431e+00 -6.5114294649269810e+00 1.1319591000000000e-02 2.6876150999999998e-01
-2.5870736717012832e-01 -1.9555946354914234e+01 7.0375180398132553e-01 4.9742489525640217e+01 -6.5420145968632568e+01 7.6959004166917022e-01 2.6693479375461342e+00 -6.3277783015537681e+00 1.1509152000000000e-02 2.8017647000000001e-01
-2.4505436454947027e-01 -1.9164541533214621e+01 7.0852625267099656e-01 5.0440135490636948e+01 -6.2154574562651568e+01 7.1619742006562681e-01 2.7740001545230224e+00 -6.1459455364096600e+00 1.1691511000000000e-02 2.9177742000000001e-01
-2.3119113467517111e-01 -1.8803126670381488e+01 7.1337421773384702e-01 5.1000220764628885e+01 -5.8959918736520450e+01 6.6452371597510917e-01 2.8706428532181101e+00 -5.9661598858152622e+00 1.1866398000000000e-02 3.0355700000000002e-01
-2.1712659834767084e-01 -1.8470317881921776e+01 7.1829257957009685e-01 5.1429431588394117e+01 -5.5840011899509697e+01 6.1442790331360320e-01 2.9595511596504713e+00 -5.7886365523192627e+00 1.2033550000000000e-02 3.1550762999999998e-01
-2.0287001766452389e-01 -1.8164861607681793e+01 7.2327809922852337e-01 5.1734511219099197e+01 -5.2798305886879547e+01 5.6577579975275971e-01 3.0410035519878900e+00 -5.6135778907378482e+00 1.2192715000000000e-02 3.2762143999999999e-01
-1.8843093717606912e-01 -1.7885624553828251e+01 7.2832743898429597e-01 5.1922236372462159e+01 -4.9837853486002089e+01 5.1843921752141486e-01 3.1152816883842580e+00 -5.4411724922483709e+00 1.2343646000000000e-02 3.3989032000000002e-01
-1.7381919565429588e-01 -1.7631588398723384e+01 7.3343715822340938e-01 5.1999391258532178e+01 -4.6961318220074098e+01 4.7229541123059904e-01 3.1826693647702453e+00 -5.2715951652147579e+00 1.2486109000000000e-02 3.5230591000000000e-01
-1.5904487901737968e-01 -1.7401841863450763e+01 7.3860372990495127e-01 5.1972742443821190e+01 -4.4170968235358764e+01 4.2722636910541023e-01 3.2434519913358364e+00 -5.1050063153550287e+00 1.2619877000000000e-02 3.6485963999999999e-01
-1.4411835563628039e-01 -1.7195577052038022e+01 7.4382352821440167e-01 5.1849014149931556e+01 -4.1468691296972757e+01 3.8311839738760589e-01 3.2979156266895711e+00 -4.9415524730420275e+00 1.2744734000000001e-02 3.7754270000000001e-01
-1.2905024102814450e-01 -1.7012083104704782e+01 7.4909284091033368e-01 5.1634864520747954e+01 -3.8855997933050261e+01 3.3986149913962471e-01 3.3463462437884495e+00 -4.7813659765647261e+00 1.2860473000000001e-02 3.9034606999999999e-01
-1.1385137431857245e-01 -1.6850742796271135e+01 7.5440787755554761e-01 5.1336863411521804e+01 -3.6334024033119015e+01 2.9734882012599340e-01 3.3890290256431941e+00 -4.6245649118741241e+00 1.2966896000000000e-02 4.0326054000000000e-01
-9.8532841779351288e-02 -1.6711029348932009e+01 7.5976476128593706e-01 5.0961470376981232e+01 -3.3903574047070535e+01 2.5547625024025078e-01 3.4262474825758842e+00 -4.4712536807610572e+00 1.3063819000000001e-02 4.1627669000000000e-01
-8.3105906215258041e-02 -1.6592503049605170e+01 7.6515955350389042e-01 5.0515012876214726e+01 -3.1565074359373384e+01 2.1414176841144672e-01 3.4582828652848088e+00 -4.3215226238777902e+00 1.3151064000000001e-02 4.2938494999999999e-01
-6.7582077577256428e-02 -1.6494809825180514e+01 7.7058822918488956e-01 5.0003676713747161e+01 -2.9318651478720060e+01 1.7324518704853054e-01 3.4854132671707938e+00 -4.1754491345286153e+00 1.3228465999999999e-02 4.4257553999999999e-01
-5.1973018811567906e-02 -1.6417679005190536e+01 7.7604670980204538e-01 4.9433472149628585e+01 -2.7164110347440182e+01 1.3268745578860330e-01 3.5079131188235668e+00 -4.0330972072267182e+00 1.3295871000000001e-02 4.5583855000000001e-01
-3.6290592935136590e-02 -1.6360922751055995e+01 7.8153084686382979e-01 4.8810234920228133e+01 -2.5100965666294101e+01 9.2370517013555586e-02 3.5260524136540106e+00 -3.8945184359959564e+00 1.3353135000000000e-02 4.6916390000000002e-01
-2.0546804191298729e-02 -1.6324435460031566e+01 7.8703644249191074e-01 4.8139604117273919e+01 -2.3128452836616173e+01 5.2195857687067360e-02 3.5400962405954601e+00 -3.7597520225371790e+00 1.3400123999999999e-02 4.8254139000000001e-01
-4.7538215875144729e-03 -1.6308194138344742e+01 7.9255924119001864e-01 4.7427012815331658e+01 -2.1245552781202814e+01 1.2065827927748796e-02 3.5503040927233975e+00 -3.6288256238090240e+00 1.3436718000000000e-02 4.9596067999999999e-01
1.1076068180095433e-02 -1.6312259120604157e+01 7.9809494630621369e-01 4.6677676479732931e+01 -1.9451005974117560e+01 -2.8118645025286271e-02 3.5569294551847634e+00 -3.5017555781633476e+00 1.3462807000000000e-02 5.0941133000000005e-01
2.6930413651286234e-02 -1.6336775658542109e+01 8.0363920357061835e-01 4.5896587368706342e+01 -1.7743346987272748e+01 -6.8457552251938281e-02 3.5602192785204916e+00 -3.3785479751686451e+00 1.3478291000000000e-02 5.2288276000000000e-01
4.2796704521483098e-02 -1.6381976121471862e+01 8.0918763813551986e-01 4.5088504135368680e+01 -1.6120882268561910e+01 -1.0905273591935893e-01 3.5604136953049847e+00 -3.2591984780038601e+00 1.3483083000000000e-02 5.3636434000000000e-01
5.8662312797451044e-02 -1.6448182793600399e+01 8.1473583399753580e-01 4.4257948777033917e+01 -1.4581766539579078e+01 -1.5000825008493301e-01 3.5577454836569657e+00 -3.1436935378984612e+00 1.3477108000000000e-02 5.4984533999999996e-01
7.4514516335027037e-02 -1.6535811457596388e+01 8.2027934222874788e-01 4.3409204414182135e+01 -1.3123987320115535e+01 -1.9143096347360478e-01 3.5524399037122318e+00 -3.0320108895506124e+00 1.3460300999999999e-02 5.6331494999999998e-01
9.0340534145717744e-02 -1.6645375974069587e+01 8.2581369332340260e-01 4.2546311318414013e+01 -1.1745391290605939e+01 -2.3343122389227922e-01 3.5447143856376284e+00 -2.9241200423161491e+00 1.3432611000000001e-02 5.7676231000000000e-01
1.0612754993443196e-01 -1.6777493776924377e+01 8.3133440542904546e-01 4.1673066335087235e+01 -1.0443701986420436e+01 -2.7612354026615948e-01 3.5347783236922465e+00 -2.8199828486073013e+00 1.3393997000000000e-02 5.9017653000000003e-01
1.2186267679288221e-01 -1.6932891845689948e+01 8.3683697199982032e-01 4.0793026387497100e+01 -9.2165425303285655e+00 -3.1962714892283806e-01 3.5228329572422918e+00 -2.7195544718562630e+00 1.3344429999999999e-02 6.0354666000000001e-01
1.3753300427504922e-01 -1.7112414288231850e+01 8.4231687825873680e-01 3.9909508838564207e+01 -8.0614499714745875e+00 -3.6406685750669243e-01 3.5090711971202850e+00 -2.6227837634319564e+00 1.3283893999999999e-02 6.1686173000000000e-01
1.5312564547264562e-01 -1.7317031455142171e+01 8.4776961765993863e-01 3.9025593393863822e+01 -6.9758901145729793e+00 -4.0957396796198875e-01 3.4936775883973707e+00 -2.5296136905169404e+00 1.3212384000000001e-02 6.3011079000000003e-01
1.6862766640191984e-01 -1.7547850319548761e+01 8.5319066719530146e-01 3.8144131025353254e+01 -5.9572798891163394e+00 -4.5628692527423587e-01 3.4768283304127947e+00 -2.4399824739407081e+00 1.3129907000000000e-02 6.4328284999999996e-01
1.8402616838571872e-01 -1.7806119821225362e+01 8.5857551620340211e-01 3.7267745709799016e+01 -5.0029972481412353e+00 -5.0435250326615422e-01 3.4586911896985413e+00 -2.3538237307088004e+00 1.3036481000000001e-02 6.5636695000000000e-01
1.9930829982235299e-01 -1.8093257582755424e+01 8.6391967048508489e-01 3.6398841075974964e+01 -4.1103962083714096e+00 -5.5392689257820293e-01 3.4394256644318215e+00 -2.2710670916692992e+00 1.2932137999999999e-02 6.6935217000000002e-01
2.1446122087899910e-01 -1.8410850911793318e+01 8.6921863995676185e-01 3.5539609433312158e+01 -3.2768232090225693e+00 -6.0517674553437906e-01 3.4191829717351965e+00 -2.1916389779766243e+00 1.2816919000000000e-02 6.8222760000000005e-01
2.2947217410489595e-01 -1.8760682271061455e+01 8.7446796334381349e-01 3.4692037728703525e+01 -2.4996259752333505e+00 -6.5828069684835799e-01 3.3981062273376956e+00 -2.1154629043095019e+00 1.2690879000000000e-02 6.9498240000000000e-01
2.4432846089361260e-01 -1.9144745958205426e+01 8.7966319994945508e-01 3.3857916772493041e+01 -1.7761673442703134e+00 -7.1343073942555957e-01 3.3763305735018325e+00 -2.0424601021124240e+00 1.2554085000000000e-02 7.0760577999999996e-01
2.5901745325191394e-01 -1.9565271407656724e+01 8.8479993377030441e-01 3.3038850613830419e+01 -1.1038355663118413e+00 -7.7083387430390571e-01 3.3539833543056341e+00 -1.9725502533850126e+00 1.2406611999999999e-02 7.2008700999999997e-01
2.7352665264409104e-01 -2.0024750294524011e+01 8.8987379407421585e-01 3.2236262999167323e+01 -4.8005179288264210e-01 -8.3071417305728334e-01 3.3311842936040414e+00 -1.9056506245536191e+00 1.2248551000000000e-02 7.3241546999999996e-01
2.8784365468536344e-01 -2.0525965136910713e+01 8.9488044305357972e-01 3.1451409516369978e+01 9.7719088496259446e-02 -8.9331472866235651e-01 3.3080457059053878e+00 -1.8416789326925660e+00 1.2080001999999999e-02 7.4458062000000003e-01
3.0195617267961039e-01 -2.1072023702713015e+01 8.9981558405645623e-01 3.0685410840630531e+01 6.3196110758410518e-01 -9.5890004613313162e-01 3.2846727526796404e+00 -1.7805514963380626e+00 1.1901076999999999e-02 7.5657202000000001e-01
3.1585206115710351e-01 -2.1666398896593503e+01 9.0467496981770967e-01 2.9939140146888594e+01 1.1251025267297727e+00 -1.0277588817836620e+00 3.2611636980373686e+00 -1.7221846126649554e+00 1.1711898000000000e-02 7.6837935000000002e-01
3.2951935118110476e-01 -2.2312975498238423e+01 9.0945441480570910e-01 2.9213475031327725e+01 1.5795080087964168e+00 -1.1002074446556955e+00 3.2376100613105021e+00 -1.6664946764673281e+00 1.1512599000000000e-02 7.7999244000000001e-01
3.4294619150353622e-01 -2.3016099606408353e+01 9.1414977464449332e-01 2.8509067796392433e+01 1.9974728506152122e+00 -1.1765925863308908e+00 3.2140970570638090e+00 -1.6133987191321522e+00 1.1303326000000001e-02 7.9140122000000002e-01
3.5612096625364009e-01 -2.3780644953400230e+01 9.1875698726944133e-01 2.7826470078761620e+01 2.3812223904009553e+00 -1.2572965515941021e+00 3.1907036703294649e+00 -1.5628143311746612e+00 1.1084235000000000e-02 8.0259581999999996e-01
3.6903218901818513e-01 -2.4612077830201475e+01 9.2327203588716888e-01 2.7166126397576949e+01 2.7329043233059021e+00 -1.3427409275336846e+00 3.1675031311099575e+00 -1.5146604001756168e+00 1.0855490000000001e-02 8.1356647999999998e-01
3.8166860876126008e-01 -2.5516545330672812e+01 9.2769098601563138e-01 2.6528376049541880e+01 3.0545889692072596e+00 -1.4333927458835594e+00 3.1445630598454231e+00 -1.4688568115801011e+00 1.0617270000000000e-02 8.2430364000000000e-01
3.9401918628654198e-01 -2.6500969983297125e+01 9.3200997725299040e-01 2.5913465327256443e+01 3.3482659942056916e+00 -1.5297706517589074e+00 3.1219457721703883e+00 -1.4253251784384999e+00 1.0369760000000000e-02 8.3479791999999997e-01
4.0607310600616231e-01 -2.7573166162107935e+01 9.3622522739318026e-01 2.5321555894507725e+01 3.6158432740745519e+00 -1.6324523630287935e+00 3.0997085853683628e+00 -1.3839886661980663e+00 1.0113159000000000e-02 8.4504013000000000e-01
4.1781978770957295e-01 -2.8741970204886119e+01 9.4033303654147493e-01 2.4752733777870478e+01 3.8591450057586956e+00 -1.7420834287507694e+00 3.0779040925317651e+00 -1.3447723522577157e+00 9.8476710000000005e-03 8.5502127999999999e-01
4.2924888656354565e-01 -3.0017403180679128e+01 9.4432978711448845e-01 2.4207014953763597e+01 4.0799129007748949e+00 -1.8593874516456519e+00 3.0565804585108367e+00 -1.3076033739879658e+00 9.5735140000000000e-03 8.6473257999999997e-01
4.4035035195650341e-01 -3.1410869350956130e+01 9.4821196441800970e-01 2.3684356668755470e+01 4.2798051022676384e+00 -1.9851788526157521e+00 3.0357816029575266e+00 -1.2724109038733973e+00 9.2909130999999992e-03 8.7416548999999999e-01
4.5111436865418841e-01 -3.2935368604101633e+01 9.5197613606916720e-01 2.3184662406261008e+01 4.4603967943237945e+00 -2.1203769450233745e+00 3.0155475820044328e+00 -1.2391265055331948e+00 9.0001030000000006e-03 8.8331166999999999e-01
4.6153142741286024e-01 -3.4605782966719467e+01 9.5561897668983131e-01 2.2707788989076533e+01 4.6231812960974725e+00 -2.2660236543542704e+00 2.9959147600338314e+00 -1.2076840241343103e+00 8.7013270999999996e-03 8.9216304000000002e-01
4.7159228967269640e-01 -3.6439211180893054e+01 9.5913725555991314e-01 2.2253554500513463e+01 4.7695707422335367e+00 -2.4233054014966537e+00 2.9769161049360555e+00 -1.1780198222014588e+00 8.3948374000000006e-03 9.0071175000000003e-01
4.8128804640212286e-01 -3.8455367805009239e+01 9.6252785719520007e-01 2.1821742453316677e+01 4.9008978350178038e+00 -2.5935787370077841e+00 2.9585813770692067e+00 -1.1500726887937316e+00 8.0808944000000001e-03 9.0895022999999997e-01
4.9061007102234966e-01 -4.0677092144921346e+01 9.6578776488508655e-01 2.1412110245160573e+01 5.0184174380747795e+00 -2.7784020066142192e+00 2.9409374564880260e+00 -1.1237840983696428e+00 7.7597663000000001e-03 9.1687114999999997e-01
4.9955006648283640e-01 -4.3130970098925857e+01 9.6891407715484323e-01 2.1024392942637473e+01 5.1233079113409783e+00 -2.9795755145836873e+00 2.9240084654751954e+00 -1.0990980929853096e+00 7.4317293999999999e-03 9.2446746000000002e-01
5.0810007703015569e-01 -4.5848120448288782e+01 9.7190401188118369e-01 2.0658308417090730e+01 5.2166733414168593e+00 -3.1991915560185897e+00 2.9078160089116181e+00 -1.0759613446672875e+00 7.0970672000000004e-03 9.3173240000000002e-01
5.1625246467026320e-01 -4.8865177140845582e+01 9.7475489806112980e-01 2.0313577868715218e+01 5.2995462089355971e+00 -3.4396964774592576e+00 2.8923794241292025e+00 -1.0543232646784384e+00 6.7560703000000000e-03 9.3865947999999999e-01
5.2399996801282767e-01 -5.2225579480321493e+01 9.7746419638984761e-01 1.9989854387442016e+01 5.3728881245360078e+00 -3.7039736512863599e+00 2.8777159175334552e+00 -1.0341358753462513e+00 6.4090362999999996e-03 9.4524253000000003e-01
5.3133563165803344e-01 -5.5981194649411499e+01 9.8002947456724465e-01 1.9686878581642809e+01 5.4375927570019211e+00 -3.9954458868802996e+00 2.8638407855644084e+00 -1.0153540295376653e+00 6.0562691999999996e-03 9.5147563999999996e-01
5.3825292388524171e-01 -6.0194554549135361e+01 9.8244844845364043e-01 1.9404329647293036e+01 5.4944836194069016e+00 -4.3182190887038434e+00 2.8507674951697490e+00 -9.9793517812867538e-01 5.6980790999999996e-03 9.5735325999999998e-01
5.4474561896433016e-01 -6.4941727042215732e+01 9.8471894091409629e-01 1.9141906650673299e+01 5.5443236693631652e+00 -4.6772648165589263e+00 2.8385080258904183e+00 -9.8183945333478695e-01 5.3347821999999998e-03 9.6287009999999995e-01
5.5080791484435287e-01 -7.0316401961290453e+01 9.8683892297408482e-01 1.8899314652109275e+01 5.5878467193716190e+00 -5.0786828409879261e+00 2.8270728096408839e+00 -9.6702984113701640e-01 4.9667000000000001e-03 9.6802122999999995e-01
5.5643435077147874e-01 -7.6435474355648708e+01 9.8880648501052204e-01 1.8676269527001292e+01 5.6256611516999735e+00 -5.5300581649109937e+00 2.8164710252196521e+00 -9.5347194133671498e-01 4.5941591999999996e-03 9.7280200999999999e-01
5.6161990143991869e-01 -8.3447247396419854e+01 9.9061986967630200e-01 1.8472470334785250e+01 5.6583645429399736e+00 -6.0409895629909780e+00 2.8067106355342175e+00 -9.4113395064488659e-01 4.2174915999999996e-03 9.7720817000000004e-01
5.6635988284099847e-01 -9.1543392872073582e+01 9.9227743897576204e-01 1.8287714069074724e+01 5.6864889575607194e+00 -6.6238589608800735e+00 2.7977985649546433e+00 -9.2998687240572409e-01 3.8370333000000002e-03 9.8123572999999997e-01
5.7065004641408656e-01 -1.0097767651933901e+02 9.9377770718921810e-01 1.8121758198748161e+01 5.7105117272834658e+00 -7.2950413411453487e+00 2.7897407701221777e+00 -9.2000425636731009e-01 3.4531249000000000e-03 9.8488107999999996e-01
5.7448654373999564e-01 -1.1209595737188886e+02 9.9511932852626361e-01 1.7974325710685285e+01 5.7308578304172535e+00 -8.0768478551590128e+00 2.7825422779666131e+00 -9.1116229682954475e-01 3.0661112999999999e-03 9.8814095000000002e-01
5.7786590300325102e-01 -1.2538730541312501e+02 9.9630108889463587e-01 1.7845241133256597e+01 5.7479048476396768e+00 -9.0008372551392366e+00 2.7762074558135379e+00 -9.0343989762770915e-01 2.6763420000000000e-03 9.9101238999999997e-01
5.8078509960528668e-01 -1.4157802479566951e+02 9.9732193059361807e-01 1.7734322164835142e+01 5.7619778638855976e+00 -1.0113932232619554e+01 2.7707398876781859e+00 -8.9681844281232370e-01 2.2841723000000002e-03 9.9349282999999999e-01
5.8324153262671297e-01 -1.6182048857994963e+02 9.9818094408290492e-01 1.7641409016577455e+01 5.7733558508442577e+00 -1.1490713038205557e+01 2.7661425090624272e+00 -8.9128191240420407e-01 1.8899688000000000e-03 9.9558005999999999e-01
5.8523301305845121e-01 -1.8812637590596208e+02 9.9887736386703585e-01 1.7566365590387445e+01 5.7822719477474722e+00 -1.3261673689896400e+01 2.7624176925667694e+00 -8.8681686966407458e-01 1.4941295000000000e-03 9.9727222000000004e-01
5.8675792856585696e-01 -2.2458727108803973e+02 9.9941062611333298e-01 1.7509074786857891e+01 5.7889138527264219e+00 -1.5692938026620528e+01 2.7595669891958963e+00 -8.8341208602698285e-01 1.0971916000000000e-03 9.9856794000000004e-01
5.8781569070562967e-01 -2.8236956992857375e+02 9.9978052504344661e-01 1.7469422168269652e+01 5.7934272543973195e+00 -1.9512820223569019e+01 2.7575903530255208e+00 -8.8105754791616320e-01 7.0085733000000002e-04 9.9946672000000003e-01
