-1.7974513353736626e-01 -1.1863518908906999e+03 1.7974634052861804e-01 -1.1039546715859337e+03 -3.1373302906175496e+02 7.6454229212974596e+01 -7.1160160263996531e+01 -2.0158718266928833e+01 5.5301730000000003e-06 1.0230946000000001e-06
-1.7973833885889462e-01 -8.8991417527724070e+02 1.7976184401978224e-01 -8.0729739122178989e+02 -3.1368176203049370e+02 5.7405535721370157e+01 -5.2101448445797537e+01 -2.0156418557521878e+01 3.5894988000000002e-05 1.9923924999999999e-05
-1.7971702142349727e-01 -7.5225090704523791e+02 1.7981048424208354e-01 -6.6906932149287684e+02 -3.1352096077059446e+02 4.8556665189231154e+01 -4.3226710075949924e+01 -2.0149205026145292e+01 8.5619985000000003e-05 7.9222864999999994e-05
-1.7967481982024625e-01 -6.6179429602817413e+02 1.7990677609545805e-01 -5.7764925637840622e+02 -3.1320281661656560e+02 4.2738572270081178e+01 -3.7364342409394730e+01 -2.0134931356719068e+01 1.5173507999999999e-04 1.9661552000000001e-04
-1.7960616650413602e-01 -5.9448078535563252e+02 1.8006342310740292e-01 -5.0895040882938616e+02 -3.1268580058054948e+02 3.8404902275045195e+01 -3.2966803603611652e+01 -2.0111730199587551e+01 2.3255418000000001e-04 3.8758918999999998e-04
-1.7950599792755956e-01 -5.4100045045308627e+02 1.8029197882911469e-01 -4.5365680600531988e+02 -3.1193264536196432e+02 3.4957379662938614e+01 -2.9435410048794242e+01 -2.0077921228016656e+01 3.2689763000000001e-04 6.6622920000000002e-04
-1.7936962264305936e-01 -4.9675984072025994e+02 1.8060314778686459e-01 -4.0718051903847828e+02 -3.1090953554242770e+02 3.2100843096301624e+01 -2.6475115562965513e+01 -2.0031972960586430e+01 4.3385032000000002e-04 1.0455858000000000e-03
-1.7919264748724251e-01 -4.5915063972912384e+02 1.8100695390895616e-01 -3.6692731662035942e+02 -3.0958574875074879e+02 2.9667726168841639e+01 -2.3918855112751707e+01 -1.9972484939280573e+01 5.5265518999999999e-04 1.5378795000000000e-03
-1.7897093195058764e-01 -4.2654741753703149e+02 1.8151284464062872e-01 -3.3129253291751917e+02 -3.0793351572494549e+02 2.7553646416311462e+01 -2.1663048102688446e+01 -1.9898179610189047e+01 6.8265765000000004e-04 2.1546280000000000e-03
-1.7870055736547114e-01 -3.9786738368109462e+02 1.8212976124807048e-01 -2.9921952531052403e+02 -3.0592799590849563e+02 2.5689109291319390e+01 -1.9639243558936190e+01 -1.9807899370205121e+01 8.2327310000000005e-04 2.9067318999999999e-03
-1.7837780591189256e-01 -3.7235199445751584e+02 1.8286618672128119e-01 -2.6998032555662184e+02 -3.0354732432195914e+02 2.4025469323267448e+01 -1.7800038876624612e+01 -1.9700606896082949e+01 9.7396649000000004e-04 3.8045331000000002e-03
-1.7799914526720892e-01 -3.4944840290221993e+02 1.8373018079893938e-01 -2.4305633205057245e+02 -3.0077269525922355e+02 2.2527308305067272e+01 -1.6111424156702149e+01 -1.9575387225547509e+01 1.1342389000000000e-03 4.8578574999999999e-03
-1.7756121739001521e-01 -3.2874059123854943e+02 1.8472940556034251e-01 -2.1806880161242799e+02 -2.9758846696629524e+02 2.1168006676003738e+01 -1.4548325412768270e+01 -1.9431450915277463e+01 1.3036180000000001e-03 6.0760461999999999e-03
-1.7706083039564791e-01 -3.0990712917203797e+02 1.8587114396315887e-01 -1.9473605347084606e+02 -2.9398227436617094e+02 1.9927026548292666e+01 -1.3091864982250470e+01 -1.9268137722571616e+01 1.4816515000000000e-03 7.4679780999999997e-03
-1.7649495197749956e-01 -2.9269407139092698e+02 1.8716231485408469e-01 -1.7284584964067523e+02 -2.8994513538474786e+02 1.8788168002770082e+01 -1.1727596075820909e+01 -1.9084920400326840e+01 1.6679024999999999e-03 9.0420881999999994e-03
-1.7586070494933037e-01 -2.7689695225850096e+02 1.8860948314000009e-01 -1.5223690865134193e+02 -2.8547155023377360e+02 1.7738410441032208e+01 -1.0444324090547029e+01 -1.8881408276541794e+01 1.8619452999999999e-03 1.0806380000000001e-02
-1.7515536311112168e-01 -2.6234841162939318e+02 1.9021886922089576e-01 -1.3278608294676334e+02 -2.8055957878816997e+02 1.6767116184453425e+01 -9.2332919075185149e+00 -1.8657350229701585e+01 2.0633631000000000e-03 1.2768437000000001e-02
-1.7437634934377358e-01 -2.4890950832173033e+02 1.9199635333722170e-01 -1.1439920979815336e+02 -2.7521089677825341e+02 1.5865470450973785e+01 -8.0876029510355263e+00 -1.8412637384129876e+01 2.2717459999999998e-03 1.4935428000000001e-02
-1.7352123240963507e-01 -2.3646341844745106e+02 1.9394748287015245e-01 -9.7004377649912556e+01 -2.6943082634766427e+02 1.5026076512087029e+01 -7.0017981818312238e+00 -1.8147304505727753e+01 2.4866887000000002e-03 1.7314116000000001e-02
-1.7258772702440228e-01 -2.2491084517033460e+02 1.9607747217753604e-01 -8.0546910504079904e+01 -2.6322833927663362e+02 1.4242659333020155e+01 -5.9715440233049684e+00 -1.7861530624181146e+01 2.7077901999999999e-03 1.9910858000000000e-02
-1.7157368990271726e-01 -2.1416651680090663e+02 1.9839121161669354e-01 -6.4985441582193786e+01 -2.5661600342004317e+02 1.3509840293627541e+01 -4.9933902881350081e+00 -1.7555638513711592e+01 2.9346520999999999e-03 2.2731616000000000e-02
-1.7047712191511430e-01 -2.0415660910002526e+02 2.0089326262289206e-01 -5.0288925599107010e+01 -2.4960993129691050e+02 1.2822970788263632e+01 -4.0645883914995737e+00 -1.7230093342156788e+01 3.1668782999999998e-03 2.5781951000000001e-02
-1.6929616593107358e-01 -1.9481667789562437e+02 2.0358786263087170e-01 -3.6434182825693661e+01 -2.4222966089628244e+02 1.2177999204718230e+01 -3.1829434734648796e+00 -1.6885499868915112e+01 3.4040742000000001e-03 2.9067029000000001e-02
-1.6802910538105745e-01 -1.8609007328166862e+02 2.0647892835586362e-01 -2.3403922977454787e+01 -2.3449800280511255e+02 1.1571368752886427e+01 -2.3466969604396724e+00 -1.6522597285611688e+01 3.6458464000000000e-03 3.2591624999999999e-02
-1.6667436641345620e-01 -1.7792670071836042e+02 2.0957005087206301e-01 -1.1185157674773221e+01 -2.2644087184746601e+02 1.0999937676227324e+01 -1.5544335045318090e+00 -1.6142255326317358e+01 3.8918026000000000e-03 3.6360116999999997e-02
-1.6523051501866026e-01 -1.7028199453043896e+02 2.1286450217466504e-01 2.3217017824275304e-01 -2.1808704959300897e+02 1.0460913234559616e+01 -8.0500127181767067e-01 -1.5745466376701639e+01 4.1415510999999999e-03 4.0376493999999999e-02
-1.6369625810753305e-01 -1.6311611786758340e+02 2.1636523271910144e-01 1.0856292089498352e+01 -2.0946793864083440e+02 9.9518000457952045e+00 -9.7448356306100159e-02 -1.5333338082188565e+01 4.3947007000000003e-03 4.4644352999999998e-02
-1.6207044351141101e-01 -1.5639329536468287e+02 2.2007487142104043e-01 2.0694554741226241e+01 -2.0061727454974007e+02 9.4703574836579509e+00 5.6903107452439916e-01 -1.4907084289678034e+01 4.6508610999999997e-03 4.9166899000000000e-02
-1.6035205854413967e-01 -1.5008126485699296e+02 2.2399572893740474e-01 2.9754214206199553e+01 -1.9157080426019766e+02 9.0145643419932551e+00 1.1951424283436913e+00 -1.4468014544791538e+01 4.9096423000000002e-03 5.3946949000000001e-02
-1.5854023179952859e-01 -1.4415083274053947e+02 2.2812979356509921e-01 3.8043080594261582e+01 -1.8236595365262883e+02 8.5825902441530051e+00 1.7815277798799602e+00 -1.4017523654138063e+01 5.1706551000000002e-03 5.8986927000000001e-02
-1.5663422991593229e-01 -1.3857548407354963e+02 2.3247873862330107e-01 4.5570074294168535e+01 -1.7304145097769307e+02 8.1727707521964579e+00 2.3287987200174616e+00 -1.3557078660389815e+01 5.4335110000000002e-03 6.4288872999999996e-02
-1.5463346081166945e-01 -1.3333107592753908e+02 2.3704391507116965e-01 5.2345647669051942e+01 -1.6363696662106463e+02 7.7835878187763763e+00 2.8375617612450066e+00 -1.3088207257228612e+01 5.6978226000000002e-03 6.9854434000000007e-02
-1.5253747009011268e-01 -1.2839555733640645e+02 2.4182635971039124e-01 5.8382148948812095e+01 -1.5419270614917892e+02 7.4136518422430617e+00 3.3084410402033164e+00 -1.2612483640925145e+01 5.9632034000000004e-03 7.5684873999999999e-02
-1.5034594283714361e-01 -1.2374874556498847e+02 2.4682679108390673e-01 6.3694038015104233e+01 -1.4474902757878377e+02 7.0616874445693822e+00 3.7420956166294213e+00 -1.2131515393579727e+01 6.2292681999999997e-03 8.1781068999999998e-02
-1.4805870218318901e-01 -1.1937212465428678e+02 2.5204561275692938e-01 6.8298139965307300e+01 -1.3534604166245390e+02 6.7265207342375408e+00 4.1392341819224949e+00 -1.1646929390962043e+01 6.4956331999999999e-03 8.8143510999999994e-02
-1.4567570930322052e-01 -1.1524867853983648e+02 2.5748291331694517e-01 7.2213680505293681e+01 -1.2602322323518420e+02 6.4070685357271282e+00 4.5006251381501707e+00 -1.1160358054016370e+01 6.7619166000000000e-03 9.4772308000000000e-02
-1.4319706125980891e-01 -1.1136273731023434e+02 2.6313847129523937e-01 7.5462363424458474e+01 -1.1681902673741320e+02 6.1023288978964558e+00 4.8271052583120557e+00 -1.0673424966378590e+01 7.0277381999999996e-03 1.0166719000000000e-01
-1.4062299064363287e-01 -1.0769985116552822e+02 2.6901175598715132e-01 7.8068340162303130e+01 -1.0777053079934757e+02 5.8113729109953942e+00 5.1195846757202395e+00 -1.0187731737054866e+01 7.2927204000000001e-03 1.0882751000000000e-01
-1.3795387060635317e-01 -1.0424668470667763e+02 2.7510191596851152e-01 8.0058127813301525e+01 -9.8913111479425908e+01 5.5333383044320588e+00 5.3790488733521133e+00 -9.7048458942725144e+00 7.5564877000000004e-03 1.1625223000000000e-01
-1.3519020443537352e-01 -1.0099090349391085e+02 2.8140780288302170e-01 8.1460490957747169e+01 -9.0280094805339957e+01 5.2674220273178616e+00 5.6065603599144502e+00 -9.2262866297804518e+00 7.8186677999999999e-03 1.2393994999999999e-01
-1.3233262483485864e-01 -9.7921089038721561e+01 2.8792797308276424e-01 8.2306264316674572e+01 -8.1902480283570753e+01 5.0128749394117769e+00 5.8032568744624822e+00 -8.7535133494488679e+00 8.0788911000000008e-03 1.3188891000000000e-01
-1.2938190471046424e-01 -9.5026674162078720e+01 2.9466066302056704e-01 8.2628137004433128e+01 -7.3808720720726157e+01 4.7689979686213153e+00 5.9703468720369042e+00 -8.2879169068252665e+00 8.3367917000000003e-03 1.4009695999999999e-01
-1.2633894278969696e-01 -9.2297857775320125e+01 3.0160382206018338e-01 8.2460416255128521e+01 -6.6024471070972780e+01 4.5351365278014510e+00 6.1091065671369975e+00 -7.8308076866244107e+00 8.5920070000000005e-03 1.4856159999999999e-01
-1.2320477081173443e-01 -8.9725552347845408e+01 3.0875509607120211e-01 8.1838767014077433e+01 -5.8572435270935756e+01 4.3106773515456140e+00 6.2208721429023317e+00 -7.3834082334908038e+00 8.8441787999999997e-03 1.5727996000000000e-01
-1.1998054633760524e-01 -8.7301322816077288e+01 3.1611184383413754e-01 8.0799849142322714e+01 -5.1472217567196246e+01 4.0950445409815242e+00 6.3070338526936993e+00 -6.9468451095353609e+00 9.0929527999999999e-03 1.6624881999999999e-01
-1.1666755275018890e-01 -8.5017338702161680e+01 3.2367113704042938e-01 7.9381161841456858e+01 -4.4740230633810341e+01 3.8876965518669873e+00 6.3690265920020401e+00 -6.5221429567209990e+00 9.3379794999999995e-03 1.7546460999999999e-01
-1.1326719565930579e-01 -8.2866327952917572e+01 3.3142976849498784e-01 7.7620581447354340e+01 -3.8389651644306198e+01 3.6881232611586432e+00 6.4083219272446739e+00 -6.1102194019329676e+00 9.5789143999999993e-03 1.8492342000000001e-01
-1.0978101368644733e-01 -8.0841543929009902e+01 3.3938422750855857e-01 7.5556124706058554e+01 -3.2430413223044582e+01 3.4958440969182405e+00 6.4264179870634059e+00 -5.7118831067570710e+00 9.8154178999999998e-03 1.9462097000000000e-01
-1.0621066049022572e-01 -7.8936711203324577e+01 3.4753074091044778e-01 7.3225618555013938e+01 -2.6869221112905361e+01 3.3104046939697023e+00 6.4248302392663579e+00 -5.3278294890345341e+00 1.0047156000000000e-02 2.0455266000000000e-01
-1.0255790117146407e-01 -7.7146030583812873e+01 3.5586528125106698e-01 7.0666392041088926e+01 -2.1709612745462476e+01 3.1313747868903499e+00 6.4050814710973798e+00 -4.9586397860145022e+00 1.0273801000000001e-02 2.1471357999999999e-01
-9.8824630247746376e-02 -7.5464082497702350e+01 3.6438352578920807e-01 6.7915000660523091e+01 -1.6952091338234286e+01 2.9583472389358119e+00 6.3686918948279292e+00 -4.6047837073144402e+00 1.0495031000000000e-02 2.2509846000000000e-01
-9.5012850083957462e-02 -7.3885867015465294e+01 3.7308090570731367e-01 6.5006940914563884e+01 -1.2594230537706670e+01 2.7909352474086360e+00 6.3171696192847326e+00 -4.2666183448327217e+00 1.0710529999999999e-02 2.3570173000000000e-01
-9.1124674487192997e-02 -7.2406743669775850e+01 3.8195259790893143e-01 6.1976404599200997e+01 -8.6308490535213132e+00 2.6287709895814158e+00 6.2520013861794714e+00 -3.9443927893479902e+00 1.0919989999999999e-02 2.4651751000000000e-01
-8.7162332301669490e-02 -7.1022418817254561e+01 3.9099351681616967e-01 5.8856051295842043e+01 -5.0542040866263935e+00 2.4715043226509552e+00 6.1746438295934469e+00 -3.6382500726066840e+00 1.1123108000000000e-02 2.5753959999999998e-01
-8.3128156623994170e-02 -6.9728921985781170e+01 4.0019833897733198e-01 5.5676807444262430e+01 -1.8541940080329116e+00 2.3188009917588648e+00 6.0865153174017177e+00 -3.3482331488930259e+00 1.1319591000000000e-02 2.6876150999999998e-01
-7.9024581208255076e-02 -6.8522587457159375e+01 4.0956151126946250e-01 5.2467689910991915e+01 9.8141287140347744e-01 2.1703412827924757e+00 5.9889882264775300e+00 -3.0742892656076570e+00 1.1509152000000000e-02 2.8017647000000001e-01
-7.4854144060931008e-02 -6.7400039620574418e+01 4.1907724269580043e-01 4.9255670623550834e+01 3.4667324899047549e+00 2.0258190083196284e+00 5.8833824014505272e+00 -2.8162767013821770e+00 1.1691511000000000e-02 2.9177742000000001e-01
-7.0619491035801535e-02 -6.6358178981878851e+01 4.2873949618323570e-01 4.6065568390258960e+01 5.6175128273408870e+00 1.8849405295637447e+00 5.7709595104489297e+00 -2.5739717488395151e+00 1.1866398000000000e-02 3.0355700000000002e-01
-6.6323347074666861e-02 -6.5394162102449656e+01 4.3854205420266834e-01 4.2919949127668403e+01 7.4508927719116782e+00 1.7474227772993616e+00 5.6529169817896836e+00 -2.3470743487414580e+00 1.2033550000000000e-02 3.1550762999999998e-01
-6.1968541371717908e-02 -6.4505396323832741e+01 4.4847846135119385e-01 3.9839096902178724e+01 8.9851315861234031e+00 1.6129931504867514e+00 5.5303850414743039e+00 -2.1352172987294233e+00 1.2192715000000000e-02 3.2762143999999999e-01
-5.7557989398986237e-02 -6.3689525267799212e+01 4.5854206536482811e-01 3.6840975431980581e+01 1.0239363386520550e+01 1.4813880186481572e+00 5.4044226203881456e+00 -1.9379727359794756e+00 1.2343646000000000e-02 3.3989032000000002e-01
-5.3094696501254146e-02 -6.2944420299328193e+01 4.6872600891596194e-01 3.3941250186999348e+01 1.1233348950877511e+01 1.3523519461698665e+00 5.2760152765385175e+00 -1.7548607326884820e+00 1.2486109000000000e-02 3.5230591000000000e-01
-4.8581743516414394e-02 -6.2268170164007095e+01 4.7902326242354210e-01 3.1153299705678531e+01 1.1987238569722868e+01 1.2256366161497239e+00 5.1460733196953585e+00 -1.5853562712556226e+00 1.2619877000000000e-02 3.6485963999999999e-01
-4.4022297560200457e-02 -6.1659075929840668e+01 4.8942659944543521e-01 2.8488288908854457e+01 1.2521355534899229e+01 1.1010000247053138e+00 5.0154315080300416e+00 -1.4288976065570107e+00 1.2744734000000001e-02 3.7754270000000001e-01
-3.9419601241456353e-02 -6.1115643223362859e+01 4.9992862128606308e-01 2.5955237601472799e+01 1.2855964387331507e+01 9.7820574808897076e-01 4.8848487484605370e+00 -1.2848933947405889e+00 1.2860473000000001e-02 3.9034606999999999e-01
-3.4776965472316568e-02 -6.0636576530589544e+01 5.1052177340149318e-01 2.3561114603139384e+01 1.3011100544302208e+01 8.5702181909333452e-01 4.7550090273407148e+00 -1.1527298333788736e+00 1.2966896000000000e-02 4.0326054000000000e-01
-3.0097776658026154e-02 -6.0220776036954518e+01 5.2119832899434804e-01 2.1310956478245494e+01 1.3006381824261409e+01 7.3722027012239044e-01 4.6265223061184333e+00 -1.0317778031109419e+00 1.3063819000000001e-02 4.1627669000000000e-01
-2.5385475127480628e-02 -5.9867332663174736e+01 5.3195043822907528e-01 1.9207982072195417e+01 1.2860854233476200e+01 6.1857580710700599e-01 4.4999276745241854e+00 -9.2139882490851299e-01 1.3151064000000001e-02 4.2938494999999999e-01
-2.0643576702685990e-02 -5.9575527857773828e+01 5.4277007901667795e-01 1.7253740896927393e+01 1.2592854699885940e+01 5.0086568518598007e-01 4.3756949554628077e+00 -8.2095175171964330e-01 1.3228465999999999e-02 4.4257553999999999e-01
-1.5875643939478629e-02 -5.9344830135391653e+01 5.5364912263507426e-01 1.5448242481174521e+01 1.2219893396504617e+01 3.8386824181813806e-01 4.2542278121434673e+00 -7.2979754672710051e-01 1.3295871000000001e-02 4.5583855000000001e-01
-1.1085300507165330e-02 -5.9174895958292723e+01 5.6457930091891761e-01 1.3790127730274698e+01 1.1758557832111780e+01 2.6736257419425291e-01 4.1358676250902509e+00 -6.4730476772780732e-01 1.3353135000000000e-02 4.6916390000000002e-01
-6.2762132139732862e-03 -5.9065569831688904e+01 5.7555224727232157e-01 1.2276783875584378e+01 1.1224432062825310e+01 1.5112736967158069e-01 4.0208963420999577e+00 -5.7285366569313467e-01 1.3400123999999999e-02 4.8254139000000001e-01
-1.4520991968700048e-03 -5.9016886189805504e+01 5.8655948026376992e-01 1.0904531177513173e+01 1.0632043465523774e+01 3.4940263036275176e-02 3.9095412273147496e+00 -5.0584031011561770e-01 1.3436718000000000e-02 4.9596067999999999e-01
3.3832884580767553e-03 -5.9029072188231510e+01 5.9759243643629656e-01 9.6687537341135243e+00 9.9948162701368553e+00 -8.1423153089508649e-02 3.8019783104733671e+00 -4.4567981143987651e-01 1.3462807000000000e-02 5.0941133000000005e-01
8.2261463360588094e-03 -5.9102551470090866e+01 6.0864243749730551e-01 8.5640545339930156e+00 9.3250528464253346e+00 -1.9818983054340888e-01 3.6983371489601149e+00 -3.9180935090228303e-01 1.3478291000000000e-02 5.2288276000000000e-01
1.3072653047717847e-02 -5.9237949485193184e+01 6.1970076414147601e-01 7.5843888649499354e+00 8.6339210768916566e+00 -3.1559093280751771e-01 3.5987042302503927e+00 -3.4369017349907011e-01 1.3483083000000000e-02 5.3636434000000000e-01
1.7918951254595361e-02 -5.9436099748522942e+01 6.3075861503803721e-01 6.7232032061984475e+00 7.9314639487241863e+00 -4.3386215103408343e-01 3.5031278484471464e+00 -3.0080967511141915e-01 1.3477108000000000e-02 5.4984533999999996e-01
2.2761154858952581e-02 -5.9698051307633484e+01 6.4180712323585865e-01 5.9735619870759313e+00 7.2266179904521941e+00 -5.5324486613765211e-01 3.4116221235998734e+00 -2.6268273778174533e-01 1.3460300999999999e-02 5.6331494999999998e-01
2.7595359788500584e-02 -6.0025078298525337e+01 6.5283738077108466e-01 5.3282615582325281e+00 6.5272414632225191e+00 -6.7398736499269285e-01 3.3241706835429516e+00 -2.2885249833278562e-01 1.3432611000000001e-02 5.7676231000000000e-01
3.2417651186220392e-02 -6.0418691039751579e+01 6.6384045507222478e-01 4.7799401874583749e+00 5.8401565688372781e+00 -7.9634607881490282e-01 3.2407306760016130e+00 -1.9889104194652199e-01 1.3393997000000000e-02 5.9017653000000003e-01
3.7224092625632837e-02 -6.0880647437569451e+01 6.7480736435251854e-01 4.3211766167027399e+00 5.1711951523457458e+00 -9.2058641048378886e-01 3.1612365264814382e+00 -1.7239965249318781e-01 1.3344429999999999e-02 6.0354666000000001e-01
4.2010740490438764e-02 -6.1412967931329462e+01 6.8572911042011553e-01 3.9445750151421120e+00 4.5252540484925339e+00 -1.0469843170132687e+00 3.0856035552657937e+00 -1.4900843225846272e-01 1.3283893999999999e-02 6.1686173000000000e-01
4.6773658354159003e-02 -6.2017953527253709e+01 6.9659671148825542e-01 3.6428450040126368e+00 3.9063526098946224e+00 -1.1758279770996785e+00 3.0137308089761774e+00 -1.2837600300914737e-01 1.3212384000000001e-02 6.3011079000000003e-01
5.1508895410674327e-02 -6.2698201284684089e+01 7.0740115295999773e-01 3.4088672018700668e+00 3.3176985452099257e+00 -1.3074186974695485e+00 2.9455047473314639e+00 -1.1018887191142791e-01 1.3129907000000000e-02 6.4328284999999996e-01
5.6212511638595558e-02 -6.3456628293919614e+01 7.1813344484603714e-01 3.2357499501853493e+00 2.7617514057274501e+00 -1.4420731056373395e+00 2.8808014297844577e+00 -9.4160532575190053e-02 1.3036481000000001e-02 6.5636695000000000e-01
6.0880581396173666e-02 -6.4296496143741493e+01 7.2878462996724813e-01 3.1168770589634835e+00 2.2402870073563852e+00 -1.5801250186435820e+00 2.8194892449787519e+00 -8.0030332255714001e-02 1.2932137999999999e-02 6.6935217000000002e-01
6.5509182636569546e-02 -6.5221435967370795e+01 7.3934575934705016e-01 3.0459472675571901e+00 1.7544683980500662e+00 -1.7219270164021050e+00 2.7614314004799727e+00 -6.7562450502655649e-02 1.2816919000000000e-02 6.8222760000000005e-01
7.0094418477314402e-02 -6.6235482592650513e+01 7.4980794142667773e-01 3.0170016375761604e+00 1.3049085241424898e+00 -1.8678531939238958e+00 2.7064876382536376e+00 -5.6544318247397390e-02 1.2690879000000000e-02 6.9498240000000000e-01
7.4632410010489508e-02 -6.7343107755626605e+01 7.6016232566009012e-01 3.0244470726300086e+00 8.9173551048757838e-01 -2.0183012953068955e+00 2.6545165050344406e+00 -4.6785990975401627e-02 1.2554085000000000e-02 7.0760577999999996e-01
7.9119299897636303e-02 -6.8549259673634737e+01 7.7040011071651671e-01 3.0630709482824030e+00 5.1465498828203216e-01 -2.1736954219299927e+00 2.6053763489759247e+00 -3.8117405414229977e-02 1.2406611999999999e-02 7.2008700999999997e-01
8.3551270344306511e-02 -6.9859411947508619e+01 7.8051258549318159e-01 3.1280482732345467e+00 1.7300788506817236e-01 -2.3344895843867546e+00 2.5589271602389130e+00 -3.0388236828235396e-02 1.2248551000000000e-02 7.3241546999999996e-01
8.7924532315332121e-02 -7.1279611800781566e+01 7.9049110450766891e-01 3.2149446848988683e+00 -1.3417245550066231e-01 -2.5011706532801594e+00 2.5150314191821233e+00 -2.3465810164741106e-02 1.2080001999999999e-02 7.4458062000000003e-01
9.2235332724645319e-02 -7.2816538891051337e+01 8.0032710430301224e-01 3.3197134942766082e+00 -4.0810798033546686e-01 -2.6742623022139234e+00 2.4735553024416035e+00 -1.7233781548444023e-02 1.1901076999999999e-02 7.5657202000000001e-01
9.6479961625098615e-02 -7.4477573334139549e+01 8.1001211985278565e-01 3.4386878941386994e+00 -6.5022835972234083e-01 -2.8543294952849227e+00 2.4343693157203505e+00 -1.1590773376201496e-02 1.1711898000000000e-02 7.6837935000000002e-01
1.0065476299319501e-01 -7.6270875452510055e+01 8.1953780916873742e-01 3.5685693733279389e+00 -8.6212648189009933e-01 -3.0419837705553561e+00 2.3973489108839257e+00 -6.4489494432239513e-03 1.1512599000000000e-02 7.7999244000000001e-01
1.0475611675453764e-01 -7.8205456541279261e+01 8.2889591228806614e-01 3.7064208846477786e+00 -1.0455172007838360e+00 -3.2378879153244799e+00 2.3623750654835125e+00 -1.7327847719623749e-03 1.1303326000000001e-02 7.9140122000000002e-01
1.0878047473293026e-01 -8.0291332631287247e+01 8.3807833329886972e-01 3.8496352173717492e+00 -1.2022027102980066e+00 -3.4427638731578813e+00 2.3293344564166785e+00 2.6222463915140954e-03 1.1084235000000000e-02 8.0259581999999996e-01
1.1272432829618692e-01 -8.2539546362148357e+01 8.4707706651724146e-01 3.9959318667537853e+00 -1.3340384186666219e+00 -3.6573984301877149e+00 2.2981199500211478e+00 6.6707891908954218e-03 1.0855490000000001e-02 8.1356647999999998e-01
1.1658424071032211e-01 -8.4962392467698933e+01 8.5588427031017389e-01 4.1433297507602758e+00 -1.4429060328406538e+00 -3.8826531330581062e+00 2.2686304777621071e+00 1.0458725642975944e-02 1.0617270000000000e-02 8.2430364000000000e-01
1.2035683994973098e-01 -8.7573531210208813e+01 8.6449225069046942e-01 4.2901281458738998e+00 -1.5306884676713342e+00 -4.1194736807139591e+00 2.2407711936090595e+00 1.4024229199643672e-02 1.0369760000000000e-02 8.3479791999999997e-01
1.2403882229209898e-01 -9.0388178216816144e+01 8.7289346951928537e-01 4.4348849876545282e+00 -1.5992487781918590e+00 -4.3689013875364457e+00 2.2144534127778370e+00 1.7398685970606717e-02 1.0113159000000000e-02 8.4504013000000000e-01
1.2762695591331222e-01 -9.3423318520617386e+01 8.8108055270867880e-01 4.5763962015423765e+00 -1.6504122541955757e+00 -4.6320867821728262e+00 2.1895945254418798e+00 2.0607577880482033e-02 9.8476710000000005e-03 8.5502127999999999e-01
1.3111808088745727e-01 -9.6697955486158691e+01 8.8904629022160619e-01 4.7136730512167224e+00 -1.6859517983771046e+00 -4.9103050568634394e+00 2.1661178866826272e+00 2.3671243771978913e-02 9.5735140000000000e-03 8.6473257999999997e-01
1.3450912716137145e-01 -1.0023342405046868e+02 8.9678367708464912e-01 4.8459236707674709e+00 -1.7075760896656831e+00 -5.2049761271437358e+00 2.1439524743553551e+00 2.6605553714060610e-02 9.2909130999999992e-03 8.7416548999999999e-01
1.3779709658009257e-01 -1.0405372676817355e+02 9.0428587237528868e-01 4.9725303804299923e+00 -1.7169201258094060e+00 -5.5176853382952373e+00 2.1230328691830351e+00 2.9422976569762262e-02 9.0001030000000006e-03 8.8331166999999999e-01
1.4097908445631904e-01 -1.0818598196935370e+02 9.1154624843717535e-01 5.0930318025571211e+00 -1.7155384946899741e+00 -5.8502119703814488e+00 2.1032988481999166e+00 3.2132313724844569e-02 8.7013270999999996e-03 8.9216304000000002e-01
1.4405226878568009e-01 -1.1266092546784549e+02 9.1855836627249488e-01 5.2071028371532657e+00 -1.7048997827907750e+00 -6.2045605165388240e+00 2.0846951864857566e+00 3.4740013885527173e-02 8.3948374000000006e-03 9.0071175000000003e-01
1.4701392822128548e-01 -1.1751356306285209e+02 9.2531601655469220e-01 5.3145389764651778e+00 -1.6863842588083453e+00 -6.5830020730612473e+00 2.0671713781830006e+00 3.7250336387282680e-02 8.0808944000000001e-03 9.0895022999999997e-01
1.4986142769408570e-01 -1.2278392261128451e+02 9.3181318681829206e-01 5.4152383776842088e+00 -1.6612830585356129e+00 -6.9881213015430319e+00 2.0506813653800928e+00 3.9665625668379785e-02 7.7597663000000001e-03 9.1687114999999997e-01
1.5259223279251208e-01 -1.2851803264057395e+02 9.3804409426907887e-01 5.5091877494319741e+00 -1.6307913394880320e+00 -7.4228784749300756e+00 2.0351831820866293e+00 4.1986870646731206e-02 7.4317293999999999e-03 9.2446746000000002e-01
1.5520391335738656e-01 -1.3476914048939324e+02 9.4400319398664168e-01 5.5964452051095765e+00 -1.5960221490524362e+00 -7.8906862336026959e+00 2.0206387861618889e+00 4.4213901979326925e-02 7.0970672000000004e-03 9.3173240000000002e-01
1.5769413629210186e-01 -1.4159922256845076e+02 9.4968516251928392e-01 5.6771330066212080e+00 -1.5579961647456892e+00 -8.3955049074811718e+00 2.0070137276089146e+00 4.6345639193031196e-02 6.7560703000000000e-03 9.3865947999999999e-01
1.6006068353717159e-01 -1.4908099874361588e+02 9.5508493889674917e-01 5.7514202104025642e+00 -1.5176493118387129e+00 -8.9419703672145001e+00 1.9942768210569881e+00 4.8380348825554288e-02 6.4090362999999996e-03 9.4524253000000003e-01
1.6230143050077003e-01 -1.5730043165288313e+02 9.6019767541494982e-01 5.8195163460950292e+00 -1.4758358573245594e+00 -9.5355517282640694e+00 1.9824000757944256e+00 5.0315842070952653e-02 6.0562691999999996e-03 9.5147563999999996e-01
1.6441438200783234e-01 -1.6636024786582936e+02 9.6501881966141867e-01 5.8816511041834918e+00 -1.4333312482817251e+00 -1.0182775750982533e+01 1.9713582377819341e+00 5.2149668455103500e-02 5.6980790999999996e-03 9.5735325999999998e-01
1.6639763635095453e-01 -1.7638438735367251e+02 9.6954403248985754e-01 5.9380864562225364e+00 -1.3908365432679151e+00 -1.0891508380114018e+01 1.9611287563500730e+00 5.3879134178094784e-02 5.3347821999999998e-03 9.6287009999999995e-01
1.6824942123949346e-01 -1.8752446556480641e+02 9.7376927004558811e-01 5.9890880175921666e+00 -1.3489823525218947e+00 -1.1671367168131276e+01 1.9516914163986456e+00 5.5501297298945207e-02 4.9667000000000001e-03 9.6802122999999995e-01
1.6996806863519673e-01 -1.9996853893051230e+02 9.7769072634773657e-01 6.0349283133142224e+00 -1.3083346042186732e+00 -1.2534278549176319e+01 1.9430282725438812e+00 5.7013457034962030e-02 4.5941591999999996e-03 9.7280200999999999e-01
1.7155204351148304e-01 -2.1395415604619959e+02 9.8130489890959338e-01 6.0758790398587994e+00 -1.2693914474952188e+00 -1.3495311617445081e+01 1.9351233507791532e+00 5.8412881318834223e-02 4.2174915999999996e-03 9.7720817000000004e-01
1.7299991509416171e-01 -2.2978739575806509e+02 9.8460852311825398e-01 6.1122064642711100e+00 -1.2326005775824704e+00 -1.4573890132119260e+01 1.9279626131225198e+00 5.9696953604394511e-02 3.8370333000000002e-03 9.8123572999999997e-01
1.7431038562071324e-01 -2.4787267326783288e+02 9.8759863785497826e-01 6.1441644487834681e+00 -1.1983520448462976e+00 -1.5795711954904892e+01 1.9215336804389436e+00 6.0863233094463405e-02 3.4531249000000000e-03 9.8488107999999996e-01
1.7548227955555887e-01 -2.6876136772361042e+02 9.9027256088755544e-01 6.1719933885662854e+00 -1.1669856715924030e+00 -1.7195834808071080e+01 1.9158257719203182e+00 6.1909462024096737e-02 3.0661112999999999e-03 9.8814095000000002e-01
1.7651453640024076e-01 -2.9323393433587603e+02 9.9262787246521456e-01 6.1959149673325360e+00 -1.1387959414179056e+00 -1.8823961724135287e+01 1.9108296060280281e+00 6.2833595804934153e-02 2.6763420000000000e-03 9.9101238999999997e-01
1.7740623226288202e-01 -3.2245261488760917e+02 9.9466246453389384e-01 6.2161298961781943e+00 -1.1140331798082499e+00 -2.0754217208515435e+01 1.9065372095162698e+00 6.3633830210814507e-02 2.2841723000000002e-03 9.9349282999999999e-01
1.7815657266836685e-01 -3.5826869359310177e+02 9.9637452433115148e-01 6.2328156885252470e+00 -1.0929073435780399e+00 -2.3104859334198650e+01 1.9029418627771095e+00 6.4308590600053520e-02 1.8899688000000000e-03 9.9558005999999999e-01
1.7876488896343032e-01 -4.0392974042853552e+02 9.9776252618361982e-01 6.2461245860863599e+00 -1.0755905796451461e+00 -2.6083671762486084e+01 1.9000380443377307e+00 6.4856556385459424e-02 1.4941295000000000e-03 9.9727222000000004e-01
1.7923068864539862e-01 -4.6607770633763550e+02 9.9882534634263564e-01 6.2561826019135109e+00 -1.0622178373610773e+00 -3.0116270976266240e+01 1.8978211306150246e+00 6.5276706158137729e-02 1.0971916000000000e-03 9.9856794000000004e-01
1.7955379196877061e-01 -5.6294246447480327e+02 9.9956257468094967e-01 6.2630915120951940e+00 -1.0528850762815167e+00 -3.6372449542515476e+01 1.8962866947789234e+00 6.5568427550871597e-02 7.0085733000000002e-04 9.9946672000000003e-01
