-3.9512036062333206e-01 -7.8133691515055716e+02 3.9512178796426650e-01 -7.9990264010249359e+02 -2.1831984162100932e+02 5.1695560251641588e+01 -5.2902626830113171e+01 -1.4191885794725692e+01 5.5301730000000003e-06 1.0230946000000001e-06
-3.9510542438692220e-01 -5.7508721096053659e+02 3.9513322067646162e-01 -5.9350386792467191e+02 -2.1829829083157861e+02 3.8286753348123085e+01 -3.9486921150828508e+01 -1.4190913703246194e+01 3.5894988000000002e-05 1.9923924999999999e-05
-3.9505856385392196e-01 -4.7937635029874991e+02 3.9516908934996148e-01 -4.9740887279294520e+02 -2.1823068892191418e+02 3.2061122619744197e+01 -3.3243410721458702e+01 -1.4187864279096903e+01 8.5619985000000003e-05 7.9222864999999994e-05
-3.9496579520774350e-01 -4.1657323460406013e+02 3.9524009768187224e-01 -4.3394925609123550e+02 -2.1809690799688966e+02 2.7971951821001703e+01 -2.9123533880709811e+01 -1.4181829145860902e+01 1.5173507999999999e-04 1.9661552000000001e-04
-3.9481487972822193e-01 -3.6993426999291501e+02 3.9535561361211147e-01 -3.8636425628442311e+02 -2.1787941280865397e+02 2.4930719901893003e+01 -2.6037852210405891e+01 -1.4172016156765293e+01 2.3255418000000001e-04 3.8758918999999998e-04
-3.9459468659519453e-01 -3.3298018086961417e+02 3.9552415705559774e-01 -3.4816860881327187e+02 -2.1756238484701629e+02 2.2516246806701236e+01 -2.3564786549674110e+01 -1.4157709470970577e+01 3.2689763000000001e-04 6.6622920000000002e-04
-3.9429490294858682e-01 -3.0251232367119633e+02 3.9575362183229390e-01 -3.1616499159385950e+02 -2.1713135210854182e+02 2.0520676613402916e+01 -2.1496422463608482e+01 -1.4138252402680083e+01 4.3385032000000002e-04 1.0455858000000000e-03
-3.9390587162400192e-01 -2.7671254969583975e+02 3.9605139987000143e-01 -2.8854176815141892e+02 -2.1657300645804304e+02 1.8825935381352384e+01 -1.9714870730679948e+01 -1.4113038644736243e+01 5.5265518999999999e-04 1.5378795000000000e-03
-3.9341849084726083e-01 -2.5444609254553151e+02 3.9642445798163090e-01 -2.6417455629346887e+02 -2.1587511261901116e+02 1.7358400510310641e+01 -1.8146876089512428e+01 -1.4081507749988006e+01 6.8265765000000004e-04 2.1546280000000000e-03
-3.9282414650273145e-01 -2.3495543667075532e+02 3.9687938970936620e-01 -2.4231919657941660e+02 -2.1502646514247090e+02 1.6068990284271813e+01 -1.6743865649793264e+01 -1.4043142593239054e+01 8.2327310000000005e-04 2.9067318999999999e-03
-3.9211466598317596e-01 -2.1770850165701094e+02 3.9742245064958848e-01 -2.2245929106265800e+02 -2.1401687717321232e+02 1.4923286490348417e+01 -1.5472041769185463e+01 -1.3997468388945899e+01 9.7396649000000004e-04 3.8045331000000002e-03
-3.9128228444640312e-01 -2.0231626621350748e+02 3.9805958428120203e-01 -2.0422333481173771e+02 -2.1283718607926795e+02 1.3896181422243606e+01 -1.4307007016811077e+01 -1.3944052446902015e+01 1.1342389000000000e-03 4.8578574999999999e-03
-3.9031962015970734e-01 -1.8848493105726692e+02 3.9879644083785415e-01 -1.8733649134666160e+02 -2.1147927068056842e+02 1.2968749449081441e+01 -1.3230617417715798e+01 -1.3882504480146109e+01 1.3036180000000001e-03 6.0760461999999999e-03
-3.8921965664039160e-01 -1.7598659113849342e+02 3.9963839097819631e-01 -1.7159095041410146e+02 -2.0993607573978852e+02 1.2126352290240584e+01 -1.2229074179394628e+01 -1.3812477272395894e+01 1.4816515000000000e-03 7.4679780999999997e-03
-3.8797572819433301e-01 -1.6464043856018671e+02 4.0059053685516699e-01 -1.5682686511828857e+02 -2.0820163802313360e+02 1.1357406493947312e+01 -1.1291678844081702e+01 -1.3733667473638260e+01 1.6679024999999999e-03 9.0420881999999994e-03
-3.8658151011697744e-01 -1.5430021661788052e+02 4.0165771961648922e-01 -1.4291957624368811e+02 -2.0627111467720854e+02 1.0652571095841914e+01 -1.0410010944832180e+01 -1.3645816533403160e+01 1.8619452999999999e-03 1.0806380000000001e-02
-3.8503100960555298e-01 -1.4484571812614976e+02 4.0284452636077700e-01 -1.2977091253251223e+02 -2.0414080762050114e+02 1.0004188343989750e+01 -9.5773596958268676e+00 -1.3548711541570123e+01 2.0633631000000000e-03 1.2768437000000001e-02
-3.8331856157078525e-01 -1.3617670239307157e+02 4.0415529334339312e-01 -1.1730293036721775e+02 -2.0180818921916790e+02 9.4058909464283751e+00 -8.7883236786404897e+00 -1.3442186192963472e+01 2.2717459999999998e-03 1.4935428000000001e-02
-3.8143882160374087e-01 -1.2820853847811483e+02 4.0559411135987095e-01 -1.0545338784538582e+02 -1.9927191723465748e+02 8.8523172248360300e+00 -8.0385185966861652e+00 -1.3326121342594323e+01 2.4866887000000002e-03 1.7314116000000001e-02
-3.7938676613387562e-01 -1.2086901551157420e+02 4.0716482562493828e-01 -9.4172413006780232e+01 -1.9653185282504199e+02 8.3389034415022714e+00 -7.3243635119419084e+00 -1.3200445791556064e+01 2.7077901999999999e-03 1.9910858000000000e-02
-3.7715768373636899e-01 -1.1409591480708491e+02 4.0887104242618499e-01 -8.3419924721701463e+01 -1.9358905854928622e+02 7.8617256591341054e+00 -6.6429162019625938e+00 -1.3065136269318410e+01 2.9346520999999999e-03 2.2731616000000000e-02
-3.7474717987357808e-01 -1.0783520362557390e+02 4.1071612549478953e-01 -7.3163707434908829e+01 -1.9044580673374989e+02 7.4173823424394811e+00 -5.9917508465818097e+00 -1.2920217961139320e+01 3.1668782999999998e-03 2.5781951000000001e-02
-3.7215117215358356e-01 -1.0203960504986119e+02 4.1270319963479229e-01 -6.3377851961015061e+01 -1.8710556640276914e+02 7.0029013690300834e+00 -5.3688596084127020e+00 -1.2765764197718802e+01 3.4040742000000001e-03 2.9067029000000001e-02
-3.6936588716922042e-01 -9.6667482579980827e+01 4.1483515314261071e-01 -5.4041517006014644e+01 -1.8357298319403216e+02 6.6156677202827661e+00 -4.7725752666470695e+00 -1.2601895892439407e+01 3.6458464000000000e-03 3.2591624999999999e-02
-3.6638786523953182e-01 -9.1681970780303971e+01 4.1711463417776640e-01 -4.5137975728551453e+01 -1.7985386116571698e+02 6.2533672590476685e+00 -4.2015108485408881e+00 -1.2428781232572801e+01 3.8918026000000000e-03 3.6360116999999997e-02
-3.6321395408783058e-01 -8.7050254267851869e+01 4.1954405560191577e-01 -3.6653751165022676e+01 -1.7595512142285878e+02 5.9139400512491331e+00 -3.6545084358233026e+00 -1.2246634328038303e+01 4.1415510999999999e-03 4.0376493999999999e-02
-3.5984131121242607e-01 -8.2742998942743398e+01 4.2212559316421355e-01 -2.8577985563022878e+01 -1.7188476222171519e+02 5.5955438131756132e+00 -3.1305984068065689e+00 -1.2055714064343681e+01 4.3947007000000003e-03 4.4644352999999998e-02
-3.5626740388662431e-01 -7.8733879676620930e+01 4.2486118550131263e-01 -2.0901865941604211e+01 -1.6765180838113838e+02 5.2965235834094955e+00 -2.6289665240245919e+00 -1.1856322633295855e+01 4.6508610999999997e-03 4.9166899000000000e-02
-3.5249000599775843e-01 -7.4999182379935107e+01 4.2775253655687973e-01 -1.3618144596369522e+01 -1.6326624754166596e+02 5.0153864661545615e+00 -2.1489219831800499e+00 -1.1648803428060159e+01 4.9096423000000002e-03 5.3946949000000001e-02
-3.4850720199840057e-01 -7.1517499397530727e+01 4.3080111255720077e-01 -6.7207532375067265e+00 -1.5873896744425247e+02 4.7507812610729987e+00 -1.6898794940490376e+00 -1.1433539156670873e+01 5.1706551000000002e-03 5.8986927000000001e-02
-3.4431737979418076e-01 -6.8269423914533704e+01 4.3400814745509086e-01 -2.0444450489379787e-01 -1.5408167318607335e+02 4.5014805381654224e+00 -1.2513329120685874e+00 -1.1210949044630665e+01 5.4335110000000002e-03 6.4288872999999996e-02
-3.3991923785596789e-01 -6.5237340825269584e+01 4.3737463748598443e-01 5.9354826353075048e+00 -1.4930681458951670e+02 4.2663664515588664e+00 -8.3284147562355471e-01 -1.0981486584644248e+01 5.6978226000000002e-03 6.9854434000000007e-02
-3.3531177731744655e-01 -6.2405218080096084e+01 4.4090134721672375e-01 1.1703441999991568e+01 -1.4442748623409295e+02 4.0444177911934416e+00 -4.3401348144625285e-01 -1.0745636206417176e+01 5.9632034000000004e-03 7.5684873999999999e-02
-3.3049430592632828e-01 -5.9758441902940348e+01 4.4458880652116461e-01 1.7103765984593370e+01 -1.3945734669148604e+02 3.8346995628202305e+00 -5.4494678800984686e-02 -1.0503910442540656e+01 6.2292681999999997e-03 8.1781068999999998e-02
-3.2546643488338278e-01 -5.7283657690030857e+01 4.4843731299969186e-01 2.2140882343613278e+01 -1.3441051222180732e+02 3.6363536357995057e+00 3.0604361723043227e-01 -1.0256846476389649e+01 6.4956331999999999e-03 8.8143510999999994e-02
-3.2022807884243754e-01 -5.4968657279187610e+01 4.5244693197921926e-01 2.6819466135414423e+01 -1.2930145611098351e+02 3.4485908388206052e+00 6.4791219675751055e-01 -1.0005002779397374e+01 6.7619166000000000e-03 9.4772308000000000e-02
-3.1477945116892375e-01 -5.2802254921895127e+01 4.5661750014246238e-01 3.1144560694481147e+01 -1.2414490847186877e+02 3.2706838553396613e+00 9.7141366198844159e-01 -9.7489553146235206e+00 7.0277381999999996e-03 1.0166719000000000e-01
-3.0912106314963439e-01 -5.0774192066406727e+01 4.6094862613281767e-01 3.5121679442117397e+01 -1.1895574789473373e+02 3.1019612194523001e+00 1.2768489867316397e+00 -9.4892939656345749e+00 7.2927204000000001e-03 1.0882751000000000e-01
-3.0325373505611652e-01 -4.8875054472950467e+01 4.6543968208605874e-01 3.8756874121016750e+01 -1.1374890805734019e+02 2.9418023086220377e+00 1.5645208545569589e+00 -9.2266193520583766e+00 7.5564877000000004e-03 1.1625223000000000e-01
-2.9717857322764357e-01 -4.7096187625494721e+01 4.7008982117182230e-01 4.2056803837092161e+01 -1.0853925949006647e+02 2.7896319863952166e+00 1.8347406831371234e+00 -8.9615381486230401e+00 7.8186677999999999e-03 1.2393994999999999e-01
-2.9089696849073093e-01 -4.5429629817464622e+01 4.7489797880336593e-01 4.5028774829406451e+01 -1.0334150236397851e+02 2.6449165331972386e+00 2.0878317773183568e+00 -8.6946594193271292e+00 8.0788911000000008e-03 1.3188891000000000e-01
-2.8441061986640576e-01 -4.3868054730381843e+01 4.7986285449120336e-01 4.7680748165038452e+01 -9.8170094333616674e+01 2.5071605145486613e+00 2.3241312020983331e+00 -8.4265920459671140e+00 8.3367917000000003e-03 1.4009695999999999e-01
-2.7772150296051362e-01 -4.2404722440216467e+01 4.8498293603825726e-01 5.0021362780136101e+01 -9.3039129667763291e+01 2.3759027444540219e+00 2.5439932090475526e+00 -8.1579398859170951e+00 8.5920070000000005e-03 1.4856159999999999e-01
-2.7083188576856526e-01 -4.1033414321990740e+01 4.9025648744228312e-01 5.2059920586709048e+01 -8.7962264972839208e+01 2.2507137081751991e+00 2.7477900389597378e+00 -7.8892990680644672e+00 8.8441787999999997e-03 1.5727996000000000e-01
-2.6374431287088979e-01 -3.9748400152777023e+01 4.9568156099344535e-01 5.3806370760447386e+01 -8.2952624727367407e+01 2.1311925934779983e+00 2.9359133747740609e+00 -7.6212541234825064e+00 9.0929527999999999e-03 1.6624881999999999e-01
-2.5646160543263463e-01 -3.8544394721026052e+01 5.0125599727431780e-01 5.5271284184992126e+01 -7.8022725818282552e+01 2.0169649638076903e+00 3.1087745443640067e+00 -7.3543749611609099e+00 9.3379794999999995e-03 1.7546460999999999e-01
-2.4898685330134243e-01 -3.7416526243948752e+01 5.0697743120867167e-01 5.6465804939048887e+01 -7.3184406109639369e+01 1.9076804748948519e+00 3.2668042102451071e+00 -7.0892137550758427e+00 9.5789143999999993e-03 1.8492342000000001e-01
-2.4132343871422068e-01 -3.6360299966874514e+01 5.1284327391511086e-01 5.7401604167680560e+01 -6.8448777002001378e+01 1.8030112668356180e+00 3.4104532190315240e+00 -6.8263031367360574e+00 9.8154178999999998e-03 1.9462097000000000e-01
-2.3347499678602529e-01 -3.5371571327134291e+01 5.1885074295101308e-01 5.8090828344536064e+01 -6.3826147118111138e+01 1.7026495953877392e+00 3.5401887018074030e+00 -6.5661524320296119e+00 1.0047156000000000e-02 2.0455266000000000e-01
-2.2544540760663698e-01 -3.4446513559095955e+01 5.2499686836131898e-01 5.8546036636021306e+01 -5.9325973681160868e+01 1.6063061826186473e+00 3.6564966495464413e+00 -6.3092452696411883e+00 1.0273801000000001e-02 2.1471357999999999e-01
-2.1723883575317821e-01 -3.3581603467800591e+01 5.3127846243458965e-01 5.8780130776200799e+01 -5.4956852722341907e+01 1.5137092285628597e+00 3.7598778231393348e+00 -6.0560390709010070e+00 1.0495031000000000e-02 2.2509846000000000e-01
-2.0885968287547299e-01 -3.2773589384962094e+01 5.3769215599573694e-01 5.8806288024755901e+01 -5.0726463135436063e+01 1.4246044897633074e+00 3.8508471260010637e+00 -5.8069619003394752e+00 1.0710529999999999e-02 2.3570173000000000e-01
-2.0031259559847006e-01 -3.2019479073174111e+01 5.4423439235723547e-01 5.8637888297918195e+01 -4.6641556732899446e+01 1.3387440648517659e+00 3.9299314506633296e+00 -5.5624120100874022e+00 1.0919989999999999e-02 2.4651751000000000e-01
-1.9160247342466649e-01 -3.1316518813906693e+01 5.5090142127033370e-01 5.8288439924829660e+01 -4.2707952054955008e+01 1.2559054930987843e+00 3.9976675237840209e+00 -5.3227544766251542e+00 1.1123108000000000e-02 2.5753959999999998e-01
-1.8273444502683742e-01 -3.0662176460188505e+01 5.5768931707141922e-01 5.7771506290254855e+01 -3.8930524229510844e+01 1.1758703100424746e+00 4.0545999296604265e+00 -5.0883248751485910e+00 1.1319591000000000e-02 2.6876150999999998e-01
-1.7371386034561262e-01 -3.0054126622141165e+01 5.6459398473080680e-01 5.7100631271874327e+01 -3.5313204213636830e+01 1.0984330677731808e+00 4.1012788281456087e+00 -4.8594235851548850e+00 1.1509152000000000e-02 2.8017647000000001e-01
-1.6454629849190008e-01 -2.9490238354253147e+01 5.7161115380395056e-01 5.6289268491167299e+01 -3.1859005371547095e+01 1.0233985460724746e+00 4.1382575755560786e+00 -4.6363184397294415e+00 1.1691511000000000e-02 2.9177742000000001e-01
-1.5523757564930915e-01 -2.8968564772101505e+01 5.7873637238265507e-01 5.5350714346110777e+01 -2.8570059675960728e+01 9.5058086598927249e-01 4.1660904211410230e+00 -4.4192443504525913e+00 1.1866398000000000e-02 3.0355700000000002e-01
-1.4579368185476366e-01 -2.8487325573502062e+01 5.8596505548538236e-01 5.4298036622701972e+01 -2.5447584123959142e+01 8.7980193595913625e-01 4.1853304367317925e+00 -4.2084020171022569e+00 1.2033550000000000e-02 3.1550762999999998e-01
-1.3622083631546544e-01 -2.8044904549798023e+01 5.9329244271573323e-01 5.3144018146626742e+01 -2.2491979975348571e+01 8.1089248115015211e-01 4.1965270741840355e+00 -4.0039605301553962e+00 1.2192715000000000e-02 3.2762143999999999e-01
-1.2652544789677755e-01 -2.7639837432266464e+01 6.0071362850638932e-01 5.1901096522883620e+01 -1.9702839011719242e+01 7.4368898964737484e-01 4.2002241409820318e+00 -3.8060563658212665e+00 1.2343646000000000e-02 3.3989032000000002e-01
-1.1671412302464773e-01 -2.7270804498462510e+01 6.0822355607032430e-01 5.0581312701496991e+01 -1.7078997349812560e+01 6.7803449557217288e-01 4.1969565848328045e+00 -3.6147950689717403e+00 1.2486109000000000e-02 3.5230591000000000e-01
-1.0679363407591452e-01 -2.6936623003661751e+01 6.1581704159595774e-01 4.9196261169706212e+01 -1.4618572291448633e+01 6.1377767597161381e-01 4.1872530620949382e+00 -3.4302517126216636e+00 1.2619877000000000e-02 3.6485963999999999e-01
-9.6770943085577710e-02 -2.6636242241919767e+01 6.2348875610078935e-01 4.7757051824838143e+01 -1.2319025181757764e+01 5.5077125447204045e-01 4.1716274627719692e+00 -3.2524727019165400e+00 1.2744734000000001e-02 3.7754270000000001e-01
-8.6653178039528267e-02 -2.6368737625160904e+01 6.3123324357776456e-01 4.6274298218459457e+01 -1.0177224688510076e+01 4.8887302116395448e-01 4.1505816574459145e+00 -3.0814768267417985e+00 1.2860473000000001e-02 3.9034606999999999e-01
-7.6447617069701213e-02 -2.6133306041440321e+01 6.3904493309285104e-01 4.4757954517566084e+01 -8.1894242669671300e+00 4.2794400837453872e-01 4.1246028898977549e+00 -2.9172565973149593e+00 1.2966896000000000e-02 4.0326054000000000e-01
-6.6161704258922760e-02 -2.5929262537478852e+01 6.4691812668746185e-01 4.3217558462135585e+01 -6.3514779999630404e+00 3.6784833496506963e-01 4.0941625162902984e+00 -2.7597801912431321e+00 1.3063819000000001e-02 4.1627669000000000e-01
-5.5803002226369747e-02 -2.5756037170160347e+01 6.5484703567118530e-01 4.1661942562275605e+01 -4.6587364082648834e+00 3.0845240933045859e-01 4.0597146666573494e+00 -2.6089925476583500e+00 1.3151064000000001e-02 4.2938494999999999e-01
-4.5379239542110095e-02 -2.5613172712797173e+01 6.6282574432905550e-01 4.0099361947100157e+01 -3.1061908969642333e+00 2.4962444113025684e-01 4.0216954633156803e+00 -2.4648178888058374e+00 1.3228465999999999e-02 4.4257553999999999e-01
-3.4898247507715641e-02 -2.5500322806133173e+01 6.7084825831185824e-01 3.8537452067308450e+01 -1.6885060216528538e+00 1.9123475139511759e-01 3.9805219956970190e+00 -2.3271606861503602e+00 1.3295871000000001e-02 4.5583855000000001e-01
-2.4367991765955832e-02 -2.5417251256401304e+01 6.7890848044097840e-01 3.6983232198115935e+01 -4.0008093957434360e-01 1.3315306203375576e-01 3.9365917511161994e+00 -2.1959079898813236e+00 1.3353135000000000e-02 4.6916390000000002e-01
-1.3796532788680593e-02 -2.5363832543104312e+01 6.8700024095234080e-01 3.5443103843496168e+01 7.6490029559497608e-01 7.5250124127178575e-02 3.8902821784024542e+00 -2.0709308270598807e+00 1.3400123999999999e-02 4.8254139000000001e-01
-3.1920416816673125e-03 -2.5340051080147859e+01 6.9511728539883411e-01 3.3922860978417852e+01 1.8124139822900747e+00 1.7396092765846305e-02 3.8419501838178158e+00 -1.9520862734475011e+00 1.3436718000000000e-02 4.9596067999999999e-01
7.4372314250730209e-03 -2.5346003459407815e+01 7.0325329884546406e-01 3.2427698099383953e+01 2.7485494229043228e+00 -4.0539942611354407e-02 3.7919319946251213e+00 -1.8392189230130607e+00 1.3462807000000000e-02 5.0941133000000005e-01
1.8082925767601732e-02 -2.5381900278378623e+01 7.1140188167419960e-01 3.0962230958356159e+01 3.5794587495825296e+00 -9.8690363635176803e-02 3.7405433084039728e+00 -1.7321630709576812e+00 1.3478291000000000e-02 5.2288276000000000e-01
2.8736641069863511e-02 -2.5448069138484595e+01 7.1955660402306876e-01 2.9530505959843200e+01 4.3113182487693198e+00 -1.5718997467780160e-01 3.6880790625108864e+00 -1.6307436555534616e+00 1.3483083000000000e-02 5.3636434000000000e-01
3.9389898031569115e-02 -2.5544958689954665e+01 7.2771097554221587e-01 2.8136029284109913e+01 4.9502836999627284e+00 -2.1617641212661920e-01 3.6348142991151109e+00 -1.5347784030301543e+00 1.3477108000000000e-02 5.4984533999999996e-01
5.0034154133042297e-02 -2.5673142155723454e+01 7.3585845749147927e-01 2.6781788394071196e+01 5.5024539208541619e+00 -2.7579086777411321e-01 3.5810022393340586e+00 -1.4440792321904925e+00 1.3460300999999999e-02 5.6331494999999998e-01
6.0660827342489787e-02 -2.5833324763941864e+01 7.4399248088675551e-01 2.5470275173940063e+01 5.9738381027602792e+00 -3.3617889623879638e-01 3.5268791451072241e+00 -1.3584535923248193e+00 1.3432611000000001e-02 5.7676231000000000e-01
7.1261311920848280e-02 -2.6026349718463084e+01 7.5210645859757630e-01 2.4203515586210578e+01 6.3703249817018293e+00 -3.9749125263545593e-01 3.4726603003232972e+00 -1.2777057450527618e+00 1.3393997000000000e-02 5.9017653000000003e-01
8.1826954714514122e-02 -2.6253206101956799e+01 7.6019376720074339e-01 2.2983099991047556e+01 6.6976556404817362e+00 -4.5988453233803539e-01 3.4185430141613296e+00 -1.2016382782163035e+00 1.3344429999999999e-02 6.0354666000000001e-01
9.2349086765036892e-02 -2.6515037699332186e+01 7.6824777117548204e-01 2.1810210332069655e+01 6.9614002650359970e+00 -5.2352220705981378e-01 3.3647067550466829e+00 -1.1300531387598747e+00 1.3283893999999999e-02 6.1686173000000000e-01
1.0281905491881299e-01 -2.6813155534150404e+01 7.7626184709859403e-01 2.0685649277740723e+01 7.1669393054862880e+00 -5.8857573842610411e-01 3.3113137319388155e+00 -1.0627525222330954e+00 1.3212384000000001e-02 6.3011079000000003e-01
1.1322817441254512e-01 -2.7149048019938746e+01 7.8422934735172789e-01 1.9609875158590413e+01 7.3194448550332369e+00 -6.5522501106022224e-01 3.2585099166017990e+00 -9.9954025391882262e-01 1.3129907000000000e-02 6.4328284999999996e-01
1.2356778419020659e-01 -2.7524396426255457e+01 7.9214364246289715e-01 1.8583028300402628e+01 7.4238688370854362e+00 -7.2366094015142202e-01 3.2064256893454899e+00 -9.4022288950937805e-01 1.3036481000000001e-02 6.5636695000000000e-01
1.3382925480546354e-01 -2.7941091233662938e+01 7.9999812715526875e-01 1.7604960646225361e+01 7.4849316487156692e+00 -7.9408495358914899e-01 3.1551767440196032e+00 -8.8460833435158837e-01 1.2932137999999999e-02 6.6935217000000002e-01
1.4400396471440596e-01 -2.8401249345941654e+01 8.0778620220079755e-01 1.6675269158808135e+01 7.5071145648398439e+00 -8.6671169019632588e-01 3.1048649042882381e+00 -8.3251006738589717e-01 1.2816919000000000e-02 6.8222760000000005e-01
1.5408334769008752e-01 -2.8907236357264054e+01 8.1550131071295673e-01 1.5793319432959485e+01 7.4946547197596773e+00 -9.4176982754704142e-01 3.0555789353072234e+00 -7.8374529966072881e-01 1.2690879000000000e-02 6.9498240000000000e-01
1.6405887701767857e-01 -2.9461689973438489e+01 8.2313692604916111e-01 1.4958276504291101e+01 7.4515421827877715e+00 -1.0195047263654495e+00 3.0073955122035256e+00 -7.3813573872471439e-01 1.2554085000000000e-02 7.0760577999999996e-01
1.7392207339688998e-01 -3.0067547543080718e+01 8.3068655785955547e-01 1.4169130531479974e+01 7.3815199294880536e+00 -1.1001785681247997e+00 2.9603800584412934e+00 -6.9550976336308168e-01 1.2406611999999999e-02 7.2008700999999997e-01
1.8366454445408970e-01 -3.0728077304427206e+01 8.3814378233095554e-01 1.3424719741549755e+01 7.2880845839397423e+00 -1.1840749984264343e+00 2.9145874620795049e+00 -6.5570003213014372e-01 1.2248551000000000e-02 7.3241546999999996e-01
1.9327796103503275e-01 -3.1446913606937379e+01 8.4550222404048414e-01 1.2723756288749081e+01 7.1744903750164042e+00 -1.2714998592868012e+00 2.8700630462711261e+00 -6.1854570634443173e-01 1.2080001999999999e-02 7.4458062000000003e-01
2.0275407300970799e-01 -3.2228097621546944e+01 8.5275556805314645e-01 1.2064848245590277e+01 7.0437535764401780e+00 -1.3627844258734403e+00 2.8268433462707288e+00 -5.8389215778373038e-01 1.1901076999999999e-02 7.5657202000000001e-01
2.1208472507718484e-01 -3.3076124329647136e+01 8.5989757201940797e-01 1.1446519635766906e+01 6.8986588318442212e+00 -1.4582905909537240e+00 2.7849568845013546e+00 -5.5159112579604419e-01 1.1711898000000000e-02 7.6837935000000002e-01
2.2126188047288348e-01 -3.3995996885703164e+01 8.6692208432155871e-01 1.0867228063083578e+01 6.7417662875082556e+00 -1.5584043953563671e+00 2.7444248261823327e+00 -5.2150075535985141e-01 1.1512599000000000e-02 7.7999244000000001e-01
2.3027758145645799e-01 -3.4993287562499724e+01 8.7382301382977146e-01 1.0325386002958128e+01 6.5754206251944201e+00 -1.6635600392450645e+00 2.7052618225317122e+00 -4.9348582813269559e-01 1.1303326000000001e-02 7.9140122000000002e-01
2.3912402833602991e-01 -3.6074210574341151e+01 8.8059439038998544e-01 9.8193723885991737e+00 6.4017585326458040e+00 -1.7742248491560964e+00 2.6674765646934961e+00 -4.6741752012769333e-01 1.1084235000000000e-02 8.0259581999999996e-01
2.4779350834637831e-01 -3.7245700326777985e+01 8.8723031038481137e-01 9.3475514601463949e+00 6.2227207519488372e+00 -1.8909139623360356e+00 2.6310727657180109e+00 -4.4317363161043011e-01 1.0855490000000001e-02 8.1356647999999998e-01
2.5627846677074945e-01 -3.8515510609855085e+01 8.9372499117262572e-01 8.9082830940975217e+00 6.0400618989465213e+00 -2.0141952180884157e+00 2.5960492957153614e+00 -4.2063831158345077e-01 1.0617270000000000e-02 8.2430364000000000e-01
2.6457149113601069e-01 -3.9892329372296025e+01 9.0007275898999506e-01 8.4999331157191786e+00 5.8553538346364631e+00 -2.1446960718932995e+00 2.5624010405032607e+00 -3.9970203503804053e-01 1.0369760000000000e-02 8.3479791999999997e-01
2.7266531911507391e-01 -4.1385901947721877e+01 9.0626805500046359e-01 8.1208875827874270e+00 5.6700128169982822e+00 -2.2831119793311028e+00 2.5301194103025684e+00 -3.8026146579704467e-01 1.0113159000000000e-02 8.4504013000000000e-01
2.8055284642931827e-01 -4.3007192813311299e+01 9.1230544134334135e-01 7.7695587511573390e+00 5.4852926216795677e+00 -2.4302162158983744e+00 2.4991927899078905e+00 -3.6221928707667300e-01 9.8476710000000005e-03 8.5502127999999999e-01
2.8822712684859070e-01 -4.4768560678848502e+01 9.1817960113370511e-01 7.4443934947743129e+00 5.3023055708790210e+00 -2.5868712784781214e+00 2.4696071589816886e+00 -3.4548412589965544e-01 9.5735140000000000e-03 8.6473257999999997e-01
2.9568141170332279e-01 -4.6683986772328261e+01 9.2388536870633908e-01 7.1438813661610840e+00 5.1220294775645279e+00 -2.7540432830783468e+00 2.4413460031132863e+00 -3.2997009798080845e-01 9.2909130999999992e-03 8.7416548999999999e-01
3.0290911037241347e-01 -4.8769307542197538e+01 9.2941769937179375e-01 6.8665575879583445e+00 4.9453177488146984e+00 -2.9328173389829035e+00 2.4143916310428239e+00 -3.1559697400715869e-01 9.0001030000000006e-03 8.8331166999999999e-01
3.0990383769777013e-01 -5.1042556197110748e+01 9.3477170570911539e-01 6.6110089598762585e+00 4.7729166253925444e+00 -3.1244180863819944e+00 2.3887246458284430e+00 -3.0228970915422243e-01 8.7013270999999996e-03 8.9216304000000002e-01
3.1665939027703743e-01 -5.3524314949934642e+01 9.3994263941948186e-01 6.3758781696064712e+00 4.6054649040589117e+00 -3.3302326933916282e+00 2.3643247482192535e+00 -2.8997831761471926e-01 8.3948374000000006e-03 9.0071175000000003e-01
3.2316978597571494e-01 -5.6238187426365876e+01 9.4492592157014288e-01 6.1598653024873125e+00 4.4435036834883537e+00 -3.5518407501628850e+00 2.3411708553297834e+00 -2.7859763327336523e-01 8.0808944000000001e-03 9.0895022999999997e-01
3.2942923231746363e-01 -5.9211346896167825e+01 9.4971711839926853e-01 5.9617314740095457e+00 4.2874970223276225e+00 -3.7910486964468708e+00 2.3192415046747787e+00 -2.6808710868369245e-01 7.7597663000000001e-03 9.1687114999999997e-01
3.3543215809379873e-01 -6.2475240152399493e+01 9.5431196551110098e-01 5.7802997075270346e+00 4.1378299694001672e+00 -4.0499347258018545e+00 2.2985149936564837e+00 -2.5839066897508062e-01 7.4317293999999999e-03 9.2446746000000002e-01
3.4117322126651400e-01 -6.6066474813387472e+01 9.5870637392474345e-01 5.6144546697596551e+00 3.9948189608461280e+00 -4.3309043718344151e+00 2.2789696183624719e+00 -2.4945622073014193e-01 7.0970672000000004e-03 9.3173240000000002e-01
3.4664729316283410e-01 -7.0027899117031083e+01 9.6289641797658332e-01 5.4631452802378444e+00 3.8587219854651744e+00 -4.6367597464081793e+00 2.2605839300330421e+00 -2.4123587760750381e-01 6.7560703000000000e-03 9.3865947999999999e-01
3.5184949798753234e-01 -7.4410055827549058e+01 9.6687836556423434e-01 5.3253808384023404e+00 3.7297434869354054e+00 -4.9707915742573725e+00 2.2433367593494298e+00 -2.3368539573232153e-01 6.4090362999999996e-03 9.4524253000000003e-01
3.5677516540838955e-01 -7.9272990467479545e+01 9.7064864185380562e-01 5.2002429021612988e+00 3.6080427760534386e+00 -5.3368934814379632e+00 2.2272076105963370e+00 -2.2676412248619926e-01 6.0562691999999996e-03 9.5147563999999996e-01
3.6141990958042874e-01 -8.4688743217507110e+01 9.7420388976778605e-01 5.0868687023766466e+00 3.4937383989927073e+00 -5.7397225841188284e+00 2.2121765231583614e+00 -2.2043438136082344e-01 5.6980790999999996e-03 9.5735325999999998e-01
3.6577955012168056e-01 -9.0744574541377233e+01 9.7754090949716010e-01 4.9844512984951770e+00 3.3869163475642785e+00 -6.1849028001355038e+00 2.1982244358055514e+00 -2.1466291919529570e-01 5.3347821999999998e-03 9.6287009999999995e-01
3.6985019113741752e-01 -9.7547540806308405e+01 9.8065671898929163e-01 4.8922532952272260e+00 3.2876332629805129e+00 -6.6793191346334959e+00 2.1853331081159784e+00 -2.0941869528091051e-01 4.9667000000000001e-03 9.6802122999999995e-01
3.7362816590319042e-01 -1.0523074664943114e+02 9.8354851160640533e-01 4.8095940887905595e+00 3.1959228312812282e+00 -7.2315172030703332e+00 2.1734853253441124e+00 -2.0467277026822467e-01 4.5941591999999996e-03 9.7280200999999999e-01
3.7711010008421469e-01 -1.1396258607191248e+02 9.8621370451589319e-01 4.7358506061805699e+00 3.1117990163731331e+00 -7.8522969491792534e+00 2.1626648627440286e+00 -2.0040007484000066e-01 4.2174915999999996e-03 9.7720817000000004e-01
3.8029284851598438e-01 -1.2396019690159116e+02 9.8864989030000827e-01 4.6704570092882163e+00 3.0352617207009240e+00 -8.5555766145391878e+00 2.1528567216078374e+00 -1.9657777523598566e-01 3.8370333000000002e-03 9.8123572999999997e-01
3.8317355842365836e-01 -1.3551061445384002e+02 9.9085488534617117e-01 4.6129032556410277e+00 2.9662988945716160e+00 -9.3597560306762819e+00 2.1440470336542603e+00 -1.9318545151297056e-01 3.4531249000000000e-03 9.8488107999999996e-01
3.8574964571479081e-01 -1.4900470172476423e+02 9.9282671170060510e-01 4.5627326239553092e+00 2.9048904844974945e+00 -1.0289905404863680e+01 2.1362231258232374e+00 -1.9020502071929987e-01 3.0661112999999999e-03 9.8814095000000002e-01
3.8801877917448363e-01 -1.6499508776169466e+02 9.9456358497075859e-01 4.5195424304418923e+00 2.8510119488509074e+00 -1.1381508758874775e+01 2.1293734713341990e+00 -1.8762066149408790e-01 2.6763420000000000e-03 9.9101238999999997e-01
3.8997892787992788e-01 -1.8430295645686925e+02 9.9606395061803643e-01 4.4829808926764878e+00 2.8046354399169817e+00 -1.2687376594426532e+01 2.1234886395543846e+00 -1.8541864680852890e-01 2.2841723000000002e-03 9.9349282999999999e-01
3.9162834539555585e-01 -2.0823295523262320e+02 9.9732647186022261e-01 4.4527472310085434e+00 2.7657326291543791e+00 -1.4291574527285555e+01 2.1185592093864098e+00 -1.8358730258508177e-01 1.8899688000000000e-03 9.9558005999999999e-01
3.9296556187061854e-01 -2.3906680098920748e+02 9.9835002362269121e-01 4.4285901269232424e+00 2.7342768462686764e+00 -1.6341411134219573e+01 2.1145780024968319e+00 -1.8211693411331734e-01 1.4941295000000000e-03 9.9727222000000004e-01
3.9398949467311245e-01 -2.8145614921188428e+02 9.9913377722144414e-01 4.4103049140426300e+00 2.7102419267000935e+00 -1.9137943590755832e+01 2.1115386838790768e+00 -1.8099965441606988e-01 1.0971916000000000e-03 9.9856794000000004e-01
3.9469974868186869e-01 -3.4812810632976061e+02 9.9967743021706612e-01 4.3977301727885036e+00 2.6935965131626491e+00 -2.3506622559209855e+01 2.1094351170472461e+00 -1.8022900800890110e-01 7.0085733000000002e-04 9.9946672000000003e-01
