-2.2889228697417732e-01 -1.1743542440209724e+03 2.2889354424771929e-01 -1.1209713681544929e+03 -3.2151369176536923e+02 7.7002784467920534e+01 -7.3547256935811902e+01 -2.0814135624431355e+01 5.5301730000000003e-06 1.0230946000000001e-06
-2.2888363444788068e-01 -8.7059313975894452e+02 2.2890811881497097e-01 -8.1694768073204307e+02 -3.2145745723485078e+02 5.7336083651023785e+01 -5.3868447094694098e+01 -2.0811603828018651e+01 3.5894988000000002e-05 1.9923924999999999e-05
-2.2885648825235094e-01 -7.2958780923852385e+02 2.2895384465720608e-01 -6.7526928448658828e+02 -3.2128107891619527e+02 4.8202888877663561e+01 -4.4704048793349365e+01 -2.0803662431942406e+01 8.5619985000000003e-05 7.9222864999999994e-05
-2.2880274759583355e-01 -6.3700896085989507e+02 2.2904436698394740e-01 -5.8154587043698928e+02 -3.2093213211142091e+02 4.2201360639360409e+01 -3.8649204058138238e+01 -2.0787949051004013e+01 1.5173507999999999e-04 1.9661552000000001e-04
-2.2871532261678920e-01 -5.6819790336521805e+02 2.2919162816442523e-01 -5.1109382221270988e+02 -3.2036510595633064e+02 3.7734982275071651e+01 -3.4106033266822052e+01 -2.0762409320067281e+01 2.3255418000000001e-04 3.8758918999999998e-04
-2.2858776525751989e-01 -5.1361347852672588e+02 2.2940648949479056e-01 -4.5436743444470295e+02 -3.1953920370671040e+02 3.4186047186316699e+01 -3.0456401869096606e+01 -2.0725196000376613e+01 3.2689763000000001e-04 6.6622920000000002e-04
-2.2841410130266510e-01 -4.6854673237199864e+02 2.2969901411736315e-01 -4.0666685568382189e+02 -3.1841747095713936e+02 3.1249758232065521e+01 -2.7395710997046272e+01 -2.0674627657396506e+01 4.3385032000000002e-04 1.0455858000000000e-03
-2.2818873637981385e-01 -4.3032293987840023e+02 2.3007862535593754e-01 -3.6533579719626692e+02 -3.1696641838453485e+02 2.8753022733923885e+01 -2.4751523956588247e+01 -2.0609169502029406e+01 5.5265518999999999e-04 1.5378795000000000e-03
-2.2790639785279002e-01 -3.9727150159764426e+02 2.3055420459242562e-01 -3.2873241864798177e+02 -3.1515588570371830e+02 2.6587959487141315e+01 -2.2416969089126880e+01 -2.0527425059451566e+01 6.8265765000000004e-04 2.1546280000000000e-03
-2.2756209558485604e-01 -3.6828150916435249e+02 2.3113415735845866e-01 -2.9577677342628203e+02 -3.1295903090645527e+02 2.4682691178979098e+01 -2.0321460492912763e+01 -2.0428133462555085e+01 8.2327310000000005e-04 2.9067318999999999e-03
-2.2715109520403920e-01 -3.4257152541973545e+02 2.3182645836805021e-01 -2.6572596804643069e+02 -3.1035239787905857e+02 2.2986855461735573e+01 -1.8416156253825122e+01 -2.0310170376454906e+01 9.7396649000000004e-04 3.8045331000000002e-03
-2.2666889855569020e-01 -3.1957146764896237e+02 2.3263868444387573e-01 -2.3805184428516071e+02 -3.0731602224460801e+02 2.1463739765133052e+01 -1.6666052672567456e+01 -2.0172550077072682e+01 1.1342389000000000e-03 4.8578574999999999e-03
-2.2611122941957545e-01 -2.9885145064540103e+02 2.3357803857581835e-01 -2.1236970958487447e+02 -3.0383355870478442e+02 2.0085712238974232e+01 -1.5045381380487388e+01 -2.0014432881161863e+01 1.3036180000000001e-03 6.0760461999999999e-03
-2.2547402316392426e-01 -2.8007855499008394e+02 2.3465136734799275e-01 -1.8839442198038614e+02 -2.9989241471375101e+02 1.8831419151562613e+01 -1.3534777864696235e+01 -1.9835122624985004e+01 1.4816515000000000e-03 7.4679780999999997e-03
-2.2475341836795421e-01 -2.6298909641337775e+02 2.3586517505000773e-01 -1.6591203981044566e+02 -2.9548387360385527e+02 1.7683986676026922e+01 -1.2119457254426486e+01 -1.9634078043535926e+01 1.6679024999999999e-03 9.0420881999999994e-03
-2.2394575114533069e-01 -2.4737020703581331e+02 2.3722563323869597e-01 -1.4476083524635118e+02 -2.9060320729749839e+02 1.6629826065347000e+01 -1.0787996322739273e+01 -1.9410913431092794e+01 1.8619452999999999e-03 1.0806380000000001e-02
-2.2304754987963357e-01 -2.3304718026188510e+02 2.3873858960584740e-01 -1.2481807881219754e+02 -2.8524975867261179e+02 1.5657812700708593e+01 -9.5314897880263381e+00 -1.9165402725895593e+01 2.0633631000000000e-03 1.2768437000000001e-02
-2.2205553279809401e-01 -2.1987458194417960e+02 2.4040957206507763e-01 -1.0599063105542264e+02 -2.7942700589981729e+02 1.4758709384644142e+01 -8.3429531501295848e+00 -1.8897482360254376e+01 2.2717459999999998e-03 1.4935428000000001e-02
-2.2096660389730338e-01 -2.0772981213247914e+02 2.4224379561468232e-01 -8.8207973291216476e+01 -2.7314257593883110e+02 1.3924748150230547e+01 -7.2168837917026858e+00 -1.8607252521553658e+01 2.4866887000000002e-03 1.7314116000000001e-02
-2.1977785303477040e-01 -1.9650840337420937e+02 2.4424616218341583e-01 -7.1417025734427142e+01 -2.6640823842302115e+02 1.3149325441947539e+01 -6.1489370909151013e+00 -1.8294977935771627e+01 2.7077901999999999e-03 1.9910858000000000e-02
-2.1848655089328051e-01 -1.8612044591921210e+02 2.4642126911267087e-01 -5.5578059183116366e+01 -2.5923984193619532e+02 1.2426769953381912e+01 -5.1356746090819119e+00 -1.7961086381263009e+01 2.9346520999999999e-03 2.2731616000000000e-02
-2.1709015172760887e-01 -1.7648793089243784e+02 2.4877340452983504e-01 -4.0661589462512332e+01 -2.5165720567667316e+02 1.1752170569791170e+01 -4.1743744601355992e+00 -1.7606166456255014e+01 3.1668782999999998e-03 2.5781951000000001e-02
-2.1558629061780737e-01 -1.6754264626552228e+02 2.5130655197493434e-01 -2.6645810911564190e+01 -2.4368395374123790e+02 1.1121239800788773e+01 -3.2628768718664265e+00 -1.7230963976357824e+01 3.4040742000000001e-03 2.9067029000000001e-02
-2.1397278163806266e-01 -1.5922454546309316e+02 2.5402439348506195e-01 -1.3514528309475379e+01 -2.3534744844300150e+02 1.0530207987116061e+01 -2.3994612312565780e+00 -1.6836375795724962e+01 3.6458464000000000e-03 3.2591624999999999e-02
-2.1224762060340902e-01 -1.5148046727132760e+02 2.5693030496773511e-01 -1.2554963188447221e+00 -2.2667834756089934e+02 9.9757409140408555e+00 -1.5827484889014078e+00 -1.6423443697697991e+01 3.8918026000000000e-03 3.6360116999999997e-02
-2.1040898140744435e-01 -1.4426308513353118e+02 2.6002736236975282e-01 1.0141037947378312e+01 -2.1771048147839903e+02 9.4548716240167607e+00 -8.1161739557003987e-01 -1.5993345116408824e+01 4.1415510999999999e-03 4.0376493999999999e-02
-2.0845521739568690e-01 -1.3753007584657263e+02 2.6331833936387405e-01 2.0683459987011371e+01 -2.0848040148329068e+02 8.9649469260620140e+00 -8.5137669631991209e-02 -1.5547383569286479e+01 4.3947007000000003e-03 4.4644352999999998e-02
-2.0638486136557491e-01 -1.3124343183892114e+02 2.6680570734881809e-01 3.0379790806267785e+01 -1.9902722371885150e+02 8.5035832121528081e+00 5.9748663273367264e-01 -1.5086977543042185e+01 4.6508610999999997e-03 4.9166899000000000e-02
-2.0419662373532488e-01 -1.2536889209397428e+02 2.7049163853369307e-01 3.9238503461312753e+01 -1.8939203161412283e+02 8.0686296913969855e+00 1.2369650403596533e+00 -1.4613647429244548e+01 4.9096423000000002e-03 5.3946949000000001e-02
-2.0188939483285892e-01 -1.1987547157849113e+02 2.7437800208246010e-01 4.7269178557787406e+01 -1.7961757031691036e+02 7.6581388147510223e+00 1.8339596015238473e+00 -1.4129002625839828e+01 5.1706551000000002e-03 5.8986927000000001e-02
-1.9946224077573532e-01 -1.1473506183203756e+02 2.7846637105389827e-01 5.4483088114724012e+01 -1.6974776633308988e+02 7.2703401327771005e+00 2.3891187594178396e+00 -1.3634726112962307e+01 5.4335110000000002e-03 6.4288872999999996e-02
-1.9691440759121800e-01 -1.0992210320307045e+02 2.8275801546163964e-01 6.0893572808677781e+01 -1.5982731418316990e+02 6.9036198993286453e+00 2.9031040810826321e+00 -1.3132560099636580e+01 5.6978226000000002e-03 6.9854434000000007e-02
-1.9424531663842148e-01 -1.0541329119735195e+02 2.8725390998524136e-01 6.6516403611614408e+01 -1.4990115228276790e+02 6.5565022868810647e+00 3.3766121863596439e+00 -1.2624289267854072e+01 5.9632034000000004e-03 7.5684873999999999e-02
-1.9145456689723842e-01 -1.0118733813935431e+02 2.9195473011464984e-01 7.1369988529032923e+01 -1.4001404992491530e+02 6.2276343908446528e+00 3.8103942955307040e+00 -1.2111725178569959e+01 6.2292681999999997e-03 8.1781068999999998e-02
-1.8854193313719755e-01 -9.7224759979653584e+01 2.9686085523462941e-01 7.5475547971587488e+01 -1.3021012233231176e+02 5.9157727943882961e+00 4.2052691194231766e+00 -1.1596689611812149e+01 6.4956331999999999e-03 8.8143510999999994e-02
-1.8550736591746375e-01 -9.3507694616166290e+01 3.0197236862476251e-01 7.8857127350177961e+01 -1.2053238608629719e+02 5.6197721815751960e+00 4.5621300242854463e+00 -1.1080998429539834e+01 6.7619166000000000e-03 9.4772308000000000e-02
-1.8235098884012488e-01 -9.0019740238989669e+01 3.0728906208609308e-01 8.1541606942851431e+01 -1.1102232186107395e+02 5.3385751197999491e+00 4.8819572207955275e+00 -1.0566445247138743e+01 7.0277381999999996e-03 1.0166719000000000e-01
-1.7907309809240635e-01 -8.6745817129242212e+01 3.1281043671223380e-01 8.3558603130808095e+01 -1.0171947068289471e+02 5.0712040729911854e+00 5.1658179977231438e+00 -1.0054786054975711e+01 7.2927204000000001e-03 1.0882751000000000e-01
-1.7567416885566822e-01 -8.3672051410386914e+01 3.1853569209386473e-01 8.4940325515774433e+01 -9.2661077549286063e+01 4.8167524708738849e+00 5.4148681013754736e+00 -9.5477260362533514e+00 7.5564877000000004e-03 1.1625223000000000e-01
-1.7215484202962544e-01 -8.0785654472745762e+01 3.2446374868084332e-01 8.5721387922857190e+01 -8.3881716559287668e+01 4.5743800499833771e+00 5.6303514026625390e+00 -9.0469015382690490e+00 7.8186677999999999e-03 1.2393994999999999e-01
-1.6851592331677676e-01 -7.8074829039964982e+01 3.3059324932441903e-01 8.5938527612585247e+01 -7.5412996767267160e+01 4.3433040817594222e+00 5.8135959772217651e+00 -8.5538718500046045e+00 8.0788911000000008e-03 1.3188891000000000e-01
-1.6475839695597011e-01 -7.5528694992756115e+01 3.3692253614401568e-01 8.5630345456634714e+01 -6.7283344124257439e+01 4.1227968170849350e+00 5.9660075809254707e+00 -8.0701053787468933e+00 8.3367917000000003e-03 1.4009695999999999e-01
-1.6088340741098214e-01 -7.3137199376153234e+01 3.4344968137152171e-01 8.4836968658140677e+01 -5.9517745185264531e+01 3.9121790311363838e+00 6.0890638200778247e+00 -7.5969688761498855e+00 8.5920070000000005e-03 1.4856159999999999e-01
-1.5689226852622851e-01 -7.0891055883675165e+01 3.5017247192914486e-01 8.3599708207439662e+01 -5.2137623239442220e+01 3.7108166114614400e+00 6.1843047414891972e+00 -7.1357202661420880e+00 8.8441787999999997e-03 1.5727996000000000e-01
-1.5278645437105348e-01 -6.8781677995565119e+01 3.5708842485155734e-01 8.1960692826085989e+01 -4.5160708959857160e+01 3.5181162412433471e+00 6.2533244002152699e+00 -6.6874998905825169e+00 9.0929527999999999e-03 1.6624881999999999e-01
-1.4856759923973015e-01 -6.6801125472646973e+01 3.6419478728589572e-01 7.9962500326838750e+01 -3.8600987583922198e+01 3.3335221632170042e+00 6.2977584838640119e+00 -6.2533249380238116e+00 9.3379794999999995e-03 1.7546460999999999e-01
-1.4423749307360523e-01 -6.4942052937798962e+01 3.7148854420283328e-01 7.7647778000461869e+01 -3.2468690294164858e+01 3.1565129447053435e+00 6.3192747755955692e+00 -5.8340856676357884e+00 9.5789143999999993e-03 1.8492342000000001e-01
-1.3979809519466438e-01 -6.3197671556558532e+01 3.7896639526336284e-01 7.5058885981378381e+01 -2.6770354709996123e+01 2.9865992918174014e+00 6.3195600327996981e+00 -5.4305439091676657e+00 9.8154178999999998e-03 1.9462097000000000e-01
-1.3525151141625663e-01 -6.1561698478289252e+01 3.8662479337415895e-01 7.2237528747591611e+01 -2.1508883303930425e+01 2.8233205937049042e+00 6.3003106180454633e+00 -5.0433303035944155e+00 1.0047156000000000e-02 2.0455266000000000e-01
-1.3059998946523932e-01 -6.0028320431619711e+01 3.9445995239865028e-01 6.9224352794706832e+01 -1.6683672942966894e+01 2.6662425996366221e+00 6.2632185804006975e+00 -4.6729445841252790e+00 1.0273801000000001e-02 2.1471357999999999e-01
-1.2584594187125370e-01 -5.8592168602623858e+01 4.0246780860165748e-01 6.6058776244726104e+01 -1.2290814300798422e+01 2.5149561346511886e+00 6.2099615072084688e+00 -4.3197599137721241e+00 1.0495031000000000e-02 2.2509846000000000e-01
-1.2099191849959412e-01 -5.7248279765178161e+01 4.1064406691582767e-01 6.2778568402821634e+01 -8.3232664434134893e+00 2.3690742658322530e+00 6.1421913074117533e+00 -3.9840240018365529e+00 1.0710529999999999e-02 2.3570173000000000e-01
-1.1604061112906332e-01 -5.5992070196166075e+01 4.1898419323056230e-01 5.9419608408029667e+01 -4.7711042008963318e+00 2.2282306690301774e+00 6.0615238493280401e+00 -3.6658643313659329e+00 1.0919989999999999e-02 2.4651751000000000e-01
-1.1099485802982741e-01 -5.4819313666224033e+01 4.2748340668094431e-01 5.6015695307612148e+01 -1.6217676385214832e+00 2.0920782664603035e+00 5.9695294520843873e+00 -3.3652943211080264e+00 1.1123108000000000e-02 2.5753959999999998e-01
-1.0585763022985059e-01 -5.3726114409210290e+01 4.3613670278095590e-01 5.2598322468362433e+01 1.1396459953580398e+00 1.9602872634520467e+00 5.8677241143000849e+00 -3.0822191279108777e+00 1.1319591000000000e-02 2.6876150999999998e-01
-1.0063202693704004e-01 -5.2708887258230426e+01 4.4493886113455067e-01 4.9196537241198513e+01 3.5301016176050655e+00 1.8325436632216285e+00 5.7575614597856966e+00 -2.8164431544185393e+00 1.1509152000000000e-02 2.8017647000000001e-01
-9.5321280117101087e-02 -5.1764340116327134e+01 4.5388443772458120e-01 4.5836829038175267e+01 5.5683161692307257e+00 1.7085482938325387e+00 5.6404263061557600e+00 -2.5676785968040536e+00 1.1691511000000000e-02 2.9177742000000001e-01
-8.9928759071392195e-02 -5.0889457950105111e+01 4.6296775720172678e-01 4.2542991268186888e+01 7.2744507120995969e+00 1.5880153215666502e+00 5.5176289807016827e+00 -2.3355545916751677e+00 1.1866398000000000e-02 3.0355700000000002e-01
-8.4457933814084230e-02 -5.0081481848532412e+01 4.7218297457307273e-01 3.9336195854528462e+01 8.6698154826202654e+00 1.4706706738094191e+00 5.3903999959525120e+00 -2.1196235759245576e+00 1.2033550000000000e-02 3.1550762999999998e-01
-7.8912407117146088e-02 -4.9337901336604233e+01 4.8152402122460369e-01 3.6234864301586356e+01 9.7765574022034230e+00 1.3562515241323936e+00 5.2598872452521670e+00 -1.9193738616762508e+00 1.2192715000000000e-02 3.2762143999999999e-01
-7.3295891621069226e-02 -4.8656438502337160e+01 4.9098464347656523e-01 3.3254755631164876e+01 1.0617376405445267e+01 1.2445048683869189e+00 5.1271530741018623e+00 -1.7342368591282182e+00 1.2343646000000000e-02 3.3989032000000002e-01
-6.7612214412722860e-02 -4.8035039007942729e+01 5.0055839487239207e-01 3.0409005072604746e+01 1.1215245950839316e+01 1.1351866115716640e+00 4.9931729980856874e+00 -1.5635969158512781e+00 1.2486109000000000e-02 3.5230591000000000e-01
-6.1865298713933370e-02 -4.7471859022005511e+01 5.1023866702299725e-01 2.7708212180796064e+01 1.1593154321069806e+01 1.0280603629801739e+00 4.8588349850455383e+00 -1.4067999505964044e+00 1.2619877000000000e-02 3.6485963999999999e-01
-5.6059177615049638e-02 -4.6965260340744614e+01 5.2001866647355544e-01 2.5160549259174118e+01 1.1773861932590135e+01 9.2289683154263891e-01 4.7249401328148100e+00 -1.2631626900679089e+00 1.2744734000000001e-02 3.7754270000000001e-01
-5.0197980341377957e-02 -4.6513801016838002e+01 5.2989143783671955e-01 2.2771888414326959e+01 1.1779682793250192e+01 8.1947272956634065e-01 4.5922038936113028e+00 -1.1319805221124721e+00 1.2860473000000001e-02 3.9034606999999999e-01
-4.4285923097471452e-02 -4.6116229019962461e+01 5.3984987921476635e-01 2.0545944629237887e+01 1.1632293508864356e+01 7.1756981428121058e-01 4.4612580172302385e+00 -1.0125362745286584e+00 1.2966896000000000e-02 4.0326054000000000e-01
-3.8327318222840634e-02 -4.5771477998622260e+01 5.4988672677745098e-01 1.8484457685665159e+01 1.1352542642484313e+01 6.1697426606460226e-01 4.3326535609828714e+00 -9.0410643146264613e-01 1.3063819000000001e-02 4.1627669000000000e-01
-3.2326546724822547e-02 -4.5478661763952864e+01 5.5999460102844190e-01 1.6587332624419027e+01 1.0960333768483270e+01 5.1747545199651901e-01 4.2068638307260038e+00 -8.0596868224203433e-01 1.3151064000000001e-02 4.2938494999999999e-01
-2.6288085745711481e-02 -4.5237072796933717e+01 5.7016596053888635e-01 1.4852845827774873e+01 1.0474472873281071e+01 4.1886562484759882e-01 4.0842888599110250e+00 -7.1740758396847681e-01 1.3228465999999999e-02 4.4257553999999999e-01
-2.0216471939918101e-02 -4.5046179600525122e+01 5.8039316363598970e-01 1.3277819476454914e+01 9.9126012650879698e+00 3.2093856799512066e-01 3.9652589928970268e+00 -6.3772073029466814e-01 1.3295871000000001e-02 4.5583855000000001e-01
-1.4116319785389936e-02 -4.4905624632477448e+01 5.9066843755872567e-01 1.1857810542826149e+01 9.2910974407125657e+00 2.2348911198020760e-01 3.8500400440389893e+00 -5.6622314488132297e-01 1.3353135000000000e-02 4.6916390000000002e-01
-7.9922986943357366e-03 -4.4815225906914762e+01 6.0098391701319853e-01 1.0587275599109896e+01 8.6250342223406378e+00 1.2631202813418607e-01 3.7388375957264799e+00 -5.0225141471678969e-01 1.3400123999999999e-02 4.8254139000000001e-01
-1.8491421689358079e-03 -4.4774977454649772e+01 6.1133162875049851e-01 9.4597786667940849e+00 7.9281636248748510e+00 2.9201396654396028e-02 3.6318023532026427e+00 -4.4516739853683779e-01 1.3436718000000000e-02 4.9596067999999999e-01
4.3083705100785963e-03 -4.4785051658353602e+01 6.2170352241099136e-01 8.4681427437531767e+00 7.2128841370230283e+00 -6.8050514635194848e-02 3.5290348449745865e+00 -3.9436096731170811e-01 1.3462807000000000e-02 5.0941133000000005e-01
1.0475395972004559e-02 -4.4845802670660063e+01 6.3209143968002834e-01 7.6046215421084087e+00 6.4902668893157154e+00 -1.6565377119344360e-01 3.4305908641253282e+00 -3.4925225222015160e-01 1.3478291000000000e-02 5.2288276000000000e-01
1.6647067956863770e-02 -4.4957771255309105e+01 6.4248718368759872e-01 6.8610479168317182e+00 5.7700705313779199e+00 -2.6382226762867944e-01 3.3364858011017877e+00 -3.0929385638954066e-01 1.3483083000000000e-02 5.3636434000000000e-01
2.2818474426126806e-02 -4.5121690445758091e+01 6.5288248045296715e-01 6.2289803676454545e+00 5.0607928934284434e+00 -3.6277430709807401e-01 3.2466999790575977e+00 -2.7397101509318789e-01 1.3477108000000000e-02 5.4984533999999996e-01
2.8984666718423396e-02 -4.5338493786954999e+01 6.6326899430681896e-01 5.6998321268418302e+00 4.3697100518058258e+00 -4.6273366838623975e-01 3.1611831095230554e+00 -2.4280311494519691e-01 1.3460300999999999e-02 5.6331494999999998e-01
3.5140673283107687e-02 -4.5609322344096299e+01 6.7363835102447678e-01 5.2649885880561520e+00 3.7029347448064893e+00 -5.6393086534538206e-01 3.0798585065838271e+00 -2.1534342763427239e-01 1.3432611000000001e-02 5.7676231000000000e-01
4.1281508835968567e-02 -4.5935537630370042e+01 6.8398215324804634e-01 4.9159091257498666e+00 3.0654984713794806e+00 -6.6660435473958168e-01 3.0026281540942010e+00 -1.9117911547662050e-01 1.3393997000000000e-02 5.9017653000000003e-01
4.7402160625664297e-02 -4.6318731928590744e+01 6.9429195735319849e-01 4.6442288661114368e+00 2.4614179279034309e+00 -7.7100149504606885e-01 2.9293749808484160e+00 -1.6993069355371324e-01 1.3344429999999999e-02 6.0354666000000001e-01
5.3497606745142784e-02 -4.6760743148375340e+01 7.0455930429345925e-01 4.4418178025616291e+00 1.8937752970516399e+00 -8.7738009688514218e-01 2.8599680740067175e+00 -1.5125113468027210e-01 1.3283893999999999e-02 6.1686173000000000e-01
5.9562834443062401e-02 -4.7263672382818896e+01 7.1477575044449948e-01 4.3008651878153827e+00 1.3647995153186405e+00 -9.8601011941651229e-01 2.7942651444110935e+00 -1.3482469924482893e-01 1.3212384000000001e-02 6.3011079000000003e-01
6.5592812656660865e-02 -4.7829899877239377e+01 7.2493282133770021e-01 4.2139240662875999e+00 8.7595091047575302e-01 -1.0971746778166938e+00 2.7321156415470984e+00 -1.2036581502065927e-01 1.3129907000000000e-02 6.4328284999999996e-01
7.1582524056741287e-02 -4.8462109652041427e+01 7.3502206563765993e-01 4.1739545122003880e+00 4.2800234141500010e-01 -1.2111722409472063e+00 2.6733642135716340e+00 -1.0761743198860345e-01 1.3036481000000001e-02 6.5636695000000000e-01
7.7526969625527270e-02 -4.9163312274364053e+01 7.4503506285326704e-01 4.1743558620007351e+00 2.1120433663801463e-02 -1.3283185400534030e+00 2.6178515742541286e+00 -9.6349434056249711e-02 1.2932137999999999e-02 6.6935217000000002e-01
8.3421154923097457e-02 -4.9936871621118257e+01 7.5496340020448194e-01 4.2089883637800192e+00 -3.4505450867851151e-01 -1.4489482883702542e+00 2.5654180750401938e+00 -8.6357140089365583e-02 1.2816919000000000e-02 6.8222760000000005e-01
8.9260117554516211e-02 -5.0786539331626308e+01 7.6479871888877249e-01 4.2721856241328080e+00 -6.7133423829040462e-01 -1.5734179466385465e+00 2.5159043413529645e+00 -7.7459302131708402e-02 1.2690879000000000e-02 6.9498240000000000e-01
9.5038918014123425e-02 -5.1716488437144648e+01 7.7453269865896890e-01 4.3587603768611034e+00 -9.5891142706998267e-01 -1.7021079568778239e+00 2.4691542277962615e+00 -6.9496528041593467e-02 1.2554085000000000e-02 7.0760577999999996e-01
1.0075264426338984e-01 -5.2731353969851178e+01 7.8415706553433573e-01 4.4640012527617658e+00 -1.2092901884432141e+00 -1.8354256038635657e+00 2.4250143833674680e+00 -6.2329426872833459e-02 1.2406611999999999e-02 7.2008700999999997e-01
1.0639643462019202e-01 -5.3836282542034525e+01 7.9366363035593457e-01 4.5836650806445354e+00 -1.4242316410998817e+00 -1.9738087692996442e+00 2.3833367530351310e+00 -5.5836955046677024e-02 1.2248551000000000e-02 7.3241546999999996e-01
1.1196546402524768e-01 -5.5036982274180282e+01 8.0304426565340681e-01 4.7139643366165247e+00 -1.6056762493852288e+00 -2.1177287459021725e+00 2.3439786318836147e+00 -4.9914703330856534e-02 1.2080001999999999e-02 7.4458062000000003e-01
1.1745495319782548e-01 -5.6339783570691921e+01 8.1229092106711787e-01 4.8515489714454949e+00 -1.7557281554527393e+00 -2.2676947241868128e+00 2.3068040353410608e+00 -4.4473151947587074e-02 1.1901076999999999e-02 7.5657202000000001e-01
1.2286017779145528e-01 -5.7751709391295392e+01 8.2139563877030297e-01 4.9934860158152032e+00 -1.8765747889782247e+00 -2.4242582940568074e+00 2.2716831946410130e+00 -3.9436308673929665e-02 1.1711898000000000e-02 7.6837935000000002e-01
1.2817648212749369e-01 -5.9280556669990972e+01 8.3035057660228373e-01 5.1372328520507953e+00 -1.9704621441957222e+00 -2.5880189458030696e+00 2.2384935426054651e+00 -3.4740038321265827e-02 1.1512599000000000e-02 7.7999244000000001e-01
1.3339925630584828e-01 -6.0934980449900706e+01 8.3914796951310644e-01 5.2806248378402660e+00 -2.0396569111887759e+00 -2.7596292369260711e+00 2.2071199367347205e+00 -3.0331019146886247e-02 1.1303326000000001e-02 7.9140122000000002e-01
1.3852398198352886e-01 -6.2724609734166592e+01 8.4778020667426612e-01 5.4218253450572425e+00 -2.0864140889312046e+00 -2.9398027510384992e+00 2.1774561803222960e+00 -2.6164997678623767e-02 1.1084235000000000e-02 8.0259581999999996e-01
1.4354619117395132e-01 -6.4660155286244219e+01 8.5623976207905494e-01 5.5593305811878428e+00 -2.1129515156320977e+00 -3.1293204541384534e+00 2.1493954698710076e+00 -2.2205968315498547e-02 1.0855490000000001e-02 8.1356647999999998e-01
1.4846150744763373e-01 -6.6753561490803420e+01 8.6451926394221379e-01 5.6919001948346013e+00 -2.1214285656268732e+00 -3.3290408967649823e+00 2.1228505146628351e+00 -1.8424907332294710e-02 1.0617270000000000e-02 8.2430364000000000e-01
1.5326563677648600e-01 -6.9018165904180762e+01 8.7261147927778759e-01 5.8185698919061668e+00 -2.1139270231143050e+00 -3.5399102088528842e+00 2.0977326682735518e+00 -1.4798850593245537e-02 1.0369760000000000e-02 8.3479791999999997e-01
1.5795437211166521e-01 -7.1468890699704616e+01 8.8050932161019801e-01 5.9386031813557958e+00 -2.0924380067897226e+00 -3.7629742577099976e+00 2.0739620908539647e+00 -1.1309991675867997e-02 1.0113159000000000e-02 8.4504013000000000e-01
1.6252359796143043e-01 -7.4122466917226816e+01 8.8820585868531543e-01 6.0514707271842001e+00 -2.0588511714120443e+00 -3.9993928911822358e+00 2.0514654385312809e+00 -7.9448654822199330e-03 9.8476710000000005e-03 8.5502127999999999e-01
1.6696929039114292e-01 -7.6997696214587506e+01 8.9569431247045916e-01 6.1568257669738138e+00 -2.0149466831746490e+00 -4.2504563913152982e+00 2.0301755490518434e+00 -4.6936253928807200e-03 9.5735140000000000e-03 8.6473257999999997e-01
1.7128753991254161e-01 -8.0115777905314431e+01 9.0296809770975983e-01 6.2544798730387319e+00 -1.9623906866773770e+00 -4.5176064789116488e+00 2.0100309813756732e+00 -1.5495170485449856e-03 9.2909130999999992e-03 8.7416548999999999e-01
1.7547452859446758e-01 -8.3500666085401079e+01 9.1002078336879677e-01 6.3443819560771679e+00 -1.9027322433248628e+00 -4.8024583146391242e+00 1.9909759254259836e+00 1.4918795446642044e-03 9.0001030000000006e-03 8.8331166999999999e-01
1.7952655752999472e-01 -8.7179536697625352e+01 9.1684613890103328e-01 6.4265970873083775e+00 -1.8374030518553024e+00 -5.1068309389698552e+00 1.9729594152221130e+00 4.4329569268653207e-03 8.7013270999999996e-03 8.9216304000000002e-01
1.8344003310286419e-01 -9.1183318079782921e+01 9.2343811111459850e-01 6.5012878324691030e+00 -1.7677183699687842e+00 -5.4327786834371476e+00 1.9559356025819907e+00 7.2745616752404934e-03 8.3948374000000006e-03 9.0071175000000003e-01
1.8721148987676031e-01 -9.5547373525440179e+01 9.2979086272765044e-01 6.5686961239728996e+00 -1.6948793288797890e+00 -5.7826376136604836e+00 1.9398627900396739e+00 1.0016318326092210e-02 8.0808944000000001e-03 9.0895022999999997e-01
1.9083757228389001e-01 -1.0031229466141971e+02 9.3589874152408559e-01 6.6291312201361947e+00 -1.6199770029052245e+00 -6.1590721047670787e+00 1.9247035022666670e+00 1.2656993267562889e-02 7.7597663000000001e-03 9.1687114999999997e-01
1.9431505293640297e-01 -1.0552492820385461e+02 9.4175631119782910e-01 6.6829487234929612e+00 -1.5439970349827681e+00 -6.5651418998836553e+00 1.9104239452547702e+00 1.5194644313738820e-02 7.4317293999999999e-03 9.2446746000000002e-01
1.9764083720424722e-01 -1.1123964928943485e+02 9.4735835906390709e-01 6.7305441680381426e+00 -1.4678243754672848e+00 -7.0043820487884085e+00 1.8969937614359962e+00 1.7626956172936158e-02 7.0970672000000004e-03 9.3173240000000002e-01
2.0081195405945843e-01 -1.1751994915147205e+02 9.5269988063630140e-01 6.7723390435054540e+00 -1.3922498083027990e+00 -7.4809032835843858e+00 1.8843857885936610e+00 1.9951298241209774e-02 6.7560703000000000e-03 9.3865947999999999e-01
2.0382557896543588e-01 -1.2444053610188979e+02 9.5777611818331265e-01 6.8087707753007756e+00 -1.3179754361201614e+00 -7.9995257164957652e+00 1.8725756629039965e+00 2.2164927155785538e-02 6.4090362999999996e-03 9.4524253000000003e-01
2.0667900640981149e-01 -1.3208995470229613e+02 9.6258251446112486e-01 6.8402847376297347e+00 -1.2456222608549987e+00 -8.5659445399957512e+00 1.8615417024143808e+00 2.4265061648344712e-02 6.0562691999999996e-03 9.5147563999999996e-01
2.0936969568300115e-01 -1.4057424733821708e+02 9.6711478982453003e-01 6.8673264915097700e+00 -1.1757350468791450e+00 -9.1869637636999926e+00 1.8512645064066344e+00 2.6248974671672098e-02 5.6980790999999996e-03 9.5735325999999998e-01
2.1189522509965344e-01 -1.5002159847230311e+02 9.7136886511620391e-01 6.8903349063981025e+00 -1.1087901736095922e+00 -9.8707914147771927e+00 1.8417269026198273e+00 2.8114060740022165e-02 5.3347821999999998e-03 9.6287009999999995e-01
2.1425333777720071e-01 -1.6058904154810241e+02 9.7534093877743022e-01 6.9097373142094769e+00 -1.0452012598711107e+00 -1.0627468495129737e+01 1.8329136191445246e+00 2.9857876880598017e-02 4.9667000000000001e-03 9.6802122999999995e-01
2.1644190959087353e-01 -1.7247156582592893e+02 9.7902743287059379e-01 6.9259441480432553e+00 -9.8532418672366318e-01 -1.1469450443323117e+01 1.8248111866591694e+00 3.1478155087306170e-02 4.5941591999999996e-03 9.7280200999999999e-01
2.1845898579654141e-01 -1.8591562485709710e+02 9.8242505476775999e-01 6.9393455189121820e+00 -9.2946572984549480e-01 -1.2412473536848267e+01 1.8174076732109936e+00 3.2972850952057917e-02 4.2174915999999996e-03 9.7720817000000004e-01
2.2030274440787176e-01 -2.0123879760107985e+02 9.8553073546209469e-01 6.9503076469696845e+00 -8.7788638702795019e-01 -1.3476815205648679e+01 1.8106926731210717e+00 3.4340116591635300e-02 3.8370333000000002e-03 9.8123572999999997e-01
2.2197153281917123e-01 -2.1886077097409512e+02 9.8834169125644500e-01 6.9591703731839374e+00 -8.3080636268956731e-01 -1.4689285751157511e+01 1.8046570416854402e+00 3.5578323471552521e-02 3.4531249000000000e-03 9.8488107999999996e-01
2.2346385407181987e-01 -2.3935306075106399e+02 9.9085540063012068e-01 6.9662450104619937e+00 -7.8841036819075805e-01 -1.6086427857437954e+01 1.7992928565047541e+00 3.6686047782492216e-02 3.0661112999999999e-03 9.8814095000000002e-01
2.2477835769856128e-01 -2.6352400741934019e+02 9.9306958881675000e-01 6.9718124622813589e+00 -7.5085202873293611e-01 -1.7719992103606256e+01 1.7945933325413415e+00 3.7662062989421340e-02 2.6763420000000000e-03 9.9101238999999997e-01
2.2591386719063297e-01 -2.9257561489511278e+02 9.9498227407071416e-01 6.9761219796391130e+00 -7.1825738340287715e-01 -1.9667056000866289e+01 1.7905526247616517e+00 3.8505329789435404e-02 2.2841723000000002e-03 9.9349282999999999e-01
2.2686937084205647e-01 -3.2841930091463342e+02 9.9659175224500240e-01 6.9793901416121216e+00 -6.9072829315420592e-01 -2.2050412817449626e+01 1.7871658721176156e+00 3.9215008084405249e-02 1.8899688000000000e-03 9.9558005999999999e-01
2.2764401717178187e-01 -3.7440194042947155e+02 9.9789658908013967e-01 6.9817997209845970e+00 -6.6834544867047907e-01 -2.5085494676306936e+01 1.7844290148228259e+00 3.9790393920463657e-02 1.4941295000000000e-03 9.9727222000000004e-01
2.2823717901365961e-01 -4.3735547107925555e+02 9.9889572815920091e-01 6.9834998885504946e+00 -6.5116925504598044e-01 -2.9212937101593528e+01 1.7823386714888294e+00 4.0230990046084110e-02 1.0971916000000000e-03 9.9856794000000004e-01
2.2864862747493428e-01 -5.3599684721148742e+02 9.9958878392856354e-01 6.9846056327522659e+00 -6.3923666554267311e-01 -3.5642172744385604e+01 1.7808914030221579e+00 4.0536613560402848e-02 7.0085733000000002e-04 9.9946672000000003e-01
