-3.1922437169552752e-02 -2.0877096613404457e+04 3.1923492923892668e-02 -1.5219437742461017e+04 -6.5276049675887707e+03 1.4348690383106893e+03 -1.0599646701432671e+03 -4.3274298032830183e+02 5.5301730000000003e-06 1.0230946000000001e-06
-3.1921230445941778e-02 -1.4712782035441322e+04 3.1941790392487179e-02 -8.9783547116113496e+03 -6.4869386400024896e+03 1.0261200577348502e+03 -6.4754168508023804e+02 -4.3089845919992990e+02 3.5894988000000002e-05 1.9923924999999999e-05
-3.1917444504822284e-02 -1.1861024947539756e+04 3.1999196361927433e-02 -5.9606743888089723e+03 -6.3606918732414842e+03 8.3675973501116403e+02 -4.5003506746337979e+02 -4.2515831322839097e+02 8.5619985000000003e-05 7.9222864999999994e-05
-3.1909949570179418e-02 -1.0000349878809253e+04 3.2112841549606003e-02 -3.8684525970193545e+03 -6.1166635838526599e+03 7.1289328382435008e+02 -3.1438856698904510e+02 -4.1400147141193628e+02 1.5173507999999999e-04 1.9661552000000001e-04
-3.1897756855267592e-02 -8.6298047385996870e+03 3.2297718862150084e-02 -2.2399508644327202e+03 -5.7359655258647235e+03 6.2132040406164322e+02 -2.0895476121288019e+02 -3.9642518363188412e+02 2.3255418000000001e-04 3.8758918999999998e-04
-3.1879967082442048e-02 -7.5551602137399268e+03 3.2567463985737316e-02 -9.2817441170124869e+02 -5.2151037412475525e+03 5.4918071626579047e+02 -1.2282369876369995e+02 -3.7200850583018791e+02 3.2689763000000001e-04 6.6622920000000002e-04
-3.1855747058426587e-02 -6.6801644713611204e+03 3.2934710573729584e-02 1.1445107125888799e+02 -4.5677827695131436e+03 4.9011244907542522e+02 -5.1741280984755448e+01 -3.4098561601821905e+02 4.3385032000000002e-04 1.0455858000000000e-03
-3.1824316564699417e-02 -5.9497851914195953e+03 3.3411289026865999e-02 8.9981362982400594e+02 -3.8248952038440461e+03 4.4048807113579272e+02 5.9021268040438741e+00 -3.0427170447497963e+02 5.5265518999999999e-04 1.5378795000000000e-03
-3.1784940253646705e-02 -5.3294039489716633e+03 3.4008349371339647e-02 1.4317902197727260e+03 -3.0318661367542595e+03 3.9803366774365509e+02 5.0702829816438282e+01 -2.6340991718504540e+02 6.8265765000000004e-04 2.1546280000000000e-03
-3.1736922176407181e-02 -4.7956892112309961e+03 3.4736444232719883e-02 1.7209621169764207e+03 -2.2431610836750997e+03 3.6122313943106730e+02 8.3074348017232296e+01 -2.2042604697747240e+02 8.2327310000000005e-04 2.9067318999999999e-03
-3.1679602054323873e-02 -4.3320748132184799e+03 3.5605585371678225e-02 1.7921103787006784e+03 -1.5145254030770964e+03 3.2897791355575032e+02 1.0370680422133066e+02 -1.7759905571825664e+02 9.7396649000000004e-04 3.8045331000000002e-03
-3.1612352552762353e-02 -3.9263085798865345e+03 3.6625285020897472e-02 1.6860156033037247e+03 -8.9425046412020322e+02 3.0050410243781056e+02 1.1378763253205580e+02 -1.3717690299909319e+02 1.1342389000000000e-03 4.8578574999999999e-03
-3.1534577289146631e-02 -3.5690295032428016e+03 3.7804586089089605e-02 1.4562928352452634e+03 -4.1527381880970449e+02 2.7519797479636406e+02 1.1503229362155524e+02 -1.0108514242632438e+02 1.3036180000000001e-03 6.0760461999999999e-03
-3.1445709390061999e-02 -3.2528949892536816e+03 3.9152084039547293e-02 1.1624098588700060e+03 -8.9988091869815818e+01 2.5258800228513181e+02 1.0956101948092331e+02 -7.0683701382733716e+01 1.4816515000000000e-03 7.4679780999999997e-03
-3.1345210322891483e-02 -2.9720204070138848e+03 4.0675944605962029e-02 8.6072870497766291e+02 9.0846378049368653e+01 2.3229767188813830e+02 9.9668445186791601e+01 -4.6621668650620343e+01 1.6679024999999999e-03 9.0420881999999994e-03
-3.1232569104137721e-02 -2.7216056925015032e+03 4.2383915796585153e-02 5.9590305012313593e+02 1.5465674887987353e+02 2.1402075488925757e+02 8.7547821985891218e+01 -2.8820522674194368e+01 1.8619452999999999e-03 1.0806380000000001e-02
-3.1107301565205473e-02 -2.4976776598963820e+03 4.4283339027119027e-02 3.9490555040751406e+02 1.3987189763095489e+02 1.9750428565644765e+02 7.5037488060269212e+01 -1.6586544738343914e+01 2.0633631000000000e-03 1.2768437000000001e-02
-3.0968950014023049e-02 -2.2969077226876088e+03 4.6381154251527820e-02 2.6524853732749148e+02 8.6861763100804083e+01 1.8253655764760518e+02 6.3448393644672215e+01 -8.8219173295792981e+00 2.2717459999999998e-03 1.4935428000000001e-02
-3.0817082666821784e-02 -2.1164786921256236e+03 4.8683908577927190e-02 1.9773895961357985e+02 2.9432991794413205e+01 1.6893839391037747e+02 5.3507504096334621e+01 -4.2799643255522941e+00 2.4866887000000002e-03 1.7314116000000001e-02
-3.0651293660905035e-02 -1.9539862972615483e+03 5.1197756074968806e-02 1.7274966628211544e+02 -1.0887357386242392e+01 1.5655672928211590e+02 4.5419136608375879e+01 -1.8017887501440093e+00 2.7077901999999999e-03 1.9910858000000000e-02
-3.0471202352353118e-02 -1.8073635507116537e+03 5.3928468420692849e-02 1.6795260963147263e+02 -2.6477935990501230e+01 1.4525970397191992e+02 3.9014057781704906e+01 -4.8153583167010611e-01 2.9346520999999999e-03 2.2731616000000000e-02
-3.0276453699093351e-02 -1.6748232125541683e+03 5.6881429094062963e-02 1.6513189607088967e+02 -2.1210366714526955e+01 1.3493297126506346e+02 3.3935294770891169e+01 2.6704690201840037e-01 3.1668782999999998e-03 2.5781951000000001e-02
-3.0066717877830020e-02 -1.5548117850008564e+03 6.0061639183431298e-02 1.5419493660493825e+02 -5.3359198855936665e+00 1.2547675239376677e+02 2.9805960858310229e+01 7.3853373301876246e-01 3.4040742000000001e-03 2.9067029000000001e-02
-2.9841690028664349e-02 -1.4459730007986516e+03 6.3473721258848467e-02 1.3363491904763680e+02 1.0250062258578135e+01 1.1680352265645536e+02 2.6338805966958326e+01 1.0269551322114923e+00 3.6458464000000000e-03 3.2591624999999999e-02
-2.9601090638164552e-02 -1.3471185400144570e+03 6.7121913563598562e-02 1.0800847793489135e+02 1.8356986055287635e+01 1.0883617426452595e+02 2.3372802842052437e+01 1.1357331553778749e+00 3.8918026000000000e-03 3.6360116999999997e-02
-2.9344665028605766e-02 -1.2572036581142543e+03 7.1010077758819179e-02 8.3961627203217191e+01 1.7257621374726781e+01 1.0150648541555454e+02 2.0848761704033453e+01 1.0658291419462231e+00 4.1415510999999999e-03 4.0376493999999999e-02
-2.9072183549505085e-02 -1.1753075518103515e+03 7.5141696019268830e-02 6.6602503004016796e+01 9.8192089168907390e+00 9.4753911312437197e+01 1.8753773405701526e+01 8.5905734465219985e-01 4.3947007000000003e-03 4.4644352999999998e-02
-2.8783441577621555e-02 -1.1006155774145564e+03 7.9519871033327069e-02 5.7541123337621400e+01 9.8599255913524475e-01 8.8524527741344983e+01 1.7067567785131381e+01 5.9594407498096702e-01 4.6508610999999997e-03 4.9166899000000000e-02
-2.8478259261576155e-02 -1.0324073618417390e+03 8.4147329875304377e-02 5.4978239589168282e+01 -4.9487828165083734e+00 8.2770186222703614e+01 1.5733882478199913e+01 3.6548270780896075e-01 4.9096423000000002e-03 5.3946949000000001e-02
-2.8156481841076816e-02 -9.7004280780680517e+02 8.9026419165054702e-02 5.5288903130375438e+01 -6.0667534513146988e+00 7.7447795407960797e+01 1.4662683473506949e+01 2.3090026154514351e-01 5.1706551000000002e-03 5.8986927000000001e-02
-2.7817979072313384e-02 -9.1295290595886934e+02 9.4159113780672987e-02 5.5023536468375035e+01 -3.0361413462816329e+00 7.2518678304681160e+01 1.3753784174861407e+01 2.1059877407998048e-01 5.4335110000000002e-03 6.4288872999999996e-02
-2.7462645802562659e-02 -8.6063096846033261e+02 9.9547008145797630e-02 5.2312228406282330e+01 1.9016989559999802e+00 6.7948081702479840e+01 1.2924717237808924e+01 2.8110851458151070e-01 5.6978226000000002e-03 6.9854434000000007e-02
-2.7090401331738349e-02 -8.1262501562133264e+02 1.0519132591038546e-01 4.7172138199388009e+01 6.3856632792817241e+00 6.3704696943379716e+01 1.2127986942506350e+01 3.9648887336128791e-01 5.9632034000000004e-03 7.5684873999999999e-02
-2.6701189731616094e-02 -7.6853135739320476e+02 1.1109291511032433e-01 4.0862564020648307e+01 9.0255740735854513e+00 5.9760276788244909e+01 1.1351573667608941e+01 5.1181087872759756e-01 6.2292681999999997e-03 8.1781068999999998e-02
-2.6294979590453443e-02 -7.2798893289121486e+02 1.1725225203974300e-01 3.4858363512398476e+01 9.7013874299687952e+00 5.6089293598143804e+01 1.0606225312145208e+01 5.9925094499754850e-01 6.4956331999999999e-03 8.8143510999999994e-02
-2.5871764012989858e-02 -6.9067441891638987e+02 1.2366944125101122e-01 3.0058139756202653e+01 9.1537153666180071e+00 5.2668641547571475e+01 9.9086311138267664e+00 6.5171485763885217e-01 6.7619166000000000e-03 9.4772308000000000e-02
-2.5431560237376687e-02 -6.5629791662390267e+02 1.3034422136320464e-01 2.6558180774764853e+01 8.2834647920861357e+00 4.9477375674928282e+01 9.2692053160373789e+00 6.7629110331776021e-01 7.0277381999999996e-03 1.0166719000000000e-01
-2.4974409571332148e-02 -6.2459921623919877e+02 1.3727596603018238e-01 2.3934572612271438e+01 7.6232961706696969e+00 4.6496482851974982e+01 8.6884120577941033e+00 6.8412096301149472e-01 7.2927204000000001e-03 1.0882751000000000e-01
-2.4500378285971406e-02 -5.9534456625416931e+02 1.4446367038750199e-01 2.1713011269258523e+01 7.2173216310937329e+00 4.3708687544120345e+01 8.1602243310778828e+00 6.8309280737974576e-01 7.5564877000000004e-03 1.1625223000000000e-01
-2.4009555764301437e-02 -5.6832366013777187e+02 1.5190597912666698e-01 1.9689904020741544e+01 6.8474915305083304e+00 4.1098261758555324e+01 7.6776635638270818e+00 6.7610576968896319e-01 7.8186677999999999e-03 1.2393994999999999e-01
-2.3502054373530996e-02 -5.4334711616395998e+02 1.5960118843128179e-01 1.7950393444737824e+01 6.3553417583526706e+00 3.8650867577129297e+01 7.2364445320079174e+00 6.6362096696734274e-01 8.0788911000000008e-03 1.3188891000000000e-01
-2.2978011380420788e-02 -5.2024433264644188e+02 1.6754721693472668e-01 1.6658954879723513e+01 5.8153195305022543e+00 3.6353430642445559e+01 6.8347623374123891e+00 6.4707034332949298e-01 8.3367917000000003e-03 1.4009695999999999e-01
-2.2437586397483257e-02 -4.9886137887705058e+02 1.7574164444325791e-01 1.5827588054602042e+01 5.4756341047993162e+00 3.4194001203852373e+01 6.4707228226644702e+00 6.3019657402710627e-01 8.5920070000000005e-03 1.4856159999999999e-01
-2.1880962659882694e-02 -4.7905931157687905e+02 1.8418169257445763e-01 1.5236958590395838e+01 5.5464159342723578e+00 3.2161649980391438e+01 6.1400071076612770e+00 6.1766891335949647e-01 8.8441787999999997e-03 1.5727996000000000e-01
-2.1308345748535122e-02 -4.6071257668414910e+02 1.9286424411878383e-01 1.4549479728724119e+01 6.0245426318582052e+00 3.0246364659931132e+01 5.8356929148017223e+00 6.1239731999757041e-01 9.0929527999999999e-03 1.6624881999999999e-01
-2.0719963590108321e-02 -4.4370764491299951e+02 2.0178584303957045e-01 1.3515522109346996e+01 6.6668381224219342e+00 2.8438961826721474e+01 5.5502710029927762e+00 6.1373741429501538e-01 9.3379794999999995e-03 1.7546460999999999e-01
-2.0116065818571748e-02 -4.2794178600118011e+02 2.1094270415380217e-01 1.2124032367503187e+01 7.1282425331375805e+00 2.6731006397509375e+01 5.2783474909171630e+00 6.1783204211953513e-01 9.5789143999999993e-03 1.8492342000000001e-01
-1.9496925690546712e-02 -4.1332202629957385e+02 2.2033068408978965e-01 1.0601943066875265e+01 7.1612072322621252e+00 2.5114747089555408e+01 5.0182162855740691e+00 6.1981589652018609e-01 9.8154178999999998e-03 1.9462097000000000e-01
-1.8862836893056113e-02 -3.9976412536605676e+02 2.2994532969104434e-01 9.2740710988828194e+00 6.7482075283122054e+00 2.3583040729815753e+01 4.7713988124038273e+00 6.1640414940938471e-01 1.0047156000000000e-02 2.0455266000000000e-01
-1.8214112905074391e-02 -3.8719170981333536e+02 2.3978188769705347e-01 8.3789847737807506e+00 6.0946881034456579e+00 2.2129297253475407e+01 4.5405748924976983e+00 6.0732572563222653e-01 1.0273801000000001e-02 2.1471357999999999e-01
-1.7551090189777782e-02 -3.7553558539780005e+02 2.4983525633940518e-01 7.9506078355154974e+00 5.5017046572834207e+00 2.0747434223998084e+01 4.3273427657981260e+00 5.9493623730694378e-01 1.0495031000000000e-02 2.2509846000000000e-01
-1.6874124363844011e-02 -3.6473298579498589e+02 2.6010004342643828e-01 7.8222916937444023e+00 5.2039173372540608e+00 1.9431820654543976e+01 4.1308745491401719e+00 5.8248249101957139e-01 1.0710529999999999e-02 2.3570173000000000e-01
-1.6183590835902355e-02 -3.5472699742863693e+02 2.7057055666246743e-01 7.7329319521372133e+00 5.2645624975091287e+00 1.8177238384793192e+01 3.9482865024641733e+00 5.7219543688282570e-01 1.0919989999999999e-02 2.4651751000000000e-01
-1.5479885444983674e-02 -3.4546602842037521e+02 2.8124079396700807e-01 7.4632287914438438e+00 5.5724803899858451e+00 1.6978843933608001e+01 3.7760565382995068e+00 5.6422044994511200e-01 1.1123108000000000e-02 2.5753959999999998e-01
-1.4763422545170275e-02 -3.3690330960026250e+02 2.9210447251710137e-01 6.9268698152848875e+00 5.9237736426769070e+00 1.5832129990773801e+01 3.6115641736438500e+00 5.5686553884042023e-01 1.1319591000000000e-02 2.6876150999999998e-01
-1.4034634367145856e-02 -3.2899646817211857e+02 3.0315503842808922e-01 6.1814448946594664e+00 6.1301449998509101e+00 1.4732893528594889e+01 3.4539979594444361e+00 5.4773410934054167e-01 1.1509152000000000e-02 2.8017647000000001e-01
-1.3293971656645573e-02 -3.2170716153919972e+02 3.1438565707283905e-01 5.3721321291236999e+00 6.0957703641329042e+00 1.3677208466887093e+01 3.3042690459094080e+00 5.3505368656182350e-01 1.1691511000000000e-02 2.9177742000000001e-01
-1.2541904312906055e-02 -3.1500074623709679e+02 3.2578920340096928e-01 4.6506245791235097e+00 5.8349333330731472e+00 1.2661399805697631e+01 3.1641148143680500e+00 5.1848532190814278e-01 1.1866398000000000e-02 3.0355700000000002e-01
-1.1778916281065043e-02 -3.0884593510725585e+02 3.3735833938504878e-01 4.1143422121785340e+00 5.4381298302404737e+00 1.1682011256326422e+01 3.0350255479613919e+00 4.9916768672286854e-01 1.2033550000000000e-02 3.1550762999999998e-01
-1.1005510021311705e-02 -3.0321458005839662e+02 3.4908544625517213e-01 3.7857397410005733e+00 5.0174549363832064e+00 1.0735794855911015e+01 2.9175043543981465e+00 4.7913564978038131e-01 1.2192715000000000e-02 3.2762143999999999e-01
-1.0222203316636421e-02 -2.9808140877178823e+02 3.6096267290283457e-01 3.6275269066423887e+00 4.6633216179687818e+00 9.8196764029863974e+00 2.8108615999434141e+00 4.6054675887206997e-01 1.2343646000000000e-02 3.3989032000000002e-01
-9.4295299112808033e-03 -2.9342382769458175e+02 3.7298192620015669e-01 3.5739857242643613e+00 4.4238606885334466e+00 8.9307510718828897e+00 2.7134859858776026e+00 4.4502494388047464e-01 1.2486109000000000e-02 3.5230591000000000e-01
-8.6280369569375209e-03 -2.8922172743444304e+02 3.8513490972298503e-01 3.5580918345457659e+00 4.3082383535697630e+00 8.0662461893556827e+00 2.6233366457459066e+00 4.3336811868764796e-01 1.2619877000000000e-02 3.6485963999999999e-01
-7.8182869281004201e-03 -2.8545733783545523e+02 3.9741309470856645e-01 3.5264369270251934e+00 4.2995365727719106e+00 7.2235221236819438e+00 2.5384013290556409e+00 4.2556038272243446e-01 1.2744734000000001e-02 3.7754270000000001e-01
-7.0008557067144095e-03 -2.8211508376949587e+02 4.0980774909787343e-01 3.4422711414787104e+00 4.3672104676115611e+00 6.4000468469167711e+00 2.4570058556519294e+00 4.2098196674372418e-01 1.2860473000000001e-02 3.9034606999999999e-01
-6.1763313052753364e-03 -2.7918146254467155e+02 4.2230995689715400e-01 3.2845863286047940e+00 4.4731802768065370e+00 5.5933824729457946e+00 2.3779617665629527e+00 4.1863560951708512e-01 1.2966896000000000e-02 4.0326054000000000e-01
-5.3453151437300936e-03 -2.7664495238372268e+02 4.3491059881638128e-01 3.0483227356688611e+00 4.5762738183811873e+00 4.8011728290935185e+00 2.3005849121870048e+00 4.1737098425637453e-01 1.3063819000000001e-02 4.1627669000000000e-01
-4.5084182187763201e-03 -2.7449592043118327e+02 4.4760041035390441e-01 2.7455186402984659e+00 4.6369681205838216e+00 4.0211244692922214e+00 2.2246682368861888e+00 4.1607136420768270e-01 1.3151064000000001e-02 4.2938494999999999e-01
-3.6662649345627039e-03 -2.7272656991056317e+02 4.6036992371179764e-01 2.4052753950842285e+00 4.6248571563345200e+00 3.2510023295056776e+00 2.1504941554697918e+00 4.1379794606399217e-01 1.3228465999999999e-02 4.4257553999999999e-01
-2.8194879950885765e-03 -2.7133087651159263e+02 4.7320954524206060e-01 2.0684925242734917e+00 4.5272285049897594e+00 2.4886071039225168e+00 2.0785552027207319e+00 4.0995082764500002e-01 1.3295871000000001e-02 4.5583855000000001e-01
-1.9687309580041154e-03 -2.7030456840683621e+02 4.8610951672351832e-01 1.7773117674754668e+00 4.3534651773083075e+00 1.7317680420483050e+00 2.0095543587328031e+00 4.0428384520163568e-01 1.3353135000000000e-02 4.6916390000000002e-01
-1.1146450423600990e-03 -2.6964509562066985e+02 4.9905996376569639e-01 1.5627957799391470e+00 4.1338507484138898e+00 9.7832736510310347e-01 1.9441362570708700e+00 3.9702414172260886e-01 1.3400123999999999e-02 4.8254139000000001e-01
-2.5789040550799891e-04 -2.6935162746305906e+02 5.1205087644727032e-01 1.4358703079317596e+00 3.9095922270282415e+00 2.2612911371765954e-01 1.8826999113600342e+00 3.8868971229638027e-01 1.3436718000000000e-02 4.9596067999999999e-01
6.0086641070021540e-04 -2.6942507380591803e+02 5.2507214803916624e-01 1.3843877434482998e+00 3.7204131955783444e+00 -5.2699424068194034e-01 1.8253445178575847e+00 3.7993023447705881e-01 1.3462807000000000e-02 5.0941133000000005e-01
1.4609499261118708e-03 -2.6986810591437865e+02 5.3811353628146041e-01 1.3782748201858317e+00 3.5930969151804750e+00 -1.2832355548170575e+00 1.7717708379471078e+00 3.7140227482981170e-01 1.3478291000000000e-02 5.2288276000000000e-01
2.3216814683240522e-03 -2.7068520132545427e+02 5.5116475051035430e-01 1.3802775333198884e+00 3.5342712860887047e+00 -2.0448269821841514e+00 1.7215016828681606e+00 3.6351878809344840e-01 1.3483083000000000e-02 5.3636434000000000e-01
3.1823759804333468e-03 -2.7188271474585179e+02 5.6421540325429964e-01 1.3571113650628175e+00 3.5311953482973171e+00 -2.8140544989369811e+00 1.6739124713201670e+00 3.5644375380311166e-01 1.3477108000000000e-02 5.4984533999999996e-01
4.0423432979359436e-03 -2.7346894765220731e+02 5.7725502959554831e-01 1.2884609222361305e+00 3.5576238074922961e+00 -3.5932722987880883e+00 1.6284693035748847e+00 3.5009587292555527e-01 1.3460300999999999e-02 5.6331494999999998e-01
4.9008900640777828e-03 -2.7545425307071230e+02 5.9027311621247747e-01 1.1706262911452880e+00 3.5834939477827046e+00 -4.3849202036014567e+00 1.5847769168706836e+00 3.4416584207692213e-01 1.3432611000000001e-02 5.7676231000000000e-01
5.7573210067546482e-03 -2.7785117121193622e+02 6.0325912074113897e-01 1.0150207213100146e+00 3.5833316544747777e+00 -5.1915400839145818e+00 1.5426540987357376e+00 3.3834581056224694e-01 1.3393997000000000e-02 5.9017653000000003e-01
6.6109370231620251e-03 -2.8067456492518323e+02 6.1620244273293534e-01 8.4212759125579373e-01 3.5422556848167113e+00 -6.0157952852129597e+00 1.5021113968786808e+00 3.3233504509097800e-01 1.3344429999999999e-02 6.0354666000000001e-01
7.4610377335953063e-03 -2.8394180187107349e+02 6.2909246237771865e-01 6.7467963720624946e-01 3.4581251442240060e+00 -6.8604902782465942e+00 1.4632797280817742e+00 3.2597518242431084e-01 1.3283893999999999e-02 6.1686173000000000e-01
8.3069240352499907e-03 -2.8767297056278761e+02 6.4191857922689133e-01 5.3212709336609088e-01 3.3389385334585424e+00 -7.7285956351512102e+00 1.4263501726469849e+00 3.1924958222687805e-01 1.3212384000000001e-02 6.3011079000000003e-01
9.1478942715213646e-03 -2.9189110409880936e+02 6.5467015410875562e-01 4.2637993115071438e-01 3.1998428180819545e+00 -8.6232697827654281e+00 1.3914334576496827e+00 3.1226680530679846e-01 1.3129907000000000e-02 6.4328284999999996e-01
9.9832487011548704e-03 -2.9662247894615615e+02 6.6733657689393888e-01 3.6053178319126200e-01 3.0578569902664250e+00 -9.5478852669132905e+00 1.3585823916394661e+00 3.0522441273166512e-01 1.3036481000000001e-02 6.5636695000000000e-01
1.0812290136696143e-02 -3.0189694440257938e+02 6.7990727617616831e-01 3.2982826863831599e-01 2.9281452529857597e+00 -1.0506067665154882e+01 1.3277336658696095e+00 2.9833230703960062e-01 1.2932137999999999e-02 6.6935217000000002e-01
1.1634322029140873e-02 -3.0774828623340380e+02 6.9237169022994594e-01 3.2545072203940462e-01 2.8213600708428976e+00 -1.1501718657842609e+01 1.2987570725270827e+00 2.9178490858946227e-01 1.2816919000000000e-02 6.8222760000000005e-01
1.2448652298635093e-02 -3.1421468850491408e+02 7.0471932509519875e-01 3.3522592065312246e-01 2.7426275939156546e+00 -1.2539059774307647e+01 1.2714378362473848e+00 2.8569902513283568e-01 1.2690879000000000e-02 6.9498240000000000e-01
1.3254592057575100e-02 -3.2133922794642069e+02 7.1693973521572874e-01 3.4768728534974103e-01 2.6920622013757960e+00 -1.3622674989718650e+01 1.2455507109318984e+00 2.8013023945855187e-01 1.2554085000000000e-02 7.0760577999999996e-01
1.4051456249057480e-02 -3.2917046651374682e+02 7.2902253311998755e-01 3.5279654276066397e-01 2.6655564107525920e+00 -1.4757561420621679e+01 1.2208737703618562e+00 2.7505898634698722e-01 1.2406611999999999e-02 7.2008700999999997e-01
1.4838566839129354e-02 -3.3776316001762166e+02 7.4095743782495160e-01 3.4437360464638395e-01 2.6559442755587535e+00 -1.5949185117261383e+01 1.1972330387608108e+00 2.7040788646402297e-01 1.2248551000000000e-02 7.3241546999999996e-01
1.5615250901438268e-02 -3.4717903395450952e+02 7.5273424579379722e-01 3.1882122662052992e-01 2.6558950368523613e+00 -1.7203542428661549e+01 1.1744905065923590e+00 2.6607332012464702e-01 1.2080001999999999e-02 7.4458062000000003e-01
1.6380841894132234e-02 -3.5748771693330821e+02 7.6434285029745019e-01 2.7598293296045640e-01 2.6574929922324015e+00 -1.8527234010359535e+01 1.1525698710386394e+00 2.6191905042058550e-01 1.1901076999999999e-02 7.5657202000000001e-01
1.7134680936759898e-02 -3.6876783253000053e+02 7.7577326077613640e-01 2.1808502873999386e-01 2.6540866435302326e+00 -1.9927548135726013e+01 1.1314436982057106e+00 2.5785648709164283e-01 1.1711898000000000e-02 7.6837935000000002e-01
1.7876118725620616e-02 -3.8110829228862900e+02 7.8701563188170598e-01 1.4916403317924404e-01 2.6408409859576314e+00 -2.1412562412565535e+01 1.1111161391770188e+00 2.5378523977313272e-01 1.1512599000000000e-02 7.7999244000000001e-01
1.8604512341514265e-02 -3.9460972088970152e+02 7.9806021507375913e-01 7.4221976003973983e-02 2.6147537902694395e+00 -2.2991246481629016e+01 1.0916160096115275e+00 2.4965231461832812e-01 1.1303326000000001e-02 7.9140122000000002e-01
1.9319231634241707e-02 -4.0938631512836565e+02 8.0889745542739544e-01 -1.4879553033184496e-03 2.5748543706979676e+00 -2.4673604733157880e+01 1.0719771151435151e+00 2.4541972108116744e-01 1.1084235000000000e-02 8.0259581999999996e-01
2.0019653476554371e-02 -4.2556778624898766e+02 8.1951790450623907e-01 -7.3123267261139269e-02 2.5218620049531388e+00 -2.6470814846081751e+01 1.0552978629237946e+00 2.4109002469911561e-01 1.0855490000000001e-02 8.1356647999999998e-01
2.0705167510204653e-02 -4.4330190806098000e+02 8.2991230748941403e-01 -1.3669424689508738e-01 2.4578815456759968e+00 -2.8395417824518834e+01 1.0385611526353506e+00 2.3671279832820671e-01 1.0617270000000000e-02 8.2430364000000000e-01
2.1375174869045860e-02 -4.6275739972454255e+02 8.4007158380999336e-01 -1.8933837588713978e-01 2.3859986129763224e+00 -3.0461520432323042e+01 1.0227952460098324e+00 2.3229410309323970e-01 1.0369760000000000e-02 8.3479791999999997e-01
2.2029088817482251e-02 -4.8412739431743842e+02 8.4998683683577514e-01 -2.2938457207623614e-01 2.3097555241278909e+00 -3.2685046411381137e+01 1.0080138356439317e+00 2.2791976582891071e-01 1.0113159000000000e-02 8.4504013000000000e-01
2.2666335388919066e-02 -5.0763360191424385e+02 8.5964936355005672e-01 -2.5648119132684327e-01 2.2326108699157623e+00 -3.5084028256441904e+01 9.9419758109355905e-01 2.2364564745451609e-01 9.8476710000000005e-03 8.5502127999999999e-01
2.3286353385762550e-02 -5.3353128604234291e+02 8.6905065455163499e-01 -2.7113266605037167e-01 2.1579258781088266e+00 -3.7678954035733334e+01 9.8131862636062617e-01 2.1956889437416652e-01 9.5735140000000000e-03 8.6473257999999997e-01
2.3888597571670195e-02 -5.6211542761990790e+02 8.7818244245868116e-01 -2.7465438180078938e-01 2.0883561057374949e+00 -4.0493198042703966e+01 9.6932522207194283e-01 2.1562863001150401e-01 9.2909130999999992e-03 8.7416548999999999e-01
2.4472535479300471e-02 -5.9372792456376965e+02 8.8703665350486605e-01 -2.7003264077998662e-01 2.0259611286307848e+00 -4.3553510769612807e+01 9.5815500381547003e-01 2.1196545226682426e-01 9.0001030000000006e-03 8.8331166999999999e-01
2.5037651241013169e-02 -6.2876672908376929e+02 8.9560546562400978e-01 -2.5726970894407469e-01 1.9720375924052453e+00 -4.6890646940752518e+01 9.4775073620932027e-01 2.0857848821026745e-01 8.7013270999999996e-03 8.9216304000000002e-01
2.5583443673519210e-02 -6.6769676939546002e+02 9.0388127940775675e-01 -2.4101374912529036e-01 1.9271028476057654e+00 -5.0540097022110835e+01 9.3805598437281323e-01 2.0547619287334148e-01 8.3948374000000006e-03 9.0071175000000003e-01
2.6109429470130896e-02 -7.1106380365381301e+02 9.1185676650945080e-01 -2.2222192033076335e-01 1.8911265905126413e+00 -5.4543023048597455e+01 9.2899398026582314e-01 2.0267231920509404e-01 8.0808944000000001e-03 9.0895022999999997e-01
2.6615140646961750e-02 -7.5951124549570670e+02 9.1952483092103543e-01 -2.0255505395159765e-01 1.8633154905511680e+00 -5.8947375212424362e+01 9.2052086639642039e-01 2.0015699105944892e-01 7.7597663000000001e-03 9.1687114999999997e-01
2.7100127096726677e-02 -8.1380171242404037e+02 9.2687864769615302e-01 -1.8484460602779432e-01 1.8430907567484942e+00 -6.3809321397905798e+01 9.1257650947996538e-01 1.9791168464315875e-01 7.4317293999999999e-03 9.2446746000000002e-01
2.7563957227192022e-02 -8.7484421256357132e+02 9.3391167263092034e-01 -1.6881160724534730e-01 1.8291628364030941e+00 -6.9195037088280316e+01 9.0513562203600118e-01 1.9591559655619190e-01 7.0970672000000004e-03 9.3173240000000002e-01
2.8006216684275477e-02 -9.4372863434493615e+02 9.4061762290237849e-01 -1.5563738084728235e-01 1.8203318729080145e+00 -7.5182960965626350e+01 8.9814850922990952e-01 1.9415344753526032e-01 6.7560703000000000e-03 9.3865947999999999e-01
2.8426511544296332e-02 -1.0217710401610257e+03 9.4699052547236817e-01 -1.4567779190492156e-01 1.8155251159227574e+00 -8.1866755370613703e+01 8.9156278532904087e-01 1.9259354484548308e-01 6.4090362999999996e-03 9.4524253000000003e-01
2.8824464483275157e-02 -1.1105716826419898e+03 9.5302465900287869e-01 -1.3887183484470408e-01 1.8135220946616903e+00 -8.9359055273120390e+01 8.8543335544787660e-01 1.9121675789890638e-01 6.0562691999999996e-03 9.5147563999999996e-01
2.9199721161434329e-02 -1.2120941995296346e+03 9.5871465066379913e-01 -1.3530457629170586e-01 1.8135048746761810e+00 -9.7796640236406205e+01 8.7964290123615096e-01 1.9000185388693541e-01 5.6980790999999996e-03 9.5735325999999998e-01
2.9551943838697518e-02 -1.3287692513858976e+03 9.6405537932516749e-01 -1.3449129550912692e-01 1.8146856916286063e+00 -1.0734707817593087e+02 8.7425505965853889e-01 1.8891999342155802e-01 5.3347821999999998e-03 9.6287009999999995e-01
2.9880817759190180e-02 -1.4636405272308778e+03 9.6904207236492113e-01 -1.3598010237430147e-01 1.8164549332583300e+00 -1.1821817783885167e+02 8.6924372576078912e-01 1.8796140732714417e-01 4.9667000000000001e-03 9.6802122999999995e-01
3.0186046682089220e-02 -1.6205657893146185e+03 9.7367023790347162e-01 -1.3938617446309390e-01 1.8183360295110162e+00 -1.3067095684119022e+02 8.6460858422172115e-01 1.8710949937733051e-01 4.5941591999999996e-03 9.7280200999999999e-01
3.0467357989223370e-02 -1.8045105073178079e+03 9.7793574224990465e-01 -1.4396700728153514e-01 1.8200564518351752e+00 -1.4503860830325530e+02 8.6034587338860913e-01 1.8635292181615898e-01 4.2174915999999996e-03 9.7720817000000004e-01
3.0724497577472823e-02 -2.0219769296842192e+03 9.8183473245577990e-01 -1.4993795073796545e-01 1.8214384381938755e+00 -1.6175419332702901e+02 8.5645102365095305e-01 1.8565143589485708e-01 3.8370333000000002e-03 9.8123572999999997e-01
3.0957234966369609e-02 -2.2816706152517586e+03 9.8536371376133147e-01 -1.5627044034902091e-01 1.8222946111643765e+00 -1.8139384447419408e+02 8.5293253261764379e-01 1.8507470531636094e-01 3.4531249000000000e-03 9.8488107999999996e-01
3.1165361382747461e-02 -2.5955651195554487e+03 9.8851952055314263e-01 -1.6266801737776501e-01 1.8228934810398358e+00 -2.0474588061665295e+02 8.4978921394990015e-01 1.8454810712604150e-01 3.0661112999999999e-03 9.8814095000000002e-01
3.1348688483841675e-02 -2.9807058990802543e+03 9.9129929700259545e-01 -1.6899168693379313e-01 1.8230870508774257e+00 -2.3292827187307390e+02 8.4702361283156824e-01 1.8409328660795848e-01 2.6763420000000000e-03 9.9101238999999997e-01
3.1507052187989465e-02 -3.4625052057266898e+03 9.9370055515052158e-01 -1.7478346722624655e-01 1.8229371023567156e+00 -2.6760402088213294e+02 8.4463336684970913e-01 1.8369985892001170e-01 2.2841723000000002e-03 9.9349282999999999e-01
3.1640311397729839e-02 -4.0813210280644316e+03 9.9572115554565133e-01 -1.8014727169301620e-01 1.8227185911276327e+00 -3.1141262472853106e+02 8.4262555440368692e-01 1.8337695471694929e-01 1.8899688000000000e-03 9.9558005999999999e-01
3.1748347361353527e-02 -4.9074610688014636e+03 9.9735929756383956e-01 -1.8455287495389136e-01 1.8223938117099503e+00 -3.6895736150372528e+02 8.4100179048124812e-01 1.8310626060344903e-01 1.4941295000000000e-03 9.9727222000000004e-01
3.1831072611203701e-02 -6.0832215160369215e+03 9.9861365493891452e-01 -1.8806553928862674e-01 1.8219699763701425e+00 -4.4958020360863003e+02 8.3975457268205700e-01 1.8290377672780553e-01 1.0971916000000000e-03 9.9856794000000004e-01
3.1888455224777887e-02 -7.9941586682531070e+03 9.9948374363212733e-01 -1.9066193544433152e-01 1.8216357246451467e+00 -5.7869566815248731e+02 8.3889091876239430e-01 1.8276428935608346e-01 7.0085733000000002e-04 9.9946672000000003e-01
