-1.9179269201880544e-01 -2.0432381051760431e+03 1.9179391133587448e-01 -1.9029354904641443e+03 -5.9114029844301058e+02 1.3704636647408046e+02 -1.2786676545608114e+02 -3.8682466022865086e+01 5.5301730000000003e-06 1.0230946000000001e-06
-1.9178544192168276e-01 -1.4848576319874742e+03 1.9180918711771314e-01 -1.3436397511661473e+03 -5.9090869626648339e+02 1.0050196331566070e+02 -9.1279604955383888e+01 -3.8671991393540623e+01 3.5894988000000002e-05 1.9923924999999999e-05
-1.9176269566846671e-01 -1.2259143467222711e+03 1.9185711293110511e-01 -1.0823988341881095e+03 -5.9018254437074359e+02 8.3542868972154380e+01 -7.4212364899692474e+01 -3.8639145230900922e+01 8.5619985000000003e-05 7.9222864999999994e-05
-1.9171766546967503e-01 -1.0562169424497906e+03 1.9195199048670927e-01 -9.0887077586942166e+02 -5.8874710173405333e+02 7.2413916511393651e+01 -6.2901760907865707e+01 -3.8574194896916254e+01 1.5173507999999999e-04 1.9661552000000001e-04
-1.9164441061123372e-01 -9.3042918799138590e+02 1.9210633672748861e-01 -7.7769794370615693e+02 -5.8641789057220149e+02 6.4148273394247184e+01 -5.4378834992551297e+01 -3.8468745047236503e+01 2.3255418000000001e-04 3.8758918999999998e-04
-1.9153752815728789e-01 -8.3100197750227255e+02 1.9233153551051571e-01 -6.7138362327638458e+02 -5.8303266056817927e+02 5.7597802829799043e+01 -4.7496729762978276e+01 -3.8315356199825246e+01 3.2689763000000001e-04 6.6622920000000002e-04
-1.9139201221243654e-01 -7.4926591423972604e+02 1.9263813413809003e-01 -5.8136077636250684e+02 -5.7844890246811576e+02 5.2195661447625611e+01 -4.1692182320414915e+01 -3.8107433971351902e+01 4.3385032000000002e-04 1.0455858000000000e-03
-1.9120317515806640e-01 -6.8028764338496012e+02 1.9303600931090495e-01 -5.0283524007490229e+02 -5.7254343039352955e+02 4.7619622772678902e+01 -3.6648242321628274e+01 -3.7839085520678239e+01 5.5265518999999999e-04 1.5378795000000000e-03
-1.9096659896375962e-01 -6.2098312825189771e+02 1.9353446971375157e-01 -4.3289047563578481e+02 -5.6521293912842759e+02 4.3668558571267972e+01 -3.2170367771925839e+01 -3.7505335112416233e+01 6.8265765000000004e-04 2.1546280000000000e-03
-1.9067810231012319e-01 -5.6928930518812422e+02 1.9414232528693337e-01 -3.6965293439762854e+02 -5.5637500682235316e+02 4.0208195996047394e+01 -2.8131904231246178e+01 -3.7101941875402304e+01 8.2327310000000005e-04 2.9067318999999999e-03
-1.9033371818735670e-01 -5.2375342621294340e+02 1.9486793442555012e-01 -3.1187627523758954e+02 -5.4596930213676774e+02 3.7144217284924146e+01 -2.4446966512220023e+01 -3.6625543577942459e+01 9.7396649000000004e-04 3.8045331000000002e-03
-1.8992967751612286e-01 -4.8331028591420977e+02 1.9571923848993319e-01 -2.5871406082705317e+02 -5.3395877709746196e+02 3.4407663008320839e+01 -2.1055655208241753e+01 -3.6073677266143477e+01 1.1342389000000000e-03 4.8578574999999999e-03
-1.8946239717965910e-01 -4.4715290088644645e+02 1.9670378702170130e-01 -2.0958620112692734e+02 -5.2033072491674659e+02 3.1946455166994962e+01 -1.7915411269258176e+01 -3.5444818959190094e+01 1.3036180000000001e-03 6.0760461999999999e-03
-1.8892847135473015e-01 -4.1465324182434466e+02 1.9782875600923683e-01 -1.6409559257099380e+02 -5.0509759954637167e+02 2.9720199733505837e+01 -1.4995659684036495e+01 -3.4738417593808975e+01 1.4816515000000000e-03 7.4679780999999997e-03
-1.8832466449200108e-01 -3.8531140034132403e+02 1.9910096267787231e-01 -1.2197324390232302e+02 -4.8829748469062383e+02 2.7696852807962124e+01 -1.2274321773278345e+01 -3.3954918715716637e+01 1.6679024999999999e-03 9.0420881999999994e-03
-1.8764790655956889e-01 -3.5872182749303647e+02 2.0052687551165621e-01 -8.3040532372564186e+01 -4.6999417545970618e+02 2.5850506228675496e+01 -9.7354505564214762e+00 -3.3095777045224729e+01 1.8619452999999999e-03 1.0806380000000001e-02
-1.8689528863172153e-01 -3.3455012866757244e+02 2.0211262354773252e-01 -4.7182061570368951e+01 -4.5027677667669315e+02 2.4159865782865015e+01 -7.3675613046497901e+00 -3.2163453950692748e+01 2.0633631000000000e-03 1.2768437000000001e-02
-1.8606406085593119e-01 -3.1251675720247914e+02 2.0386400065983737e-01 -1.4325544110003621e+01 -4.2925883971809679e+02 2.2607182291648655e+01 -5.1624190409865829e+00 -3.1161400637661227e+01 2.2717459999999998e-03 1.4935428000000001e-02
-1.8515162903893742e-01 -2.9238518073996289e+02 2.0578647275134046e-01 1.5573714603130371e+01 -4.0707693017671642e+02 2.1177476209768290e+01 -3.1141228497614803e+00 -3.0094022321187740e+01 2.4866887000000002e-03 1.7314116000000001e-02
-1.8415555472346432e-01 -2.7395322733977576e+02 2.0788517759360392e-01 4.2544875268696778e+01 -3.8388873130606765e+02 1.9857971697372655e+01 -1.2184085165290217e+00 -2.8966628574836637e+01 2.7077901999999999e-03 1.9910858000000000e-02
-1.8307355096877276e-01 -2.5704649401298599e+02 2.1016493371625813e-01 6.6611305367598973e+01 -3.5987056344095924e+02 1.8637665644249481e+01 5.2790843227639872e-01 -2.7785361016510809e+01 2.9346520999999999e-03 2.2731616000000000e-02
-1.8190348465217732e-01 -2.4151341968820267e+02 2.1263023555796043e-01 8.7798197931914501e+01 -3.3521453309248346e+02 1.7507006840934231e+01 2.1273643964332059e+00 -2.6557111465448262e+01 3.1668782999999998e-03 2.5781951000000001e-02
-1.8064337416752935e-01 -2.2722137793132043e+02 2.1528525831563644e-01 1.0613876138330232e+02 -3.1012517302134819e+02 1.6457641783059710e+01 3.5822025052173037e+00 -2.5289419383011776e+01 3.4040742000000001e-03 2.9067029000000001e-02
-1.7929138789087221e-01 -2.1405362259989727e+02 2.1813386117730788e-01 1.2167899751925377e+02 -2.8481575451102668e+02 1.5482216635550635e+01 4.8946543902999240e+00 -2.3990355444833302e+01 3.6458464000000000e-03 3.2591624999999999e-02
-1.7784584648195834e-01 -2.0190688774390861e+02 2.2117958247285091e-01 1.3448122979843433e+02 -2.5950438507046005e+02 1.4574222475612292e+01 6.0671602755330039e+00 -2.2668399426074064e+01 3.8918026000000000e-03 3.6360116999999997e-02
-1.7630521981555985e-01 -1.9068939685307291e+02 2.2442564613965169e-01 1.4462660212823423e+02 -2.3440984117604594e+02 1.3727867077962355e+01 7.1025445407406380e+00 -2.1332301581557598e+01 4.1415510999999999e-03 4.0376493999999999e-02
-1.7466812813222715e-01 -1.8031927762861577e+02 2.2787495929798535e-01 1.5221650025446360e+02 -2.0974741280153484e+02 1.2937973548189923e+01 8.0041426950435675e+00 -1.9990943152496278e+01 4.3947007000000003e-03 4.4644352999999998e-02
-1.7293334203828883e-01 -1.7072324231173010e+02 2.3153011225101616e-01 1.5737304488373522e+02 -1.8572476126965989e+02 1.2199896333697648e+01 8.7758898870366622e+00 -1.8653192688935277e+01 4.6508610999999997e-03 4.9166899000000000e-02
-1.7109978097150699e-01 -1.6183548311125625e+02 2.3539338171762525e-01 1.6023871289551766e+02 -1.6253791938104527e+02 1.1509451085076686e+01 9.4223741040498066e+00 -1.7327762004461214e+01 4.9096423000000002e-03 5.3946949000000001e-02
-1.6916651511900818e-01 -1.5359675971545741e+02 2.3946672679137584e-01 1.6097514836478709e+02 -1.4036759999769529e+02 1.0862857413021681e+01 9.9488551013630406e+00 -1.6023068449830145e+01 5.1706551000000002e-03 5.8986927000000001e-02
-1.6713276196500776e-01 -1.4595360652571125e+02 2.4375179621437565e-01 1.5976127621552087e+02 -1.1937581122060423e+02 1.0256688874562062e+01 1.0361255576850088e+01 -1.4747100861605338e+01 5.4335110000000002e-03 6.4288872999999996e-02
-1.6499788974308552e-01 -1.3885768189466756e+02 2.4824992110341454e-01 1.5679078827482331e+02 -9.9703013990145507e+01 9.6878327424229873e+00 1.0666124158180361e+01 -1.3507300766831253e+01 5.6978226000000002e-03 6.9854434000000007e-02
-1.6276141360032395e-01 -1.3226518483927191e+02 2.5296212303203375e-01 1.5226913293612870e+02 -8.1465744302792316e+01 9.1534535375348849e+00 1.0870577484570056e+01 -1.2310452047965093e+01 5.9632034000000004e-03 7.5684873999999999e-02
-1.6042299751523903e-01 -1.2613636872912757e+02 2.5788910998949127e-01 1.4641012540417273e+02 -6.4754897640493311e+01 8.6509632691183942e+00 1.0982221480040533e+01 -1.1162590212693781e+01 6.2292681999999997e-03 8.1781068999999998e-02
-1.5798245276343570e-01 -1.2043511048363337e+02 2.6303127961358963e-01 1.3943227541774914e+02 -4.9634631606899923e+01 8.1779948297459431e+00 1.1009057959835008e+01 -1.0068927240875144e+01 6.4956331999999999e-03 8.8143510999999994e-02
-1.5543973791760768e-01 -1.1512853754537396e+02 2.6838871919067558e-01 1.3155498978024221e+02 -3.6141947347734366e+01 7.7323792662281008e+00 1.0959379075182472e+01 -9.0337967115025020e+00 6.7619166000000000e-03 9.4772308000000000e-02
-1.5279495654602060e-01 -1.1018669626486347e+02 2.7396121050488209e-01 1.2299475636722121e+02 -2.4286930890977633e+01 7.3121254533540858e+00 1.0841654527491418e+01 -8.0606179717345796e+00 7.0277381999999996e-03 1.0166719000000000e-01
-1.5004835682892573e-01 -1.0558226492301266e+02 2.7974823064633464e-01 1.1396144459592760e+02 -1.4053654583257478e+01 6.9154026935317203e+00 1.0664414165975575e+01 -7.1518820900792885e+00 7.2927204000000001e-03 1.0882751000000000e-01
-1.4720033692876644e-01 -1.0129030786188294e+02 2.8574894069625500e-01 1.0465484036121259e+02 -5.4016958394282906e+00 6.5405260588250158e+00 1.0436130964512925e+01 -6.3091579637208683e+00 7.5564877000000004e-03 1.1625223000000000e-01
-1.4425143386617922e-01 -9.7288030297964525e+01 2.9196220916496135e-01 9.5261467024605409e+01 1.7318533641736793e+00 6.1859411342821220e+00 1.0165106682737429e+01 -5.5331171309973737e+00 7.8186677999999999e-03 1.2393994999999999e-01
-1.4120232275282138e-01 -9.3554584647500221e+01 2.9838661360828245e-01 8.5951841886414698e+01 7.4298567239266484e+00 5.8502122856162462e+00 9.8593636432559073e+00 -4.8235704513569360e+00 8.0788911000000008e-03 1.3188891000000000e-01
-1.3805382829895613e-01 -9.0070900479228058e+01 3.0502041638134980e-01 7.6878261915822307e+01 1.1792226108959364e+01 5.5320129153205766e+00 9.5265484625818075e+00 -4.1795356609757839e+00 8.3367917000000003e-03 1.4009695999999999e-01
-1.3480690947000576e-01 -8.6819509331813308e+01 3.1186159696687465e-01 6.8173026356398609e+01 1.4932776243240255e+01 5.2301142800670553e+00 9.1738437163448960e+00 -3.5993027360077132e+00 8.5920070000000005e-03 1.4856159999999999e-01
-1.3146266715827512e-01 -8.3784410484936700e+01 3.1890783581100934e-01 5.9947316316314073e+01 1.6975869862144510e+01 4.9433776845032877e+00 8.8078959469745843e+00 -3.0805188197491793e+00 8.8441787999999997e-03 1.5727996000000000e-01
-1.2802233651122813e-01 -8.0950935088158801e+01 3.2615653048748583e-01 5.2290572391410386e+01 1.8053014335288047e+01 4.6707459732147649e+00 8.4347568945629128e+00 -2.6202788401813404e+00 9.0929527999999999e-03 1.6624881999999999e-01
-1.2448728693148789e-01 -7.8305632095984620e+01 3.3360479569761570e-01 4.5270481190043689e+01 1.8299481906061924e+01 4.4112366032490726e+00 8.0598409935240323e+00 -2.2152219598554126e+00 9.3379794999999995e-03 1.7546460999999999e-01
-1.2085901824097488e-01 -7.5836162438715334e+01 3.4124947135235917e-01 3.8933476898489914e+01 1.7851064755644202e+01 4.1639352107284200e+00 7.6878985024840025e+00 -1.8616308137061630e+00 9.5789143999999993e-03 1.8492342000000001e-01
-1.1713917218849212e-01 -7.3531213157408075e+01 3.4908709832611784e-01 3.3305760179938979e+01 1.6841053201994381e+01 3.9279904313131362e+00 7.3230058038068080e+00 -1.5555311506866705e+00 9.8154178999999998e-03 1.9462097000000000e-01
-1.1332951327041670e-01 -7.1380400098034272e+01 3.5711395886708008e-01 2.8394678661904166e+01 1.5397501845244783e+01 3.7026075495235493e+00 6.9685669753561044e+00 -1.2927861460442187e+00 1.0047156000000000e-02 2.0455266000000000e-01
-1.0943192489483802e-01 -6.9374191909723692e+01 3.6532608467929073e-01 2.4190536938257122e+01 1.3640843134982882e+01 3.4870435351581381e+00 6.6273310861063202e+00 -1.0691878871769349e+00 1.0273801000000001e-02 2.1471357999999999e-01
-1.0544842856086634e-01 -6.7503851941180173e+01 3.7371921651230489e-01 2.0668662898000150e+01 1.1681917083795097e+01 3.2806040215765835e+00 6.3014235575050614e+00 -8.8054250340689366e-01 1.0495031000000000e-02 2.2509846000000000e-01
-1.0138116084346258e-01 -6.5761364092981864e+01 3.8228885265360302e-01 1.7791660181955052e+01 9.6204064684446919e+00 3.0826379129850947e+00 5.9923840063345661e+00 -7.2274420484424928e-01 1.0710529999999999e-02 2.3570173000000000e-01
-9.7232377229300046e-02 -6.4139379768412780e+01 3.9103024084652177e-01 1.5511792808387792e+01 7.5437193318816282e+00 2.8925341280098946e+00 5.7012151510903566e+00 -5.9184137125534930e-01 1.0919989999999999e-02 2.4651751000000000e-01
-9.3004455952626089e-02 -6.2631168967154117e+01 3.9993837020818479e-01 1.3773415321817311e+01 5.5263035771256241e+00 2.7097183281441275e+00 5.4284377746712700e+00 -4.8409163265158262e-01 1.1123108000000000e-02 2.5753959999999998e-01
-8.8699886487677029e-02 -6.1230572899148434e+01 4.0900799547571021e-01 1.2515339489641622e+01 3.6293816386823350e+00 2.5336495295262766e+00 5.1741490055646659e+00 -3.9600542591119325e-01 1.1319591000000000e-02 2.6876150999999998e-01
-8.4321265712816507e-02 -5.9931948284864390e+01 4.1823364508827998e-01 1.1673122282900586e+01 1.9010549836425501e+00 2.3638170533045439e+00 4.9380838950188988e+00 -3.2437910239909062e-01 1.1509152000000000e-02 2.8017647000000001e-01
-7.9871301746397186e-02 -5.8730160592698930e+01 4.2760961310507034e-01 1.1181176831007889e+01 3.7677515384644239e-01 2.1997381350663296e+00 4.7196775443178716e+00 -2.6631700392151447e-01 1.1691511000000000e-02 2.9177742000000001e-01
-7.5352817782622331e-02 -5.7620522443531321e+01 4.3712995112318292e-01 1.0974677976749438e+01 -9.1990160303057800e-01 2.0409556223216336e+00 4.5181262045140018e+00 -2.1924394989035645e-01 1.1866398000000000e-02 3.0355700000000002e-01
-7.0768721404652443e-02 -5.6598769733272739e+01 4.4678853293419796e-01 1.0991220878153671e+01 -1.9763234543812600e+00 1.8870346075744999e+00 4.3324438841759143e+00 -1.8090749739262776e-01 1.2033550000000000e-02 3.1550762999999998e-01
-6.6122031435636969e-02 -5.5661039939574607e+01 4.5657899794969026e-01 1.1172210624908150e+01 -2.7895474472062878e+00 1.7375614503394283e+00 4.1615181524467042e+00 -1.4937291915027645e-01 1.2192715000000000e-02 3.2762143999999999e-01
-6.1415858759405889e-02 -5.4803843318920215e+01 4.6649479161157470e-01 1.1463971010907825e+01 -3.3650315321497364e+00 1.5921409629836196e+00 4.0041581112472331e+00 -1.2301087780521730e-01 1.2343646000000000e-02 3.3989032000000002e-01
-5.6653410156331463e-02 -5.4024042551704113e+01 4.7652915731003753e-01 1.1818572209846721e+01 -3.7152445543673629e+00 1.4503948242882108e+00 3.8591389202288573e+00 -1.0047898138216872e-01 1.2486109000000000e-02 3.5230591000000000e-01
-5.1837972959881407e-02 -5.3318831516826847e+01 4.8667516871181249e-01 1.2194354475230167e+01 -3.8582562746589395e+00 1.3119593632659297e+00 3.7252389975545581e+00 -8.0699832478723352e-02 1.2619877000000000e-02 3.6485963999999999e-01
-4.6972926564203960e-02 -5.2685719468942352e+01 4.9692570551397375e-01 1.2556274169114662e+01 -3.8163510920940058e+00 1.1764842603815402e+00 3.6012712179561079e+00 -6.2834104594798157e-02 1.2744734000000001e-02 3.7754270000000001e-01
-4.2061730916542833e-02 -5.2122520644665720e+01 5.0727347769014319e-01 1.2875900652229452e+01 -3.6147067987608930e+00 1.0436306297743054e+00 3.4861085318536675e+00 -4.6253889986985368e-02 1.2860473000000001e-02 3.9034606999999999e-01
-3.7107918845513871e-02 -5.1627334081248328e+01 5.1771104165462867e-01 1.3131294231790319e+01 -3.2801698068727481e+00 9.1306931945635794e-01 3.3787025214542963e+00 -3.0513043959382556e-02 1.2966896000000000e-02 4.0326054000000000e-01
-3.2115103732828360e-02 -5.1198534765253925e+01 5.2823078409828594e-01 1.3306673667217446e+01 -2.8401552455287011e+00 7.8447966120959700e-01 3.2780975885756050e+00 -1.5318989423695153e-02 1.3063819000000001e-02 4.1627669000000000e-01
-2.7086956498122955e-02 -5.0834769788568472e+01 5.3882497048093325e-01 1.3391949341408925e+01 -2.3216874392577465e+00 6.5754745916723945e-01 3.1834380963602871e+00 -5.0468017196348737e-04 1.3151064000000001e-02 4.2938494999999999e-01
-2.2027228614129729e-02 -5.0534948541315046e+01 5.4948569653893664e-01 1.3382146614153312e+01 -1.7505955793603118e+00 5.3196418844507054e-01 3.0939736642502367e+00 1.3997686424759452e-02 1.3228465999999999e-02 4.4257553999999999e-01
-1.6939721419782783e-02 -5.0298237087381992e+01 5.6020495294176309e-01 1.3276759802245977e+01 -1.1508611064336804e+00 4.0742485547775109e-01 3.0090574542059110e+00 2.8180869737628459e-02 1.3295871000000001e-02 4.5583855000000001e-01
-1.1828301463664870e-02 -5.0124056425426275e+01 5.7097459296370423e-01 1.3079062091438209e+01 -5.4413368019341224e-01 2.8362701623907771e-01 2.9281438171328347e+00 4.1982480019226415e-02 1.3353135000000000e-02 4.6916390000000002e-01
-6.6968813246991166e-03 -5.0012080602263204e+01 5.8178637289422130e-01 1.2795400916445569e+01 5.0629519820906785e-02 1.6026894156172045e-01 2.8507816037846117e+00 5.5308298270559657e-02 1.3400123999999999e-02 4.8254139000000001e-01
-1.5494272838721956e-03 -4.9962237832351164e+01 5.9263193587380780e-01 1.2434506981885978e+01 6.1735484517150130e-01 3.7048421054094671e-02 2.7766069057536593e+00 6.8043336920181177e-02 1.3436718000000000e-02 4.9596067999999999e-01
3.6100560192123543e-03 -4.9974712787788540e+01 6.0350284422226563e-01 1.2006831139184138e+01 1.1429411998847452e+00 -8.6339027652451161e-02 2.7053326987974784e+00 8.0067973888499511e-02 1.3462807000000000e-02 5.0941133000000005e-01
8.7775102428871432e-03 -5.0049951345555129e+01 6.1439054711042818e-01 1.1523930710476256e+01 1.6172321431119274e+00 -2.1020123858715589e-01 2.6367407722812848e+00 9.1267579079932423e-02 1.3478291000000000e-02 5.2288276000000000e-01
1.3948857866176584e-02 -5.0188667441392468e+01 6.2528645329878341e-01 1.0997926843238552e+01 2.0329038113105140e+00 -3.3485174460825551e-01 2.5706693374899352e+00 1.0154058581309541e-01 1.3483083000000000e-02 5.3636434000000000e-01
1.9119983009488001e-02 -5.0391851639582171e+01 6.3618189072712772e-01 1.0441015305503155e+01 2.3852733215941258e+00 -4.6061089860515469e-01 2.5070041059263040e+00 1.1080401902414874e-01 1.3477108000000000e-02 5.4984533999999996e-01
2.4286739106335387e-02 -5.0660782231686234e+01 6.4706812267870406e-01 9.8650592190887441e+00 2.6720565866630266e+00 -5.8780773226084770e-01 2.4456682662241231e+00 1.1899685096377773e-01 1.3460300999999999e-02 5.6331494999999998e-01
2.9444960410924120e-02 -5.0997039333299668e+01 6.5793637202640964e-01 9.2812597619150559e+00 2.8930866204474031e+00 -7.1678200652338253e-01 2.3866132323792244e+00 1.2608189662849026e-01 1.3432611000000001e-02 5.7676231000000000e-01
3.4590469669874613e-02 -5.1402521717852743e+01 6.6877783739693442e-01 8.6998956260184084e+00 3.0500102236222770e+00 -8.4788631417331395e-01 2.3298111360904121e+00 1.3204591215429057e-01 1.3393997000000000e-02 5.9017653000000003e-01
3.9719066614637061e-02 -5.1879465360413050e+01 6.7958366892455324e-01 8.1301456831607553e+00 3.1459751565768088e+00 -9.8148783961915997e-01 2.2752467588247280e+00 1.3689857176485071e-01 1.3344429999999999e-02 6.0354666000000001e-01
4.4826543304938377e-02 -5.2430465421146430e+01 6.9034500057940251e-01 7.5799524570777939e+00 3.1853194063662680e+00 -1.1179709551411063e+00 2.2229122953730975e+00 1.4067053902408339e-01 1.3283893999999999e-02 6.1686173000000000e-01
4.9908699472228812e-02 -5.3058511187631836e+01 7.0105298249575743e-01 7.0559677154890652e+00 3.1732730092943746e+00 -1.2577400680162132e+00 2.1728019906432907e+00 1.4341124739233835e-01 1.3212384000000001e-02 6.3011079000000003e-01
5.4961319504511774e-02 -5.3766999904393565e+01 7.1169873247961579e-01 6.5635502309506144e+00 3.1156803328743394e+00 -1.4012216505960122e+00 2.1249082290868819e+00 1.4518523739700245e-01 1.3129907000000000e-02 6.4328284999999996e-01
5.9980199297375941e-02 -5.4559788462547033e+01 7.2227339258318379e-01 6.1067679680668228e+00 3.0187462709333834e+00 -1.5488678712248340e+00 2.0792184318168943e+00 1.4606999881763488e-01 1.3036481000000001e-02 6.5636695000000000e-01
6.4961150089856506e-02 -5.5441217248892812e+01 7.3276813718694356e-01 5.6884893786633492e+00 2.8888156956064117e+00 -1.7011599745798440e+00 2.0357131570797451e+00 1.4615185988805626e-01 1.2932137999999999e-02 6.6935217000000002e-01
6.9899986956850541e-02 -5.6416206654676095e+01 7.4317414875344656e-01 5.3104599561193373e+00 2.7321809814722324e+00 -1.8586115084615393e+00 1.9943647814525280e+00 1.4552330020848106e-01 1.2816919000000000e-02 6.8222760000000005e-01
7.4792551824286874e-02 -5.7490211279762995e+01 7.5348266631972838e-01 4.9734175524051105e+00 2.5549223603206932e+00 -2.0217730550969275e+00 1.9551367453850244e+00 1.4427994566859623e-01 1.2690879000000000e-02 6.9498240000000000e-01
7.9634705797402700e-02 -5.8669381336120004e+01 7.6368496933317043e-01 4.6772088833917520e+00 2.3627816110326916e+00 -2.1912363540756505e+00 1.9179835953423883e+00 1.4251790135399409e-01 1.2554085000000000e-02 7.0760577999999996e-01
8.4422332996605537e-02 -5.9960581263353099e+01 7.7377238573356899e-01 4.4209243315760469e+00 2.1610608124224275e+00 -2.3676396073321202e+00 1.8828515951623250e+00 1.4033162778023284e-01 1.2406611999999999e-02 7.2008700999999997e-01
8.9151359736781260e-02 -6.1371483482704896e+01 7.8373633236348106e-01 4.2030231901010664e+00 1.9545618147434687e+00 -2.5516737075000906e+00 1.8496790637114624e+00 1.3781160404469878e-01 1.2248551000000000e-02 7.3241546999999996e-01
9.3817743019709549e-02 -6.2910656613338404e+01 7.9356829072201707e-01 4.0214567095411038e+00 1.7475361477945508e+00 -2.7440882864115563e+00 1.8183977200333730e+00 1.3504349100915528e-01 1.2080001999999999e-02 7.4458062000000003e-01
9.8417478205786585e-02 -6.4587673667110067e+01 8.0325982312897848e-01 3.8737975303961374e+00 1.5436668336814312e+00 -2.9456992080976736e+00 1.7889338148489515e+00 1.3210596624195339e-01 1.1901076999999999e-02 7.5657202000000001e-01
1.0294660668574915e-01 -6.6413233425854330e+01 8.1280258888899715e-01 3.7573426271831516e+00 1.3460612389544779e+00 -3.1573972688865943e+00 1.7612092557574830e+00 1.2907066332992645e-01 1.1711898000000000e-02 7.6837935000000002e-01
1.0740122738825927e-01 -6.8399305473553738e+01 8.2218836853774213e-01 3.6692156373939091e+00 1.1572736693267465e+00 -3.3801580702399736e+00 1.7351428817773842e+00 1.2600111558187652e-01 1.1512599000000000e-02 7.7999244000000001e-01
1.1177747760059584e-01 -7.0559283027330125e+01 8.3140902343157386e-01 3.6064582157490439e+00 9.7932088597733014e-01 -3.6150520194708058e+00 1.7106520062347659e+00 1.2295266347028246e-01 1.1303326000000001e-02 7.9140122000000002e-01
1.1607157132727144e-01 -7.2908187924617110e+01 8.4045657656823602e-01 3.5661029817822985e+00 8.1372330409315718e-01 -3.8632587580392563e+00 1.6876531847048417e+00 1.1997350206380759e-01 1.1084235000000000e-02 8.0259581999999996e-01
1.2027976476727750e-01 -7.5462871394753478e+01 8.4932313984823304e-01 3.5452387494748479e+00 6.6154798569131623e-01 -4.1260797686926791e+00 1.6660636663569051e+00 1.1710206430220801e-01 1.0855490000000001e-02 8.1356647999999998e-01
1.2439839083683893e-01 -7.8242286265629915e+01 8.5800098681345227e-01 3.5410630182079164e+00 5.2345172586094457e-01 -4.4049570194008023e+00 1.6458020937854894e+00 1.1437019972611479e-01 1.0617270000000000e-02 8.2430364000000000e-01
1.2842385149769128e-01 -8.1267782221393347e+01 8.6648253648302609e-01 3.5509219723967713e+00 3.9973261291584172e-01 -4.7014921141545862e+00 1.6267894438133588e+00 1.1180262903730041e-01 1.0369760000000000e-02 8.3479791999999997e-01
1.3235262159294206e-01 -8.4563459058456587e+01 8.7476036143540070e-01 3.5723404432690216e+00 2.9036524418157744e-01 -5.0174692935558154e+00 1.6089496732196147e+00 1.0941719337071733e-01 1.0113159000000000e-02 8.4504013000000000e-01
1.3618125268293266e-01 -8.8156583839377504e+01 8.8282719589040537e-01 3.6030436256518472e+00 1.9511459809340562e-01 -5.3548830235038434e+00 1.5922104931432237e+00 1.0722596283410191e-01 9.8476710000000005e-03 8.5502127999999999e-01
1.3990637304523815e-01 -9.2078081516807245e+01 8.9067593570925263e-01 3.6409703650202059e+00 1.1345239023532348e-01 -5.7159681406686671e+00 1.5765033392360963e+00 1.0523578848889062e-01 9.5735140000000000e-03 8.6473257999999997e-01
1.4352470685397598e-01 -9.6363140962506549e+01 8.9829967880488382e-01 3.6842615898714950e+00 4.4732619760989759e-02 -6.1032421458307846e+00 1.5617640823019503e+00 1.0344780587488765e-01 9.2909130999999992e-03 8.7416548999999999e-01
1.4703305500049715e-01 -1.0105189903375970e+02 9.0569168473162320e-01 3.7313332975221027e+00 -1.1840408713597357e-02 -6.5195458090789185e+00 1.5479330626274628e+00 1.0186101859929388e-01 9.0001030000000006e-03 8.8331166999999999e-01
1.5042831810855686e-01 -1.0619031054937781e+02 9.1284542317759332e-01 3.7807302883688960e+00 -5.7151292795957015e-02 -6.9681008867927288e+00 1.5349550902860933e+00 1.0047004101470326e-01 8.7013270999999996e-03 8.9216304000000002e-01
1.5370748502672896e-01 -1.1183116806213793e+02 9.1975454971850734e-01 3.8312561841194430e+00 -9.2156971115051112e-02 -7.4525744817028183e+00 1.5227795850104746e+00 9.9266825281779755e-02 8.3948374000000006e-03 9.0071175000000003e-01
1.5686765200771466e-01 -1.1803538675255665e+02 9.2641294622801440e-01 3.8818901432520700e+00 -1.1784537831709116e-01 -7.9771617369270924e+00 1.5113605361166518e+00 9.8241521362471398e-02 8.0808944000000001e-03 9.0895022999999997e-01
1.5990600736489577e-01 -1.2487352884567868e+02 9.3281468854942384e-01 3.9317958300332601e+00 -1.3521899559873046e-01 -8.5466822342579487e+00 1.5006560546764485e+00 9.7382269570227914e-02 7.7597663000000001e-03 9.1687114999999997e-01
1.6281984681578135e-01 -1.3242775486062047e+02 9.3895407882398108e-01 3.9802915252709763e+00 -1.4527408309539749e-01 -9.1667047300079272e+00 1.4906286315996085e+00 9.6676328549155449e-02 7.4317293999999999e-03 9.2446746000000002e-01
1.6560657731786940e-01 -1.4079425461757842e+02 9.4482565357293702e-01 4.0268429915836057e+00 -1.4898383941814414e-01 -9.8437020160614281e+00 1.4812445468961111e+00 9.6110098447743250e-02 7.0970672000000004e-03 9.3173240000000002e-01
1.6826370939692362e-01 -1.5008628914784109e+02 9.5042416753340997e-01 4.0710468141729326e+00 -1.4728603804138579e-01 -1.0585243990871710e+01 1.4724738748349273e+00 9.5669582746168283e-02 6.7560703000000000e-03 9.3865947999999999e-01
1.7078887632628173e-01 -1.6043818612213744e+02 9.5574463406873089e-01 4.1126105202308230e+00 -1.4107358288763738e-01 -1.1400253044399197e+01 1.4642901932011816e+00 9.5340700169174314e-02 6.4090362999999996e-03 9.4524253000000003e-01
1.7317981111168532e-01 -1.7201036729183781e+02 9.6078227667602911e-01 4.1513396131865941e+00 -1.3118729552364392e-01 -1.2299322894496727e+01 1.4566699875209446e+00 9.5109521497117877e-02 6.0562691999999996e-03 9.5147563999999996e-01
1.7543438484989690e-01 -1.8499627524641232e+02 9.6553260980692335e-01 4.1871237257140850e+00 -1.1841121557247580e-01 -1.3295162841778041e+01 1.4495930416105534e+00 9.4962486242184271e-02 5.6980790999999996e-03 9.5735325999999998e-01
1.7755056837008279e-01 -1.9963126535597533e+02 9.6999135804683034e-01 4.2199186918584877e+00 -1.0346932499871572e-01 -1.4403163368383639e+01 1.4430413052876816e+00 9.4886477660277579e-02 5.3347821999999998e-03 9.6287009999999995e-01
1.7952647059243024e-01 -2.1620527014376052e+02 9.7415453693565657e-01 4.2497359216913280e+00 -8.7024867400076228e-02 -1.5642209384632249e+01 1.4369995135769671e+00 9.4869134412136111e-02 4.9667000000000001e-03 9.6802122999999995e-01
1.8136031167711539e-01 -2.3508007231747669e+02 9.7801839639331400e-01 4.2766305620977914e+00 -6.9680089065324663e-02 -1.7035785982764764e+01 1.4314543818812704e+00 9.4898786421170833e-02 4.5941591999999996e-03 9.7280200999999999e-01
1.8305045371119696e-01 -2.5671472770554681e+02 9.8157948537627326e-01 4.3006899177875955e+00 -5.1977352488826227e-02 -1.8613615353444100e+01 1.4263944650970171e+00 9.4964584738633659e-02 4.2174915999999996e-03 9.7720817000000004e-01
1.8459537002172252e-01 -2.8170259439793756e+02 9.8483458722101047e-01 4.3220331241640935e+00 -3.4400805406396569e-02 -2.0414039544246695e+01 1.4218100359500536e+00 9.5056612429241280e-02 3.8370333000000002e-03 9.8123572999999997e-01
1.8599367586262236e-01 -3.1082931562413995e+02 9.8778078430056060e-01 4.3407626567318642e+00 -1.7379314698283906e-02 -2.2487768023202904e+01 1.4176929298499872e+00 9.5165778444882290e-02 3.4531249000000000e-03 9.8488107999999996e-01
1.8724411690712403e-01 -3.4516570688368358e+02 9.9041543377830976e-01 4.3570309296805716e+00 -1.2878229190529478e-03 -2.4903889203072112e+01 1.4140361336185423e+00 9.5283978156751770e-02 3.0661112999999999e-03 9.8814095000000002e-01
1.8834556157602914e-01 -3.8622601853386357e+02 9.9273615144385718e-01 4.3709662270159875e+00 1.3547657601318408e-02 -2.7760135579914131e+01 1.4108340661530925e+00 9.5403950768721199e-02 2.6763420000000000e-03 9.9101238999999997e-01
1.8929702405288365e-01 -4.3625901024846729e+02 9.9474086020542996e-01 4.3826931070935720e+00 2.6850469360695562e-02 -3.1201808292746620e+01 1.4080817965769779e+00 9.5519436027907023e-02 2.2841723000000002e-03 9.9349282999999999e-01
1.9009765661225417e-01 -4.9883250596939763e+02 9.9642777392574466e-01 4.3923385920845659e+00 3.8385289918986876e-02 -3.5459845974890605e+01 1.4057755061058341e+00 9.5625005261437954e-02 1.8899688000000000e-03 9.9558005999999999e-01
1.9074674578386649e-01 -5.8017443942160094e+02 9.9779538933993850e-01 4.3999997967175606e+00 4.7961911434997895e-02 -4.0938299802377145e+01 1.4039121223548630e+00 9.5716187179519838e-02 1.4941295000000000e-03 9.9727222000000004e-01
1.9124376605466922e-01 -6.9295089696678815e+02 9.9884259920453722e-01 4.4057686145735850e+00 5.5428820332311626e-02 -4.8461121541285401e+01 1.4024890770835969e+00 9.5789380444609551e-02 1.0971916000000000e-03 9.9856794000000004e-01
1.9158852563157788e-01 -8.7172591994766253e+02 9.9956899941608290e-01 4.4097223894306818e+00 6.0675639042790143e-02 -6.0283099508873988e+01 1.4015038800504618e+00 9.5841809819282739e-02 7.0085733000000002e-04 9.9946672000000003e-01
