-1.0126875053173846e-01 -2.1056937893542122e+03 1.0126987723406228e-01 -1.8415311156969626e+03 -5.5685010070628653e+02 1.3570104861783963e+02 -1.1872831882682743e+02 -3.5780142916829220e+01 5.5301730000000003e-06 1.0230946000000001e-06
-1.0126492239694813e-01 -1.5795370381498360e+03 1.0128686399706711e-01 -1.3147730534715081e+03 -5.5667314945957503e+02 1.0189091531044453e+02 -8.4890714038472638e+01 -3.5772205221883695e+01 3.5894988000000002e-05 1.9923924999999999e-05
-1.0125291211324951e-01 -1.3351941149711167e+03 1.0134015779521779e-01 -1.0689088041902103e+03 -5.5611827298683613e+02 8.6184772920965756e+01 -6.9114758950657844e+01 -3.5747311897905711e+01 8.5619985000000003e-05 7.9222864999999994e-05
-1.0122913564961146e-01 -1.1746397925248666e+03 1.0144566221839878e-01 -9.0579899302236629e+02 -5.5502107226187786e+02 7.5858054331129892e+01 -5.8670279007988853e+01 -3.5698076530106427e+01 1.5173507999999999e-04 1.9661552000000001e-04
-1.0119045624057535e-01 -1.0551628966297872e+03 1.0161729618388073e-01 -7.8270354939679066e+02 -5.5323976773803918e+02 6.8166085309348631e+01 -5.0810851319812755e+01 -3.5618109577097968e+01 2.3255418000000001e-04 3.8758918999999998e-04
-1.0113402107377661e-01 -9.6023894537919966e+02 1.0186771861048136e-01 -6.8311829362075935e+02 -5.5064877224442796e+02 6.2046967525901017e+01 -4.4475043784150323e+01 -3.5501719496508663e+01 3.2689763000000001e-04 6.6622920000000002e-04
-1.0105718697878358e-01 -8.8171487687388242e+02 1.0220865816298484e-01 -5.9894436415969153e+02 -5.4713648527902876e+02 5.6976809713855424e+01 -3.9140947070649645e+01 -3.5343802806348201e+01 4.3385032000000002e-04 1.0455858000000000e-03
-1.0095747883897457e-01 -8.1496110713850544e+02 1.0265109779308033e-01 -5.2563196875506480e+02 -5.4260466309974584e+02 5.2658192917045781e+01 -3.4514260749957955e+01 -3.5139804205481184e+01 5.5265518999999999e-04 1.5378795000000000e-03
-1.0083256388340028e-01 -7.5709260875281609e+02 1.0320538881529319e-01 -4.6039614357281738e+02 -5.3696854486423524e+02 4.8905845372201483e+01 -3.0413729349841702e+01 -3.4885710746739605e+01 6.8265765000000004e-04 2.1546280000000000e-03
-1.0068023432725910e-01 -7.0618750240734357e+02 1.0388132793722260e-01 -4.0143147935653064e+02 -5.3015734840593780e+02 4.5596418991829388e+01 -2.6720746673980674e+01 -3.4578063121800859e+01 8.2327310000000005e-04 2.9067318999999999e-03
-1.0049839554368276e-01 -6.6089942470155256e+02 1.0468820974543443e-01 -3.4752139449725479e+02 -5.2211496573069928e+02 4.2643571379457015e+01 -2.3354305060295367e+01 -3.4213976698049358e+01 9.7396649000000004e-04 3.8045331000000002e-03
-1.0028505741536739e-01 -6.2024710993539031e+02 1.0563486508127674e-01 -2.9782500070792275e+02 -5.1280070932720457e+02 3.9984437630270619e+01 -2.0257356467088400e+01 -3.3791166695792391e+01 1.1342389000000000e-03 4.8578574999999999e-03
-1.0003832801539060e-01 -5.8349215489537096e+02 1.0672968908128835e-01 -2.5175234635982716e+02 -5.0219003323175156e+02 3.7571769837386150e+01 -1.7388847792932033e+01 -3.3307973761022112e+01 1.3036180000000001e-03 6.0760461999999999e-03
-9.9756409029854470e-02 -5.5006404270537041e+02 1.0798066148852029e-01 -2.0888699204620616e+02 -4.9027516420549716e+02 3.5369114649073730e+01 -1.4718804193837434e+01 -3.2763387930623253e+01 1.4816515000000000e-03 7.4679780999999997e-03
-9.9437592051441842e-02 -5.1951203773635052e+02 1.0939536309931397e-01 -1.6893547403555269e+02 -4.7706555677433340e+02 3.3347718312392701e+01 -1.2225140533436470e+01 -3.2157068182782815e+01 1.6679024999999999e-03 9.0420881999999994e-03
-9.9080256067946029e-02 -4.9147322741180113e+02 1.1098098690756605e-01 -1.3169292148185170e+02 -4.6258818978849837e+02 3.1484470152168861e+01 -9.8915139351497388e+00 -3.1489355744132265e+01 1.8619452999999999e-03 1.0806380000000001e-02
-9.8682865133084885e-02 -4.6565055887464729e+02 1.1274434844013549e-01 -9.7018657364873008e+01 -4.4688758189032018e+02 2.9760489013504369e+01 -7.7058182665019732e+00 -3.0761281560683404e+01 2.0633631000000000e-03 1.2768437000000001e-02
-9.8243967293049822e-02 -4.4179742099205248e+02 1.1469189052011795e-01 -6.4818363724915287e+01 -4.3002558967659155e+02 2.8160129258725931e+01 -5.6591020262564751e+00 -2.9974564661493943e+01 2.2717459999999998e-03 1.4935428000000001e-02
-9.7762192783918345e-02 -4.1970645932101621e+02 1.1682969126555222e-01 -3.5030500168980836e+01 -4.1208087405886846e+02 2.6670262198616655e+01 -3.7447586072704397e+00 -2.9131600350813002e+01 2.4866887000000002e-03 1.7314116000000001e-02
-9.7236254072161660e-02 -3.9920142874157096e+02 1.1916346390967388e-01 -7.6158583581081460e+00 -3.9314813086408986e+02 2.5279750073924163e+01 -1.9579158041925004e+00 -2.8235441749451329e+01 2.7077901999999999e-03 1.9910858000000000e-02
-9.6664943626727576e-02 -3.8013097781380037e+02 1.2169856668695683e-01 1.7450867631664760e+01 -3.7333692970676668e+02 2.3979046200293705e+01 -2.9495113195881206e-01 -2.7289766465898708e+01 2.9346520999999999e-03 2.2731616000000000e-02
-9.6047135134268047e-02 -3.6236407354230181e+02 1.2443999744072708e-01 4.0187707505355220e+01 -3.5277038076797737e+02 2.2759899619377904e+01 1.2468813690425686e+00 -2.6298839205526765e+01 3.1668782999999998e-03 2.5781951000000001e-02
-9.5381782283911629e-02 -3.4578633191174168e+02 1.2739239901554886e-01 6.0610921368902609e+01 -3.3158342980522991e+02 2.1615118995508759e+01 2.6697600358771587e+00 -2.5267460095256897e+01 3.4040742000000001e-03 2.9067029000000001e-02
-9.4667917957111825e-02 -3.3029720319802573e+02 1.3056006285214897e-01 7.8739439558391666e+01 -3.0992090708092576e+02 2.0538391268546540e+01 3.9755433616222629e+00 -2.4200904878324067e+01 3.6458464000000000e-03 3.2591624999999999e-02
-9.3904655442874616e-02 -3.1580777300556741e+02 1.3394692359503035e-01 9.4598389915793220e+01 -2.8793543229406617e+02 1.9524140034654828e+01 5.1659684506106327e+00 -2.3104858981031601e+01 3.8918026000000000e-03 3.6360116999999997e-02
-9.3091186817455068e-02 -3.0223894029669327e+02 1.3755656628232057e-01 1.0822194119073235e+02 -2.6578502451182857e+02 1.8567408370259493e+01 6.2428163978740363e+00 -2.1985340558280917e+01 4.1415510999999999e-03 4.0376493999999999e-02
-9.2226783551971170e-02 -2.8951999737585993e+02 1.4139222364957862e-01 1.1965540610791298e+02 -2.4363066044966394e+02 1.7663767142145261e+01 7.2080415954386252e+00 -2.0848620568587318e+01 4.3947007000000003e-03 4.4644352999999998e-02
-9.1310796512403758e-02 -2.7758744540709506e+02 1.4545677612979493e-01 1.2895673190146226e+02 -2.2163371723616052e+02 1.6809239391308513e+01 8.0638720388085829e+00 -1.9701137185664766e+01 4.6508610999999997e-03 4.9166899000000000e-02
-9.0342655149444895e-02 -2.6638402124574861e+02 1.4975275544831548e-01 1.3619743582182835e+02 -1.9995337236680265e+02 1.6000237614514027e+01 8.8128871114677718e+00 -1.8549406358318638e+01 4.9096423000000002e-03 5.3946949000000001e-02
-8.9321868511187397e-02 -2.5585790823350069e+02 1.5428234012918673e-01 1.4146293113479499e+02 -1.7874406900790899e+02 1.5233513017900730e+01 9.4580697869137609e+00 -1.7399933333975753e+01 5.1706551000000002e-03 5.8986927000000001e-02
-8.8248023420283678e-02 -2.4596204415496274e+02 1.5904736358373489e-01 1.4485243290300454e+02 -1.5815300900205210e+02 1.4506111337509138e+01 1.0002839774867065e+01 -1.6259121491823581e+01 5.4335110000000002e-03 6.4288872999999996e-02
-8.7120786296786892e-02 -2.3665357695674538e+02 1.6404930602198650e-01 1.4647833760642962e+02 -1.3831786261916272e+02 1.3815338142710655e+01 1.0451065802933412e+01 -1.5133187596223905e+01 5.6978226000000002e-03 6.9854434000000007e-02
-8.5939901132771890e-02 -2.2789336767618107e+02 1.6928930343997900e-01 1.4646522174961154e+02 -1.1936459945650304e+02 1.3158726985239971e+01 1.0807062416676583e+01 -1.4028077221796147e+01 5.9632034000000004e-03 7.5684873999999999e-02
-8.4705190505024675e-02 -2.1964559333324854e+02 1.7476814312610539e-01 1.4494845794770495e+02 -1.0140562431842602e+02 1.2534014155980497e+01 1.1075570882243266e+01 -1.2949388222867546e+01 6.2292681999999997e-03 8.1781068999999998e-02
-8.3416554764890835e-02 -2.1187738936207418e+02 1.8048626725603845e-01 1.4207253125556170e+02 -8.4538166509878693e+01 1.1939116077456305e+01 1.1261725790522773e+01 -1.1902301873464623e+01 6.4956331999999999e-03 8.8143510999999994e-02
-8.2073972038275489e-02 -2.0455855340740624e+02 1.8644377289273079e-01 1.3798910504166423e+02 -6.8843006931747098e+01 1.1372110186907044e+01 1.1371010929583795e+01 -1.0891520623770688e+01 6.7619166000000000e-03 9.4772308000000000e-02
-8.0677497010415822e-02 -1.9766127244397330e+02 1.9264041737880094e-01 1.3285488503458140e+02 -5.4383540080081872e+01 1.0831218089311383e+01 1.1409205406229876e+01 -9.9212167896579135e+00 7.0277381999999996e-03 1.0166719000000000e-01
-7.9227260723343157e-02 -1.9115989906121348e+02 1.9907561923526462e-01 1.2682937199249433e+02 -4.1205219390154440e+01 1.0314791033142292e+01 1.1382321756017303e+01 -8.9949919618889833e+00 7.2927204000000001e-03 1.0882751000000000e-01
-7.7723473411413779e-02 -1.8503076383426790e+02 2.0574844557929994e-01 1.2007256444591606e+02 -2.9335393766284071e+01 9.8212985468389924e+00 1.1296538539263754e+01 -8.1158496794419719e+00 7.5564877000000004e-03 1.1625223000000000e-01
-7.6166418627709384e-02 -1.7925197397279126e+02 2.1265763818744773e-01 1.1274262708257315e+02 -1.8783438848661781e+01 9.3493152698956976e+00 1.1158129466957538e+01 -7.2861735409052875e+00 7.8186677999999999e-03 1.2393994999999999e-01
-7.4556452838961243e-02 -1.7380326243753848e+02 2.1980161529307365e-01 1.0499365169644531e+02 -9.5413104501519062e+00 8.8975115290702966e+00 1.0973394870123537e+01 -6.5077218681308802e+00 8.0788911000000008e-03 1.3188891000000000e-01
-7.2894011501687658e-02 -1.6866587320558912e+02 2.2717844462443687e-01 9.6973561526253349e+01 -1.5844506778724703e+00 8.4646465193683991e+00 1.0748569235206293e+01 -5.7816357909665701e+00 8.3367917000000003e-03 1.4009695999999999e-01
-7.1179600960677381e-02 -1.6382241001224048e+02 2.3478587935393169e-01 8.8822144358316535e+01 5.1270797104816701e+00 8.0495583930837444e+00 1.0489792863479998e+01 -5.1084511460648221e+00 8.5920070000000005e-03 1.4856159999999999e-01
-6.9413802499747851e-02 -1.5925674310973992e+02 2.4262134012346698e-01 8.0669332810224105e+01 1.0647143190457642e+01 7.6511586458966994e+00 1.0203003679150342e+01 -4.4881262958603489e+00 8.8441787999999997e-03 1.5727996000000000e-01
-6.7597268290987000e-02 -1.5495390083485361e+02 2.5068193301908653e-01 7.2633723010961759e+01 1.5041876886498661e+01 7.2684250965404988e+00 9.8938970562911202e+00 -3.9200756227774609e+00 9.0929527999999999e-03 1.6624881999999999e-01
-6.5730721394753125e-02 -1.5089998462282023e+02 2.5896444957096959e-01 6.4821379348667634e+01 1.8387860028862072e+01 6.9003965408764660e+00 9.5678677109319228e+00 -3.4032120015420411e+00 9.3379794999999995e-03 1.7546460999999999e-01
-6.3814953734295798e-02 -1.4708208707463214e+02 2.6746537574074092e-01 5.7324949554084526e+01 2.0770162139234216e+01 6.5461675452533772e+00 9.2299617320091549e+00 -2.9359963599297014e+00 9.5789143999999993e-03 1.8492342000000001e-01
-6.1850832171893348e-02 -1.4348823336506604e+02 2.7618086495953970e-01 5.0223096747474870e+01 2.2280319673648254e+01 6.2048851272184802e+00 8.8848395446949855e+00 -2.5164928533793645e+00 9.8154178999999998e-03 1.9462097000000000e-01
-5.9839288381957054e-02 -1.4010728503849072e+02 2.8510678306457155e-01 4.3580192884972931e+01 2.3014313823192253e+01 5.8757428195366330e+00 8.5367434663456248e+00 -2.1424242899745036e+00 1.0047156000000000e-02 2.0455266000000000e-01
-5.7781316825651977e-02 -1.3692894892407384e+02 2.9423871728641904e-01 3.7446347299590322e+01 2.3070563603116280e+01 5.5579769303932149e+00 8.1894764078019460e+00 -1.8112325754699219e+00 1.0273801000000001e-02 2.1471357999999999e-01
-5.5677984877792776e-02 -1.3394360564933757e+02 3.0357193131248944e-01 3.1857748003895249e+01 2.2548002913432480e+01 5.2508648198020573e+00 7.8463911997946489e+00 -1.5201410813136067e+00 1.0495031000000000e-02 2.2509846000000000e-01
-5.3530420674568764e-02 -1.3114238067997729e+02 3.1310141921087742e-01 2.6837198964807147e+01 2.1544282366497534e+01 4.9537199393250555e+00 7.5103847084979227e+00 -1.2662129394057178e+00 1.0710529999999999e-02 2.3570173000000000e-01
-5.1339815138923044e-02 -1.2851703750260816e+02 3.2282189644305453e-01 2.2394930004551167e+01 2.0154123286909893e+01 4.6658894286779793e+00 7.1839019681045011e+00 -1.0464095730247778e+00 1.0919989999999999e-02 2.4651751000000000e-01
-4.9107424005931682e-02 -1.2605995519272476e+02 3.3272779087655885e-01 1.8529597612429765e+01 1.8467866506456293e+01 4.3867518082376717e+00 6.8689486162557465e+00 -8.5764664158919224e-01 1.1123108000000000e-02 2.5753959999999998e-01
-4.6834561746666233e-02 -1.2376408643279100e+02 3.4281326974692611e-01 1.5229429856884423e+01 1.6570193591835814e+01 4.1157137984006980e+00 6.5671081199677168e+00 -6.9684383265331529e-01 1.1319591000000000e-02 2.6876150999999998e-01
-4.4522599542814588e-02 -1.2162292482272559e+02 3.5307224864500031e-01 1.2473504237382308e+01 1.4539142193537138e+01 3.8522079283967159e+00 6.2795654117506068e+00 -5.6097493072518123e-01 1.1509152000000000e-02 2.8017647000000001e-01
-4.2172967312060154e-02 -1.1963047888328622e+02 3.6349838252962313e-01 1.0233105189651623e+01 1.2445261138205094e+01 3.5956907363918229e+00 6.0071361060668274e+00 -4.4709536746399903e-01 1.1691511000000000e-02 2.9177742000000001e-01
-3.9787155733460949e-02 -1.1778124722350626e+02 3.7408505674032350e-01 8.4731216845566770e+00 1.0351070963311081e+01 3.3456410335609297e+00 5.7502996642910578e+00 -3.5240411174101460e-01 1.1866398000000000e-02 3.0355700000000002e-01
-3.7366700044416445e-02 -1.1607018293353096e+02 3.8482545889580122e-01 7.1534375339346310e+00 8.3106945597358877e+00 3.1015563913121529e+00 5.5092316162115438e+00 -2.7424628335241108e-01 1.2033550000000000e-02 3.1550762999999998e-01
-3.4913194218321564e-02 -1.1449268422122211e+02 3.9571251598275381e-01 6.2303154219240229e+00 6.3697427083532956e+00 2.8629529613701798e+00 5.2838433646884138e+00 -2.1014962493141456e-01 1.2192715000000000e-02 3.2762143999999999e-01
-3.2428280837670964e-02 -1.1304456867574530e+02 4.0673893929242855e-01 5.6577016497586108e+00 4.5653729368213716e+00 2.6293628175960890e+00 5.0738185597195669e+00 -1.5783906682864202e-01 1.2343646000000000e-02 3.3989032000000002e-01
-2.9913653119438208e-02 -1.1172205811494595e+02 4.1789721543331210e-01 5.3884520616333846e+00 2.9265305513708491e+00 2.4003325791764070e+00 4.8786504810519382e+00 -1.1524830366896960e-01 1.2486109000000000e-02 3.5230591000000000e-01
-2.7371046813559036e-02 -1.1052176019244074e+02 4.2917964228037253e-01 5.3754517473345196e+00 1.4743463629368374e+00 2.1754215005257080e+00 4.6976784304095940e+00 -8.0525702211656822e-02 1.2619877000000000e-02 3.6485963999999999e-01
-2.4802246279068976e-02 -1.0944065941967295e+02 4.4057830201312753e-01 5.5726049018647350e+00 2.2266435559063860e-01 1.9542000412385505e+00 4.5301230535077845e+00 -5.2035631398521201e-02 1.2744734000000001e-02 3.7754270000000001e-01
-2.2209078407965807e-02 -1.0847610338554072e+02 4.5208508807757591e-01 5.9357035738307760e+00 -8.2133245021663870e-01 1.7362485652685651e+00 4.3751188683164628e+00 -2.8355117352328256e-02 1.2860473000000001e-02 3.9034606999999999e-01
-1.9593408574451202e-02 -1.0762579264097536e+02 4.6369172316081864e-01 6.4231352101981392e+00 -1.6564162817599439e+00 1.5211553466248109e+00 4.2317440731080085e+00 -8.2668086295223202e-03 1.2966896000000000e-02 4.0326054000000000e-01
-1.6957144685689124e-02 -1.0688777509004383e+02 4.7538974121643757e-01 6.9964603803268490e+00 -2.2865571662913862e+00 1.3085157583540248e+00 4.0990477536190690e+00 9.2512145204904691e-03 1.3063819000000001e-02 4.1627669000000000e-01
-1.4302225029530866e-02 -1.0626043717894723e+02 4.8717054138835841e-01 7.6208483240339504e+00 -2.7201455317624323e+00 1.0979299188310465e+00 3.9760738942591569e+00 2.5038263899243501e-02 1.3151064000000001e-02 4.2938494999999999e-01
-1.1630630426789954e-02 -1.0574250352776436e+02 4.9902533408698796e-01 8.2653665313460589e+00 -2.9691964860352318e+00 8.8900247110111952e-01 3.8618812200678501e+00 3.9765750292835932e-02 1.3228465999999999e-02 4.4257553999999999e-01
-8.9443680282089433e-03 -1.0533303078618691e+02 5.1094521288769756e-01 8.9031537793370035e+00 -3.0485871068296198e+00 6.8133997925382150e-01 3.7555608464226404e+00 5.3953274609910090e-02 1.3295871000000001e-02 4.5583855000000001e-01
-6.2454794159760019e-03 -1.0503140919813707e+02 5.2292111858158108e-01 9.5114717486102052e+00 -2.9753139935528869e+00 4.7455035585117056e-01 3.6562495685117469e+00 6.7985537799520879e-02 1.3353135000000000e-02 4.6916390000000002e-01
-3.5360304768291967e-03 -1.0483736277095839e+02 5.3494388411200766e-01 1.0071654039967367e+01 -2.7678042064780977e+00 2.6824078602861601e-01 3.5631409029167984e+00 8.2129423530105702e-02 1.3400123999999999e-02 4.8254139000000001e-01
-8.1811545281472442e-04 -1.0475095262305527e+02 5.4700421660000043e-01 1.0568966455920913e+01 -2.4452815618963055e+00 6.2016586679600749e-02 3.4754922908577051e+00 9.6551144281515136e-02 1.3436718000000000e-02 4.9596067999999999e-01
1.9061511602296577e-03 -1.0477258194012360e+02 5.5909273329347831e-01 1.0992396291458846e+01 -2.0272034247315465e+00 -1.4452055000442066e-01 3.3926301876285505e+00 1.1133267075815578e-01 1.3462807000000000e-02 5.0941133000000005e-01
4.6346265111580076e-03 -1.0490300265984902e+02 5.7119992561801403e-01 1.1334375935426349e+01 -1.5327624273307960e+00 -3.5177344807476629e-01 3.3139528489448207e+00 1.2648742719960882e-01 1.3478291000000000e-02 5.2288276000000000e-01
7.3651576219286169e-03 -1.0514332491303641e+02 5.8331624006262872e-01 1.1590472400991459e+01 -9.8047164734106673e-01 -5.6015240696478052e-01 3.2389299819448927e+00 1.4197493884906937e-01 1.3483083000000000e-02 5.3636434000000000e-01
1.0095571260708244e-02 -1.0549502813200236e+02 5.9543203324323890e-01 1.1759035858831691e+01 -3.8782621171567994e-01 -7.7007576241388698e-01 3.1671022693037867e+00 1.5771391989752953e-01 1.3477108000000000e-02 5.4984533999999996e-01
1.2823677992630400e-02 -1.0595997430469048e+02 6.0753758987727779e-01 1.1840838827908385e+01 2.2898163335829799e-01 -9.8197194910199226e-01 3.0980778915895373e+00 1.7359441574095105e-01 1.3460300999999999e-02 5.6331494999999998e-01
1.5547278255932800e-02 -1.0654042493570486e+02 6.1962314974562671e-01 1.1838706077169009e+01 8.5524575289591187e-01 -1.1962816593174121e+00 3.0315287801276001e+00 1.8948826803021943e-01 1.3432611000000001e-02 5.7676231000000000e-01
1.8264166412715721e-02 -1.0723906073759072e+02 6.3167892566723527e-01 1.1757148283507386e+01 1.4778919642178421e+00 -1.4134600409993361e+00 2.9671854746238036e+00 2.0525795886980605e-01 1.3393997000000000e-02 5.9017653000000003e-01
2.0972124672804487e-02 -1.0805900187420211e+02 6.4369507653719082e-01 1.1602012949159741e+01 2.0855483280742440e+00 -1.6339781661790456e+00 2.9048319023201774e+00 2.2076422198940063e-01 1.3344429999999999e-02 6.0354666000000001e-01
2.3668931195266141e-02 -1.0900383448774947e+02 6.5566174327595994e-01 1.1380147734507737e+01 2.6685722055127949e+00 -1.8583258397574234e+00 2.8442996783248162e+00 2.3587211530961044e-01 1.3283893999999999e-02 6.1686173000000000e-01
2.6352368189926020e-02 -1.1007764270752706e+02 6.6756908477863008e-01 1.1099097813025161e+01 3.2190250392250719e+00 -2.0870145592890905e+00 2.7854612656300670e+00 2.5045575369059331e-01 1.3212384000000001e-02 6.3011079000000003e-01
2.9020209765092800e-02 -1.1128503613694924e+02 6.7940722399104658e-01 1.0766827895079102e+01 3.7306162655118849e+00 -2.3205791236879296e+00 2.7282251299050650e+00 2.6440239683812233e-01 1.3129907000000000e-02 6.4328284999999996e-01
3.1670236105212732e-02 -1.1263119241257800e+02 6.9116631082098667e-01 1.0391474293716721e+01 4.1986094430754139e+00 -2.5595815252227387e+00 2.6725291005795211e+00 2.7761388793785635e-01 1.3036481000000001e-02 6.5636695000000000e-01
3.4300235496248568e-02 -1.1412190063231316e+02 7.0283653112546884e-01 9.9811345026590033e+00 4.6197123548918597e+00 -2.8046142664000788e+00 2.6183355478049357e+00 2.9000939396442038e-01 1.2932137999999999e-02 6.6935217000000002e-01
3.6907998249542259e-02 -1.1576360581026120e+02 7.1440807974882192e-01 9.5436887894678311e+00 4.9919444068878764e+00 -3.0563031525484532e+00 2.5656259293905439e+00 3.0152552342328076e-01 1.2816919000000000e-02 6.8222760000000005e-01
3.9491328854089888e-02 -1.1756346949098162e+02 7.2587121444654812e-01 9.0866521842524008e+00 5.3144934979923200e+00 -3.3153121768281624e+00 2.5143958798034989e+00 3.1211626131893200e-01 1.2690879000000000e-02 6.9498240000000000e-01
4.2048041925783222e-02 -1.1952942870133138e+02 7.3721623791070146e-01 8.6170634678363331e+00 5.5875700689141041e+00 -3.5823473079178414e+00 2.4646519623571308e+00 3.2175266799726182e-01 1.2554085000000000e-02 7.0760577999999996e-01
4.4575964232789048e-02 -1.2167026618999752e+02 7.4843350675719855e-01 8.1413924872135404e+00 5.8122572821973959e+00 -3.8581612968742620e+00 2.4164073781750108e+00 3.3042196082392289e-01 1.2406611999999999e-02 7.2008700999999997e-01
4.7072944822444798e-02 -1.2399569722558574e+02 7.5951347646237066e-01 7.6654884153341838e+00 5.9903653348894608e+00 -4.1435599815727677e+00 2.3696792643017752e+00 3.3812600802394516e-01 1.2248551000000000e-02 7.3241546999999996e-01
4.9536848945121156e-02 -1.2651645521791713e+02 7.7044667440103254e-01 7.1945361905230598e+00 6.1242910214406079e+00 -4.4394075241669366e+00 2.3244857396244285e+00 3.4487990250927186e-01 1.2080001999999999e-02 7.4458062000000003e-01
5.1965562104980365e-02 -1.2924439610419438e+02 7.8122371782110289e-01 6.7330521641752608e+00 6.2168846476463928e+00 -4.7466334096295135e+00 2.2808441915882809e+00 3.5071021241812550e-01 1.1901076999999999e-02 7.5657202000000001e-01
5.4356994110734538e-02 -1.3219261908725053e+02 7.9183533181822585e-01 6.2848702132208265e+00 6.2713312717509986e+00 -5.0662404107458343e+00 2.2387697307999357e+00 3.5565336661609254e-01 1.1711898000000000e-02 7.6837935000000002e-01
5.6709085151783092e-02 -1.3537560818355945e+02 8.0227237629770154e-01 5.8531843117550668e+00 6.2910377175719683e+00 -5.3993139659169307e+00 2.1982735321106857e+00 3.5975374470171556e-01 1.1512599000000000e-02 7.7999244000000001e-01
5.9019795671316974e-02 -1.3880935782808285e+02 8.1252580103793459e-01 5.4405540755325559e+00 6.2795370041435010e+00 -5.7470304774484395e+00 2.1593623855399633e+00 3.6306214276013532e-01 1.1303326000000001e-02 7.9140122000000002e-01
6.1287126620110252e-02 -1.4251164579324714e+02 8.2258673556353790e-01 5.0489546873450735e+00 6.2404027065154928e+00 -6.1106713459888100e+00 2.1220378233023949e+00 3.6563388030625171e-01 1.1084235000000000e-02 8.0259581999999996e-01
6.3509101228107753e-02 -1.4650207201211819e+02 8.3244640825953919e-01 4.6798219009007784e+00 6.1771768144029489e+00 -6.4916330633250015e+00 2.0862963738413267e+00 3.6752770388735728e-01 1.0855490000000001e-02 8.1356647999999998e-01
6.5683783232837314e-02 -1.5080245879971073e+02 8.4209622725717437e-01 4.3340995886743787e+00 6.0933098819555243e+00 -6.8914448160598099e+00 2.0521290448372196e+00 3.6880409292182853e-01 1.0617270000000000e-02 8.2430364000000000e-01
6.7809272828651582e-02 -1.5543705219098518e+02 8.5152776245926720e-01 4.0122943854079862e+00 5.9921117976205940e+00 -7.3117851553972901e+00 2.0195216775666029e+00 3.6952420663542596e-01 1.0369760000000000e-02 8.3479791999999997e-01
6.9883708692107208e-02 -1.6043285888758928e+02 8.6073275452753950e-01 3.7145263703984468e+00 5.8767143565106492e+00 -7.7545023434273359e+00 1.9884552631931280e+00 3.6974881546727972e-01 1.0113159000000000e-02 8.4504013000000000e-01
7.1905270007343855e-02 -1.6582002616621011e+02 8.6970312386992110e-01 3.4405842427593982e+00 5.7500441233886006e+00 -8.2216384901221993e+00 1.9589062834949331e+00 3.6953739707307226e-01 9.8476710000000005e-03 8.5502127999999999e-01
7.3872176466084336e-02 -1.7163228370436482e+02 8.7843097064055087e-01 3.1899749894808442e+00 5.6148011483731137e+00 -8.7154569748395154e+00 1.9308473873660597e+00 3.6894745084692232e-01 9.5735140000000000e-03 8.6473257999999997e-01
7.5782698394530376e-02 -1.7790749956189546e+02 8.8690861967632784e-01 2.9619726081244044e+00 5.4734513086634395e+00 -9.2384780509268669e+00 1.9042476535113955e+00 3.6803392735871032e-01 9.2909130999999992e-03 8.7416548999999999e-01
7.7635146626466686e-02 -1.8468827663815458e+02 8.9512857556035974e-01 2.7556647246962775e+00 5.3282163951031984e+00 -9.7935155982616191e+00 1.8790733821248047e+00 3.6684863447561750e-01 9.0001030000000006e-03 8.8331166999999999e-01
7.9427884655536116e-02 -1.9202274812167329e+02 9.0308357654582505e-01 2.5699924708562603e+00 5.1810791000863254e+00 -1.0383727717747927e+01 1.8552885814206366e+00 3.6544012681058380e-01 8.7013270999999996e-03 8.9216304000000002e-01
8.1159322559102007e-02 -1.9996546798821771e+02 9.1076656759404206e-01 2.4037901253603526e+00 5.0337870800151947e+00 -1.1012672248152372e+01 1.8328555579030024e+00 3.6385338530983780e-01 8.3948374000000006e-03 9.0071175000000003e-01
8.2827927125144071e-02 -2.0857856914669935e+02 9.1817074531102094e-01 2.2558182390928243e+00 4.8878616630922407e+00 -1.1684380230684365e+01 1.8117353807587824e+00 3.6212957927189743e-01 8.0808944000000001e-03 9.0895022999999997e-01
8.4432213750741739e-02 -2.1793309831634690e+02 9.2528952199822212e-01 2.1247935539665179e+00 4.7446107308873620e+00 -1.2403439263600859e+01 1.7918885652532657e+00 3.6030671254285607e-01 7.7597663000000001e-03 9.1687114999999997e-01
8.5970754543590808e-02 -2.2811075299778344e+02 9.3211656160179768e-01 2.0094136529979671e+00 4.6051442158926523e+00 -1.3175103629720306e+01 1.7732753615158714e+00 3.5841838072203291e-01 7.4317293999999999e-03 9.2446746000000002e-01
8.7442180347382506e-02 -2.3920604358982430e+02 9.3864578869990178e-01 1.9083801482981975e+00 4.4703820341482414e+00 -1.4005430533241000e+01 1.7558562457337088e+00 3.5649513420795387e-01 7.0970672000000004e-03 9.3173240000000002e-01
8.8845176691045261e-02 -2.5132897399950295e+02 9.4487137052807046e-01 1.8204170161371014e+00 4.3410859429069397e+00 -1.4901449289984772e+01 1.7395923620454825e+00 3.5456401180300190e-01 6.7560703000000000e-03 9.3865947999999999e-01
9.0178493915640492e-02 -2.6460861703489593e+02 9.5078776191577286e-01 1.7442845693331346e+00 4.2178614087546151e+00 -1.5871388254547593e+01 1.7244457254080521e+00 3.5264885880250796e-01 6.4090362999999996e-03 9.4524253000000003e-01
9.1440935022087597e-02 -2.7919755052247353e+02 9.5638965136254916e-01 1.6787928936262755e+00 4.1011825067280636e+00 -1.6924954734304894e+01 1.7103796333147154e+00 3.5077054666947477e-01 6.0562691999999996e-03 9.5147563999999996e-01
9.2631375924955642e-02 -2.9527810712526968e+02 9.6167205091111518e-01 1.6228102224956575e+00 3.9914061422599989e+00 -1.8073733284265021e+01 1.6973588798522421e+00 3.4894712216133111e-01 5.6980790999999996e-03 9.5735325999999998e-01
9.3748745198671588e-02 -3.1307027184912317e+02 9.6663020627425722e-01 1.5752705210435465e+00 3.8887895758813835e+00 -1.9331685420502733e+01 1.6853498867937322e+00 3.4719412411635114e-01 5.3347821999999998e-03 9.6287009999999995e-01
9.4792044331312122e-02 -3.3284315178654663e+02 9.7125968670793694e-01 1.5351774905647799e+00 3.7935040469532981e+00 -2.0715881643487798e+01 1.6743208852985243e+00 3.4552487364287082e-01 4.9667000000000001e-03 9.6802122999999995e-01
9.5760333546949308e-02 -3.5493053429223414e+02 9.7555632210011833e-01 1.5016090014647145e+00 3.7056510172609296e+00 -2.2247490561366615e+01 1.6642423390998711e+00 3.4395041301283230e-01 4.5941591999999996e-03 9.7280200999999999e-01
9.6652748008684022e-02 -3.7975405194069100e+02 9.7951627486925108e-01 1.4737192953715184e+00 3.6252732703114696e+00 -2.3953258789796184e+01 1.6550864242369414e+00 3.4248027109425866e-01 4.2174915999999996e-03 9.7720817000000004e-01
9.7468481615612515e-02 -4.0785697383313055e+02 9.8313596806578674e-01 1.4507367042178603e+00 3.5523695087380660e+00 -2.5867662178133486e+01 1.6468277055538243e+00 3.4112221586847913e-01 3.8370333000000002e-03 9.8123572999999997e-01
9.8206803205859908e-02 -4.3995710940293469e+02 9.8641215727066300e-01 1.4319665284331164e+00 3.4869035250093061e+00 -2.8036312680310182e+01 1.6394428981201270e+00 3.3988262644217199e-01 3.4531249000000000e-03 9.8488107999999996e-01
9.8867050480442573e-02 -4.7703311907680126e+02 9.8934190363337182e-01 1.4167900298244995e+00 3.4288148186084544e+00 -3.0521435365142835e+01 1.6329110119447761e+00 3.3876654889272706e-01 3.0661112999999999e-03 9.8814095000000002e-01
9.9448625952509709e-02 -5.2047025768694766e+02 9.9192255589733813e-01 1.4046587753124162e+00 3.3780284901685524e+00 -3.3411249729466483e+01 1.6272132937316437e+00 3.3777831117298801e-01 2.6763420000000000e-03 9.9101238999999997e-01
9.9951009099618585e-02 -5.7233142522363391e+02 9.9415180432378381e-01 1.3951023760937022e+00 3.3344608124689592e+00 -3.6837321720869433e+01 1.6223332550244693e+00 3.3692114279027630e-01 2.2841723000000002e-03 9.9349282999999999e-01
1.0037375231297589e-01 -6.3590252505354340e+02 9.9602766271710508e-01 1.3877126623898102e+00 3.2980282216441275e+00 -4.1009551362895706e+01 1.6182566863583188e+00 3.3619761182129920e-01 1.8899688000000000e-03 9.9558005999999999e-01
1.0071647887205885e-01 -7.1694777265258244e+02 9.9754845943756365e-01 1.3821554881935716e+00 3.2686477840220522e+00 -4.6296740499661162e+01 1.6149716670049599e+00 3.3560965973976647e-01 1.4941295000000000e-03 9.9727222000000004e-01
1.0097891129992324e-01 -8.2725617848117020e+02 9.9871296322363146e-01 1.3781602616567614e+00 3.2462496781937369e+00 -5.3454329394337726e+01 1.6124682627648887e+00 3.3515869778007862e-01 1.0971916000000000e-03 9.9856794000000004e-01
1.0116094832761126e-01 -9.9918452552806991e+02 9.9952072470978748e-01 1.3755204840277619e+00 3.2307643441022948e+00 -6.4558620164385388e+01 1.6107378595379087e+00 3.3484553678537216e-01 7.0085733000000002e-04 9.9946672000000003e-01
