-9.8950557136616185e-02 -1.2433849757611906e+03 9.8951681467204011e-02 -1.0981781948896194e+03 -3.0092901123716933e+02 7.5453122355384110e+01 -6.6350753223724098e+01 -1.8864352615971654e+01 5.5301730000000003e-06 1.0230946000000001e-06
-9.8946816633565554e-02 -9.5900701429090213e+02 9.8968712046078697e-02 -8.1365679607483162e+02 -3.0089140773944774e+02 5.7625773895984082e+01 -4.8517229830229191e+01 -1.8862683750015506e+01 3.5894988000000002e-05 1.9923924999999999e-05
-9.8935081283251597e-02 -8.2686229832673257e+02 9.9022143310921712e-02 -6.8113902444163864e+02 -3.0077345466392131e+02 4.9340498379675097e+01 -4.0216005469460747e+01 -1.8857448719543751e+01 8.5619985000000003e-05 7.9222864999999994e-05
-9.8911849098482149e-02 -7.3992724292327216e+02 9.9127919873536988e-02 -5.9356182643253544e+02 -3.0054004912695012e+02 4.3888100852711069e+01 -3.4736301983246300e+01 -1.8847088739669715e+01 1.5173507999999999e-04 1.9661552000000001e-04
-9.8874055119058668e-02 -6.7511641785953157e+02 9.9299996553825251e-02 -5.2781968502342465e+02 -3.0016063944121385e+02 3.9821279754775020e+01 -3.0630079840389520e+01 -1.8830245630024027e+01 2.3255418000000001e-04 3.8758918999999998e-04
-9.8818911837764978e-02 -6.2349878367342274e+02 9.9551064923178403e-02 -4.7497269993806270e+02 -2.9960771261612780e+02 3.6580066998745956e+01 -2.7337112634028227e+01 -1.8805693904244038e+01 3.2689763000000001e-04 6.6622920000000002e-04
-9.8743836590299922e-02 -5.8066895526917483e+02 9.9892883899445867e-02 -4.3061440696515882e+02 -2.9885616579378086e+02 3.3888228583266418e+01 -2.4581230622446860e+01 -1.8772311975249444e+01 4.3385032000000002e-04 1.0455858000000000e-03
-9.8646410919168870e-02 -5.4412692503042229e+02 1.0033646476388035e-01 -3.9224942210022664e+02 -2.9788300607071920e+02 3.1588990437328651e+01 -2.2205962613223029e+01 -1.8729067905889003e+01 5.5265518999999999e-04 1.5378795000000000e-03
-9.8524355454043949e-02 -5.1231631650480506e+02 1.0089218553131789e-01 -3.5833054729524167e+02 -2.9666721068400534e+02 2.9584747022513909e+01 -2.0114190993691295e+01 -1.8675012257046038e+01 6.8265765000000004e-04 2.1546280000000000e-03
-9.8375512949624780e-02 -4.8420185830093055e+02 1.0156986817910831e-01 -3.2783543423443865e+02 -2.9518967129112593e+02 2.7810571173907974e+01 -1.8241625730836784e+01 -1.8609274594569058e+01 8.2327310000000005e-04 2.9067318999999999e-03
-9.8197836728189769e-02 -4.5905972442137391e+02 1.0237883126839080e-01 -3.0005634118933136e+02 -2.9343319287655697e+02 2.6221067946579474e+01 -1.6543632282363696e+01 -1.8531062528654822e+01 9.7396649000000004e-04 3.8045331000000002e-03
-9.7989382229201241e-02 -4.3636369125466547e+02 1.0332792841889653e-01 -2.7448583171671817e+02 -2.9138252161318042e+02 2.4783237520179259e+01 -1.4988074482497760e+01 -1.8439662010868755e+01 1.1342389000000000e-03 4.8578574999999999e-03
-9.7748300834778035e-02 -4.1571897393862292e+02 1.0442557642168493e-01 -2.5075023621583944e+02 -2.8902439163851756e+02 2.3472325345650546e+01 -1.3551145520325745e+01 -1.8334438542597738e+01 1.3036180000000001e-03 6.0760461999999999e-03
-9.7472835397121177e-02 -3.9682162958587969e+02 1.0567977560285650e-01 -2.2856872846005771e+02 -2.8634758268138364e+02 2.2269276112890850e+01 -1.2214811283139532e+01 -1.8214838922228939e+01 1.4816515000000000e-03 7.4679780999999997e-03
-9.7161316616916057e-02 -3.7943249428702086e+02 1.0709812631275395e-01 -2.0772696632973154e+02 -2.8334297832737036e+02 2.1159099124510170e+01 -1.0965160797353693e+01 -1.8080393183010898e+01 1.6679024999999999e-03 9.0420881999999994e-03
-9.6812160589353644e-02 -3.6335986184939640e+02 1.0868784009897274e-01 -1.8805950599988225e+02 -2.8000362526514243e+02 2.0129781568292600e+01 -9.7913089502236073e+00 -1.7930716647804022e+01 1.8619452999999999e-03 1.0806380000000001e-02
-9.6423866528262930e-02 -3.4844757164588151e+02 1.1045575006842738e-01 -1.6943761246531153e+02 -2.7632478367945953e+02 1.9171541157080171e+01 -8.6846382191416787e+00 -1.7765511734745886e+01 2.0633631000000000e-03 1.2768437000000001e-02
-9.5995015717232970e-02 -3.3456664321961432e+02 1.1240831566291240e-01 -1.5176065105458781e+02 -2.7230397524037733e+02 1.8276300923170371e+01 -7.6382641155603119e+00 -1.7584569788229821e+01 2.2717459999999998e-03 1.4935428000000001e-02
-9.5524269748289287e-02 -3.2160920343853508e+02 1.1455163067844056e-01 -1.3494975496312486e+02 -2.6794101042991565e+02 1.7437308153636156e+01 -6.6466441549533126e+00 -1.7387772218934611e+01 2.4866887000000002e-03 1.7314116000000001e-02
-9.5010370561474211e-02 -3.0948406444516877e+02 1.1689142308503303e-01 -1.1894316136493609e+02 -2.6323801449282001e+02 1.6648856784245876e+01 -5.7052912340809083e+00 -1.7175091746741675e+01 2.7077901999999999e-03 1.9910858000000000e-02
-9.4452138267930197e-02 -2.9811335049051507e+02 1.1943306493826100e-01 -1.0369257089103590e+02 -2.5819941764458446e+02 1.5906075375003894e+01 -4.8105527187067860e+00 -1.6946592217909181e+01 2.9346520999999999e-03 2.2731616000000000e-02
-9.3848472337308836e-02 -2.8742999829443471e+02 1.2218156697295034e-01 -8.9160431278886321e+01 -2.5283195681134626e+02 1.5204770275485199e+01 -3.9594457074929008e+00 -1.6702429230277396e+01 3.1668782999999998e-03 2.5781951000000001e-02
-9.3198350410361896e-02 -2.7737578781174216e+02 1.2514158400947686e-01 -7.5317690214719534e+01 -2.4714463663211478e+02 1.4541301490159494e+01 -3.1495240667521398e+00 -1.6442849090100143e+01 3.4040742000000001e-03 2.9067029000000001e-02
-9.2500827507335084e-02 -2.6789979525901515e+02 1.2831741855796347e-01 -6.2142041254386044e+01 -2.4114867469393650e+02 1.3912485728657423e+01 -2.3787739145810023e+00 -1.6168186890174965e+01 3.6458464000000000e-03 3.2591624999999999e-02
-9.1755037215377283e-02 -2.5895721018825861e+02 1.3171301541198455e-01 -4.9616481997950970e+01 -2.3485744382486556e+02 1.3315521861873741e+01 -1.6455316887375564e+00 -1.5878865754766933e+01 3.8918026000000000e-03 3.6360116999999997e-02
-9.0960190105328326e-02 -2.5050834635556282e+02 1.3533196885696008e-01 -3.7728111567364657e+01 -2.2828637297422230e+02 1.2747928698072462e+01 -9.4841482678057565e-01 -1.5575393125470773e+01 4.1415510999999999e-03 4.0376493999999999e-02
-9.0115574325423595e-02 -2.4251787378513697e+02 1.3917751996700772e-01 -2.6467142146519691e+01 -2.2145284420263923e+02 1.2207496594026852e+01 -2.8626465968178749e-01 -1.5258357928136391e+01 4.3947007000000003e-03 4.4644352999999998e-02
-8.9220555601293994e-02 -2.3495418253197471e+02 1.4325255660494290e-01 -1.5826063231686815e+01 -2.1437606861497636e+02 1.1692247516886512e+01 3.4189572093080800e-01 -1.4928426724069118e+01 4.6508610999999997e-03 4.9166899000000000e-02
-8.8274576444359903e-02 -2.2778885720628710e+02 1.4755961702647585e-01 -5.7989156354964928e+00 -2.0707693853665765e+02 1.1200401620207423e+01 9.3690494010345771e-01 -1.4586338642501051e+01 4.9096423000000002e-03 5.3946949000000001e-02
-8.7277157141338713e-02 -2.2099623639829255e+02 1.5210088537496527e-01 3.6192941692549772e+00 -1.9957787609773911e+02 1.0730350790311357e+01 1.4994930326701319e+00 -1.4232900961068633e+01 5.1706551000000002e-03 5.8986927000000001e-02
-8.6227893973131256e-02 -2.1455313392837292e+02 1.5687819979086154e-01 1.2433128780159562e+01 -1.9190264594817415e+02 1.0280636129567739e+01 2.0303104161000514e+00 -1.3868982601066932e+01 5.4335110000000002e-03 6.4288872999999996e-02
-8.5126460995935335e-02 -2.0843837012829653e+02 1.6189304430226359e-01 2.0647137627636866e+01 -1.8407618901831381e+02 9.8499276793697987e+00 2.5299500649166733e+00 -1.3495508675596840e+01 5.6978226000000002e-03 6.9854434000000007e-02
-8.3972608062230711e-02 -2.0263268815064242e+02 1.6714655783541127e-01 2.8266242146541092e+01 -1.7612440076816563e+02 9.4370099572030561e+00 2.9989681044019068e+00 -1.3113453214400835e+01 5.9632034000000004e-03 7.5684873999999999e-02
-8.2766161810286509e-02 -1.9711845671138323e+02 1.7263952970943919e-01 3.5296033414785526e+01 -1.6807394049657458e+02 9.0407676880133501e+00 3.4378999387308733e+00 -1.2723832615816267e+01 6.2292681999999997e-03 8.1781068999999998e-02
-8.1507024872555289e-02 -1.9187950173372914e+02 1.7837240324057357e-01 4.1743028240391993e+01 -1.5995201350987847e+02 8.6601742430570479e+00 3.8472746531520352e+00 -1.2327697991986602e+01 6.4956331999999999e-03 8.8143510999999994e-02
-8.0195175875672986e-02 -1.8690095026197272e+02 1.8434527574213241e-01 4.7614872035644339e+01 -1.5178615634139308e+02 8.2942818474619315e+00 4.2276263086384116e+00 -1.1926127841531592e+01 6.7619166000000000e-03 9.4772308000000000e-02
-7.8830668253049768e-02 -1.8216909610673522e+02 1.9055790393082081e-01 5.2920499556579330e+01 -1.4360400836663783e+02 7.9422127103015896e+00 4.5795039347230295e+00 -1.1520220005259075e+01 7.0277381999999996e-03 1.0166719000000000e-01
-7.7413630046968579e-02 -1.7767127732900795e+02 1.9700970482778021e-01 5.7670241345590057e+01 -1.3543309921810672e+02 7.6031517799434916e+00 4.9034796666756835e+00 -1.1111083963057400e+01 7.2927204000000001e-03 1.0882751000000000e-01
-7.5944266679206368e-02 -1.7339579141519545e+02 2.0369974314389910e-01 6.1875897429583176e+01 -1.2730064881598764e+02 7.2763409846374731e+00 5.2001530841852190e+00 -1.0699833973280562e+01 7.5564877000000004e-03 1.1625223000000000e-01
-7.4422855211890043e-02 -1.6933178669111177e+02 2.1062675741024095e-01 6.5550789580263839e+01 -1.1923333039650467e+02 6.9610722765398645e+00 5.4701582554299204e+00 -1.0287579740761286e+01 7.8186677999999999e-03 1.2393994999999999e-01
-7.2849743951693427e-02 -1.6546918880187002e+02 2.1778916178014263e-01 6.8709760458921068e+01 -1.1125708201658230e+02 6.6566829700585517e+00 5.7141659777657008e+00 -9.8754191266021749e+00 8.0788911000000008e-03 1.3188891000000000e-01
-7.1225358386882820e-02 -1.6179864885731391e+02 2.2518501899773730e-01 7.1369136340021399e+01 -1.0339689560389726e+02 6.3625526061548330e+00 5.9328849870008549e+00 -9.4644327599226710e+00 8.3367917000000003e-03 1.4009695999999999e-01
-6.9550193271256278e-02 -1.5831146522081150e+02 2.3281207643992408e-01 7.3546692684227637e+01 -9.5676708763498581e+01 6.0780976667219342e+00 6.1270640746919538e+00 -9.0556745639402472e+00 8.5920070000000005e-03 1.4856159999999999e-01
-6.7824816582173958e-02 -1.5499954123098436e+02 2.4066774809538288e-01 7.5261566873170494e+01 -8.8119158547792750e+01 5.8027690278706547e+00 6.2974911483007832e+00 -8.6501669166751523e+00 8.8441787999999997e-03 1.5727996000000000e-01
-6.6049865562527732e-02 -1.5185533315468589e+02 2.4874913258555975e-01 7.6534159649568551e+01 -8.0745468717798957e+01 5.5360483832547223e+00 6.4449926854680033e+00 -8.2488934568116008e+00 9.0929527999999999e-03 1.6624881999999999e-01
-6.4226046720741198e-02 -1.4887180754023183e+02 2.5705301316466650e-01 7.7386029426488662e+01 -7.3575315170717118e+01 5.2774454855575188e+00 6.5704318060097018e+00 -7.8527936847856665e+00 9.3379794999999995e-03 1.7546460999999999e-01
-6.2354133851754506e-02 -1.4604240623452750e+02 2.6557586673017319e-01 7.7839744531621463e+01 -6.6626709734525775e+01 5.0264959029468823e+00 6.6747056614276330e+00 -7.4627576361271064e+00 9.5789143999999993e-03 1.8492342000000001e-01
-6.0434973974069904e-02 -1.4336102017234933e+02 2.7431383679133087e-01 7.7918742557707432e+01 -5.9915932131263943e+01 4.7827594678568692e+00 6.7587417399726144e+00 -7.0796226549643340e+00 9.8154178999999998e-03 1.9462097000000000e-01
-5.8469477434675794e-02 -1.4082194785269948e+02 2.8326277852163384e-01 7.7647179360182136e+01 -5.3457422977494360e+01 4.5458171121091411e+00 6.8234952073799322e+00 -6.7041676363895855e+00 1.0047156000000000e-02 2.0455266000000000e-01
-5.6458615930031528e-02 -1.3841986835765388e+02 2.9241826776931168e-01 7.7049760668555550e+01 -4.7263731416446078e+01 4.3152690453187148e+00 6.8699442067474408e+00 -6.3371103262608832e+00 1.0273801000000001e-02 2.1471357999999999e-01
-5.4403432401143384e-02 -1.3614983133512962e+02 3.0177555600486761e-01 7.6151579434641064e+01 -4.1345516493638733e+01 4.0907344172058622e+00 6.8990852790115902e+00 -5.9791052351254379e+00 1.0495031000000000e-02 2.2509846000000000e-01
-5.2305029159473396e-02 -1.3400722232350626e+02 3.1132962438403261e-01 7.4977943200779976e+01 -3.5711500316589756e+01 3.8718484925469876e+00 6.9119291014605189e+00 -5.6307409183902246e+00 1.0710529999999999e-02 2.3570173000000000e-01
-5.0164569865954564e-02 -1.3198774769541978e+02 3.2107517473727321e-01 7.3554207244499779e+01 -3.0368484281522491e+01 3.6582616904604275e+00 6.9094950737216774e+00 -5.2925391184457853e+00 1.0919989999999999e-02 2.4651751000000000e-01
-4.7983281510006040e-02 -1.3008741947800814e+02 3.3100662055929891e-01 7.1905613397209279e+01 -2.5321381994376090e+01 3.4496385950202493e+00 6.8928070054852739e+00 -4.9649540422173706e+00 1.1123108000000000e-02 2.5753959999999998e-01
-4.5762448472487532e-02 -1.2830253685135486e+02 3.4111811404053966e-01 7.0057128088990382e+01 -2.0573247592076658e+01 3.2456563072973612e+00 6.8628876771024752e+00 -4.6483718618210998e+00 1.1319591000000000e-02 2.6876150999999998e-01
-4.3503410546684149e-02 -1.2662967124767331e+02 3.5140355507763804e-01 6.8033284712158192e+01 -1.6125335540474861e+01 3.0460033234469206e+00 6.8207541534619232e+00 -4.3431111495029642e+00 1.1509152000000000e-02 2.8017647000000001e-01
-4.1207564917321561e-02 -1.2506565692144792e+02 3.6185658226295675e-01 6.5858049556183275e+01 -1.1977180706040983e+01 2.8503788089382520e+00 6.7674128754159604e+00 -4.0494243735082289e+00 1.1691511000000000e-02 2.9177742000000001e-01
-3.8876368139581202e-02 -1.2360758132044509e+02 3.7247056387408656e-01 6.3554689008840377e+01 -8.1266874886549942e+00 2.6584918984221919e+00 6.7038553967810515e+00 -3.7674998789287990e+00 1.1866398000000000e-02 3.0355700000000002e-01
-3.6511320306978762e-02 -1.2225276538762078e+02 3.8323866995778533e-01 6.1145636518780677e+01 -4.5701985454890259e+00 2.4700595831977061e+00 6.6310535337046286e+00 -3.4974621508855974e+00 1.2033550000000000e-02 3.1550762999999998e-01
-3.4113978904470446e-02 -1.2099876817954610e+02 3.9415380925653115e-01 5.8652394784080556e+01 -1.3026390742252349e+00 2.2848071735093125e+00 6.5499557401644797e+00 -3.2393762470116170e+00 1.2192715000000000e-02 3.2762143999999999e-01
-3.1685948913377115e-02 -1.1984336854495358e+02 4.0520867426098450e-01 5.6095440859445802e+01 1.6823907709998414e+00 2.1024667415137923e+00 6.4614830920415542e+00 -2.9932495524699205e+00 1.2343646000000000e-02 3.3989032000000002e-01
-2.9228884790399451e-02 -1.1878456469570978e+02 4.1639573219949566e-01 5.3494140645254106e+01 4.3924860906094692e+00 1.9227766319298691e+00 6.3665261280866918e+00 -2.7590354732409539e+00 1.2486109000000000e-02 3.5230591000000000e-01
-2.6744482551557119e-02 -1.1782056185070314e+02 4.2770726108007451e-01 5.0866679099068051e+01 6.8363193778579134e+00 1.7454802665188467e+00 6.2659413470464136e+00 -2.5366360944591668e+00 1.2619877000000000e-02 3.6485963999999999e-01
-2.4234485709234421e-02 -1.1694977514190209e+02 4.3913532265891314e-01 4.8230015065092893e+01 9.0235022557433400e+00 1.5703259564625220e+00 6.1605493321825184e+00 -2.3259070149698600e+00 1.2744734000000001e-02 3.7754270000000001e-01
-2.1700679335134712e-02 -1.1617082063625712e+02 4.5067178947186332e-01 4.5599836421623301e+01 1.0964460497916585e+01 1.3970659332600874e+00 6.0511316406082036e+00 -2.1266603628496559e+00 1.2860473000000001e-02 3.9034606999999999e-01
-1.9144886102249972e-02 -1.1548251262343477e+02 4.6230836285542093e-01 4.2990534761402273e+01 1.2670306630224548e+01 1.2254553920390423e+00 5.9384295470980097e+00 -1.9386687046578697e+00 1.2966896000000000e-02 4.0326054000000000e-01
-1.6568970242891223e-02 -1.1488386290284092e+02 4.7403655492574154e-01 4.0415201186897242e+01 1.4152705335930223e+01 1.0552523218044589e+00 5.8231424819318374e+00 -1.7616696707501058e+00 1.3063819000000001e-02 4.1627669000000000e-01
-1.3974825674597388e-02 -1.1437407675107555e+02 4.8584774264159464e-01 3.7885610440218521e+01 1.5423758417568108e+01 8.8621609641111121e-01 5.7059267181883495e+00 -1.5953692928871062e+00 1.3151064000000001e-02 4.2938494999999999e-01
-1.1364387874226403e-02 -1.1395255546202313e+02 4.9773311374140916e-01 3.5412251450703010e+01 1.6495875643977229e+01 7.1810771067771650e-01 5.5873952547153687e+00 -1.4394468120908939e+00 1.3228465999999999e-02 4.4257553999999999e-01
-8.7396180458336886e-03 -1.1361889336843849e+02 5.0968373882721274e-01 3.3004335482846017e+01 1.7381667369058270e+01 5.5068820129659812e-01 5.4681168032528866e+00 -1.2935580256288182e+00 1.3295871000000001e-02 4.5583855000000001e-01
-6.1025110367329966e-03 -1.1337288074554716e+02 5.2169053532266241e-01 3.0669837950121842e+01 1.8093830701575698e+01 3.8371857355492800e-01 5.3486169624422883e+00 -1.1573394378086810e+00 1.3353135000000000e-02 4.6916390000000002e-01
-3.4550854424203054e-03 -1.1321450467358056e+02 5.3374431252550614e-01 2.8415532632460906e+01 1.8645052919778273e+01 2.1695861477185652e-01 5.2293768815408503e+00 -1.0304119205044808e+00 1.3400123999999999e-02 4.8254139000000001e-01
-7.9938756460436189e-04 -1.1314395218220241e+02 5.4583575358659808e-01 2.6247045384493216e+01 1.9047914744390926e+01 5.0166540380530478e-02 5.1108355641046854e+00 -9.1238438639183472e-01 1.3436718000000000e-02 4.9596067999999999e-01
1.8625165048542641e-03 -1.1316161371429682e+02 5.5795545155186888e-01 2.4168905844575068e+01 1.9314807887591495e+01 -1.1690210860620542e-01 4.9933899564055366e+00 -8.0285759933993761e-01 1.3462807000000000e-02 5.0941133000000005e-01
4.5285329678822067e-03 -1.1326808764624406e+02 5.7009387332035477e-01 2.2184615206679734e+01 1.9457856131989661e+01 -2.8449460214919942e-01 4.8773965848181220e+00 -7.0142497955649052e-01 1.3478291000000000e-02 5.2288276000000000e-01
7.1965581313302024e-03 -1.1346418617490099e+02 5.8224144073863082e-01 2.0296700652391959e+01 1.9488849433649538e+01 -4.5286283317803377e-01 4.7631723653821387e+00 -6.0768047661615043e-01 1.3483083000000000e-02 5.3636434000000000e-01
9.8644685118970399e-03 -1.1375094180918562e+02 5.9438848554834733e-01 1.8506787208646145e+01 1.9419182816622445e+01 -6.2226339013836274e-01 4.6509967084972184e+00 -5.2121632114543992e-01 1.3477108000000000e-02 5.4984533999999996e-01
1.2530124794160019e-02 -1.1412961515245964e+02 6.0652526740721591e-01 1.6815674866436723e+01 1.9259806891046658e+01 -7.9295856041991630e-01 4.5411131441672703e+00 -4.4162822085877707e-01 1.3460300999999999e-02 5.6331494999999998e-01
1.5191377767620404e-02 -1.1460170427960901e+02 6.1864200092048571e-01 1.5223403265237986e+01 1.9021185370855097e+01 -9.6521750146419016e-01 4.4337310587059697e+00 -3.6851697384158671e-01 1.3432611000000001e-02 5.7676231000000000e-01
1.7846072284733949e-02 -1.1516895601584986e+02 6.3072887366192898e-01 1.3729326080674289e+01 1.8713260594617690e+01 -1.1393173763111042e+00 4.3290275403161020e+00 -3.0149044784819634e-01 1.3393997000000000e-02 5.9017653000000003e-01
2.0492041323865187e-02 -1.1583337627864236e+02 6.4277601914236326e-01 1.2332180626563030e+01 1.8345427554362846e+01 -1.3155438972831721e+00 4.2271497987756819e+00 -2.4016551987061704e-01 1.3344429999999999e-02 6.0354666000000001e-01
2.3127113905348329e-02 -1.1659724469588025e+02 6.5477355285162175e-01 1.1030162308619209e+01 1.7926516132750216e+01 -1.4941928483592770e+00 4.1282166880523574e+00 -1.8416948637693625e-01 1.3283893999999999e-02 6.1686173000000000e-01
2.5749123007547947e-02 -1.1746313214105336e+02 6.6671160830052201e-01 9.8210009153005799e+00 1.7464777154251070e+01 -1.6755717378554262e+00 4.0323215540764119e+00 -1.3314146386210676e-01 1.3212384000000001e-02 6.3011079000000003e-01
2.8355893692767822e-02 -1.1843391405236606e+02 6.7858028295791195e-01 8.7019677001693996e+00 1.6967879322216060e+01 -1.8600001610719534e+00 3.9395333855785921e+00 -8.6733550933784306e-02 1.3129907000000000e-02 6.4328284999999996e-01
3.0945256960357395e-02 -1.1951279291588004e+02 6.9036970132411724e-01 7.6700671526290911e+00 1.6442906390631084e+01 -2.0478121387569335e+00 3.8498995897557009e+00 -4.4611557194412524e-02 1.3036481000000001e-02 6.5636695000000000e-01
3.3515051725726761e-02 -1.2070332401596036e+02 7.0207002394143259e-01 6.7219570971266380e+00 1.5896367895698887e+01 -2.2393576724562596e+00 3.7634476085750883e+00 -6.4557852927899732e-03 1.2932137999999999e-02 6.6935217000000002e-01
3.6063118883301257e-02 -1.2200943278907224e+02 7.1367142036264530e-01 5.8540962629485112e+00 1.5334202948159822e+01 -2.4350039782292789e+00 3.6801872259978836e+00 2.8038418693256868e-02 1.2816919000000000e-02 6.8222760000000005e-01
3.8587313180612579e-02 -1.2343545139030445e+02 7.2516412321398960e-01 5.0627496020053737e+00 1.4761800105800408e+01 -2.6351381368955429e+00 3.6001120601117238e+00 5.9160463426123439e-02 1.2690879000000000e-02 6.9498240000000000e-01
4.1085499260268402e-02 -1.2498614373464346e+02 7.3653841017416166e-01 4.3440630994614757e+00 1.4184011427537520e+01 -2.8401688115311301e+00 3.5232017990210096e+00 8.7184204448044783e-02 1.2554085000000000e-02 7.0760577999999996e-01
4.3555553638967473e-02 -1.2666674612207856e+02 7.4778461298481214e-01 3.6940991963210026e+00 1.3605178426493053e+01 -3.0505286480993283e+00 3.4494237887928589e+00 1.1236796840778851e-01 1.2406611999999999e-02 7.2008700999999997e-01
4.5995374602575759e-02 -1.2848301033712562e+02 7.5889316250300798e-01 3.1088756474431829e+00 1.3029144159421190e+01 -3.2666776104620490e+00 3.3787345396612647e+00 1.3495460216435978e-01 1.2248551000000000e-02 7.3241546999999996e-01
4.8402876269080700e-02 -1.3044124557546854e+02 7.6985456166975563e-01 2.5844049374271227e+00 1.2459293550024627e+01 -3.4891053563335199e+00 3.3110812130321610e+00 1.5517179589074756e-01 1.2080001999999999e-02 7.4458062000000003e-01
5.0775992546621643e-02 -1.3254837178483962e+02 7.8065940353098506e-01 2.1167268413837768e+00 1.1898570380942433e+01 -3.7183347541568694e+00 3.2464037087294155e+00 1.7323217018458284e-01 1.1901076999999999e-02 7.5657202000000001e-01
5.3112681091520272e-02 -1.3481198276241480e+02 7.9129838925853579e-01 1.7019314707958246e+00 1.1349506844805189e+01 -3.9549259046801333e+00 3.1846350719470946e+00 1.8933380188264545e-01 1.1711898000000000e-02 7.6837935000000002e-01
5.5410929245326132e-02 -1.3724041683496014e+02 8.0176235518163286e-01 1.3361943022478451e+00 1.0814251538501470e+01 -4.1994809468161574e+00 3.1257036348236369e+00 2.0366075139920575e-01 1.1512599000000000e-02 7.7999244000000001e-01
5.7668744139740755e-02 -1.3984282466692795e+02 8.1204222773442558e-01 1.0157877193212899e+00 1.0294600154159239e+01 -4.4526477391921127e+00 3.0695333080024492e+00 2.1638330992488383e-01 1.1303326000000001e-02 7.9140122000000002e-01
5.9884172486769430e-02 -1.4262927882590589e+02 8.2212911356091112e-01 7.3710120502567789e-01 9.7920223728960778e+00 -4.7151275148542524e+00 3.0160451272680473e+00 2.2765884633145556e-01 1.1084235000000000e-02 8.0259581999999996e-01
6.2055282767584638e-02 -1.4561085515883823e+02 8.3201421842050360e-01 4.9665938560042849e-01 9.3076880298628151e+00 -4.9876791916957828e+00 2.9651581930987847e+00 2.3763219526146676e-01 1.0855490000000001e-02 8.1356647999999998e-01
6.4180183043662617e-02 -1.4879977179859418e+02 8.4168892828246455e-01 2.9112815633082451e-01 8.8424985815032233e+00 -5.2711287130443800e+00 2.9167905381515569e+00 2.4643627745187230e-01 1.0617270000000000e-02 8.2430364000000000e-01
6.6257016998753124e-02 -1.5220952435900904e+02 8.5114479130491927e-01 1.1732695588800815e-01 8.3971106293577122e+00 -5.5663771914700195e+00 2.8708592829823707e+00 2.5419296631059268e-01 1.0369760000000000e-02 8.3479791999999997e-01
6.8283965917894554e-02 -1.5585504753084706e+02 8.6037352684534862e-01 -2.7766172998435881e-02 7.9719626877851386e+00 -5.8744110711131299e+00 2.8272821536399828e+00 2.6101344035321272e-01 1.0113159000000000e-02 8.4504013000000000e-01
7.0259250666429143e-02 -1.5975291290108748e+02 8.6936703447108132e-01 -1.4701033062349653e-01 7.5673005085171052e+00 -6.1963143916348518e+00 2.7859774034595821e+00 2.6699899115837267e-01 9.8476710000000005e-03 8.5502127999999999e-01
7.2181131690002967e-02 -1.6392154474458408e+02 8.7811739395929445e-01 -2.4310002821690740e-01 7.1831994976012625e+00 -6.5332822308940131e+00 2.7468647409899307e+00 2.7223963908548821e-01 9.5735140000000000e-03 8.6473257999999997e-01
7.4047918909641949e-02 -1.6838151534485738e+02 8.8661691034947498e-01 -3.1856537012365693e-01 6.8195854709447277e+00 -6.8866391955032640e+00 2.7098654164694356e+00 2.7682451320157730e-01 9.2909130999999992e-03 8.7416548999999999e-01
7.5857961826675771e-02 -1.7315583959596233e+02 8.9485806889095798e-01 -3.7577175088551418e-01 6.4762583202019188e+00 -7.2578574309498602e+00 2.6749028611265158e+00 2.8082252982381695e-01 9.0001030000000006e-03 8.8331166999999999e-01
7.7609661396829163e-02 -1.7827038832666270e+02 9.0283358910588130e-01 -4.1692366461046210e-01 6.1529089091573059e+00 -7.6485826700788113e+00 2.6419028450945703e+00 2.8430546156325198e-01 8.7013270999999996e-03 8.9216304000000002e-01
7.9301464093176302e-02 -1.8375434031143246e+02 9.1053639775770778e-01 -4.4406850642840989e-01 5.8491378711371880e+00 -8.0606620803737528e+00 2.6107937882638748e+00 2.8733218773432850e-01 8.3948374000000006e-03 9.0071175000000003e-01
8.0931871801216679e-02 -1.8964078566057958e+02 9.1795967390368760e-01 -4.5910172558468793e-01 5.5644713527439169e+00 -8.4961820595482180e+00 2.5815068615465631e+00 2.8995792274376625e-01 8.0808944000000001e-03 9.0895022999999997e-01
8.2499433902814431e-02 -1.9596740581207243e+02 9.2509681285288869e-01 -4.6377022975136167e-01 5.2983773710133333e+00 -8.9575101965623496e+00 2.5539762815509506e+00 2.9223173941966352e-01 7.7597663000000001e-03 9.1687114999999997e-01
8.4002755192259151e-02 -2.0277738126500580e+02 9.3194146220816632e-01 -4.5968151677141306e-01 5.0502784759846113e+00 -9.4473520075364981e+00 2.5281393361775608e+00 2.9419700347636257e-01 7.4317293999999999e-03 9.2446746000000002e-01
8.5440497855280836e-02 -2.1012051241143595e+02 9.3848753087665548e-01 -4.4830722726997430e-01 4.8195639761775197e+00 -9.9688208269821175e+00 2.5039363298110429e+00 2.9589248394168882e-01 7.0970672000000004e-03 9.3173240000000002e-01
8.6811377511019791e-02 -2.1805461397645314e+02 9.4472917104878595e-01 -4.3099146756999374e-01 4.6056033285949756e+00 -1.0525524361641203e+01 2.4813112817772396e+00 2.9735257092706530e-01 6.7560703000000000e-03 9.3865947999999999e-01
8.8114173107102470e-02 -2.2664739338193581e+02 9.5066082325074475e-01 -4.0895759002991894e-01 4.4077527645573511e+00 -1.1121682254732992e+01 2.4602109507264274e+00 2.9860752646614447e-01 6.4090362999999996e-03 9.4524253000000003e-01
8.9347715045550294e-02 -2.3597876298334660e+02 9.5627716228152071e-01 -3.8331501681634333e-01 4.2253687085181930e+00 -1.1762269719457828e+01 2.4405856740179823e+00 2.9968413241130121e-01 6.0562691999999996e-03 9.5147563999999996e-01
9.0510904972931586e-02 -2.4614415221540187e+02 9.6157318731783015e-01 -3.5506621997497378e-01 4.0578111440920415e+00 -1.2453225000652637e+01 2.4223888112676399e+00 3.0060591800934650e-01 5.6980790999999996e-03 9.5735325999999998e-01
9.1602695990209718e-02 -2.5725865096911429e+02 9.6654413180919097e-01 -3.2511454780497506e-01 3.9044547103076295e+00 -1.3201707365370670e+01 2.4055771692387582e+00 3.0139345194326378e-01 5.3347821999999998e-03 9.6287009999999995e-01
9.2622112442894936e-02 -2.6946310707282333e+02 9.7118555358284842e-01 -2.9426810112794144e-01 3.7646923028167540e+00 -1.4016478667215996e+01 2.3901107784586277e+00 3.0206478982807905e-01 4.9667000000000001e-03 9.6802122999999995e-01
9.3568236067938057e-02 -2.8293236675715104e+02 9.7549327177032685e-01 -2.6323562056879302e-01 3.6379419520842351e+00 -1.4908417789693285e+01 2.3759523720931890e+00 3.0263547414025732e-01 4.5941591999999996e-03 9.7280200999999999e-01
9.4440221825852058e-02 -2.9788763214688521e+02 9.7946343889136989e-01 -2.3270772216104582e-01 3.5236503073317049e+00 -1.5891294185570132e+01 2.3630682045758817e+00 3.0311909219285438e-01 4.2174915999999996e-03 9.7720817000000004e-01
9.5237282068590404e-02 -3.1461442567580730e+02 9.8309246877000067e-01 -2.0320315562260866e-01 3.4212979648258965e+00 -1.6982890525006788e+01 2.3514275278761558e+00 3.0352739987325611e-01 3.8370333000000002e-03 9.8123572999999997e-01
9.5958702371668772e-02 -3.3349111187470112e+02 9.8637710861846151e-01 -1.7523779618439833e-01 3.3304023766848645e+00 -1.8206788828531440e+01 2.3410024530066980e+00 3.0387039803539512e-01 3.4531249000000000e-03 9.8488107999999996e-01
9.6603835597119284e-02 -3.5503475586685704e+02 9.8931441200573633e-01 -1.4924639316155933e-01 3.2505203650711660e+00 -1.9595240356037475e+01 2.3317680318726182e+00 3.0415666863668750e-01 3.0661112999999999e-03 9.8814095000000002e-01
9.7172097935460264e-02 -3.7997975777575027e+02 9.9190172083656569e-01 -1.2560375643045307e-01 3.1812518213520593e+00 -2.1194089750841513e+01 2.3237022544960704e+00 3.0439343094778021e-01 2.6763420000000000e-03 9.9101238999999997e-01
9.7662980779787342e-02 -4.0942345681411484e+02 9.9413671941440218e-01 -1.0463214149320277e-01 3.1222401003753766e+00 -2.3071895438950524e+01 2.3167858207741574e+00 3.0458674540513309e-01 2.2841723000000002e-03 9.9349282999999999e-01
9.8076046767743022e-02 -4.4511986519940393e+02 9.9601741642042441e-01 -8.6599457240828334e-02 3.0731747768255206e+00 -2.5338331658862323e+01 2.3110021758883668e+00 3.0474160957353291e-01 1.8899688000000000e-03 9.9558005999999999e-01
9.8410927802501588e-02 -4.9015649103913267e+02 9.9754213590304519e-01 -7.1726216597075565e-02 3.0337929530940277e+00 -2.8186599529787902e+01 2.3063374934383298e+00 3.0486205871382738e-01 1.4941295000000000e-03 9.9727222000000004e-01
9.8667352758981683e-02 -5.5086847680312667e+02 9.9870964342480517e-01 -6.0186270453859526e-02 3.0038772763478732e+00 -3.2013392725208242e+01 2.3027802430502007e+00 3.0495130535933973e-01 1.0971916000000000e-03 9.9856794000000004e-01
9.8845222686423692e-02 -6.4469386551205264e+02 9.9951948846108407e-01 -5.2105431538483328e-02 2.9832487921955004e+00 -3.7911280755206349e+01 2.3003201451574840e+00 3.0501152808325405e-01 7.0085733000000002e-04 9.9946672000000003e-01
