-2.6773543500619634e-01 -8.8575015097675589e+02 2.6773673202003462e-01 -8.6202575005211497e+02 -2.3802154906847255e+02 5.7560167479784646e+01 -5.6030548731769265e+01 -1.5348335629503554e+01 5.5301730000000003e-06 1.0230946000000001e-06
-2.6772531414138889e-01 -6.6085962662660381e+02 2.6775057241803085e-01 -6.3698932159090884e+02 -2.3799385984721309e+02 4.3057415898428665e+01 -4.1521107475691281e+01 -1.5347091388443795e+01 3.5894988000000002e-05 1.9923924999999999e-05
-2.6769356122142379e-01 -5.5644077039604656e+02 2.6779399489804834e-01 -5.3219330414809406e+02 -2.3790700486182408e+02 3.6321180850124726e+01 -3.4767506626095894e+01 -1.5343188325368297e+01 8.5619985000000003e-05 7.9222864999999994e-05
-2.6763070074569345e-01 -4.8785184078158670e+02 2.6787995731518316e-01 -4.6295812629295909e+02 -2.3773513355427932e+02 3.1893238075205478e+01 -3.0309696503914520e+01 -1.5335464138697828e+01 1.5173507999999999e-04 1.9661552000000001e-04
-2.6752843969922363e-01 -4.3683704868212601e+02 2.6801980046194823e-01 -4.1101000847716443e+02 -2.3745574254652692e+02 2.8596273923546924e+01 -2.6969444404474604e+01 -1.5322905890219699e+01 2.3255418000000001e-04 3.8758918999999998e-04
-2.6737923578534922e-01 -3.9633317226917859e+02 2.6822383851501103e-01 -3.6927890387267502e+02 -2.3704855957349238e+02 2.5974787474987547e+01 -2.4290841353951173e+01 -1.5304599244990165e+01 3.2689763000000001e-04 6.6622920000000002e-04
-2.6717610096104999e-01 -3.6285484947416757e+02 2.6850162770286146e-01 -3.3428007953080856e+02 -2.3649507806178050e+02 2.3804041749909178e+01 -2.2049083135083677e+01 -1.5279706888406901e+01 4.3385032000000002e-04 1.0455858000000000e-03
-2.6691249148581453e-01 -3.3442253527982388e+02 2.6886211666524368e-01 -3.0404003717965469e+02 -2.3577833322067701e+02 2.1956434686702405e+01 -2.0116748607923558e+01 -1.5247457756495923e+01 5.5265518999999999e-04 1.5378795000000000e-03
-2.6658223995418356e-01 -3.0980220587332644e+02 2.6931373939942821e-01 -2.7733495354338726e+02 -2.3488279637352039e+02 2.0352462224238046e+01 -1.8414705289493469e+01 -1.5207141545645673e+01 6.8265765000000004e-04 2.1546280000000000e-03
-2.6617950940044793e-01 -2.8817141071411032e+02 2.6986447802256042e-01 -2.5335588266439251e+02 -2.3379433099909946e+02 1.8939176905784450e+01 -1.6890528683552606e+01 -1.5158106010562250e+01 8.2327310000000005e-04 2.9067318999999999e-03
-2.6569876202708570e-01 -2.6895362612316887e+02 2.7052190553587929e-01 -2.3154246740253885e+02 -2.3250018907602404e+02 1.7679501261231387e+01 -1.5507787364894135e+01 -1.5099756051915492e+01 9.7396649000000004e-04 3.8045331000000002e-03
-2.6513473634010915e-01 -2.5172834535452469e+02 2.7129321709239101e-01 -2.1149258732761362e+02 -2.3098902897035222e+02 1.6546425959392405e+01 -1.4240219774580412e+01 -1.5031553820672352e+01 1.1342389000000000e-03 4.8578574999999999e-03
-2.6448243044233960e-01 -2.3617885980483379e+02 2.7218525284350625e-01 -1.9290968050853348e+02 -2.2925094739747675e+02 1.5519639159762010e+01 -1.3068345983020990e+01 -1.4953019493319683e+01 1.3036180000000001e-03 6.0760461999999999e-03
-2.6373708993174089e-01 -2.2206021965312161e+02 2.7320451448820687e-01 -1.7557045410654590e+02 -2.2727751936835350e+02 1.4583458766999950e+01 -1.1977385768801470e+01 -1.4863732469218290e+01 1.4816515000000000e-03 7.4679780999999997e-03
-2.6289419810228243e-01 -2.0917869143650853e+02 2.7435717867347764e-01 -1.5930401735029452e+02 -2.2506183917962932e+02 1.3725505469679783e+01 -1.0955919217225158e+01 -1.4763332670869506e+01 1.6679024999999999e-03 9.0420881999999994e-03
-2.6194946930408686e-01 -1.9737810965117586e+02 2.7564910607437987e-01 -1.4397798578944818e+02 -2.2259856273749375e+02 1.2935821092356484e+01 -9.9949943129631915e+00 -1.4651522008980178e+01 1.8619452999999999e-03 1.0806380000000001e-02
-2.6089884278550229e-01 -1.8653049582123586e+02 2.7708584981508760e-01 -1.2948886544155405e+02 -2.1988394306129157e+02 1.2206262556174449e+01 -9.0875108612704221e+00 -1.4528065662579877e+01 2.0633631000000000e-03 1.2768437000000001e-02
-2.5973847985510118e-01 -1.7652947354101474e+02 2.7867265934988705e-01 -1.1575525487247573e+02 -2.1691586524056441e+02 1.1530076323344204e+01 -8.2277861594137001e+00 -1.4392793400218393e+01 2.2717459999999998e-03 1.4935428000000001e-02
-2.5846475911597949e-01 -1.6728548808765825e+02 2.8041448698032617e-01 -1.0271285717457820e+02 -2.1369386562914690e+02 1.0901589651085285e+01 -7.4112374056301551e+00 -1.4245600377849073e+01 2.4866887000000002e-03 1.7314116000000001e-02
-2.5707427657285142e-01 -1.5872234591201888e+02 2.8231598770876215e-01 -9.0310809517505206e+01 -2.1021915281386140e+02 1.0315985640658615e+01 -6.6341493225660502e+00 -1.4086448103755432e+01 2.7077901999999999e-03 1.9910858000000000e-02
-2.5556383974185748e-01 -1.5077453499233948e+02 2.8438152729326516e-01 -7.8508836040803359e+01 -2.0649460003538115e+02 9.7691318706851540e+00 -5.8934943523584078e+00 -1.3915364315179950e+01 2.9346520999999999e-03 2.2731616000000000e-02
-2.5393047086339648e-01 -1.4338528309017516e+02 2.8661517785403468e-01 -6.7275101148957603e+01 -2.0252474861383314e+02 9.2574533968559880e+00 -5.1867990743492252e+00 -1.3732443476162155e+01 3.1668782999999998e-03 2.5781951000000001e-02
-2.5217140368929364e-01 -1.3650498083289935e+02 2.8902072226698328e-01 -5.6584481415695045e+01 -1.9831578123045418e+02 8.7778321082303261e+00 -4.5120363223415616e+00 -1.3537846056516656e+01 3.4040742000000001e-03 2.9067029000000001e-02
-2.5028408134091285e-01 -1.3008999606133025e+02 2.9160165709279284e-01 -4.6417178251260204e+01 -1.9387548458618298e+02 8.3275286029160736e+00 -3.8675399300055844e+00 -1.3331797499799439e+01 3.6458464000000000e-03 3.2591624999999999e-02
-2.4826615952198827e-01 -1.2410171603777646e+02 2.9436118818333057e-01 -3.6757625054808905e+01 -1.8921321162757496e+02 7.9041215541294694e+00 -3.2519384822765991e+00 -1.3114587354510643e+01 3.8918026000000000e-03 3.6360116999999997e-02
-2.4611550223484879e-01 -1.1850577554792484e+02 2.9730223653976084e-01 -2.7593545786091561e+01 -1.8433979850916612e+02 7.5054573965719502e+00 -2.6640981839072388e+00 -1.2886566977105495e+01 4.1415510999999999e-03 4.0376493999999999e-02
-2.4383018338683382e-01 -1.1327144403337691e+02 3.0042743611575334e-01 -1.8915204030291449e+01 -1.7926754326524429e+02 7.1296110231489154e+00 -2.1030781236279044e+00 -1.2648147568962994e+01 4.3947007000000003e-03 4.4644352999999998e-02
-2.4140848679029334e-01 -1.0837112089411444e+02 3.0373913381748313e-01 -1.0714761610568864e+01 -1.7401003326831554e+02 6.7748532810472266e+00 -1.5680922602742251e+00 -1.2399797325630182e+01 4.6508610999999997e-03 4.9166899000000000e-02
-2.3884890402069997e-01 -1.0377991551464747e+02 3.0723939243268644e-01 -2.9857370306906605e+00 -1.6858211986516832e+02 6.4396240038355614e+00 -1.0584772784197309e+00 -1.2142038466787954e+01 4.9096423000000002e-03 5.3946949000000001e-02
-2.3615013709400892e-01 -9.9475307556989250e+01 3.1092998696934093e-01 4.2774638034847214e+00 -1.6299978007724860e+02 6.1225102062747299e+00 -5.7366639858170854e-01 -1.1875443489337053e+01 5.1706551000000002e-03 5.8986927000000001e-02
-2.3331109364741015e-01 -9.5436849578956213e+01 3.1481241124604153e-01 1.1079907345051682e+01 -1.5727998578732965e+02 5.8222270572628663e+00 -1.1316577939918715e-01 -1.1600631076917669e+01 5.4335110000000002e-03 6.4288872999999996e-02
-2.3033089175857618e-01 -9.1645931863080335e+01 3.1888787130162455e-01 1.7426490006760723e+01 -1.5144058699821767e+02 5.5376029138969454e+00 3.2346383541409041e-01 -1.1318262289329512e+01 5.6978226000000002e-03 6.9854434000000007e-02
-2.2720885459094242e-01 -8.8085567238699966e+01 3.2315729271780763e-01 2.3322205868008606e+01 -1.4550016393966553e+02 5.2675655875648761e+00 7.3662442011162443e-01 -1.1029035186755232e+01 5.9632034000000004e-03 7.5684873999999999e-02
-2.2394451307106686e-01 -8.4740219069275170e+01 3.2762131695786989e-01 2.8772377660389406e+01 -1.3947788582177512e+02 5.0111314440448895e+00 1.1266939787985526e+00 -1.0733680512028023e+01 6.2292681999999997e-03 8.1781068999999998e-02
-2.2053760374674242e-01 -8.1595646603486529e+01 3.3228030429570765e-01 3.3782850370623628e+01 -1.3339335802657891e+02 4.7673956052261008e+00 1.4940388618846561e+00 -1.0432956275216604e+01 6.4956331999999999e-03 8.8143510999999994e-02
-2.1698806878699678e-01 -7.8638774237142655e+01 3.3713433381583480e-01 3.8360145893484692e+01 -1.2726646935546962e+02 4.5355236926353513e+00 1.8390234482229530e+00 -1.0127642499502869e+01 6.7619166000000000e-03 9.4772308000000000e-02
-2.1329605276926067e-01 -7.5857574996429420e+01 3.4218320780696676e-01 4.2511587570972686e+01 -1.2111723258086369e+02 4.3147444732526026e+00 2.1620187575754812e+00 -9.8185355528282798e+00 7.0277381999999996e-03 1.0166719000000000e-01
-2.0946190214389593e-01 -7.3240971211421083e+01 3.4742645249428439e-01 4.6245389062434150e+01 -1.1496563096702231e+02 4.1043436340518138e+00 2.4634090948737914e+00 -9.5064427381444201e+00 7.2927204000000001e-03 1.0882751000000000e-01
-2.0548617273080294e-01 -7.0778752224373108e+01 3.5286330778773789e-01 4.9570710333791084e+01 -1.0883147852340869e+02 3.9036587154594860e+00 2.7435969551825350e+00 -9.1921774296915206e+00 7.5564877000000004e-03 1.1625223000000000e-01
-2.0136961419073365e-01 -6.8461486982813113e+01 3.5849274851770324e-01 5.2497709115265600e+01 -1.0273424638973046e+02 3.7120734277489733e+00 3.0030084423597629e+00 -8.8765523640900952e+00 7.8186677999999999e-03 1.2393994999999999e-01
-1.9711316895434766e-01 -6.6280457491169372e+01 3.6431348589951029e-01 5.5037546654667800e+01 -9.6692921321458485e+01 3.5290137932217074e+00 3.2420960989837511e+00 -8.5603743931629506e+00 8.0788911000000008e-03 1.3188891000000000e-01
-1.9271798828637121e-01 -6.4227606826635267e+01 3.7032394556552206e-01 5.7202373514256060e+01 -9.0725900461585567e+01 3.3539445316589847e+00 3.4613401608113947e+00 -8.2444406809038284e+00 8.3367917000000003e-03 1.4009695999999999e-01
-1.8818541086671858e-01 -6.2295474363479158e+01 3.7652229685569572e-01 5.9005310262761405e+01 -8.4850819090619339e+01 3.1863653701936161e+00 3.6612509330002387e+00 -7.9295319150058958e+00 8.5920070000000005e-03 1.4856159999999999e-01
-1.8351697349993121e-01 -6.0477153168717642e+01 3.8290643817230202e-01 6.0460397975484305e+01 -7.9084463979720738e+01 3.0258082508287352e+00 3.8423685934822416e+00 -7.6164086737505148e+00 8.8441787999999997e-03 1.5727996000000000e-01
-1.7871440040573866e-01 -5.8766242713503345e+01 3.8947401162520578e-01 6.1582537224545938e+01 -7.3442646669435774e+01 2.8718343278390899e+00 4.0052634604912800e+00 -7.3058062686020655e+00 9.0929527999999999e-03 1.6624881999999999e-01
-1.7377960321905844e-01 -5.7156810715988840e+01 3.9622240303186562e-01 6.2387413519580861e+01 -6.7940111341732432e+01 2.7240316315317350e+00 4.1505346867643240e+00 -6.9984305323686584e+00 9.3379794999999995e-03 1.7546460999999999e-01
-1.6871467563527640e-01 -5.5643357320331582e+01 4.0314874923997468e-01 6.2891410789327587e+01 -6.2590449985068844e+01 2.5820127631425671e+00 4.2788086405619419e+00 -6.6949542385931240e+00 9.5789143999999993e-03 1.8492342000000001e-01
-1.6352190947440570e-01 -5.4220788033101336e+01 4.1024991615953932e-01 6.3111513747984652e+01 -5.7406050672779891e+01 2.4454133747551587e+00 4.3907371761352332e+00 -6.3960145718697738e+00 9.8154178999999998e-03 1.9462097000000000e-01
-1.5820376790748847e-01 -5.2884377490722223e+01 4.1752253537608064e-01 6.3065208261913973e+01 -5.2398013311607947e+01 2.3138896573508880e+00 4.4869949483576388e+00 -6.1022086865957199e+00 1.0047156000000000e-02 2.0455266000000000e-01
-1.5276288010187627e-01 -5.1629743938658144e+01 4.2496301147327459e-01 6.2770369347239047e+01 -4.7576110366847608e+01 2.1871166659389369e+00 4.5682771662274444e+00 -5.8140911424110548e+00 1.0273801000000001e-02 2.1471357999999999e-01
-1.4720206799482832e-01 -5.0452832086643966e+01 4.3256748541975060e-01 6.2245149534373290e+01 -4.2948783638671991e+01 2.0647874889552846e+00 4.6352960860695465e+00 -5.5321733559010653e+00 1.0495031000000000e-02 2.2509846000000000e-01
-1.4152431416519343e-01 -4.9349884956007998e+01 4.4033187850493316e-01 6.1507864839195605e+01 -3.8523103913832841e+01 1.9466111383000979e+00 4.6887776416966700e+00 -5.2569207515875425e+00 1.0710529999999999e-02 2.3570173000000000e-01
-1.3573276718812993e-01 -4.8317426148455425e+01 4.4825188501640140e-01 6.0576878470521905e+01 -3.4304777982426693e+01 1.8323114674488366e+00 4.7294582202933650e+00 -4.9887512654520627e+00 1.0919989999999999e-02 2.4651751000000000e-01
-1.2983074698982505e-01 -4.7352243740618462e+01 4.5632296491724900e-01 5.9470491149341015e+01 -3.0298166978621317e+01 1.7216261252837741e+00 4.7580810196131136e+00 -4.7280357663415575e+00 1.1123108000000000e-02 2.5753959999999998e-01
-1.2382172878333614e-01 -4.6451371770732749e+01 4.6454036581400449e-01 5.8206828211533988e+01 -2.6506300885841938e+01 1.6143051928275294e+00 4.7753925475431869e+00 -4.4750967999580054e+00 1.1319591000000000e-02 2.6876150999999998e-01
-1.1770933771387085e-01 -4.5612075566181140e+01 4.7289913027927188e-01 5.6803733977316007e+01 -2.2930917017856096e+01 1.5101101218805026e+00 4.7821389929170302e+00 -4.2302086429471544e+00 1.1509152000000000e-02 2.8017647000000001e-01
-1.1149735421350704e-01 -4.4831839951277743e+01 4.8139408852908999e-01 5.5278674352225202e+01 -1.9572508477108190e+01 1.4088129332063546e+00 4.7790627068996301e+00 -3.9935983176141781e+00 1.1691511000000000e-02 2.9177742000000001e-01
-1.0518971935591215e-01 -4.4108346888772289e+01 4.9001985110029256e-01 5.3648643635647844e+01 -1.6430386310224705e+01 1.3101954287330719e+00 4.7668988815636482e+00 -3.7654467085488013e+00 1.1866398000000000e-02 3.0355700000000002e-01
-9.8790492018586085e-02 -4.3439515569171071e+01 4.9877086743162946e-01 5.1930072675465809e+01 -1.3502724727488310e+01 1.2140477184828851e+00 4.7463721653005670e+00 -3.5458882705306989e+00 1.2033550000000000e-02 3.1550762999999998e-01
-9.2303886365898841e-02 -4.2823386695825512e+01 5.0764137460528591e-01 5.0138761339024740e+01 -1.0786651074581158e+01 1.1201680673494363e+00 4.7181936931576329e+00 -3.3350142664791629e+00 1.2192715000000000e-02 3.2762143999999999e-01
-8.5734245075492127e-02 -4.2258222045972218e+01 5.1662543396008254e-01 4.8289802280845223e+01 -8.2783190325077065e+00 1.0283617735011545e+00 4.6830581756129925e+00 -3.1328736399500761e+00 1.2343646000000000e-02 3.3989032000000002e-01
-7.9086044692999152e-02 -4.1742442215850240e+01 5.2571692376883605e-01 4.6397526572018378e+01 -5.9729883237835306e+00 9.3844058510009254e-01 4.6416412956510307e+00 -2.9394754047096256e+00 1.2486109000000000e-02 3.5230591000000000e-01
-7.2363874213165841e-02 -4.1274621762513668e+01 5.3490956852891935e-01 4.4475454918259985e+01 -3.8651095634689523e+00 8.5022173188000827e-01 4.5945971373718448e+00 -2.7547903900745179e+00 1.2619877000000000e-02 3.6485963999999999e-01
-6.5572451144009919e-02 -4.0853523555821795e+01 5.4419691699434147e-01 4.2536248072061234e+01 -1.9484172166077314e+00 7.6352755690938845e-01 4.5425565029454065e+00 -2.5787543819280034e+00 1.2744734000000001e-02 3.7754270000000001e-01
-5.8716605442661912e-02 -4.0478015400791605e+01 5.5357236414366739e-01 4.0591689572101643e+01 -2.1602434552063798e-01 6.7818468997143966e-01 4.4861246486161059e+00 -2.4112703014103953e+00 1.2860473000000001e-02 3.9034606999999999e-01
-5.1801268805925837e-02 -4.0147142682732387e+01 5.6302916582529938e-01 3.8652657984893295e+01 1.3395155495887083e+00 5.9402334175471605e-01 4.4258796689327840e+00 -2.2522107400748834e+00 1.2966896000000000e-02 4.0326054000000000e-01
-4.4831485379718455e-02 -3.9860087096504486e+01 5.7256042411219576e-01 3.6729116221710584e+01 2.7260668544870805e+00 5.1087687200074461e-01 4.3623716850418113e+00 -2.1014211368296754e+00 1.3063819000000001e-02 4.1627669000000000e-01
-3.7812379630751430e-02 -3.9616170307927092e+01 5.8215913123771212e-01 3.4830104326435489e+01 3.9518771836959989e+00 4.2858083751270692e-01 4.2961212667198447e+00 -1.9587218968342592e+00 1.3151064000000001e-02 4.2938494999999999e-01
-3.0749188474849226e-02 -3.9414853408597089e+01 5.9181812565976100e-01 3.2963754062449951e+01 5.0254610132397550e+00 3.4697283044762317e-01 4.2276195051092031e+00 -1.8239121019606477e+00 1.3228465999999999e-02 4.4257553999999999e-01
-2.3647218439191764e-02 -3.9255734455930295e+01 6.0153015064193238e-01 3.1137291623538136e+01 5.9555305668035885e+00 2.6589141595893184e-01 4.1573264259322968e+00 -1.6967713796297339e+00 1.3295871000000001e-02 4.5583855000000001e-01
-1.6511867081193232e-02 -3.9138548580684080e+01 6.1128782496293310e-01 2.9357063472069793e+01 6.7509138465631757e+00 1.8517583419747430e-01 4.0856717869829797e+00 -1.5770632237385527e+00 1.3353135000000000e-02 4.6916390000000002e-01
-9.3485962149036372e-03 -3.9063167926510083e+01 6.2108367952978827e-01 2.7628556205324077e+01 7.4204841811730358e+00 1.0466512769282121e-01 4.0130545393405521e+00 -1.4645372673234209e+00 1.3400123999999999e-02 4.8254139000000001e-01
-2.1629426204483049e-03 -3.9029602998271692e+01 6.3091014273256052e-01 2.5956434819808255e+01 7.9730914588149577e+00 2.4197695134613451e-02 3.9398432858239771e+00 -1.3589320849510791e+00 1.3436718000000000e-02 4.9596067999999999e-01
5.0395033748511509e-03 -3.9038004477979818e+01 6.4075956973491088e-01 2.4344571210354150e+01 8.4175004262948043e+00 -5.6389535054023998e-02 3.8663766051423365e+00 -1.2599774257407141e+00 1.3462807000000000e-02 5.0941133000000005e-01
1.2253076477597546e-02 -3.9088665976884258e+01 6.5062421318353769e-01 2.2796098738229734e+01 8.7623334125385455e+00 -1.3726148036450936e-01 3.7929638644871613e+00 -1.1673968927066571e+00 1.3478291000000000e-02 5.2288276000000000e-01
1.9472084620795693e-02 -3.9182027776855719e+01 6.6049628911193858e-01 2.1313428138029906e+01 9.0160214829819658e+00 -2.1858607061963520e-01 3.7198856761731500e+00 -1.0809095490582297e+00 1.3483083000000000e-02 5.3636434000000000e-01
2.6690782190253726e-02 -3.9318681532169272e+01 6.7036794032720959e-01 1.9898319047628949e+01 9.1867581121145747e+00 -3.0053462281306764e-01 3.6473952031035055e+00 -1.0002324523213231e+00 1.3477108000000000e-02 5.4984533999999996e-01
3.3903380734022603e-02 -3.9499375771771049e+01 6.8023125105532511e-01 1.8551919548739900e+01 9.2824614909317464e+00 -3.8328265598211164e-01 3.5757189994331324e+00 -9.2508237879579547e-01 1.3460300999999999e-02 5.6331494999999998e-01
4.1104065026554948e-02 -3.9725022850097616e+01 6.9007826890905899e-01 1.7274811109650894e+01 9.3107385574095378e+00 -4.6701082405122896e-01 3.5050582289806198e+00 -8.5517740251649776e-01 1.3432611000000001e-02 5.7676231000000000e-01
4.8287003778144266e-02 -3.9996707249605912e+01 6.9990101953326445e-01 1.6067060183910002e+01 9.2788646843120439e+00 -5.5190583585832065e-01 3.4355898846987509e+00 -7.9023850048740718e-01 1.3393997000000000e-02 5.9017653000000003e-01
5.5446333570766337e-02 -4.0315694257467918e+01 7.0969148463695331e-01 1.4928270267963240e+01 9.1937544472572004e+00 -6.3816113304263777e-01 3.3674679269891308e+00 -7.2999121597905536e-01 1.3344429999999999e-02 6.0354666000000001e-01
6.2576180276957605e-02 -4.0683441001362837e+01 7.1944163128385763e-01 1.3857627015433982e+01 9.0619492216036317e+00 -7.2597805834861528e-01 3.3008250798950582e+00 -6.7416650634446285e-01 1.3283893999999999e-02 6.1686173000000000e-01
6.9670680478693681e-02 -4.1101602186986980e+01 7.2914344118298968e-01 1.2853946843418482e+01 8.8896038824283146e+00 -8.1556713459487518e-01 3.2357737242722209e+00 -6.2250192907441426e-01 1.3212384000000001e-02 6.3011079000000003e-01
7.6723949339071673e-02 -4.1572080481596799e+01 7.3878886675280064e-01 1.1915724852632898e+01 8.6824808034472696e+00 -9.0714876247746234e-01 3.1724076947348032e+00 -5.7474265703550009e-01 1.3129907000000000e-02 6.4328284999999996e-01
8.3730118085347638e-02 -4.2096967551088085e+01 7.4836988237966273e-01 1.1041180682734462e+01 8.4459442598177130e+00 -1.0009548895477547e+00 3.1108034138750398e+00 -5.3064225947988763e-01 1.3036481000000001e-02 6.5636695000000000e-01
9.0683339363656246e-02 -4.2678639322191941e+01 7.5787849174050836e-01 1.0228257735295831e+01 8.1849682069011660e+00 -1.0972304132640083e+00 3.0510213164384039e+00 -4.8996304895838760e-01 1.2932137999999999e-02 6.6935217000000002e-01
9.7577771174851835e-02 -4.3319736716582455e+01 7.6730670583491056e-01 9.4748591846638632e+00 7.9041331585177579e+00 -1.1962344402430216e+00 2.9931073568037587e+00 -4.5247703155398344e-01 1.2816919000000000e-02 6.8222760000000005e-01
1.0440760900282631e-01 -4.4023187888371936e+01 7.7664658692092337e-01 8.7785019176831653e+00 7.6076315711344327e+00 -1.2982423051282228e+00 2.9370940162203478e+00 -4.1796590633862435e-01 1.2690879000000000e-02 6.9498240000000000e-01
1.1116707510506985e-01 -4.4792288931913987e+01 7.8589023386980150e-01 8.1367345254115993e+00 7.2992880399779860e+00 -1.4035472826453168e+00 2.8830022441751120e+00 -3.8622160823698803e-01 1.2554085000000000e-02 7.0760577999999996e-01
1.1785042386739070e-01 -4.5630623321059211e+01 7.9502978948864111e-01 7.5469784738120822e+00 6.9825643649474385e+00 -1.5124626414504116e+00 2.8308419537789038e+00 -3.5704597163969870e-01 1.2406611999999999e-02 7.2008700999999997e-01
1.2445196857751312e-01 -4.6542209577659726e+01 8.0405747713357978e-01 7.0065996071683587e+00 6.6605744384436916e+00 -1.6253243270702129e+00 2.7806135642047223e+00 -3.3025173994031387e-01 1.2248551000000000e-02 7.3241546999999996e-01
1.3096606536091893e-01 -4.7531482743896802e+01 8.1296557874187703e-01 6.5129160619259920e+00 6.3361006063380065e+00 -1.7424932697099249e+00 2.7323089111317955e+00 -3.0566152108985606e-01 1.2080001999999999e-02 7.4458062000000003e-01
1.3738712389028612e-01 -4.8603350491333423e+01 8.2174644947719333e-01 6.0632605668005821e+00 6.0116109956579775e+00 -1.8643583680047615e+00 2.6859128623816177e+00 -2.8310826906214681e-01 1.1901076999999999e-02 7.5657202000000001e-01
1.4370961809492894e-01 -4.9763244851115722e+01 8.3039253237487198e-01 5.6549659382513680e+00 5.6892765748262324e+00 -1.9913400079221000e+00 2.6414036980148223e+00 -2.6243499060553177e-01 1.1711898000000000e-02 7.6837935000000002e-01
1.4992810222495623e-01 -5.1017183001241513e+01 8.3889638030985836e-01 5.2853988925194528e+00 5.3709887831031402e+00 -2.1238940190144975e+00 2.5987542122280418e+00 -2.4349450351310323e-01 1.1512599000000000e-02 7.7999244000000001e-01
1.5603718407767347e-01 -5.2371827756054586e+01 8.4725061938349966e-01 4.9519774478297434e+00 5.0583814936097600e+00 -2.2625153602342332e+00 2.5579328139968633e+00 -2.2614923467521611e-01 1.1303326000000001e-02 7.9140122000000002e-01
1.6203157854477940e-01 -5.3834574993847468e+01 8.5544802214994675e-01 4.6521797603290684e+00 4.7528457108119122e+00 -2.4077441189372051e+00 2.5189039191873013e+00 -2.1027089571629068e-01 1.1084235000000000e-02 8.0259581999999996e-01
1.6790605941988890e-01 -5.5413630401132686e+01 8.6348144171239194e-01 4.3835616477214607e+00 4.4555515596209219e+00 -2.5601699706850933e+00 2.4816291191322533e+00 -1.9574008441462415e-01 1.0855490000000001e-02 8.1356647999999998e-01
1.7365550759100995e-01 -5.7118122689879179e+01 8.7134387762683141e-01 4.1437625278921946e+00 4.1674650846459791e+00 -2.7204397280910602e+00 2.4460674998925329e+00 -1.8244602788029479e-01 1.0617270000000000e-02 8.2430364000000000e-01
1.7927490033110433e-01 -5.8958220133147044e+01 8.7902846125678424e-01 3.9305140200688364e+00 3.8893673904092849e+00 -2.8892646092453198e+00 2.4121763906085736e+00 -1.7028609839899048e-01 1.0369760000000000e-02 8.3479791999999997e-01
1.8475931665280737e-01 -6.0945269996241180e+01 8.8652846309593270e-01 3.7416462268410884e+00 3.6218711023963075e+00 -3.0674290724932156e+00 2.3799118834535098e+00 -1.5916549477048164e-01 1.0113159000000000e-02 8.4504013000000000e-01
1.9010394266314762e-01 -6.3091963618146700e+01 8.9383730009076268e-01 3.5750922944776344e+00 3.3654392909355209e+00 -3.2558012090278021e+00 2.3492293238760489e+00 -1.4899671715370888e-01 9.8476710000000005e-03 8.5502127999999999e-01
1.9530407156354651e-01 -6.5412527171177359e+01 9.0094853564056310e-01 3.4288913111063160e+00 3.1204002840894005e+00 -3.4553447275570459e+00 2.3200837757865442e+00 -1.3969954430060480e-01 9.5735140000000000e-03 8.6473257999999997e-01
2.0035513042341724e-01 -6.7922961358711191e+01 9.0785591621062789e-01 3.3011891609650545e+00 2.8869626783156068e+00 -3.6671342290302498e+00 2.2924302760298829e+00 -1.3120001994007052e-01 9.2909130999999992e-03 8.7416548999999999e-01
2.0525265340656579e-01 -7.0641301193894634e+01 9.1455333471905353e-01 3.1902403142925797e+00 2.6652317121706961e+00 -3.8923715183747678e+00 2.2662243270713875e+00 -1.2343054463493916e-01 9.0001030000000006e-03 8.8331166999999999e-01
2.0999231389950951e-01 -7.3587958217238224e+01 9.2103487447258181e-01 3.0944060827330451e+00 2.4552203609972980e+00 -4.1324068601291453e+00 2.2414220908626756e+00 -1.1632924156133993e-01 8.7013270999999996e-03 8.9216304000000002e-01
2.1456990844731771e-01 -7.6786106958118424e+01 9.2729478719867764e-01 3.0121543043983618e+00 2.2568647523428353e+00 -4.3887636572707702e+00 2.2179806813441161e+00 -1.0983966026520482e-01 8.3948374000000006e-03 9.0071175000000003e-01
2.1898138352721003e-01 -8.0262184622895873e+01 9.3332752965873134e-01 2.9420562342743035e+00 2.0700354891921759e+00 -4.6631699200464656e+00 2.1958583143541976e+00 -1.0391048644137053e-01 8.0808944000000001e-03 9.0895022999999997e-01
2.2322281412967809e-01 -8.4046469173072254e+01 9.3912773435749730e-01 2.8827848293869440e+00 1.8945463148507768e+00 -4.9575944342826528e+00 2.1750145485114767e+00 -9.8494788840976413e-02 7.7597663000000001e-03 9.1687114999999997e-01
2.2729042517736375e-01 -8.8173829960607563e+01 9.4469023883365466e-01 2.8331093926485700e+00 1.7301668938994037e+00 -5.2742943803250810e+00 2.1554104372957217e+00 -9.3550293204200913e-02 7.4317293999999999e-03 9.2446746000000002e-01
2.3118059687977888e-01 -9.2684659341311942e+01 9.5001009298244710e-01 2.7918970100139946e+00 1.5766317692670404e+00 -5.6158741842432001e+00 2.1370085867228843e+00 -8.9038624164651664e-02 7.0970672000000004e-03 9.3173240000000002e-01
2.3488985402386625e-01 -9.7626032145905228e+01 9.5508254441040341e-01 2.7581023935179174e+00 1.4336477620937662e+00 -5.9853586794300515e+00 2.1197733394964295e+00 -8.4925068535779524e-02 6.7560703000000000e-03 9.3865947999999999e-01
2.3841489274759747e-01 -1.0305324499341741e+02 9.5990307504853778e-01 2.7307655240642594e+00 1.3009005018174025e+00 -6.3862909950804969e+00 2.1036707981393818e+00 -8.1178389446237176e-02 6.4090362999999996e-03 9.4524253000000003e-01
2.4175254841165533e-01 -1.0903173225589816e+02 9.6446735721650878e-01 2.7090116287085393e+00 1.1780654952690370e+00 -6.8228535195044948e+00 2.0886687653224123e+00 -7.7771427879987531e-02 6.0562691999999996e-03 9.5147563999999996e-01
2.4489984914663038e-01 -1.1563975173517046e+02 9.6877132684902123e-01 2.6920419328337237e+00 1.0648092716078297e+00 -7.3000394180441823e+00 2.0747371167873974e+00 -7.4676033527612054e-02 5.6980790999999996e-03 9.5735325999999998e-01
2.4785396230582396e-01 -1.2297179042714347e+02 9.7281111026942435e-01 2.6791316455168013e+00 9.6079864048107277e-01 -7.8238683486217813e+00 2.0618475280662967e+00 -7.1872515756834052e-02 5.3347821999999998e-03 9.6287009999999995e-01
2.5061224801244536e-01 -1.3114349099302305e+02 9.7658309741611382e-01 2.6696260201522906e+00 8.6570333062266769e-01 -8.4017014524423459e+00 2.0499735519047442e+00 -6.9339742076936259e-02 4.9667000000000001e-03 9.6802122999999995e-01
2.5317222167657366e-01 -1.4029834108609666e+02 9.8008389058404966e-01 2.6629328784728030e+00 7.7920182609183775e-01 -9.0426675804143919e+00 2.0390907349208840e+00 -6.7059780593611604e-02 4.5941591999999996e-03 9.7280200999999999e-01
2.5553159683291554e-01 -1.5061761406926496e+02 9.8331036300587882e-01 2.6585249068023784e+00 7.0098376928955763e-01 -9.7582997040759629e+00 2.0291764585652623e+00 -6.5016722468514518e-02 4.2174915999999996e-03 9.7720817000000004e-01
2.5768824230304727e-01 -1.6233485468972006e+02 9.8625960027081283e-01 2.6559301939114106e+00 6.3075477576704742e-01 -1.0563460466875608e+01 2.0202101161484540e+00 -6.3196556625914918e-02 3.8370333000000002e-03 9.8123572999999997e-01
2.5964022503317291e-01 -1.7575870102370121e+02 9.8892895890574994e-01 2.6547314085424971e+00 5.6823801127365647e-01 -1.1477806817178330e+01 2.0121729317614370e+00 -6.1586974451168029e-02 3.4531249000000000e-03 9.8488107999999996e-01
2.6138579402996459e-01 -1.9130955565595482e+02 9.9131604440735410e-01 2.6545618163516012e+00 5.1317804915461218e-01 -1.2528143265229797e+01 2.0050480347882087e+00 -6.0177248690650720e-02 3.0661112999999999e-03 9.8814095000000002e-01
2.6292336965112367e-01 -2.0958234878139535e+02 9.9341869659677462e-01 2.6551025311772318e+00 4.6534048901542013e-01 -1.3752451610581103e+01 1.9988204848480433e+00 -5.8958141596550183e-02 2.6763420000000000e-03 9.9101238999999997e-01
2.6425157573369812e-01 -2.3146239090872740e+02 9.9523503355548737e-01 2.6560794849601179e+00 4.2451695108176446e-01 -1.5207342224981815e+01 1.9934771298754517e+00 -5.7921756769052521e-02 2.2841723000000002e-03 9.9349282999999999e-01
2.6536922888464393e-01 -2.5835876961592101e+02 9.9676343698001446e-01 2.6572615609108174e+00 3.9052453582914698e-01 -1.6983073005981783e+01 1.9890066588115505e+00 -5.7061439986278224e-02 1.8899688000000000e-03 9.9558005999999999e-01
2.6627533312610480e-01 -2.9274130689917087e+02 9.9800254485928419e-01 2.6584576644993962e+00 3.6320756573050578e-01 -1.9238126643024113e+01 1.9853996011334383e+00 -5.6371744222141938e-02 1.4941295000000000e-03 9.9727222000000004e-01
2.6696915486148781e-01 -3.3965704872484469e+02 9.9895135399159263e-01 2.6595154393969724e+00 3.4243667369094632e-01 -2.2296926476156347e+01 1.9826479749238328e+00 -5.5848276089343583e-02 1.0971916000000000e-03 9.9856794000000004e-01
2.6745042635481003e-01 -4.1294746499637444e+02 9.9960949824493150e-01 2.6603215254763302e+00 3.2810338461842786e-01 -2.7050622023343347e+01 1.9807445720582275e+00 -5.5487518572418841e-02 7.0085733000000002e-04 9.9946672000000003e-01
