-5.2633702533606663e-01 -7.0667274602591226e+02 5.2633858692433688e-01 -7.5824106417655719e+02 -2.0290559845447285e+02 4.7265450126079877e+01 -5.0635382440800889e+01 -1.3258860344926143e+01 5.5301730000000003e-06 1.0230946000000001e-06
-5.2631712888165649e-01 -5.1500773373187121e+02 5.2634753952753188e-01 -5.6642713806510471e+02 -2.0288991637701102e+02 3.4739244101757265e+01 -3.8102249571292411e+01 -1.3258151470179453e+01 3.5894988000000002e-05 1.9923924999999999e-05
-5.2625470629855775e-01 -4.2611037830696387e+02 5.2637562717598241e-01 -4.7714747994696495e+02 -2.0284072213543436e+02 2.8925541259287073e+01 -3.2270652610071821e+01 -1.3255927689048770e+01 8.5619985000000003e-05 7.9222864999999994e-05
-5.2613112984403887e-01 -3.6783397545452442e+02 5.2643123160372307e-01 -4.1821977758497053e+02 -2.0274336155560937e+02 2.5109601659221973e+01 -2.8424060865870185e+01 -1.3251526316340499e+01 1.5173507999999999e-04 1.9661552000000001e-04
-5.2593009640591581e-01 -3.2461740349874037e+02 5.2652168855466153e-01 -3.7406727230716882e+02 -2.0258505556206023e+02 2.2274512193287574e+01 -2.5544699132425933e+01 -1.3244369010137747e+01 2.3255418000000001e-04 3.8758918999999998e-04
-5.2563677869772629e-01 -2.9043763480241017e+02 5.2665366971056671e-01 -3.3866222287580149e+02 -2.0235425611745418e+02 2.0026754788725349e+01 -2.3238697181168018e+01 -1.3233932410964902e+01 3.2689763000000001e-04 6.6622920000000002e-04
-5.2523743903183051e-01 -2.6231977064129387e+02 5.2683335647761886e-01 -3.0903201175431008e+02 -2.0204036944735748e+02 1.8172067081489768e+01 -2.1311771819936400e+01 -1.3219735363527358e+01 4.3385032000000002e-04 1.0455858000000000e-03
-5.2471921316814307e-01 -2.3857141962037284e+02 5.2706653724577512e-01 -2.8349135874443357e+02 -2.0163361531818498e+02 1.6600039293577417e+01 -1.9653723390964640e+01 -1.3201332265455797e+01 5.5265518999999999e-04 1.5378795000000000e-03
-5.2406997669794142e-01 -2.1813502770474599e+02 5.2735866751067428e-01 -2.6099330415610814e+02 -2.0112495263416542e+02 1.5241773829359017e+01 -1.8196032778174498e+01 -1.3178309410098395e+01 6.8265765000000004e-04 2.1546280000000000e-03
-5.2327825481898937e-01 -2.0030351235266826e+02 5.2771491047119823e-01 -2.4084392369428613e+02 -2.0050604021098377e+02 1.4051290807084502e+01 -1.6893225294531387e+01 -1.3150282899161226e+01 8.2327310000000005e-04 2.9067318999999999e-03
-5.2233316085924597e-01 -1.8457926936587097e+02 5.2814016469132663e-01 -2.2256068476536876e+02 -1.9976922000690266e+02 1.2996306260686842e+01 -1.5713618597959686e+01 -1.3116897603249727e+01 9.7396649000000004e-04 3.8045331000000002e-03
-5.2122435132759215e-01 -1.7059769003630811e+02 5.2863908432549966e-01 -2.0579547025135889e+02 -1.9890751400578671e+02 1.2053227827845969e+01 -1.4634295664017682e+01 -1.3077826679152578e+01 1.1342389000000000e-03 4.8578574999999999e-03
-5.1994199307033251e-01 -1.5808275465258743e+02 5.2921609389686985e-01 -1.9028979593534234e+02 -1.9791462909461063e+02 1.1204250354837495e+01 -1.3638181024262970e+01 -1.3032771565954873e+01 1.3036180000000001e-03 6.0760461999999999e-03
-5.1847673948071360e-01 -1.4681981368286822e+02 5.2987539900206038e-01 -1.7584729667771535e+02 -1.9678496828307570e+02 1.0435565976329409e+01 -1.2712244888827071e+01 -1.2981462127924422e+01 1.4816515000000000e-03 7.4679780999999997e-03
-5.1681971123494941e-01 -1.3663813263086655e+02 5.3062099497917825e-01 -1.6231602813386286e+02 -1.9551364361787410e+02 9.7362310567524055e+00 -1.1846348727971707e+01 -1.2923659064473378e+01 1.6679024999999999e-03 9.0420881999999994e-03
-5.1496248323903593e-01 -1.2739929902100151e+02 5.3145667278122155e-01 -1.4957667836051425e+02 -1.9409650733329082e+02 9.0974062999640264e+00 -1.1032476810137538e+01 -1.2859146633001981e+01 1.8619452999999999e-03 1.0806380000000001e-02
-5.1289707252297523e-01 -1.1898925602819872e+02 5.3238602442319116e-01 -1.3753443568418930e+02 -1.9253010475447854e+02 8.5118257923702547e+00 -1.0264208747640044e+01 -1.2787744389503679e+01 2.0633631000000000e-03 1.2768437000000001e-02
-5.1061593266159144e-01 -1.1131270475752751e+02 5.3341244549249933e-01 -1.2611325606613647e+02 -1.9081178209852953e+02 7.9734380425904376e+00 -9.5363383124638474e+00 -1.2709300578525047e+01 2.2717459999999998e-03 1.4935428000000001e-02
-5.0811194440571250e-01 -1.0428904338162266e+02 5.3453913936455977e-01 -1.1525167784474363e+02 -1.8893963525795004e+02 7.4771382493393581e+00 -8.8446122658991051e+00 -1.2623694030531160e+01 2.4866887000000002e-03 1.7314116000000001e-02
-5.0537841589270549e-01 -9.7849399453612932e+01 5.3576911710805630e-01 -1.0489975752811260e+02 -1.8691253827459892e+02 7.0185743743104316e+00 -8.1855313037006674e+00 -1.2530834795840963e+01 2.7077901999999999e-03 1.9910858000000000e-02
-5.0240907106703836e-01 -9.1934369692679923e+01 5.3710520269522277e-01 -9.5016710248085019e+01 -1.8473013136105985e+02 6.5939994319527164e+00 -7.5561880998204414e+00 -1.2430664167611662e+01 2.9346520999999999e-03 2.2731616000000000e-02
-4.9919805599633704e-01 -8.6492332473183453e+01 5.3855003015987213e-01 -8.5569150021064885e+01 -1.8239288199868719e+02 6.2001616454396533e+00 -6.9541620174588443e+00 -1.2323155149868519e+01 3.1668782999999998e-03 2.5781951000000001e-02
-4.9573993255532828e-01 -8.1478110206757336e+01 5.4010604643936777e-01 -7.6529677683218864e+01 -1.7990200263021217e+02 5.8342173414215575e+00 -6.3774264728146264e+00 -1.2208310380551659e+01 3.4040742000000001e-03 2.9067029000000001e-02
-4.9202967421513494e-01 -7.6851925345166421e+01 5.4177551326927109e-01 -6.7875764654550551e+01 -1.7725949601824388e+02 5.4936632860336427e+00 -5.8242780145631592e+00 -1.2086170005061623e+01 3.6458464000000000e-03 3.2591624999999999e-02
-4.8806267235933304e-01 -7.2578579784606276e+01 5.4356050434137015e-01 -5.9588887147726055e+01 -1.7446813733500926e+02 5.1762837109458095e+00 -5.2932810953426062e+00 -1.1956799221782163e+01 3.8918026000000000e-03 3.6360116999999997e-02
-4.8383472786254228e-01 -6.8626776052879492e+01 5.4546290909297468e-01 -5.1653779518989722e+01 -1.7153145403724156e+02 4.8801064898947466e+00 -4.7832214300369191e+00 -1.1820296414356539e+01 4.1415510999999999e-03 4.0376493999999999e-02
-4.7934205424845455e-01 -6.4968577151633227e+01 5.4748443128593083e-01 -4.4057852397142462e+01 -1.6845370931551386e+02 4.6033685802281674e+00 -4.2930693279664167e+00 -1.1676790150785056e+01 4.3947007000000003e-03 4.4644352999999998e-02
-4.7458127768983394e-01 -6.1578957516093098e+01 5.4962658900662054e-01 -3.6790697335318697e+01 -1.6523987814830414e+02 4.3444873284658545e+00 -3.8219490640947824e+00 -1.1526438629490007e+01 4.6508610999999997e-03 4.9166899000000000e-02
-4.6954943279781192e-01 -5.8435426985029004e+01 5.5189071656060951e-01 -2.9843667265829549e+01 -1.6189561486821964e+02 4.1020365828162193e+00 -3.3691129111539109e+00 -1.1369428645155303e+01 4.9096423000000002e-03 5.3946949000000001e-02
-4.6424396788526845e-01 -5.5517722042315164e+01 5.5427796210433777e-01 -2.3209535098320636e+01 -1.5842722760513249e+02 3.8747272093134617e+00 -2.9339202888363389e+00 -1.1205974722058846e+01 5.1706551000000002e-03 5.8986927000000001e-02
-4.5866273549274611e-01 -5.2807535827341511e+01 5.5678929190807658e-01 -1.6882184444509722e+01 -1.5484162796256174e+02 3.6613900613810619e+00 -2.5158188793229033e+00 -1.1036317617958412e+01 5.4335110000000002e-03 6.4288872999999996e-02
-4.5280400186253578e-01 -5.0288298814132311e+01 5.5942548609297149e-01 -1.0856381696918206e+01 -1.5114629980774910e+02 3.4609623319749665e+00 -2.1143299939804487e+00 -1.0860723272928617e+01 5.6978226000000002e-03 6.9854434000000007e-02
-4.4666643641191484e-01 -4.7944980742230477e+01 5.6218714336766096e-01 -5.1274818153253738e+00 -1.4734924569328311e+02 3.2724751596510768e+00 -1.7290346969827461e+00 -1.0679480995613082e+01 5.9632034000000004e-03 7.5684873999999999e-02
-4.4024911699652791e-01 -4.5763926809856272e+01 5.6507467865996752e-01 3.0862773731523196e-01 -1.4345894129158694e+02 3.0950435383808950e+00 -1.3595629351042904e+00 -1.0492902003577878e+01 6.2292681999999997e-03 8.1781068999999998e-02
-4.3355152569968247e-01 -4.3732711941638875e+01 5.6808832501154483e-01 5.4558057877538646e+00 -1.3948428074514635e+02 2.9278573098493061e+00 -1.0055835653580432e+00 -1.0301317569141506e+01 6.4956331999999999e-03 8.8143510999999994e-02
-4.2657354883234821e-01 -4.1840014809621302e+01 5.7122813357787772e-01 1.0317746314747934e+01 -1.3543452177482473e+02 2.7701734480433529e+00 -6.6679602476711808e-01 -1.0105077159235442e+01 6.7619166000000000e-03 9.4772308000000000e-02
-4.1931547061710062e-01 -4.0075506265386821e+01 5.7449397647025391e-01 1.4898102647279078e+01 -1.3131922549721151e+02 2.6213092057803111e+00 -3.4292283781374189e-01 -9.9045463099516464e+00 7.0277381999999996e-03 1.0166719000000000e-01
-4.1177797213544393e-01 -3.8429752403978569e+01 5.7788554722942553e-01 1.9200587763828469e+01 -1.2714819740787351e+02 2.4806362183732023e+00 -3.3703470731003715e-02 -9.7001047825249689e+00 7.2927204000000001e-03 1.0882751000000000e-01
-4.0396214606527864e-01 -3.6894131764638175e+01 5.8140235419434294e-01 2.3229050414073889e+01 -1.2293143443203684e+02 2.3475755612919560e+00 2.6111047108368440e-01 -9.4921445710832710e+00 7.5564877000000004e-03 1.1625223000000000e-01
-3.9586946615329122e-01 -3.5460752938162237e+01 5.8504373423834921e-01 2.6987558851548400e+01 -1.1867905957415024e+02 2.2215925932932574e+00 5.4176096767976079e-01 -9.2810671974738259e+00 7.8186677999999999e-03 1.2393994999999999e-01
-3.8750178510960187e-01 -3.4122387857914227e+01 5.8880885371650449e-01 3.0480454139724696e+01 -1.1440123203633767e+02 2.1021929388183844e+00 8.0848733907450754e-01 -9.0672815296340392e+00 8.0788911000000008e-03 1.3188891000000000e-01
-3.7886136618805061e-01 -3.2872434116216986e+01 5.9269669425572891e-01 3.3712378484981194e+01 -1.1010814298174498e+02 1.9889193198574713e+00 1.0615284378285184e+00 -8.8512023786787246e+00 8.3367917000000003e-03 1.4009695999999999e-01
-3.6995084107914900e-01 -3.1704768007429045e+01 5.9670607170127810e-01 3.6688326617361483e+01 -1.0580990754135306e+02 1.8813476772146984e+00 1.3011266961137762e+00 -8.6332474918500779e+00 8.5920070000000005e-03 1.4856159999999999e-01
-3.6077323096360436e-01 -3.0613872014835827e+01 6.0083562664350576e-01 3.9413657550901249e+01 -1.0151652967770185e+02 1.7790845842363594e+00 1.5275296112352557e+00 -8.4138357246872673e+00 8.8441787999999997e-03 1.5727996000000000e-01
-3.5133192545879577e-01 -2.9594616572631875e+01 6.0508383389110143e-01 4.1894113960185976e+01 -9.7237834952347583e+01 1.6817643398377338e+00 1.7409920814003133e+00 -8.1933846569704585e+00 9.0929527999999999e-03 1.6624881999999999e-01
-3.4163068261877372e-01 -2.8642307750194355e+01 6.0944900247109046e-01 4.4135826313401871e+01 -9.2983420644553192e+01 1.5890466747311756e+00 1.9417775560895678e+00 -7.9723085785482528e+00 9.3379794999999995e-03 1.7546460999999999e-01
-3.3167361840749837e-01 -2.7752634122159197e+01 6.1392928036545280e-01 4.6145311572934517e+01 -8.8762600872390450e+01 1.5006145073668620e+00 2.1301592321955454e+00 -7.7510163663675309e+00 9.5789143999999993e-03 1.8492342000000001e-01
-3.2146523827912565e-01 -2.6921637945913115e+01 6.1852264030126647e-01 4.7929452106329990e+01 -8.4584372715146770e+01 1.4161722906314362e+00 2.3064200462281677e+00 -7.5299103267595227e+00 9.8154178999999998e-03 1.9462097000000000e-01
-3.1101038454419694e-01 -2.6145682037894545e+01 6.2322690343380205e-01 4.9495500413301734e+01 -8.0457355223093671e+01 1.3354437867705322e+00 2.4708539737622157e+00 -7.3093833245229654e+00 1.0047156000000000e-02 2.0455266000000000e-01
-3.0031422584287704e-01 -2.5421423759922337e+01 6.2803974408314212e-01 5.0851046891596312e+01 -7.6389746155454716e+01 1.2581704218856511e+00 2.6237661309181064e+00 -7.0898170051096905e+00 1.0273801000000001e-02 2.1471357999999999e-01
-2.8938230977876445e-01 -2.4745796039307454e+01 6.3295866605108575e-01 5.2003988975199739e+01 -7.2389309030901671e+01 1.1841102426280046e+00 2.7654716790045315e+00 -6.8715814224460390e+00 1.0495031000000000e-02 2.2509846000000000e-01
-2.7822049975831897e-01 -2.4115981135140029e+01 6.3798103104086312e-01 5.2962520329739043e+01 -6.8463319724444574e+01 1.1130361110138884e+00 2.8962964533635693e+00 -6.6550323769989852e+00 1.0710529999999999e-02 2.3570173000000000e-01
-2.6683498551762408e-01 -2.3529393534874600e+01 6.4310405392051562e-01 5.3735071327638451e+01 -6.4618540487685266e+01 1.0447345669440891e+00 3.0165760205844316e+00 -6.4405104657826318e+00 1.0919989999999999e-02 2.4651751000000000e-01
-2.5523229364914846e-01 -2.2983662819819930e+01 6.4832479798627785e-01 5.4330296395195411e+01 -6.0861227228587147e+01 9.7900477789076890e-01 3.1266548800967930e+00 -6.2283402098849781e+00 1.1123108000000000e-02 2.5753959999999998e-01
-2.4341925602146036e-01 -2.2476616670943237e+01 6.5364018917243372e-01 5.4757026074931098e+01 -5.7197073577533430e+01 9.1565730960412417e-01 3.2268858615063678e+00 -6.0188285518563367e+00 1.1319591000000000e-02 2.6876150999999998e-01
-2.3140299925246510e-01 -2.2006266641482132e+01 6.5904702078793620e-01 5.5024229481940580e+01 -5.3631194270806120e+01 8.5451314121198896e-01 3.3176290794798633e+00 -5.8122639682414698e+00 1.1509152000000000e-02 2.8017647000000001e-01
-2.1919095523616766e-01 -2.1570796107622929e+01 6.6454194877978745e-01 5.5140973458491736e+01 -5.0168158659161918e+01 7.9540282586301247e-01 3.3992508657280518e+00 -5.6089160490427359e+00 1.1691511000000000e-02 2.9177742000000001e-01
-2.0679087166943411e-01 -2.1168549031200712e+01 6.7012148699642071e-01 5.5116382079348284e+01 -4.6811962884715562e+01 7.3816572550242865e-01 3.4721224131416002e+00 -5.4090352108336059e+00 1.1866398000000000e-02 3.0355700000000002e-01
-1.9421072783789578e-01 -2.0798017014239385e+01 6.7578204508065143e-01 5.4959598757216952e+01 -4.3566016641622333e+01 6.8264884912840740e-01 3.5366191228403099e+00 -5.2128510077327270e+00 1.2033550000000000e-02 3.1550762999999998e-01
-1.8145880830328320e-01 -2.0457832698613263e+01 6.8151989531334523e-01 5.4679740893851950e+01 -4.0433170754919864e+01 6.2870649227107700e-01 3.5931188426129919e+00 -5.0205732424643177e+00 1.2192715000000000e-02 3.2762143999999999e-01
-1.6854365026961593e-01 -2.0146759897066858e+01 6.8733119629651163e-01 5.4285866825965165e+01 -3.7415712441886178e+01 5.7619932660322559e-01 3.6420008899562366e+00 -4.8323910951076199e+00 1.2343646000000000e-02 3.3989032000000002e-01
-1.5547405410996501e-01 -1.9863686658374537e+01 6.9321198821668606e-01 5.3786934980946739e+01 -3.4515386482643720e+01 5.2499381484383534e-01 3.6836447376382599e+00 -4.6484733980225412e+00 1.2486109000000000e-02 3.5230591000000000e-01
-1.4225904125940420e-01 -1.9607617960853442e+01 6.9915821179140569e-01 5.3191768094295284e+01 -3.1733396017744482e+01 4.7496146044607068e-01 3.7184288838359234e+00 -4.4689683559677427e+00 1.2619877000000000e-02 3.6485963999999999e-01
-1.2890788579529633e-01 -1.9377670785038401e+01 7.0516569405935181e-01 5.2509021263562346e+01 -2.9070437555004201e+01 4.2597836128552535e-01 3.7467294970742291e+00 -4.2940044922583613e+00 1.2744734000000001e-02 3.7754270000000001e-01
-1.1543008285700745e-01 -1.9173066869190460e+01 7.1123016259020733e-01 5.1747149622546580e+01 -2.6526713812373988e+01 3.7792454736237080e-01 3.7689193320735863e+00 -4.1236899488495764e+00 1.2860473000000001e-02 3.9034606999999999e-01
-1.0183532759238229e-01 -1.8993135184862044e+01 7.1734725495789475e-01 5.0914378149243944e+01 -2.4101956450070979e+01 3.3068339400516344e-01 3.7853666167299918e+00 -3.9581143863821304e+00 1.2966896000000000e-02 4.0326054000000000e-01
-8.8133536211268682e-02 -1.8837300237660720e+01 7.2351250926733790e-01 5.0018664712955683e+01 -2.1795457704393705e+01 2.8414119742090171e-01 3.7964339506314371e+00 -3.7973483843971247e+00 1.3063819000000001e-02 4.1627669000000000e-01
-7.4334782824945045e-02 -1.8705078067920930e+01 7.2972139257417612e-01 4.9067741285908127e+01 -1.9606088798623464e+01 2.3818643959421337e-01 3.8024773491931469e+00 -3.6414442405821359e+00 1.3151064000000001e-02 4.2938494999999999e-01
-6.0449362606692814e-02 -1.8596084139142164e+01 7.3596927246504995e-01 4.8068960166829989e+01 -1.7532341022202701e+01 1.9270957845239911e-01 3.8038453426617602e+00 -3.4904374175792787e+00 1.3228465999999999e-02 4.4257553999999999e-01
-4.6487707577700044e-02 -1.8510023381687702e+01 7.4225145495055367e-01 4.7029410491926740e+01 -1.5572344240263837e+01 1.4760224680152545e-01 3.8008778794330587e+00 -3.3443464866146959e+00 1.3295871000000001e-02 4.5583855000000001e-01
-3.2460428714109590e-02 -1.8446691679751247e+01 7.4856316551875834e-01 4.5955837674907407e+01 -1.3723905748974852e+01 1.0275693793927110e-01 3.7939059788802769e+00 -3.2031745817377733e+00 1.3353135000000000e-02 4.6916390000000002e-01
-1.8378263313208909e-02 -1.8405973120957118e+01 7.5489957281830811e-01 4.4854642288851537e+01 -1.1984535483545868e+01 5.8066358488145342e-02 3.7832507480776010e+00 -3.0669098555368333e+00 1.3400123999999999e-02 4.8254139000000001e-01
-4.2520960469539792e-03 -1.8387848815539762e+01 7.6125577918518061e-01 4.3731873018460732e+01 -1.0351480731428261e+01 1.3423016629827922e-02 3.7692228628335283e+00 -2.9355267387150206e+00 1.3436718000000000e-02 4.9596067999999999e-01
9.9070831450787100e-03 -1.8392385100500075e+01 7.6762683958916422e-01 4.2593219811570073e+01 -8.8217553200390952e+00 -3.1281406050467919e-02 3.7521220203561856e+00 -2.8089866095557139e+00 1.3462807000000000e-02 5.0941133000000005e-01
2.4088136948643979e-02 -1.8419745909430439e+01 7.7400774268738159e-01 4.1444012818869204e+01 -7.3921745997144237e+00 -7.6156424385865118e-02 3.7322366411314833e+00 -2.6872392538866166e+00 1.3478291000000000e-02 5.2288276000000000e-01
3.8279875415686337e-02 -1.8470184615125923e+01 7.8039345345386035e-01 4.0289217329939660e+01 -6.0593771951054256e+00 -1.2131357499479389e-01 3.7098433019874468e+00 -2.5702231077399058e+00 1.3483083000000000e-02 5.3636434000000000e-01
5.2471003330530008e-02 -1.8544059618570650e+01 7.8677888949643848e-01 3.9133436245872275e+01 -4.8198609198957580e+00 -1.6686680196460690e-01 3.6852066412354940e+00 -2.4578668264960952e+00 1.3477108000000000e-02 5.4984533999999996e-01
6.6650141263402851e-02 -1.8641829993320403e+01 7.9315893053000219e-01 3.7980917108107100e+01 -3.6700099276638749e+00 -2.1293310303499158e-01 3.6585791360351458e+00 -2.3500901424014184e+00 1.3460300999999999e-02 5.6331494999999998e-01
8.0805857150722193e-02 -1.8764062498662710e+01 7.9952843258634254e-01 3.6835553842414271e+01 -2.6061181730792118e+00 -2.5963325733194398e-01 3.6302009652526155e+00 -2.2468046878847665e+00 1.3432611000000001e-02 5.7676231000000000e-01
9.4926687348619643e-02 -1.8911437623244694e+01 8.0588223748739374e-01 3.5700894055728838e+01 -1.6244171671100585e+00 -3.0709252302954959e-01 3.6002999564190912e+00 -2.1479148817684997e+00 1.3393997000000000e-02 5.9017653000000003e-01
1.0900110505265415e-01 -1.9084754040042533e+01 8.1221515863537652e-01 3.4580151858578731e+01 -7.2110062083907400e-01 -3.5544129384089884e-01 3.5690916829700110e+00 -2.0533191580034416e+00 1.3344429999999999e-02 6.0354666000000001e-01
1.2301756240486073e-01 -1.9284946105084614e+01 8.1852199995927322e-01 3.3476215978965236e+01 1.0765389615086209e-01 -4.0481599053965411e-01 3.5367795192879949e+00 -1.9629106127948364e+00 1.3283893999999999e-02 6.1686173000000000e-01
1.3696453260079877e-01 -1.9513075803634671e+01 8.2479757486130423e-01 3.2391658909754092e+01 8.6566619710673054e-01 -4.5536002444345236e-01 3.5035546937458375e+00 -1.8765777116454929e+00 1.3212384000000001e-02 6.3011079000000003e-01
1.5083044672897872e-01 -1.9770360041416115e+01 8.3103667779721424e-01 3.1328756213646528e+01 1.5567304970439058e+00 -5.0722452059301615e-01 3.4695966695514038e+00 -1.7942055387564053e+00 1.3129907000000000e-02 6.4328284999999996e-01
1.6460376745819816e-01 -2.0058175198333437e+01 8.3723411743260456e-01 3.0289495293069699e+01 2.1846005739418803e+00 -5.6056958338192653e-01 3.4350732495972989e+00 -1.7156762062074589e+00 1.3036481000000001e-02 6.5636695000000000e-01
1.7827299956430209e-01 -2.0378073249699693e+01 8.4338472137955256e-01 2.9275590253435890e+01 2.7529739427244126e+00 -6.1556545970919163e-01 3.4001409238474003e+00 -1.6408696077670866e+00 1.2932137999999999e-02 6.6935217000000002e-01
1.9182665834989787e-01 -2.0731797059464313e+01 8.4948332198675469e-01 2.8288499966484590e+01 3.2654761643163681e+00 -6.7239366346635399e-01 3.3649451877479541e+00 -1.5696642438417694e+00 1.2816919000000000e-02 6.8222760000000005e-01
2.0525333280492697e-01 -2.1121300226741823e+01 8.5552478475924010e-01 2.7329440065218137e+01 3.7256506880164206e+00 -7.3124859471230086e-01 3.3296208522432975e+00 -1.5019378246608392e+00 1.2690879000000000e-02 6.9498240000000000e-01
2.1854166455314150e-01 -2.1548767619199097e+01 8.6150399888513274e-01 2.6399400811071814e+01 4.1369460651429195e+00 -7.9233901251924133e-01 3.2942925022087088e+00 -1.4375677617916922e+00 1.2554085000000000e-02 7.0760577999999996e-01
2.3168035837886547e-01 -2.2016639596226810e+01 8.6741588197227082e-01 2.5499163083841481e+01 4.5027072452610533e+00 -8.5588979768354778e-01 3.2590748998050998e+00 -1.3764318709880652e+00 1.2406611999999999e-02 7.2008700999999997e-01
2.4465823486080551e-01 -2.2527641407437660e+01 8.7325540373130073e-01 2.4629310953251952e+01 4.8261687738980958e+00 -9.2214415814413087e-01 3.2240733002444317e+00 -1.3184086311672494e+00 1.2248551000000000e-02 7.3241546999999996e-01
2.5746419879176474e-01 -2.3084813831402858e+01 8.7901757176582129e-01 2.3790250808369866e+01 5.1104472823672040e+00 -9.9136569834139820e-01 3.1893840155163642e+00 -1.2633778567437408e+00 1.2080001999999999e-02 7.4458062000000003e-01
2.7008726023216656e-01 -2.3691550171157846e+01 8.8469744104562031e-01 2.2982226286449780e+01 5.3585367576642700e+00 -1.0638409954893697e+00 3.1550948168849127e+00 -1.2112210516482371e+00 1.1901076999999999e-02 7.5657202000000001e-01
2.8251655556357902e-01 -2.4351638974863686e+01 8.9029012337991409e-01 2.2205329286802126e+01 5.5733049839878861e+00 -1.1398825753000585e+00 3.1212853812961159e+00 -1.1618216972285980e+00 1.1711898000000000e-02 7.6837935000000002e-01
2.9474137906900089e-01 -2.5069314066294723e+01 8.9579080162720315e-01 2.1459518777835449e+01 5.7574872750749391e+00 -1.2198323602141707e+00 3.0880276838806200e+00 -1.1150655760220591e+00 1.1512599000000000e-02 7.7999244000000001e-01
3.0675113029905143e-01 -2.5849307447034828e+01 9.0119470601217788e-01 2.0744634862691310e+01 5.9136996072545234e+00 -1.3040650578320072e+00 3.0553866021523688e+00 -1.0708411313675132e+00 1.1303326000000001e-02 7.9140122000000002e-01
3.1853541933959051e-01 -2.6696920265097386e+01 9.0649716149190829e-01 2.0060407483998663e+01 6.0444164014349635e+00 -1.3929931414768508e+00 3.0234201899096833e+00 -1.0290398807606305e+00 1.1084235000000000e-02 8.0259581999999996e-01
3.3008397207086115e-01 -2.7618091941027863e+01 9.1169354512627299e-01 1.9406475646488094e+01 6.1519842074037507e+00 -1.4870711495671176e+00 2.9921802800247295e+00 -9.8955602263876996e-01 1.0855490000000001e-02 8.1356647999999998e-01
3.4138672490834676e-01 -2.8619494299688270e+01 9.1677932870753021e-01 1.8782394039713200e+01 6.2386207161493479e+00 -1.5868020950162944e+00 2.9617128084781150e+00 -9.5228729932155043e-01 1.0617270000000000e-02 8.2430364000000000e-01
3.5243380374924771e-01 -2.9708633014656499e+01 9.2175006928707970e-01 1.8187649177291892e+01 6.3064158846785121e+00 -1.6927440187050249e+00 2.9320582684502834e+00 -9.1713475035413017e-01 1.0369760000000000e-02 8.3479791999999997e-01
3.6321553449924338e-01 -3.0893969486850093e+01 9.2660141391208195e-01 1.7621666086578024e+01 6.3573346323004269e+00 -1.8055178975875235e+00 2.9032521345068254e+00 -8.8400292286978743e-01 1.0113159000000000e-02 8.4504013000000000e-01
3.7372245359925393e-01 -3.2185064056258859e+01 9.3132910436207661e-01 1.7083821263421715e+01 6.3932193166054203e+00 -1.9258169331600521e+00 2.8753252582327327e+00 -8.5280000079000184e-01 9.8476710000000005e-03 8.5502127999999999e-01
3.8394530802544058e-01 -3.3592744505981628e+01 9.3592897714898327e-01 1.6573451740925460e+01 6.4157938240838259e+00 -2.0544173438653051e+00 2.8483042821658660e+00 -8.2343783597630038e-01 9.5735140000000000e-03 8.6473257999999997e-01
3.9387510792301550e-01 -3.5129314271809406e+01 9.4039698720019582e-01 1.6089862332357686e+01 6.4266671678897263e+00 -2.1921919237843177e+00 2.8222118984737707e+00 -7.9583190060226028e-01 9.2909130999999992e-03 8.7416548999999999e-01
4.0350307397243212e-01 -3.6808786277701699e+01 9.4472918417548746e-01 1.5632336375034217e+01 6.4273375411248228e+00 -2.3401247643556617e+00 2.7970673498389447e+00 -7.6990146394467707e-01 9.0001030000000006e-03 8.8331166999999999e-01
4.1282070054995690e-01 -3.8647182575160627e+01 9.4892174088672521e-01 1.5200140750918628e+01 6.4192075234544959e+00 -2.4993306201635823e+00 2.7728866569343458e+00 -7.4556951893670387e-01 8.7013270999999996e-03 8.9216304000000002e-01
4.2181972414738311e-01 -4.0662881321991065e+01 9.5297093908801211e-01 1.4792534769407792e+01 6.4035343466580992e+00 -2.6710768458087499e+00 2.7496829792355539e+00 -7.2276276258030703e-01 8.3948374000000006e-03 9.0071175000000003e-01
4.3049217600584178e-01 -4.2877057825691018e+01 9.5687319315878261e-01 1.4408774285377035e+01 6.3815434752341300e+00 -2.8568117004516886e+00 2.7274668998904876e+00 -7.0141156391860815e-01 8.0808944000000001e-03 9.0895022999999997e-01
4.3883034000875276e-01 -4.5314204885481161e+01 9.6062503115732722e-01 1.4048119806722742e+01 6.3543242146609593e+00 -3.0581971897285620e+00 2.7062467147832363e+00 -6.8145000369807418e-01 7.7597663000000001e-03 9.1687114999999997e-01
4.4682679478887355e-01 -4.8002800298578634e+01 9.6422311376726677e-01 1.3709839963504832e+01 6.3228891981364841e+00 -3.2771516512982433e+00 2.6860288582982061e+00 -6.6281574974368940e-01 7.4317293999999999e-03 9.2446746000000002e-01
4.5447442425506035e-01 -5.0976136977391441e+01 9.6766423903417342e-01 1.3393216381084105e+01 6.2881675176474214e+00 -3.5159025797727446e+00 2.6668176909946544e+00 -6.4545000703695876e-01 7.0970672000000004e-03 9.3173240000000002e-01
4.6176639653874518e-01 -5.4273361592069506e+01 9.7094533289233098e-01 1.3097548220897677e+01 6.2510106149509692e+00 -3.7770524671172767e+00 2.6486163211280660e+00 -6.2929748157517784e-01 6.7560703000000000e-03 9.3865947999999999e-01
4.6869621662774541e-01 -5.7940839695246410e+01 9.7406347284783090e-01 1.2822155030581939e+01 6.2121958540487041e+00 -4.0636659818484242e+00 2.6314263805672522e+00 -6.1430639784488450e-01 6.4090362999999996e-03 9.4524253000000003e-01
4.7525766320569141e-01 -6.2033871022592280e+01 9.7701585955885784e-01 1.2566382113495223e+01 6.1724311136284209e+00 -4.3793786855170254e+00 2.6152485250778081e+00 -6.0042823317793559e-01 6.0562691999999996e-03 9.5147563999999996e-01
4.8144489391964773e-01 -6.6619056095451754e+01 9.7979986420187970e-01 1.2329599802720574e+01 6.1323598337966034e+00 -4.7285487664133923e+00 2.6000823282784449e+00 -5.8761747221463678e-01 5.6980790999999996e-03 9.5735325999999998e-01
4.8725234011249141e-01 -7.1777331420113441e+01 9.8241298110545783e-01 1.2111209977486673e+01 6.0925642111245981e+00 -5.1164499822741849e+00 2.5859267539107447e+00 -5.7583306082499375e-01 5.3347821999999998e-03 9.6287009999999995e-01
4.9267481209053365e-01 -7.7608296999698027e+01 9.8485287511643671e-01 1.1910644752768004e+01 6.0535694560297184e+00 -5.5495495006259263e+00 2.5727800752442174e+00 -5.6503527899786388e-01 4.9667000000000001e-03 9.6802122999999995e-01
4.9770742543618518e-01 -8.4236117287107362e+01 9.8711734844361099e-01 1.1727371548245218e+01 6.0158477772216781e+00 -6.0358855237419782e+00 2.5606401843807389e+00 -5.5518873168008198e-01 4.5941591999999996e-03 9.7280200999999999e-01
5.0234568522205170e-01 -9.1818227141305812e+01 9.8920437855067767e-01 1.1560891248190297e+01 5.9798213927133226e+00 -6.5856267650541138e+00 2.5495045590872421e+00 -5.4626061956791094e-01 4.2174915999999996e-03 9.7720817000000004e-01
5.0658540179683909e-01 -1.0055792345467128e+02 9.9111208026328401e-01 1.1410743337250535e+01 5.9458663806014442e+00 -7.2118869174360141e+00 2.5393706002792089e+00 -5.3822118413404862e-01 3.8370333000000002e-03 9.8123572999999997e-01
5.1042277499944821e-01 -1.1072434632134171e+02 9.9283874366197944e-01 1.1276503643405485e+01 5.9143151780713721e+00 -7.9320063578620115e+00 2.5302354994952228e+00 -5.3104347814863095e-01 3.4531249000000000e-03 9.8488107999999996e-01
5.1385436257869033e-01 -1.2268413699681730e+02 9.9438281987235844e-01 1.1157787649278704e+01 5.8854595006653465e+00 -8.7696088494558371e+00 2.5220965098639332e+00 -5.2470339050893056e-01 3.0661112999999999e-03 9.8814095000000002e-01
5.1687705913976145e-01 -1.3695571173176455e+02 9.9574291159182282e-01 1.1054251002252078e+01 5.8595531887808514e+00 -9.7581147399511377e+00 2.5149509838966320e+00 -5.1917959649337042e-01 2.6763420000000000e-03 9.9101238999999997e-01
5.1948815930481562e-01 -1.5430899393844521e+02 9.9691780150929588e-01 1.0965588788429889e+01 5.8368139446623104e+00 -1.0947222293793468e+01 2.5087963717061519e+00 -5.1445342653115578e-01 2.2841723000000002e-03 9.9349282999999999e-01
5.2168533665944061e-01 -1.7596581629929895e+02 9.9790644283198326e-01 1.0891536858245871e+01 5.8174254273930650e+00 -1.2415935862346041e+01 2.5036303304757710e+00 -5.1050885629051557e-01 1.8899688000000000e-03 9.9558005999999999e-01
5.2346663322589582e-01 -2.0405984986588265e+02 9.9870795454875583e-01 1.0831872359513250e+01 5.8015391641125271e+00 -1.4302551813457502e+01 2.4994508058919842e+00 -5.0733249570503280e-01 1.4941295000000000e-03 9.9727222000000004e-01
5.2483060683778071e-01 -2.4293279722673788e+02 9.9932168774281327e-01 1.0786410379105401e+01 5.7892746298335176e+00 -1.6889202426091728e+01 2.4962557412381705e+00 -5.0491328830432358e-01 1.0971916000000000e-03 9.9856794000000004e-01
5.2577673115699308e-01 -3.0443985287868742e+02 9.9974740558320696e-01 1.0754989472823773e+01 5.7807168266320259e+00 -2.0948330701747739e+01 2.4940421541735951e+00 -5.0324179107534439e-01 7.0085733000000002e-04 9.9946672000000003e-01
