-1.6494258015258106e-01 -1.8249843070200268e+03 1.6494377199938942e-01 -1.6747435563054182e+03 -5.0804117581986964e+02 1.2055603607091420e+02 -1.1079768011532762e+02 -3.3001090083898738e+01 5.5301730000000003e-06 1.0230946000000001e-06
-1.6493634503635643e-01 -1.3450186819500830e+03 1.6495955527167711e-01 -1.1941633036653561e+03 -5.0788172926984174e+02 8.9375326316272407e+01 -7.9588478697798777e+01 -3.2993900128682945e+01 3.5894988000000002e-05 1.9923924999999999e-05
-1.6491678315600128e-01 -1.1222754746372086e+03 1.6500907327149955e-01 -9.6986628198578296e+02 -5.0738174313012593e+02 7.4897668284951791e+01 -6.5038314178633485e+01 -3.2971351693380036e+01 8.5619985000000003e-05 7.9222864999999994e-05
-1.6487805698194688e-01 -9.7610006296057736e+02 1.6510710283947233e-01 -8.2108230308094653e+02 -5.0639308185623162e+02 6.5387534523699301e+01 -5.5405738995607635e+01 -3.2926753935022674e+01 1.5173507999999999e-04 1.9661552000000001e-04
-1.6481505747329597e-01 -8.6752862791700909e+02 1.6526657675514686e-01 -7.0881849236223741e+02 -5.0478799148230559e+02 5.8313696482107325e+01 -4.8157441578767710e+01 -3.2854318338292394e+01 2.3255418000000001e-04 3.8758918999999998e-04
-1.6472313808084521e-01 -7.8148366771539406e+02 1.6549925706892149e-01 -6.1801769210524139e+02 -5.0245330894291692e+02 5.2696760054517718e+01 -4.2314414300485964e+01 -3.2748888007798762e+01 3.2689763000000001e-04 6.6622920000000002e-04
-1.6459799371197234e-01 -7.1052222657096820e+02 1.6581604148448506e-01 -5.4129093074051627e+02 -4.9928847448854981e+02 4.8053401289675023e+01 -3.7395118372748883e+01 -3.2605837618103841e+01 4.3385032000000002e-04 1.0455858000000000e-03
-1.6443559299352800e-01 -6.5041405589796159e+02 1.6622713482526291e-01 -4.7448688758524196e+02 -4.9520496345659518e+02 4.4109080737221085e+01 -3.3127994138420632e+01 -3.2421037030270192e+01 5.5265518999999999e-04 1.5378795000000000e-03
-1.6423213639942685e-01 -5.9851925892705469e+02 1.6674215502821232e-01 -4.1506410664781839e+02 -4.9012639970275558e+02 4.0692629927340917e+01 -2.9345673720619160e+01 -3.2190845655075954e+01 6.8265765000000004e-04 2.1546280000000000e-03
-1.6398402797613246e-01 -5.5307590267634168e+02 1.6737020471656511e-01 -3.6137457245131742e+02 -4.8398900130403371e+02 3.7689974249229948e+01 -2.5938620080958916e+01 -3.1912122344276867e+01 8.2327310000000005e-04 2.9067318999999999e-03
-1.6368785607732453e-01 -5.1284667985421186e+02 1.6811991996716116e-01 -3.1230726733023823e+02 -4.7674220533662628e+02 3.5021069522134042e+01 -2.2832009253965722e+01 -3.1582244241146277e+01 9.7396649000000004e-04 3.8045331000000002e-03
-1.6334037927777392e-01 -4.7692719332719497e+02 1.6899950596738586e-01 -2.6709372726061065e+02 -4.6834933821616897e+02 3.2627562317824918e+01 -1.9973056026111230e+01 -3.1199129147644538e+01 1.1342389000000000e-03 4.8578574999999999e-03
-1.6293851608090434e-01 -4.4463461968590394e+02 1.7001676306895108e-01 -2.2519424340790619e+02 -4.5878826310100789e+02 3.0465534710532356e+01 -1.7323752065995794e+01 -3.0761258507274182e+01 1.3036180000000001e-03 6.0760461999999999e-03
-1.6247933746337265e-01 -4.1543944476984825e+02 1.7117910566018521e-01 -1.8622723964641298e+02 -4.4805194179284194e+02 2.8500958291974445e+01 -1.4856312368726972e+01 -3.0267698802066249e+01 1.4816515000000000e-03 7.4679780999999997e-03
-1.6196006083815795e-01 -3.8892169503937640e+02 1.7249357744757787e-01 -1.4992319699476047e+02 -4.3614884981714795e+02 2.6706933145331899e+01 -1.2550235757143431e+01 -2.9718119104482319e+01 1.6679024999999999e-03 9.0420881999999994e-03
-1.6137804596397734e-01 -3.6474184126871205e+02 1.7396686181048757e-01 -1.1609330474572356e+02 -4.2310322372852204e+02 2.5061772489257933e+01 -1.0390325990210812e+01 -2.9112803599292292e+01 1.8619452999999999e-03 1.0806380000000001e-02
-1.6073079115159866e-01 -3.4262083372855102e+02 1.7560529140429823e-01 -8.4607220680975132e+01 -4.0895507948512613e+02 2.3547702195957964e+01 -8.3653054279302239e+00 -2.8452654559641598e+01 2.0633631000000000e-03 1.2768437000000001e-02
-1.6001593151544574e-01 -3.2232606962943407e+02 1.7741485258622178e-01 -5.5376834187631530e+01 -3.9376002029048720e+02 2.2149947102537126e+01 -6.4668186313159275e+00 -2.7739202179105654e+01 2.2717459999999998e-03 1.4935428000000001e-02
-1.5923123603761435e-01 -3.0366121944945439e+02 1.7940119284730607e-01 -2.8343906946261679e+01 -3.7758874878637130e+02 2.0856068624389501e+01 -4.6886867701424020e+00 -2.6974578205041514e+01 2.4866887000000002e-03 1.7314116000000001e-02
-1.5837460763384945e-01 -2.8645880517280494e+02 1.8156962064542362e-01 -3.4705746776711339e+00 -3.6052636652083652e+02 1.9655481698461536e+01 -3.0263466502229872e+00 -2.6161509605635949e+01 2.7077901999999999e-03 1.9910858000000000e-02
-1.5744407952480080e-01 -2.7057455351515148e+02 1.8392511459089930e-01 1.9268303066357547e+01 -3.4267132133289510e+02 1.8539087165967892e+01 -1.4764051948464560e+00 -2.5303285458458273e+01 2.9346520999999999e-03 2.2731616000000000e-02
-1.5643781721533828e-01 -2.5588318487778031e+02 1.8647231843616804e-01 3.9891153827920753e+01 -3.2413419814688717e+02 1.7498998526137722e+01 -3.6297182460157229e-02 -2.4403727095558359e+01 3.1668782999999998e-03 2.5781951000000001e-02
-1.5535411651523665e-01 -2.4227509784932209e+02 1.8921554608611721e-01 5.8414674725995489e+01 -3.0503617728684657e+02 1.6528326267220777e+01 1.2960042429241618e+00 -2.3467135912859515e+01 3.4040742000000001e-03 2.9067029000000001e-02
-1.5419140221963229e-01 -2.2965379182411351e+02 1.9215878493831504e-01 7.4857849440337318e+01 -2.8550727607701378e+02 1.5621008400970975e+01 2.5222065337569610e+00 -2.2498243886623101e+01 3.6458464000000000e-03 3.2591624999999999e-02
-1.5294823008833819e-01 -2.1793376017138098e+02 1.9530569087266797e-01 8.9245122105524260e+01 -2.6568444991040963e+02 1.4771681728955413e+01 3.6438857375414386e+00 -2.1502152923976261e+01 3.8918026000000000e-03 3.6360116999999997e-02
-1.5162328420675725e-01 -2.0703894779873815e+02 1.9865959493187751e-01 1.0160895911768451e+02 -2.4570944884525096e+02 1.3975572251639974e+01 4.6626380179902878e+00 -2.0484267672880044e+01 4.1415510999999999e-03 4.0376493999999999e-02
-1.5021537797553991e-01 -1.9690133890666698e+02 2.0222350081626883e-01 1.1199173297735335e+02 -2.2572661374045947e+02 1.3228410429248020e+01 5.5801981893084465e+00 -1.9450221796209959e+01 4.3947007000000003e-03 4.4644352999999998e-02
-1.4872345411058394e-01 -1.8745988617795163e+02 2.0600008488379085e-01 1.2044705359282325e+02 -2.0588058238152337e+02 1.2526359564503423e+01 6.3985336513933522e+00 -1.8405802635186237e+01 4.6508610999999997e-03 4.9166899000000000e-02
-1.4714658332349126e-01 -1.7865959560287320e+02 2.0999169949024454e-01 1.2704058784449617e+02 -1.8631395193811670e+02 1.1865959803862319e+01 7.1199160598205848e+00 -1.7356870794326046e+01 4.9096423000000002e-03 5.3946949000000001e-02
-1.4548396597099711e-01 -1.7045077238700972e+02 2.1420036881399745e-01 1.3185035780644321e+02 -1.6716501092013758e+02 1.1244078532334346e+01 7.7469703484987233e+00 -1.6309281049214114e+01 5.1706551000000002e-03 5.8986927000000001e-02
-1.4373492908599741e-01 -1.6278839209305454e+02 2.1862779637149760e-01 1.3496661817061062e+02 -1.4856549449225545e+02 1.0657870423004912e+01 8.2827069524826573e+00 -1.5268800681902061e+01 5.4335110000000002e-03 6.4288872999999996e-02
-1.4189892934652140e-01 -1.5563156060005116e+02 2.2327535750175961e-01 1.3649129680400443e+02 -1.3063854052373784e+02 1.0104742899272784e+01 8.7305344285481699e+00 -1.4241033815384109e+01 5.6978226000000002e-03 6.9854434000000007e-02
-1.3997554977687326e-01 -1.4894304463565950e+02 2.2814410771693555e-01 1.3653707750134402e+02 -1.1349676201482690e+02 9.5823280660841164e+00 9.0942586686391458e+00 -1.3231345486719123e+01 5.9632034000000004e-03 7.5684873999999999e-02
-1.3796450139706129e-01 -1.4268888584333783e+02 2.3323477852702953e-01 1.3522615061103002e+02 -9.7240584455579324e+01 9.0884541859479206e+00 9.3780666691476871e+00 -1.2244793944504620e+01 6.2292681999999997e-03 8.1781068999999998e-02
-1.3586562190325444e-01 -1.3683805537673686e+02 2.3854778078012612e-01 1.3268869044324458e+02 -8.1956825574343767e+01 8.6211321444322433e+00 9.5864987738677296e+00 -1.1286069545888292e+01 6.4956331999999999e-03 8.8143510999999994e-02
-1.3367887566778253e-01 -1.3136215850227725e+02 2.4408320466239014e-01 1.2906111452584642e+02 -6.7717576622186812e+01 8.1785290608240864e+00 9.7244102389943503e+00 -1.0359433148761012e+01 6.7619166000000000e-03 9.4772308000000000e-02
-1.3140435175982107e-01 -1.2623517165029541e+02 2.4984082470840946e-01 1.2448416877807773e+02 -5.4579384288467011e+01 7.7589558780216956e+00 9.7969239129051306e+00 -9.4686803870910712e+00 7.0277381999999996e-03 1.0166719000000000e-01
-1.2904226361550558e-01 -1.2143321674080167e+02 2.5582010063625171e-01 1.1910093914752757e+02 -4.2582777107495360e+01 7.3608526406926797e+00 9.8093750555666173e+00 -8.6170981990178781e+00 7.2927204000000001e-03 1.0882751000000000e-01
-1.2659295365633305e-01 -1.1693437183057749e+02 2.6202016565666542e-01 1.1305474673520835e+02 -3.1752144869002713e+01 6.9827769893446732e+00 9.7672557335200363e+00 -7.8074418088538993e+00 7.5564877000000004e-03 1.1625223000000000e-01
-1.2405688372247295e-01 -1.1271846743640621e+02 2.6843985068973536e-01 1.0648713242388655e+02 -2.2095879086786919e+01 6.6233917012609398e+00 9.6761469797130566e+00 -7.0419154646174924e+00 7.8186677999999999e-03 1.2393994999999999e-01
-1.2143463441299540e-01 -1.0876694349473253e+02 2.7507768603499660e-01 9.9535837134886791e+01 -1.3606888470144616e+01 6.2814553237934359e+00 9.5416578736353852e+00 -6.3221669607390307e+00 8.0788911000000008e-03 1.3188891000000000e-01
-1.1872691498244636e-01 -1.0506272225388140e+02 2.8193187631972205e-01 9.2332961885731294e+01 -6.2634339159190038e+00 5.9558149173845578e+00 9.3693613689512070e+00 -5.6492946976225502e+00 8.3367917000000003e-03 1.4009695999999999e-01
-1.1593455014541409e-01 -1.0159005632119373e+02 2.8900033390120594e-01 8.5003215065183582e+01 -3.0152558319616024e-02 5.6453967611560039e+00 9.1647330315975761e+00 -5.0238579153168619e+00 8.5920070000000005e-03 1.4856159999999999e-01
-1.1305848667424598e-01 -9.8334433249847436e+01 2.9628066216562188e-01 7.7662441246437623e+01 5.1406225076881142e+00 5.3492003817233531e+00 8.9330880660696526e+00 -4.4458998355714456e+00 8.8441787999999997e-03 1.5727996000000000e-01
-1.1009978680133170e-01 -9.5282465334755955e+01 3.0377017222916475e-01 7.0416282670690620e+01 9.3073833832715724e+00 5.0662917171218416e+00 8.6795336993729286e+00 -3.9149816955080272e+00 9.0929527999999999e-03 1.6624881999999999e-01
-1.0705962821910334e-01 -9.2421800688219804e+01 3.1146588293805055e-01 6.3359175724232841e+01 1.2537802889074742e+01 4.7957977046309654e+00 8.4089149117494451e+00 -3.4302132088456889e+00 9.3379794999999995e-03 1.7546460999999999e-01
-1.0393930078117694e-01 -8.9741039259254535e+01 3.1936452921908737e-01 5.6573576794660994e+01 1.4906995915764565e+01 4.5369010399569145e+00 8.1257792027563323e+00 -2.9903002946425730e+00 9.5789143999999993e-03 1.8492342000000001e-01
-1.0074021639892770e-01 -8.7229668576506825e+01 3.2746253702796280e-01 5.0129499839699648e+01 1.6495718773250960e+01 4.2888364765706264e+00 7.8343341787713792e+00 -2.5935930628694912e+00 9.8154178999999998e-03 1.9462097000000000e-01
-9.7463892547198061e-02 -8.4877979024368358e+01 3.3575606510209793e-01 4.4084265214707621e+01 1.7388573116134417e+01 4.0508853250562291e+00 7.5384244788184303e+00 -2.2381340311398343e+00 1.0047156000000000e-02 2.0455266000000000e-01
-9.4111948965439382e-02 -8.2677009300397287e+01 3.4424101331121859e-01 3.8482557956951680e+01 1.7672233931533409e+01 3.8223715437227495e+00 7.2415117070315471e+00 -1.9217114193823108e+00 1.0273801000000001e-02 2.1471357999999999e-01
-9.0686124152003764e-02 -8.0618500199354784e+01 3.5291298090450079e-01 3.3356757326071161e+01 1.7433768664615307e+01 3.6026599224031619e+00 6.9466629733030878e+00 -1.6419141325983773e+00 1.0495031000000000e-02 2.2509846000000000e-01
-8.7188255570993939e-02 -7.8694831104030570e+01 3.6176731661399586e-01 2.8727435459561580e+01 1.6759022231389984e+01 3.3911508107247843e+00 6.6565467326479153e+00 -1.3961826800462922e+00 1.0710529999999999e-02 2.3570173000000000e-01
-8.3620282951121533e-02 -7.6898979273723725e+01 3.7079911030405965e-01 2.4604097350755325e+01 1.5731214555523801e+01 3.1872784011052109e+00 6.3734349701957491e+00 -1.1818609498926687e+00 1.0919989999999999e-02 2.4651751000000000e-01
-7.9984251584565499e-02 -7.5224483486946284e+01 3.8000318462078164e-01 2.0986085241593582e+01 1.4429650645890222e+01 2.9905073430147362e+00 6.0992134704914722e+00 -9.9624495988417550e-01 1.1123108000000000e-02 2.5753959999999998e-01
-7.6282302430397020e-02 -7.3665397096156070e+01 3.8937412004369742e-01 1.7863601272080093e+01 1.2928645143576873e+01 2.8003305401851812e+00 5.8353965647743955e+00 -8.3662771189921181e-01 1.1319591000000000e-02 2.6876150999999998e-01
-7.2516668815721164e-02 -7.2216257805062966e+01 3.9890626323635947e-01 1.5218848893426291e+01 1.1296617379291717e+01 2.6162663627250167e+00 5.5831473986804268e+00 -7.0033866062120076e-01 1.1509152000000000e-02 2.8017647000000001e-01
-6.8689679734535269e-02 -7.0872058265611372e+01 4.0859371869576655e-01 1.3027236082294401e+01 9.5954261696024687e+00 2.4378567925862287e+00 5.3433024942210086e+00 -5.8478254701397903e-01 1.1691511000000000e-02 2.9177742000000001e-01
-6.4803763146587229e-02 -6.9628219524209214e+01 4.1843034040179250e-01 1.1258610651692255e+01 7.8798842444611674e+00 2.2646656539747205e+00 5.1164003091831773e+00 -4.8746872460723828e-01 1.1866398000000000e-02 3.0355700000000002e-01
-6.0861419586508744e-02 -6.8480557897661242e+01 4.2840979862175321e-01 9.8784780152427007e+00 6.1974647193959287e+00 2.0962754821275822e+00 4.9027096939128505e+00 -4.0603770405422385e-01 1.2033550000000000e-02 3.1550762999999998e-01
-5.6865245255823704e-02 -6.7425271057652466e+01 4.3852552145641077e-01 8.8492185470027493e+00 4.5882222641583290e+00 1.9322869517396359e+00 4.7022631408374824e+00 -3.3828128564729981e-01 1.2192715000000000e-02 3.2762143999999999e-01
-5.2817915528656528e-02 -6.6458913141338584e+01 4.4877073659282718e-01 8.1312304194993832e+00 3.0848491874211081e+00 1.7723165052579954e+00 4.5148884743154190e+00 -2.8215847168777763e-01 1.2343646000000000e-02 3.3989032000000002e-01
-4.8722188250590437e-02 -6.5578378229393095e+01 4.5913846295379412e-01 7.6839672485005845e+00 1.7129209668903949e+00 1.6159949586999036e+00 4.3402413165275675e+00 -2.3580584876845123e-01 1.2486109000000000e-02 3.5230591000000000e-01
-4.4580890543234081e-02 -6.4780882244514387e+01 4.6962154410011592e-01 7.4669506242340846e+00 4.9124076117076143e-01 1.4629655454630663e+00 4.1778362186532343e+00 -1.9754329732862669e-01 1.2619877000000000e-02 3.6485963999999999e-01
-4.0396928700796544e-02 -6.4063951706168979e+01 4.8021262317889724e-01 7.4405964129439450e+00 -5.6767794993818832e-01 1.3128829246160554e+00 4.0270773596349256e+00 -1.6587565951420391e-01 1.2744734000000001e-02 3.7754270000000001e-01
-3.6173278293512412e-02 -6.3425409817721317e+01 4.9090416797525505e-01 7.5669514779535909e+00 -1.4570637389332426e+00 1.1654114521435242e+00 3.8872864611372258e+00 -1.3948996319096363e-01 1.2860473000000001e-02 3.9034606999999999e-01
-3.1912977569924866e-02 -6.2863365899577097e+01 5.0168848761346130e-01 7.8103375202213048e+00 -2.1752630936938662e+00 1.0202236727233069e+00 3.7577287661403043e+00 -1.1725207735089684e-01 1.2966896000000000e-02 4.0326054000000000e-01
-2.7619134054602590e-02 -6.2376208107464876e+01 5.1255771585580023e-01 8.1377879300127525e+00 -2.7250808375197333e+00 8.7699930764897438e-01 3.6376366744796145e+00 -9.8194017742137804e-02 1.3063819000000001e-02 4.1627669000000000e-01
-2.3294904754989576e-02 -6.1962594549308733e+01 5.2350386120599368e-01 8.5194439335972287e+00 -3.1130998749803247e+00 7.3542333554035411e-01 3.5262301707624131e+00 -8.1507802847436375e-02 1.3151064000000001e-02 4.2938494999999999e-01
-1.8943515954555123e-02 -6.1621450131316344e+01 5.3451875680577643e-01 8.9288152326609875e+00 -3.3489998667689482e+00 5.9518547006242661e-01 3.4227350343219562e+00 -6.6531106231639422e-02 1.3228465999999999e-02 4.4257553999999999e-01
-1.4568236821927233e-02 -6.1351962152029756e+01 5.4559412723946255e-01 9.3427832779191409e+00 -3.4448933445851289e+00 4.5597806705118771e-01 3.3263973485385021e+00 -5.2734317667657356e-02 1.3295871000000001e-02 4.5583855000000001e-01
-1.0172392606325881e-02 -6.1153577454312618e+01 5.5672155513166188e-01 9.7419010584715160e+00 -3.4146924809486170e+00 3.1749537265467298e-01 3.2364960729930852e+00 -3.9706296748373525e-02 1.3353135000000000e-02 4.6916390000000002e-01
-5.7593481432712812e-03 -6.1026002988457705e+01 5.6789252290013459e-01 1.0110074636745493e+01 -3.2735183035351132e+00 1.7943176598565680e-01 3.1523519648618894e+00 -2.7140277795593342e-02 1.3400123999999999e-02 4.8254139000000001e-01
-1.3325144523005372e-03 -6.0969207147980427e+01 5.7909839605464919e-01 1.0434570205120222e+01 -3.0371640445188355e+00 4.1480740467072064e-02 3.0733353154209579e+00 -1.4819384085694401e-02 1.3436718000000000e-02 4.9596067999999999e-01
3.1046644584656891e-03 -6.0983422906323298e+01 5.9033045659926608e-01 1.0705796559091107e+01 -2.7216144080053972e+00 -9.6666772178615190e-02 2.9988698308799711e+00 -2.6025080079101785e-03 1.3462807000000000e-02 5.0941133000000005e-01
7.5486983968896804e-03 -6.1069152644081107e+01 6.0157986963005405e-01 1.0917071317756776e+01 -2.3426335611193916e+00 -2.3532327058999458e-01 2.9284358792954550e+00 9.5881614348833563e-03 1.3478291000000000e-02 5.2288276000000000e-01
1.1996080676542148e-02 -6.1227175285011370e+01 6.1283775849022781e-01 1.1064337943785603e+01 -1.9154159296308839e+00 -3.7480701120349691e-01 2.8615707224410487e+00 2.1780103519366281e-02 1.3483083000000000e-02 5.3636434000000000e-01
1.6443271622410105e-02 -6.1458555203280142e+01 6.2409516301729384e-01 1.1145879170913311e+01 -1.4542745844611196e+00 -5.1544289615319716e-01 2.7978682821961351e+00 3.3961380140955261e-02 1.3477108000000000e-02 5.4984533999999996e-01
2.0886705168613851e-02 -6.1764652935346568e+01 6.3534305624419196e-01 1.1161998075621993e+01 -9.7247589368951048e-01 -6.5756417137513212e-01 2.7369770447967166e+00 4.6090892408215976e-02 1.3460300999999999e-02 5.6331494999999998e-01
2.5322798754981862e-02 -6.2147139523507398e+01 6.4657236945100793e-01 1.1114707772688881e+01 -4.8201852598814776e-01 -8.0151433500359293e-01 2.6785970308055851e+00 5.8107160465152088e-02 1.3432611000000001e-02 5.7676231000000000e-01
2.9747959924767586e-02 -6.2608011246257028e+01 6.5777400886611515e-01 1.1007421180316431e+01 6.4475683637213576e-03 -9.4764907592745073e-01 2.6224761059500081e+00 6.9936506753921837e-02 1.3393997000000000e-02 5.9017653000000003e-01
3.4158576428074294e-02 -6.3149609536770583e+01 6.6893883061446180e-01 1.0844655550966822e+01 4.8368220022424507e-01 -1.0963377703545700e+00 2.5684059034801230e+00 8.1497396071015665e-02 1.3344429999999999e-02 6.0354666000000001e-01
3.8551029417288607e-02 -6.3774641829831509e+01 6.8005767411985452e-01 1.0631754842366702e+01 9.4187184523883960e-01 -1.2479658999139924e+00 2.5162172143778458e+00 9.2710173582068761e-02 1.3283893999999999e-02 6.1686173000000000e-01
4.2921706642513879e-02 -6.4486208790670432e+01 6.9112139550724194e-01 1.0374632188453806e+01 1.3746080704650467e+00 -1.4029376622843901e+00 2.4657751514967279e+00 1.0349664127030807e-01 1.3212384000000001e-02 6.3011079000000003e-01
4.7266982658419915e-02 -6.5287829754964747e+01 7.0212081749928890e-01 1.0079543096032674e+01 1.7768285483441617e+00 -1.5616776068624656e+00 2.4169747153550527e+00 1.1378569029654509e-01 1.3129907000000000e-02 6.4328284999999996e-01
5.1583241916251771e-02 -6.6183478625105067e+01 7.1304678787037301e-01 9.7528794298320882e+00 2.1447483781222654e+00 -1.7246342073771488e+00 2.3697362191060529e+00 1.2351526410538360e-01 1.3036481000000001e-02 6.5636695000000000e-01
5.5866882062687778e-02 -6.7177621886927355e+01 7.2389018779715497e-01 9.4009977861407137e+00 2.4757507216676711e+00 -1.8922824730362553e+00 2.3240003778451115e+00 1.3263377683385802e-01 1.2932137999999999e-02 6.6935217000000002e-01
6.0114304043264677e-02 -6.8275259199571281e+01 7.3464190680686658e-01 9.0300733735649050e+00 2.7682853565316496e+00 -2.0651271280610191e+00 2.2797250947587697e+00 1.4110104838902010e-01 1.2816919000000000e-02 6.8222760000000005e-01
6.4321931895527623e-02 -6.9481975759811704e+01 7.4529289288073508e-01 8.6459819575372130e+00 3.0217449588175396e+00 -2.2437066392387219e+00 2.2368817203209481e+00 1.4888858349769560e-01 1.2690879000000000e-02 6.9498240000000000e-01
6.8486206151313594e-02 -7.0803996053816434e+01 7.5583413575284208e-01 8.2542045531443069e+00 3.2363423674971314e+00 -2.4285969594537984e+00 2.1954511188539296e+00 1.5597938125586244e-01 1.2554085000000000e-02 7.0760577999999996e-01
7.2603587135609687e-02 -7.2248247021479386e+01 7.6625667526069396e-01 7.8597663095107579e+00 3.4129890050110476e+00 -2.6204159784423737e+00 2.1554213290532820e+00 1.6236740364815352e-01 1.2406611999999999e-02 7.2008700999999997e-01
7.6670571460844855e-02 -7.3822435235983448e+01 7.7655164309807645e-01 7.4671836354404393e+00 3.5531713922633239e+00 -2.8198291632695884e+00 2.1167848214180736e+00 1.6805675461121053e-01 1.2248551000000000e-02 7.3241546999999996e-01
8.0683682130314932e-02 -7.5535125652158086e+01 7.8671023776334148e-01 7.0804405986829781e+00 3.6588377086425621e+00 -3.0275547162361045e+00 2.0795366561796307e+00 1.7306064801545834e-01 1.2080001999999999e-02 7.4458062000000003e-01
8.4639475135899173e-02 -7.7395837069834656e+01 7.9672374126054935e-01 6.7029800283645740e+00 3.7322910521141095e+00 -3.2443700565382247e+00 2.0436727358902669e+00 1.7740023818724290e-01 1.1901076999999999e-02 7.5657202000000001e-01
8.8534546055777180e-02 -7.9415153178169575e+01 8.0658353580061026e-01 6.3377063648778984e+00 3.7760893748042408e+00 -3.4711192720195312e+00 2.0091884349600555e+00 1.8110343262502895e-01 1.1711898000000000e-02 7.6837935000000002e-01
9.2365539951003800e-02 -8.1604847597195942e+01 8.1628112885299697e-01 5.9870017639245470e+00 3.7929582224256979e+00 -3.7087218047089867e+00 1.9760775491781155e+00 1.8420364699550487e-01 1.1512599000000000e-02 7.7999244000000001e-01
9.6129134871217409e-02 -8.3978022019266064e+01 8.2580811139289023e-01 5.6527545158337160e+00 3.7857110521009747e+00 -3.9581806843447316e+00 1.9443315756293640e+00 1.8673862859481130e-01 1.1303326000000001e-02 7.9140122000000002e-01
9.9822074843223446e-02 -8.6549286067663871e+01 8.3515624140688716e-01 5.3363880749774042e+00 3.7571831303188890e+00 -4.2205953428384646e+00 1.9139389482537155e+00 1.8874900036985123e-01 1.1084235000000000e-02 8.0259581999999996e-01
1.0344114018126929e-01 -8.9334928254054375e+01 8.4431736873786423e-01 5.0389027285343921e+00 3.7101736143582551e+00 -4.4971713838166654e+00 1.8848867006849144e+00 1.9027785977660985e-01 1.0855490000000001e-02 8.1356647999999998e-01
1.0698317717676933e-01 -9.2353159899783861e+01 8.5328351024011428e-01 4.7609145925491294e+00 3.6473990803867404e+00 -4.7892374513093401e+00 1.8571562207441323e+00 1.9136919541680844e-01 1.0617270000000000e-02 8.2430364000000000e-01
1.1044509150058826e-01 -9.5624363469410596e+01 8.6204683307820473e-01 4.5026986027045259e+00 3.5714547099163965e+00 -5.0982608069531370e+00 1.8307276067253611e+00 1.9206726203100644e-01 1.0369760000000000e-02 8.3479791999999997e-01
1.1382385150189964e-01 -9.9171400539491088e+01 8.7059966307754910e-01 4.2642329634632983e+00 3.4847873506146883e+00 -5.4258669037816301e+00 1.8055776269629038e+00 1.9241582426083659e-01 1.0113159000000000e-02 8.4504013000000000e-01
1.1711649150704392e-01 -1.0301996836361896e+02 8.7893449307497695e-01 4.0452411027891069e+00 3.3896726091091542e+00 -5.7738621667654266e+00 1.7816804623638591e+00 1.9245750169942394e-01 9.8476710000000005e-03 8.5502127999999999e-01
1.2032011181952870e-01 -1.0719901797046646e+02 8.8704398291873454e-01 3.8452347556600865e+00 3.2882079276495024e+00 -6.1442604706283861e+00 1.7590079509374132e+00 1.9223336317404324e-01 9.5735140000000000e-03 8.6473257999999997e-01
1.2343189521432044e-01 -1.1174127469438895e+02 8.9492100122133866e-01 3.6635438339337396e+00 3.1822747884868599e+00 -6.5393165034495766e+00 1.7375302558829331e+00 1.9178235973342411e-01 9.2909130999999992e-03 8.7416548999999999e-01
1.2644909044355260e-01 -1.1668380607515088e+02 9.0255858360672259e-01 3.4993701465055418e+00 3.0735960941596074e+00 -6.9615615162929725e+00 1.7172157457649817e+00 1.9114115339053658e-01 9.0001030000000006e-03 8.8331166999999999e-01
1.2936903202967584e-01 -1.2206877159786875e+02 9.0994998281366102e-01 3.3518033901591511e+00 2.9636775425758706e+00 -7.4138508796381393e+00 1.6980316981459413e+00 1.9034382588059259e-01 8.7013270999999996e-03 8.9216304000000002e-01
1.3218913036888300e-01 -1.2794427619016058e+02 9.1708864364405740e-01 3.2198593011168781e+00 2.8538438721498927e+00 -7.8994174788473588e+00 1.6799447118114137e+00 1.8942181058273380e-01 8.3948374000000006e-03 9.0071175000000003e-01
1.3490688822540062e-01 -1.3436544778435493e+02 9.2396824471579853e-01 3.1025019936242022e+00 2.7452408083853475e+00 -8.4219410874632139e+00 1.6629209258016941e+00 1.8840377942861786e-01 8.0808944000000001e-03 9.0895022999999997e-01
1.3751988753605596e-01 -1.4139571741695323e+02 9.3058266506047094e-01 2.9986725753153767e+00 2.6388450727869537e+00 -8.9856281411816461e+00 1.6469265126955572e+00 1.8731570303247658e-01 7.7597663000000001e-03 9.1687114999999997e-01
1.4002580260570999e-01 -1.4910845721680667e+02 9.3692601752564386e-01 2.9073030163844229e+00 2.5354769761423275e+00 -9.5953168305329477e+00 1.6319278953020946e+00 1.8618082646964496e-01 7.4317293999999999e-03 9.2446746000000002e-01
1.4242240340611609e-01 -1.5758901635032413e+02 9.4299265712544089e-01 2.8273353284760079e+00 2.4358130805837326e+00 -1.0256602002445764e+01 1.6178919763741682e+00 1.8501980498625975e-01 7.0970672000000004e-03 9.3173240000000002e-01
1.4470754897820295e-01 -1.6693726128497428e+02 9.4877716433939741e-01 2.7577378306035678e+00 2.3404001891382546e+00 -1.0976003881135249e+01 1.6047865874052372e+00 1.8385086584127180e-01 6.7560703000000000e-03 9.3865947999999999e-01
1.4687920392636675e-01 -1.7727092885882152e+02 9.5427438686531552e-01 2.6975089776386598e+00 2.2496689229812699e+00 -1.1761173835179861e+01 1.5925805543753064e+00 1.8268986137725290e-01 6.4090362999999996e-03 9.4524253000000003e-01
1.4893541862532075e-01 -1.8872981251853889e+02 9.5947938951583844e-01 2.6456955518347844e+00 2.1639474389874094e+00 -1.2621162518823803e+01 1.5812439122764494e+00 1.8155049359596201e-01 6.0562691999999996e-03 9.5147563999999996e-01
1.5087436220867897e-01 -2.0148160737968735e+02 9.6438753772415942e-01 2.6013930238547815e+00 2.0834751655043799e+00 -1.3566793197890203e+01 1.5707480522771278e+00 1.8044458054150667e-01 5.6980790999999996e-03 9.5735325999999998e-01
1.5269428958037265e-01 -2.1572931789127381e+02 9.6899441403831255e-01 2.5637520192441365e+00 2.0084151888933568e+00 -1.4611134091644177e+01 1.5610659732569103e+00 1.7938201180509944e-01 5.3347821999999998e-03 9.6287009999999995e-01
1.5439357440323362e-01 -2.3172193333256695e+02 9.7329590162688207e-01 2.5319831855277384e+00 1.9388667724821522e+00 -1.5770180167573054e+01 1.5521721939885729e+00 1.7837125912688676e-01 4.9667000000000001e-03 9.6802122999999995e-01
1.5597068600698608e-01 -2.4976891785783189e+02 9.7728812582500579e-01 2.5053544630290556e+00 1.8748767002572564e+00 -1.7063781494707861e+01 1.5440429043857464e+00 1.7741916089906196e-01 4.5941591999999996e-03 9.7280200999999999e-01
1.5742421577911322e-01 -2.7026177504659739e+02 9.8096752093894235e-01 2.4831976429957328e+00 1.8164488050128573e+00 -1.8517022370693347e+01 1.5366561384582105e+00 1.7653139914341176e-01 4.2174915999999996e-03 9.7720817000000004e-01
1.5875285077399040e-01 -2.9370517504468347e+02 9.8433076344150361e-01 2.4649145997306134e+00 1.7635554141654974e+00 -2.0162229657697040e+01 1.5299916702542298e+00 1.7571259102704173e-01 3.8370333000000002e-03 9.8123572999999997e-01
1.5995540010375228e-01 -3.2076621865661247e+02 9.8737483877662269e-01 2.4499506161493092e+00 1.7161429520870968e+00 -2.2042138222187855e+01 1.5240310858140220e+00 1.7496636027732176e-01 3.4531249000000000e-03 9.8488107999999996e-01
1.6103078504171733e-01 -3.5235328973136592e+02 9.9009701630764024e-01 2.4378235461707098e+00 1.6741460751312554e+00 -2.4214978801676612e+01 1.5187577082749377e+00 1.7429561746958969e-01 3.0661112999999999e-03 9.8814095000000002e-01
1.6197803242467138e-01 -3.8975078463041069e+02 9.9249483261616323e-01 2.4281067278866177e+00 1.6374840114392726e+00 -2.6763177863236134e+01 1.5141568456616608e+00 1.7370257166864170e-01 2.6763420000000000e-03 9.9101238999999997e-01
1.6279629444601759e-01 -4.3486751073635190e+02 9.9456614160549006e-01 2.4204298496340302e+00 1.6060763753433733e+00 -2.9809426054743053e+01 1.5102154907365311e+00 1.7318891069898765e-01 2.2841723000000002e-03 9.9349282999999999e-01
1.6348484205806005e-01 -4.9073645687745034e+02 9.9630909779946886e-01 2.4144776761689428e+00 1.5798432049211750e+00 -3.3549063806221135e+01 1.5069225155500476e+00 1.7275587896294009e-01 1.8899688000000000e-03 9.9558005999999999e-01
1.6404306167314500e-01 -5.6266332391739445e+02 9.9772214799192649e-01 2.4099890222868603e+00 1.5587108077931149e+00 -3.8324448016893172e+01 1.5042685468789947e+00 1.7240438013247850e-01 1.4941295000000000e-03 9.9727222000000004e-01
1.6447050134767802e-01 -6.6146723168720246e+02 9.9880414815465990e-01 2.4067540184053389e+00 1.5426131493338606e+00 -4.4835322795333234e+01 1.5022458174706523e+00 1.7213501807321277e-01 1.0971916000000000e-03 9.9856794000000004e-01
1.6476699613874154e-01 -8.1675712320738648e+02 9.9955468075912812e-01 2.4046121414297983e+00 1.5314904462108989e+00 -5.5000891953446967e+01 1.5008475527798979e+00 1.7194808587629737e-01 7.0085733000000002e-04 9.9946672000000003e-01
