-2.4622194659429725e-01 -1.6558125739086938e+03 2.4622322159775664e-01 -1.5904711372137288e+03 -4.8182458658582743e+02 1.1129141976016908e+02 -1.0701215262823132e+02 -3.1562162110185856e+01 5.5301730000000003e-06 1.0230946000000001e-06
-2.4621263897674542e-01 -1.2007058526543428e+03 2.4623746861938076e-01 -1.1347046108585316e+03 -4.8167895495545241e+02 8.1474513231487975e+01 -7.7164434132744930e+01 -3.1555573407365351e+01 3.5894988000000002e-05 1.9923924999999999e-05
-2.4618343751611815e-01 -9.8968257424579656e+02 2.4628216682906712e-01 -9.2201640524483298e+02 -4.8122228271775873e+02 6.7638748723634961e+01 -6.3250326823406922e+01 -3.1534910281850905e+01 8.5619985000000003e-05 7.9222864999999994e-05
-2.4612562810176922e-01 -8.5142325612008790e+02 2.4637065477689263e-01 -7.8096617041092406e+02 -4.8031924136633955e+02 5.8561017247737723e+01 -5.4040343472323599e+01 -3.1494040126766102e+01 1.5173507999999999e-04 1.9661552000000001e-04
-2.4603158409178605e-01 -7.4897545113162755e+02 2.4651460644190107e-01 -6.7457251749156160e+02 -4.7885307540645726e+02 5.1820613913852434e+01 -4.7111662036078748e+01 -3.1427655262682528e+01 2.3255418000000001e-04 3.8758918999999998e-04
-2.4589436923969599e-01 -6.6803432481562709e+02 2.4672463902585604e-01 -5.8855335820992002e+02 -4.7672028913321594e+02 4.6480712734426440e+01 -4.1527736659419524e+01 -3.1331023734778942e+01 3.2689763000000001e-04 6.6622920000000002e-04
-2.4570755701643204e-01 -6.0153214663161793e+02 2.4701058951422405e-01 -5.1589817746933841e+02 -4.7382880468167895e+02 4.2078755059320869e+01 -3.6827888516423101e+01 -3.1199896423881228e+01 4.3385032000000002e-04 1.0455858000000000e-03
-2.4546512949415925e-01 -5.4544604970797752e+02 2.4738166945308768e-01 -4.5266634697463371e+02 -4.7009741602088735e+02 3.8351756599362162e+01 -3.2752176398610949e+01 -3.1030472418042901e+01 5.5265518999999999e-04 1.5378795000000000e-03
-2.4516141484024340e-01 -4.9726035366107067e+02 2.4784656062612972e-01 -3.9644345579166975e+02 -4.6545586550005356e+02 3.5135531623143862e+01 -2.9140346702126905e+01 -3.0819392627944172e+01 6.8265765000000004e-04 2.1546280000000000e-03
-2.4479104510979852e-01 -4.5529150181483152e+02 2.4841347966090729e-01 -3.4566197470916535e+02 -4.5984522564207418e+02 3.2320439041788532e+01 -2.5887386535926463e+01 -3.0563747610269424e+01 8.2327310000000005e-04 2.9067318999999999e-03
-2.4434892748690482e-01 -4.1835340015589776e+02 2.4909022204946044e-01 -2.9926328964615590e+02 -4.5321844678255917e+02 2.9829436805092278e+01 -2.2921434432443618e+01 -3.0261093748274188e+01 9.7396649000000004e-04 3.8045331000000002e-03
-2.4383022325721129e-01 -3.8557589242640171e+02 2.4988419433461367e-01 -2.5651340873995662e+02 -4.4554095132691691e+02 2.7606174095289891e+01 -2.0191750658637918e+01 -2.9909472777334003e+01 1.1342389000000000e-03 4.8578574999999999e-03
-2.4323033244365483e-01 -3.5629938309842350e+02 2.5080243762783544e-01 -2.1689511988981329e+02 -4.3679120968551285e+02 2.5608076449459478e+01 -1.7661702921581767e+01 -2.9507432094970675e+01 1.3036180000000001e-03 6.0760461999999999e-03
-2.4254488267720553e-01 -3.3001024847244707e+02 2.5185164464461079e-01 -1.8004113250548059e+02 -4.2696124768543473e+02 2.3802105974125684e+01 -1.5304433349839211e+01 -2.9054043980782151e+01 1.4816515000000000e-03 7.4679780999999997e-03
-2.4176972018512491e-01 -3.0629951584225302e+02 2.5303817349857050e-01 -1.4569047649150124e+02 -4.1605702243853665e+02 2.2162042051056392e+01 -1.3100053023376452e+01 -2.8548921195195593e+01 1.6679024999999999e-03 9.0420881999999994e-03
-2.4090090368464925e-01 -2.8483486081697686e+02 2.5436805704833265e-01 -1.1365889296852953e+02 -4.0409865812272255e+02 2.0666675030660244e+01 -1.1033753875134993e+01 -2.7992228805711559e+01 1.8619452999999999e-03 1.0806380000000001e-02
-2.3993469871987316e-01 -2.6534267931610492e+02 2.5584701156594464e-01 -8.3817858428402886e+01 -3.9112047701019367e+02 1.9298564945759313e+01 -9.0944881792373256e+00 -2.7384689661431299e+01 2.0633631000000000e-03 1.2768437000000001e-02
-2.3886757505179160e-01 -2.4759381356052285e+02 2.5748044073190385e-01 -5.6079301645752672e+01 -3.7717084833678507e+02 1.8043169323751119e+01 -7.2740205861669853e+00 -2.6727584717316411e+01 2.2717459999999998e-03 1.4935428000000001e-02
-2.3769620227554028e-01 -2.3139439446777629e+02 2.5927344234377819e-01 -3.0383996423573510e+01 -3.6231177742344198e+02 1.6888210787750033e+01 -5.5662201075504258e+00 -2.6022744472403144e+01 2.4866887000000002e-03 1.7314116000000001e-02
-2.3641744991888469e-01 -2.1657868536534767e+02 2.6123080816545036e-01 -6.6926640933362975e+00 -3.4661830805538580e+02 1.5823215078791778e+01 -3.9665283021737920e+00 -2.5272535131943240e+01 2.7077901999999999e-03 1.9910858000000000e-02
-2.3502838202532608e-01 -2.0300370409672496e+02 2.6335703221867107e-01 1.5021185286846706e+01 -3.3017761115646863e+02 1.4839159396742660e+01 -2.4715376603618249e+00 -2.4479833512258825e+01 2.9346520999999999e-03 2.2731616000000000e-02
-2.3352626010877101e-01 -1.9054519799789648e+02 2.6565630626039355e-01 3.4776863594593571e+01 -3.1308794069033144e+02 1.3928210329030243e+01 -1.0786669159451236e+00 -2.3647998672313047e+01 3.1668782999999998e-03 2.5781951000000001e-02
-2.3190854019886181e-01 -1.7909445279701421e+02 2.6813252430543894e-01 5.2591156019222801e+01 -2.9545728617278485e+02 1.3083516283965183e+01 2.1410603922098170e-01 -2.2780831897909245e+01 3.4040742000000001e-03 2.9067029000000001e-02
-2.3017287087119703e-01 -1.6855579536003387e+02 2.7078928564160654e-01 6.8482072784434834e+01 -2.7740184135236103e+02 1.2299045711922764e+01 1.4084596553927371e+00 -2.1882530740332363e+01 3.6458464000000000e-03 3.2591624999999999e-02
-2.2831709620200086e-01 -1.5884462814727675e+02 2.7362989030700846e-01 8.2471824765579612e+01 -2.5904433638598101e+02 1.1569460484050950e+01 2.5059008900175170e+00 -2.0957637983301471e+01 3.8918026000000000e-03 3.6360116999999997e-02
-2.2633925182856393e-01 -1.4988579899718169e+02 2.7665734512029000e-01 9.4589238845636416e+01 -2.4051215967771657e+02 1.0890011017382063e+01 3.5079097602070046e+00 -2.0010981447120347e+01 4.1415510999999999e-03 4.0376493999999999e-02
-2.2423756642657799e-01 -1.4161230148719636e+02 2.7987436141929700e-01 1.0487154907672202e+02 -2.2193541282478836e+02 1.0256453320409502e+01 4.4160524419039797e+00 -1.9047612025654235e+01 4.3947007000000003e-03 4.4644352999999998e-02
-2.2201046171013586e-01 -1.3396419168736011e+02 2.8328335506107594e-01 1.1336569859794955e+02 -2.0344488718661157e+02 9.6649801834742721e+00 5.2320717610088456e+00 -1.8072736447242562e+01 4.6508610999999997e-03 4.9166899000000000e-02
-2.1965655046195195e-01 -1.2688768005248824e+02 2.8688644943698399e-01 1.2012915851069546e+02 -1.8516999135069142e+02 9.1121636598701574e+00 5.9579568548708384e+00 -1.7091646931427778e+01 4.9096423000000002e-03 5.3946949000000001e-02
-2.1717463899558664e-01 -1.2033438197099511e+02 2.9068547170380138e-01 1.2523030476693154e+02 -1.6723673549884168e+02 8.5949081075543265e+00 6.5959927545336923e+00 -1.6109651824129120e+01 5.1706551000000002e-03 5.8986927000000001e-02
-2.1456372272344226e-01 -1.1426066401610775e+02 2.9468195956772919e-01 1.2874839847741097e+02 -1.4976572623670930e+02 8.1104090792769803e+00 7.1487945546950389e+00 -1.5132002677008000e+01 5.4335110000000002e-03 6.4288872999999996e-02
-2.1182299058876716e-01 -1.0862710852645527e+02 2.9887715450039165e-01 1.3077316772050335e+02 -1.3287033811440043e+02 7.6561203517396477e+00 7.6193234729857675e+00 -1.4163827656134803e+01 5.6978226000000002e-03 6.9854434000000007e-02
-2.0895182014120670e-01 -1.0339803214592202e+02 3.0327200927661135e-01 1.3140408085587964e+02 -1.1665496316816886e+02 7.2297238697883870e+00 8.0108911158185574e+00 -1.3210063235639247e+01 5.9632034000000004e-03 7.5684873999999999e-02
-2.0594977999902775e-01 -9.8541085378447164e+01 3.0786718420552189e-01 1.3074930939630613e+02 -1.0121351042055443e+02 6.8291052928127920e+00 8.3271496098807525e+00 -1.2275393342623087e+01 6.2292681999999997e-03 8.1781068999999998e-02
-2.0281662787933907e-01 -9.4026896226615079e+01 3.1266305014567758e-01 1.2892444647415928e+02 -8.6628092332687444e+01 6.4523320684974363e+00 8.5720706969367910e+00 -1.1364192336172922e+01 6.4956331999999999e-03 8.8143510999999994e-02
-1.9955231059809145e-01 -8.9828762350615847e+01 3.1765968850505377e-01 1.2605101592973891e+02 -7.2967979019851143e+01 6.0976346882697205e+00 8.7499168725496332e+00 -1.0480474774066275e+01 6.7619166000000000e-03 9.4772308000000000e-02
-1.9615696111540804e-01 -8.5922377288971418e+01 3.2285689576371207e-01 1.2225482994053222e+02 -6.0288810456734737e+01 5.7633899735421235e+00 8.8652013732327575e+00 -9.6278522413618965e+00 7.0277381999999996e-03 1.0166719000000000e-01
-1.9263089804313971e-01 -8.2285593130172558e+01 3.2825418422757791e-01 1.1766423967341100e+02 -4.8632108027563447e+01 5.4481067043506588e+00 8.9226437552408502e+00 -8.8094987232488791e+00 7.2927204000000001e-03 1.0882751000000000e-01
-1.8897463253909350e-01 -7.8898216932041578e+01 3.3385077147555475e-01 1.1240834107150690e+02 -3.8025097619364956e+01 5.1504135041714010e+00 8.9271200383276721e+00 -8.0281259003242873e+00 7.5564877000000004e-03 1.1625223000000000e-01
-1.8518885402613056e-01 -7.5741809747804297e+01 3.3964560221907331e-01 1.0661515839195100e+02 -2.8480751176447058e+01 4.8690463184435835e+00 8.8836093226839115e+00 -7.2859628621503365e+00 7.8186677999999999e-03 1.2393994999999999e-01
-1.8127442920727638e-01 -7.2799523170520672e+01 3.4563734980964622e-01 1.0040987831322035e+02 -1.9998177107637513e+01 4.6028385981161470e+00 8.7971382987997160e+00 -6.5847480453173377e+00 8.0788911000000008e-03 1.3188891000000000e-01
-1.7723241683906768e-01 -7.0055963148143519e+01 3.5182439362554185e-01 9.3913204273775591e+01 -1.2563247802952283e+01 4.3507134366597287e+00 8.6727259825213192e+00 -5.9257318688889331e+00 8.3367917000000003e-03 1.4009695999999999e-01
-1.7306404803375652e-01 -6.7497042796354492e+01 3.5820484922288631e-01 8.7239788525691708e+01 -6.1494976604105522e+00 4.1116742158602708e+00 8.5153286906047629e+00 -5.3096846962166033e+00 8.5920070000000005e-03 1.4856159999999999e-01
-1.6877073610820834e-01 -6.5109871923870458e+01 3.6477655326011221e-01 8.0496870486622015e+01 -7.1915550901293823e-01 3.8847981638133087e+00 8.3297894400519805e+00 -4.7369098030803514e+00 8.8441787999999997e-03 1.5727996000000000e-01
-1.6435406673500369e-01 -6.2882645440674267e+01 3.7153707857350987e-01 7.3783080647608799e+01 3.7755790214573284e+00 3.6692293635638844e+00 8.1207875891632781e+00 -4.2072712921921811e+00 9.0929527999999999e-03 1.6624881999999999e-01
-1.5981579794243861e-01 -6.0804549016578299e+01 3.7848373417722736e-01 6.7187474761177853e+01 7.3911449996028447e+00 3.4641731470708081e+00 7.8927955841681374e+00 -3.7202214342567439e+00 9.3379794999999995e-03 1.7546460999999999e-01
-1.5515785519007524e-01 -5.8865672139709893e+01 3.8561357280104569e-01 6.0788788681093067e+01 1.0191126201953756e+01 3.2688904730211821e+00 7.6500398750739151e+00 -3.2748365599439699e+00 9.5789143999999993e-03 1.8492342000000001e-01
-1.5038234614208912e-01 -5.7056937007718645e+01 3.9292336827705260e-01 5.4654961396806449e+01 1.2244697916911331e+01 3.0826940080457650e+00 7.3964691543571792e+00 -2.8698576304628496e+00 9.8154178999999998e-03 1.9462097000000000e-01
-1.4549153604502410e-01 -5.5370018907034023e+01 4.0040965322852007e-01 4.8842835760075495e+01 1.3625065496417657e+01 2.9049426866573542e+00 7.1357265690451008e+00 -2.5037312153799851e+00 1.0047156000000000e-02 2.0455266000000000e-01
-1.4048784280334320e-01 -5.3797283937592944e+01 4.0806872660767962e-01 4.3398129422189406e+01 1.4407913321809536e+01 2.7350377820272875e+00 6.8711292831563409e+00 -2.1746538372928805e+00 1.0273801000000001e-02 2.1471357999999999e-01
-1.3537386160167370e-01 -5.2331740722624424e+01 4.1589661600684491e-01 3.8355650046857875e+01 1.4669901008026143e+01 2.5724202163315351e+00 6.6056573239508518e+00 -1.8806201041442512e+00 1.0495031000000000e-02 2.2509846000000000e-01
-1.3015233535811327e-01 -5.0966979882635286e+01 4.2388912288506464e-01 3.3739654154231786e+01 1.4487266778925369e+01 2.4165662724326986e+00 6.3419448000546961e+00 -1.6194662663574979e+00 1.0710529999999999e-02 2.3570173000000000e-01
-1.2482615964867871e-01 -4.9697130724590480e+01 4.3204181503034739e-01 2.9564426805477044e+01 1.3934525760990024e+01 2.2669848541423274e+00 6.0822795839733921e+00 -1.3889161520652735e+00 1.0919989999999999e-02 2.4651751000000000e-01
-1.1939838763175517e-01 -4.8516820930900273e+01 4.4035001902188564e-01 2.5835006027601157e+01 1.3083320100258021e+01 2.1232148939487976e+00 5.8286092239640030e+00 -1.1866220097496900e+00 1.1123108000000000e-02 2.5753959999999998e-01
-1.1387221527474894e-01 -4.7421135528330488e+01 4.4880884284338252e-01 2.2548028421380785e+01 1.2001416332516689e+01 1.9848224219004145e+00 5.5825500579533944e+00 -1.0102087275787683e+00 1.1319591000000000e-02 2.6876150999999998e-01
-1.0825097642963866e-01 -4.6405583221027641e+01 4.5741318342082737e-01 1.9692668610375925e+01 1.0751859425897536e+01 1.8513981885698156e+00 5.3454024909906295e+00 -8.5730648832568768e-01 1.1509152000000000e-02 2.8017647000000001e-01
-1.0253814775742409e-01 -4.5466066960796439e+01 4.6615771908472009e-01 1.7251660756509523e+01 9.3923289242588552e+00 1.7225556676308065e+00 5.1181699230148778e+00 -7.2558645039846337e-01 1.1691511000000000e-02 2.9177742000000001e-01
-9.6737353652575325e-02 -4.4598857341162926e+01 4.7503690203229576e-01 1.5202346838063450e+01 7.9746542621516641e+00 1.5979291353874103e+00 4.9015811719730271e+00 -6.1278966701338433e-01 1.1866398000000000e-02 3.0355700000000002e-01
-9.0852326847440656e-02 -4.3800562102351627e+01 4.8404501862972837e-01 1.3517722148460368e+01 6.5444551561347870e+00 1.4771710447657833e+00 4.6961131181345070e+00 -5.1675117510301294e-01 1.2033550000000000e-02 3.1550762999999998e-01
-8.4886942883389493e-02 -4.3068109881812980e+01 4.9317613664770277e-01 1.2167491064751683e+01 5.1410348845280129e+00 1.3599510226474907e+00 4.5020181984312915e+00 -4.3542124557538697e-01 1.2192715000000000e-02 3.2762143999999999e-01
-7.8845195488567499e-02 -4.2398727010343990e+01 5.0242414295029181e-01 1.1119062279741467e+01 3.7973546737988904e+00 1.2459537706648751e+00 4.3193509069754921e+00 -3.6688113333122457e-01 1.2343646000000000e-02 3.3989032000000002e-01
-7.2731201502345688e-02 -4.1789921091601904e+01 5.1178273595718093e-01 1.0338488166258797e+01 2.5401592242566253e+00 1.1348776720456224e+00 4.1479948596620630e+00 -3.0935468053880738e-01 1.2486109000000000e-02 3.5230591000000000e-01
-6.6549181177524008e-02 -4.1239463532276780e+01 5.2124545579477000e-01 9.7913343644315880e+00 1.3902472779194961e+00 1.0264330274970350e+00 3.9876895821462339e+00 -2.6121674431738767e-01 1.2619877000000000e-02 3.6485963999999999e-01
-6.0303472953678744e-02 -4.0745377974878288e+01 5.3080566168284737e-01 9.4434491022503462e+00 3.6279736366363474e-01 9.2034097027318329e-01 3.8380570620553942e+00 -2.2099574618901852e-01 1.2744734000000001e-02 3.7754270000000001e-01
-5.3998518683815361e-02 -4.0305927037934005e+01 5.4045655454791564e-01 9.2616474206983259e+00 -5.3218077097772054e-01 8.1633193199914467e-01 3.6986262052492909e+00 -1.8737597926702332e-01 1.2860473000000001e-02 3.9034606999999999e-01
-4.7638853785470420e-02 -3.9919598857223903e+01 5.5019119209874323e-01 9.2142809939464296e+00 -1.2893577559197356e+00 7.1414425972885653e-01 3.5688558927272607e+00 -1.5919405638982570e-01 1.2966896000000000e-02 4.0326054000000000e-01
-4.1229117089609690e-02 -3.9585115153797098e+01 5.6000247375081291e-01 9.2717076161258944e+00 -1.9075483643828071e+00 6.1352319884001405e-01 3.4481563601055916e+00 -1.3543446593275613e-01 1.3063819000000001e-02 4.1627669000000000e-01
-3.4774021293934088e-02 -3.9301391131332217e+01 5.6988318585297504e-01 9.4066546045937702e+00 -2.3891486089054377e+00 5.1421927238416743e-01 3.3359079979130364e+00 -1.1522222065346197e-01 1.3151064000000001e-02 4.2938494999999999e-01
-2.8278382509573596e-02 -3.9067563505749533e+01 5.7982595646079482e-01 9.5944808654036216e+00 -2.7395666105247782e+00 4.1598763345527878e-01 3.2314782686907253e+00 -9.7814275044952825e-02 1.3228465999999999e-02 4.4257553999999999e-01
-2.1747080865495455e-02 -3.8882969047315818e+01 5.8982331563875579e-01 9.8133470812984918e+00 -2.9666589404171142e+00 3.1858633518928792e-01 3.1342359939897504e+00 -8.2589413750676161e-02 1.3295871000000001e-02 4.5583855000000001e-01
-1.5185080206299939e-02 -3.8747146059420587e+01 5.9986766530915803e-01 1.0044292529773411e+01 -3.0801891816190747e+00 2.2177553957285889e-01 3.0435635105256287e+00 -6.9037150132157582e-02 1.3353135000000000e-02 4.6916390000000002e-01
-8.5974034699754509e-03 -3.8659832943678957e+01 6.0995131694099580e-01 1.0271240895289035e+01 -3.0913146545832624e+00 1.2531604323860024e-01 2.9588663064658967e+00 -5.6746831956671795e-02 1.3400123999999999e-02 4.8254139000000001e-01
-1.9891425367965232e-03 -3.8620968951880542e+01 6.2006647647440627e-01 1.0480935678304503e+01 -3.0121153437342674e+00 2.8968306313030379e-02 2.8795809482282344e+00 -4.5395231900066287e-02 1.3436718000000000e-02 4.9596067999999999e-01
4.6345614684722425e-03 -3.8630696009479728e+01 6.3020527447177188e-01 1.0662815990893039e+01 -2.8551642917431881e+00 -6.7508977926111324e-02 2.8051805768449314e+00 -3.4736320717888160e-02 1.3462807000000000e-02 5.0941133000000005e-01
1.1268498478780142e-02 -3.8689362323131064e+01 6.4035973596661799e-01 1.0808853661808810e+01 -2.6331563751251670e+00 -1.6435977330035700e-01 2.7351791834973365e+00 -2.4588937303596164e-02 1.3478291000000000e-02 5.2288276000000000e-01
1.7907433804831396e-02 -3.8797527777243239e+01 6.5052184830359239e-01 1.0913346171399821e+01 -2.3585767007029173e+00 -2.6183256103609054e-01 2.6691333271895736e+00 -1.4827141496782674e-02 1.3483083000000000e-02 5.3636434000000000e-01
2.4546083512840156e-02 -3.8955970848865284e+01 6.6068352344958792e-01 1.0972691089701909e+01 -2.0434379712846971e+00 -3.6018126344182511e-01 2.6066434398212825e+00 -5.3698629903062211e-03 1.3477108000000000e-02 5.4984533999999996e-01
3.1179124273428560e-02 -3.9165697472985791e+01 6.7083661306929376e-01 1.0985139258439334e+01 -1.6990553293101391e+00 -4.5966673437724204e-01 2.5473534509241409e+00 3.8277015204974283e-03 1.3460300999999999e-02 5.6331494999999998e-01
3.7801208134973618e-02 -3.9427952037388991e+01 6.8097293113852131e-01 1.0950545615661165e+01 -1.3358830105630888e+00 -5.6055840960431258e-01 2.4909495094229932e+00 1.2782415065910239e-02 1.3432611000000001e-02 5.7676231000000000e-01
4.4406972372505349e-02 -3.9744230971767855e+01 6.9108426901975539e-01 1.0870120435819473e+01 -9.6338898808701068e-01 -6.6313599285017011e-01 2.4371578502825280e+00 2.1490227414670823e-02 1.3393997000000000e-02 5.9017653000000003e-01
5.0991024714359789e-02 -4.0116297498873344e+01 7.0116237284882810e-01 1.0746176039993930e+01 -5.8997707544797384e-01 -7.6769088311498135e-01 2.3857428176332736e+00 2.9932252280617348e-02 1.3344429999999999e-02 6.0354666000000001e-01
5.7547963039974837e-02 -4.0546200426921949e+01 7.1119897368602070e-01 1.0581900872201709e+01 -2.2295048779558130e-01 -8.7452827581798886e-01 2.3365014878900383e+00 3.8080405653471802e-02 1.3283893999999999e-02 6.1686173000000000e-01
6.4072395077686473e-02 -4.1036296327057997e+01 7.2118581766716483e-01 1.0381139172998646e+01 1.3149919102538796e-01 -9.8396942807827115e-01 2.2892647014820628e+00 4.5901448849914803e-02 1.3212384000000001e-02 6.3011079000000003e-01
7.0558908858034675e-02 -4.1589271935045893e+01 7.3111462077699074e-01 1.0148191450396153e+01 4.6827018765729100e-01 -1.0963533279419981e+00 2.2438896653835747e+00 5.3360573980965553e-02 1.3129907000000000e-02 6.4328284999999996e-01
7.7002107184906410e-02 -4.2208174285293687e+01 7.4097712161355478e-01 9.8876412737430144e+00 7.8330429439913374e-01 -1.2120396183079170e+00 2.2002574744534469e+00 6.0424376980261596e-02 1.3036481000000001e-02 6.5636695000000000e-01
8.3396612559984651e-02 -4.2896443700111668e+01 7.5076508892601579e-01 9.6041797559034130e+00 1.0735236146175946e+00 -1.3314113040083837e+00 2.1582714702425090e+00 6.7062840539062613e-02 1.2932137999999999e-02 6.6935217000000002e-01
8.9737052409401441e-02 -4.3657948977365919e+01 7.6047029900130736e-01 9.3025093922828503e+00 1.3367590622610028e+00 -1.4548774018031518e+00 2.1178520542119585e+00 7.3250618193465261e-02 1.2816919000000000e-02 6.8222760000000005e-01
9.6018088630431764e-02 -4.4497032941289646e+01 7.7008458089079213e-01 8.9871952007170695e+00 1.5716561292765536e+00 -1.5828767214804733e+00 2.0789343618410054e+00 7.8968471067226528e-02 1.2690879000000000e-02 6.9498240000000000e-01
1.0223440774259579e-01 -4.5418559802640708e+01 7.7959980133471007e-01 8.6625940817103668e+00 1.7775875819381008e+00 -1.7158813060296401e+00 2.0414658126951490e+00 8.4203366529156318e-02 1.2554085000000000e-02 7.0760577999999996e-01
1.0838072581210778e-01 -4.6427971149439323e+01 7.8900787229995417e-01 8.3327789371090955e+00 1.9545578068411940e+00 -1.8544005599937463e+00 2.0054034629951230e+00 8.8948810433908482e-02 1.2406611999999999e-02 7.2008700999999997e-01
1.1445181307412078e-01 -4.7531353727894157e+01 7.9830078866894760e-01 8.0014878227104145e+00 2.1031087119435754e+00 -1.9989864473940882e+00 1.9707113951067723e+00 9.3204742131718810e-02 1.2248551000000000e-02 7.3241546999999996e-01
1.2044247915938028e-01 -4.8735510774714250e+01 8.0747060562631789e-01 7.6720906100021411e+00 2.2242277551286387e+00 -2.1502383369361269e+00 1.9373595349563280e+00 9.6977087322445921e-02 1.2080001999999999e-02 7.4458062000000003e-01
1.2634758294312159e-01 -5.0048047743486329e+01 8.1650945373444728e-01 7.3475639560000570e+00 2.3192608133879911e+00 -2.3088091260557295e+00 1.9053215107411698e+00 1.0027721892989394e-01 1.1901076999999999e-02 7.5657202000000001e-01
1.3216204239396823e-01 -5.1477471979925731e+01 8.2540955400902394e-01 7.0304900676063964e+00 2.3898316666054300e+00 -2.4754122220019767e+00 1.8745736119234175e+00 1.0312137467929786e-01 1.1711898000000000e-02 7.6837935000000002e-01
1.3788084934727879e-01 -5.3033309027957337e+01 8.3416324053236868e-01 6.7230514051077375e+00 2.4377672033886806e+00 -2.6508296788773231e+00 1.8450934140089168e+00 1.0553007855468649e-01 1.1512599000000000e-02 7.7999244000000001e-01
1.4349904488290199e-01 -5.4726226879614401e+01 8.4276292276455711e-01 6.4270506620318688e+00 2.4650289207327138e+00 -2.8359202994246879e+00 1.8168592526537239e+00 1.0752695452730469e-01 1.1303326000000001e-02 7.9140122000000002e-01
1.4901176856966664e-01 -5.6568201501390668e+01 8.5120116092117470e-01 6.1439224100499619e+00 2.4736581632798780e+00 -3.0316313562020984e+00 1.7898494288084412e+00 1.0913851713134280e-01 1.1084235000000000e-02 8.0259581999999996e-01
1.5441421414534084e-01 -5.8572679799923385e+01 8.5947059813333759e-01 5.8747617782434594e+00 2.4657207046445802e+00 -3.2390088937504347e+00 1.7640416247044350e+00 1.1039302404810954e-01 1.0855490000000001e-02 8.1356647999999998e-01
1.5970167383667261e-01 -6.0754800490677809e+01 8.6756402828767176e-01 5.6203482541789844e+00 2.4432717315959174e+00 -3.4592128957941761e+00 1.7394128470202919e+00 1.1132027884164977e-01 1.0617270000000000e-02 8.2430364000000000e-01
1.6486952851049225e-01 -6.3131633661656679e+01 8.7547438095076191e-01 5.3811783056435143e+00 2.4083063310446380e+00 -3.6935329171661522e+00 1.7159389961387128e+00 1.1195047191604923e-01 1.0369760000000000e-02 8.3479791999999997e-01
1.6991325259816115e-01 -6.5722467922384496e+01 8.8319472890692741e-01 5.1574954040340852e+00 2.3627456598647023e+00 -3.9434070318190186e+00 1.6935950987489268e+00 1.1231400420935202e-01 1.0113159000000000e-02 8.4504013000000000e-01
1.7482841902002094e-01 -6.8549149870287280e+01 8.9071829569599759e-01 4.9493244450133460e+00 2.3084066516580375e+00 -4.2104437747613677e+00 1.6723549133687134e+00 1.1244089109034235e-01 9.8476710000000005e-03 8.5502127999999999e-01
1.7961069918539335e-01 -7.1636483294648144e+01 8.9803845561331130e-01 4.7564979071086286e+00 2.2469885566037919e+00 -4.4964482270775727e+00 1.6521916173289961e+00 1.1236043534588835e-01 9.5735140000000000e-03 8.6473257999999997e-01
1.8425588761482536e-01 -7.5012722802327659e+01 9.0514877139859529e-01 4.5786863263864772e+00 2.1800605927800700e+00 -4.8034541897638920e+00 1.6330769990066814e+00 1.1210067687992462e-01 9.2909130999999992e-03 8.7416548999999999e-01
1.8875987731784410e-01 -7.8710131013019819e+01 9.1204295654708600e-01 4.4154333881124739e+00 2.1090571751947667e+00 -5.1337596179688676e+00 1.6149835089209903e+00 1.1168837663439130e-01 9.0001030000000006e-03 8.8331166999999999e-01
1.9311868933965098e-01 -8.2765691018880858e+01 9.1871492053618253e-01 4.2661732038522855e+00 2.0352741337717619e+00 -5.4899728584410239e+00 1.5978809783984862e+00 1.1114878074782902e-01 8.7013270999999996e-03 8.9216304000000002e-01
1.9732845798777437e-01 -8.7221935087736512e+01 9.2515874621212091e-01 4.1302637889418179e+00 1.9598701713328290e+00 -5.8750653847257608e+00 1.5817423151055778e+00 1.1050534860746081e-01 8.3948374000000006e-03 9.0071175000000003e-01
2.0138545545431513e-01 -9.2127995457466199e+01 9.3136872747885047e-01 4.0070012989319661e+00 1.8838688968999717e+00 -6.2924395083078339e+00 1.5665368227354173e+00 1.0977971179344635e-01 8.0808944000000001e-03 9.0895022999999997e-01
2.0528607211815020e-01 -9.7540851304706919e+01 9.3733933914693290e-01 3.8956377745271853e+00 1.8081658829159564e+00 -6.7460073719633513e+00 1.5522362832189147e+00 1.0899174027142229e-01 7.7597663000000001e-03 9.1687114999999997e-01
2.0902683624272883e-01 -1.0352692303592679e+02 9.4306526708464367e-01 3.7954084495220974e+00 1.7335353071867987e+00 -7.2402930335504685e+00 1.5388123854520310e+00 1.0815940442418541e-01 7.4317293999999999e-03 9.2446746000000002e-01
2.1260441890052140e-01 -1.1016405999509668e+02 9.4854141575574735e-01 3.7055376639634101e+00 1.6606362738486407e+00 -7.7805592145853781e+00 1.5262373285591082e+00 1.0729901265620076e-01 7.0970672000000004e-03 9.3173240000000002e-01
2.1601562412412151e-01 -1.1754402992583951e+02 9.5376289314394724e-01 3.6252549687519013e+00 1.5900242959558557e+00 -8.3729654790146419e+00 1.5144841786904162e+00 1.0642494885292811e-01 6.7560703000000000e-03 9.3865947999999999e-01
2.1925741352849115e-01 -1.2577578691505583e+02 9.5872504844176243e-01 3.5538041515235612e+00 1.5221605098165047e+00 -9.0247772509182820e+00 1.5035267722829651e+00 1.0555000790582100e-01 6.4090362999999996e-03 9.4524253000000003e-01
2.2232687676426643e-01 -1.3498958726092425e+02 9.6342342682387483e-01 3.4904524697616597e+00 1.4574201486849048e+00 -9.7446270655976264e+00 1.4933402123527508e+00 1.0468541916505461e-01 6.0562691999999996e-03 9.5147563999999996e-01
2.2522128076224779e-01 -1.4534265340150020e+02 9.6785384482488412e-01 3.4344972046811915e+00 1.3961018149618740e+00 -1.0542877925416731e+01 1.4839005662771005e+00 1.0384093269306770e-01 5.6980790999999996e-03 9.5735325999999998e-01
2.2793802048890982e-01 -1.5702645517146371e+02 9.7201231496155305e-01 3.3852717839261866e+00 1.3384397374242329e+00 -1.1432086571730046e+01 1.4751852700113735e+00 1.0302498511604670e-01 5.3347821999999998e-03 9.6287009999999995e-01
2.3047466819089152e-01 -1.7027706562691591e+02 9.7589512111056220e-01 3.3421481549728429e+00 1.2846091441858480e+00 -1.2427668727363812e+01 1.4671730404586687e+00 1.0224476719947398e-01 4.9667000000000001e-03 9.6802122999999995e-01
2.3282893892385303e-01 -1.8538929387625851e+02 9.7949876574408146e-01 3.3045421842999194e+00 1.2347380478684864e+00 -1.3548803971201860e+01 1.4598440050984736e+00 1.0150638823177648e-01 4.5941591999999996e-03 9.7280200999999999e-01
2.3499872994806786e-01 -2.0273746740849006e+02 9.8282003023197417e-01 3.2719130857523151e+00 1.1889129672714831e+00 -1.4819774170362313e+01 1.4531796902620500e+00 1.0081496861102382e-01 4.2174915999999996e-03 9.7720817000000004e-01
2.3698208133283072e-01 -2.2280570812193417e+02 9.8585591453959265e-01 3.2437667125796197e+00 1.1471884931212046e+00 -1.6271912195746932e+01 1.4471631116118040e+00 1.0017477157689313e-01 3.8370333000000002e-03 9.8123572999999997e-01
2.3877721535204960e-01 -2.4623530425841327e+02 9.8860369752998323e-01 3.2196542511267623e+00 1.1095917919838882e+00 -1.7946664744706251e+01 1.4417788570926655e+00 9.9589300416879342e-02 3.4531249000000000e-03 9.8488107999999996e-01
2.4038252171089886e-01 -2.7390058449007955e+02 9.9106091435055865e-01 3.1991738361730908e+00 1.0761307482561036e+00 -1.9900504626053113e+01 1.4370128625753225e+00 9.9061386234996843e-02 3.0661112999999999e-03 9.8814095000000002e-01
2.4179654769692099e-01 -3.0703813809163665e+02 9.9322534135754748e-01 3.1819698007389876e+00 1.0467981428377640e+00 -2.2213316702251078e+01 1.4328527745719808e+00 9.8593315719825395e-02 2.6763420000000000e-03 9.9101238999999997e-01
2.4301802772672093e-01 -3.4748437114907591e+02 9.9509504134264759e-01 3.1677328922288837e+00 1.0215775633074977e+00 -2.5003852361955357e+01 1.4292875777528071e+00 9.8186935387574878e-02 2.2841723000000002e-03 9.9349282999999999e-01
2.4404587349706791e-01 -3.9815242770055244e+02 9.9666834845747410e-01 3.1561933680106939e+00 1.0004457033676697e+00 -2.8460811550316954e+01 1.4263078500061628e+00 9.7843636201995807e-02 1.8899688000000000e-03 9.9558005999999999e-01
2.4487916906044632e-01 -4.6412594723195838e+02 9.9794386067578489e-01 3.1471333944115427e+00 9.8337837897314218e-01 -3.2914247202426154e+01 1.4239056720365464e+00 9.7564495562032616e-02 1.4941295000000000e-03 9.9727222000000004e-01
2.4551723976734202e-01 -5.5573956714566043e+02 9.9892054532233709e-01 3.1403733907973641e+00 9.7035041701714120e-01 -3.9036974889307032e+01 1.4220744529570359e+00 9.7350286853390838e-02 1.0971916000000000e-03 9.9856794000000004e-01
2.4595983939530464e-01 -7.0118159290294852e+02 9.9959802550835575e-01 3.1357738523422301e+00 9.6133505903306649e-01 -4.8669501431509083e+01 1.4208083479588758e+00 9.7201491608260790e-02 7.0085733000000002e-04 9.9946672000000003e-01
