-4.2854075519972605e-02 -1.2321000301588610e+04 4.2855142458435566e-02 -9.4590127907952392e+03 -3.7227073309274524e+03 8.3851851408055131e+02 -6.4985996065727795e+02 -2.4546289134668643e+02 5.5301730000000003e-06 1.0230946000000001e-06
-4.2852455561431156e-02 -8.8050095104933971e+03 4.2873233309564843e-02 -5.9167901451372245e+03 -3.7106125400706937e+03 6.0664290123277624e+02 -4.1673925105215005e+02 -2.4491465744773751e+02 3.5894988000000002e-05 1.9923924999999999e-05
-4.2847373148525547e-02 -7.1764037502885212e+03 4.2929991043112042e-02 -4.2283973795971888e+03 -3.6728724780618463e+03 4.9912675770725832e+02 -3.0633405096645419e+02 -2.4320188370113652e+02 8.5619985000000003e-05 7.9222864999999994e-05
-4.2837311620532038e-02 -6.1113939634048593e+03 4.3042352934115284e-02 -3.0737598995375697e+03 -3.5990729691203610e+03 4.2868213318103165e+02 -2.3146287494563762e+02 -2.3984332739087384e+02 1.5173507999999999e-04 1.9661552000000001e-04
-4.2820943586886935e-02 -5.3244029599459409e+03 4.3225142587292736e-02 -2.1758066338059807e+03 -3.4815731628221342e+03 3.7648078453104517e+02 -1.7362127108852462e+02 -2.3446992288656318e+02 2.3255418000000001e-04 3.8758918999999998e-04
-4.2797061817957463e-02 -4.7048106794080177e+03 4.3491841712828001e-02 -1.4353079257174188e+03 -3.3156874367300211e+03 3.3523345136933943e+02 -1.2597574949817854e+02 -2.2682664850525026e+02 3.2689763000000001e-04 6.6622920000000002e-04
-4.2764547798656828e-02 -4.1978900155805295e+03 4.3854941303177679e-02 -8.1063688986642433e+02 -3.1000855827223268e+03 3.0133825619753890e+02 -8.5464696291656225e+01 -2.1678577667474144e+02 4.3385032000000002e-04 1.0455858000000000e-03
-4.2722354129524985e-02 -3.7724339889036542e+03 4.4326138168611758e-02 -2.8427585559096030e+02 -2.8371275194825785e+03 2.7274478518284877e+02 -5.0621417886089837e+01 -2.0436012416270643e+02 5.5265518999999999e-04 1.5378795000000000e-03
-4.2669493647770777e-02 -3.4088731126836069e+03 4.4916456427734654e-02 1.5023025534038933e+02 -2.5329788481053320e+03 2.4817065194168168e+02 -2.0748886972167632e+01 -1.8971065077726337e+02 6.8265765000000004e-04 2.1546280000000000e-03
-4.2605032081211289e-02 -3.0940688750092559e+03 4.5636329544454908e-02 4.9469131911817146e+02 -2.1974030559306493e+03 2.2675755557949424e+02 4.4674947801102070e+00 -1.7314457997872881e+02 8.2327310000000005e-04 2.9067318999999999e-03
-4.2528083042905548e-02 -2.8187305110832499e+03 4.6495656225302044e-02 7.4999425695264665e+02 -1.8431771845357989e+03 2.0790076836833322e+02 2.5172903351572764e+01 -1.5510178563399975e+02 9.7396649000000004e-04 3.8045331000000002e-03
-4.2437804371409045e-02 -2.5760147869170764e+03 4.7503841289553789e-02 9.1844233522835793e+02 -1.4851310671140425e+03 1.9115664434663714e+02 4.1473622870927265e+01 -1.3612864058658550e+02 1.1342389000000000e-03 4.8578574999999999e-03
-4.2333395456673903e-02 -2.3607133137406263e+03 4.8669825532186219e-02 1.0051664319712627e+03 -1.1388748835556353e+03 1.7618892084250498e+02 5.3520067762646264e+01 -1.1684040220072804e+02 1.3036180000000001e-03 6.0760461999999999e-03
-4.2214095303040697e-02 -2.1687544449753864e+03 5.0002107355369613e-02 1.0187655177084976e+03 -8.1934001204424476e+02 1.6273580167943607e+02 6.1556379712747706e+01 -9.7874988382828789e+01 1.4816515000000000e-03 7.4679780999999997e-03
-4.2079180960776119e-02 -1.9968836897431313e+03 5.1508760284237329e-02 9.7124748625870757e+02 -5.3930625750449190e+02 1.5058884395269865e+02 6.5942715948017792e+01 -7.9842576576741962e+01 1.6679024999999999e-03 9.0420881999999994e-03
-4.1927966463289716e-02 -1.8424512973712108e+03 5.3197444835494122e-02 8.7734939469489211e+02 -3.0811476309109986e+02 1.3957892908975757e+02 6.7153840990114361e+01 -6.3276611109306096e+01 1.8619452999999999e-03 1.0806380000000001e-02
-4.1759801841488101e-02 -1.7032660392718042e+03 5.5075419524593314e-02 7.5336551277154206e+02 -1.3075700711473456e+02 1.2956661888337970e+02 6.5757764174509319e+01 -4.8592044457480540e+01 2.0633631000000000e-03 1.2768437000000001e-02
-4.1574072669520873e-02 -1.5774921869862380e+03 5.7149545938609700e-02 6.1567150568548277e+02 -7.4894140428591252e+00 1.2043537107606238e+02 6.2379270684449295e+01 -3.6056138156304577e+01 2.2717459999999998e-03 1.4935428000000001e-02
-4.1370199301976482e-02 -1.4635745507240479e+03 5.9426297254837508e-02 4.7917674536693244e+02 6.5952945051349928e+01 1.1208661378188717e+02 5.7654490943028954e+01 -2.5775520043265857e+01 2.4866887000000002e-03 1.7314116000000001e-02
-4.1147636891023916e-02 -1.3601833997750855e+03 6.1911758049361221e-02 3.5595269369879577e+02 9.7562686441695192e+01 1.0443613984722417e+02 5.2183511612464997e+01 -1.7701123249591408e+01 2.7077901999999999e-03 1.9910858000000000e-02
-4.0905874443621072e-02 -1.2661723649453695e+03 6.4611634825659806e-02 2.5425664871480504e+02 9.7805426959702856e+01 9.7411357125355835e+01 4.6487950024172008e+01 -1.1649863048831923e+01 2.9346520999999999e-03 2.2731616000000000e-02
-4.0644435335764763e-02 -1.1805466985358128e+03 6.7531250271731652e-02 1.7810620608952107e+02 7.8102800036304629e+01 9.0949230581695318e+01 4.0979504608695549e+01 -7.3395887010521603e+00 3.1668782999999998e-03 2.5781951000000001e-02
-4.0362876798240722e-02 -1.1024380135942749e+03 7.0675549002969629e-02 1.2745965385878365e+02 4.9300377122214641e+01 8.4994645706603379e+01 3.5943439204326111e+01 -4.4316898759751790e+00 3.4040742000000001e-03 2.9067029000000001e-02
-4.0060789573790320e-02 -1.0310843861838969e+03 7.4049101390744429e-02 9.8949927450339260e+01 2.0367182588686255e+01 7.9499144928772765e+01 3.1538324708659459e+01 -2.5749243913509487e+00 3.6458464000000000e-03 3.2591624999999999e-02
-3.9737798431360508e-02 -9.6581454206733440e+02 7.7656097819529507e-02 8.7019231136302963e+01 -2.4732997056105259e+00 7.4419889515151937e+01 2.7810784158871432e+01 -1.4441019125577577e+00 3.8918026000000000e-03 3.6360116999999997e-02
-3.9393561480437211e-02 -9.0603472053093355e+02 8.1500356344067881e-02 8.5232153564140845e+01 -1.6068475812650814e+01 6.9718855309466946e+01 2.4721367443332930e+01 -7.6856590700858107e-01 4.1415510999999999e-03 4.0376493999999999e-02
-3.9027770428170322e-02 -8.5121807620248364e+02 8.5585319817934435e-02 8.7523671257088807e+01 -2.0113984901441487e+01 6.5362151133825961e+01 2.2176294461131931e+01 -3.4760079423589840e-01 4.3947007000000003e-03 4.4644352999999998e-02
-3.8640150579373672e-02 -8.0089580357369232e+02 8.9914055893536099e-02 8.9166570782176535e+01 -1.6484521313169612e+01 6.1319466337985538e+01 2.0059231316935698e+01 -5.2405907486873196e-02 4.6508610999999997e-03 4.9166899000000000e-02
-3.8230460493691755e-02 -7.5464966057660217e+02 9.4489260850695145e-02 8.7315587592477783e+01 -8.2988944196701979e+00 5.7563605414788441e+01 1.8257971013583322e+01 1.8327555108423965e-01 4.9096423000000002e-03 5.3946949000000001e-02
-3.7798492414141335e-02 -7.1210574171176313e+02 9.9313254810919932e-02 8.1084298421910873e+01 1.0636830099691124e+00 5.4070107435150874e+01 1.6682565222108167e+01 3.8002227885856127e-01 5.1706551000000002e-03 5.8986927000000001e-02
-3.7344071495736528e-02 -6.7292904677956199e+02 1.0438799035171753e-01 7.1211685194272306e+01 8.7927505635130743e+00 5.0816894589570296e+01 1.5273506277242014e+01 5.3243395049533038e-01 5.4335110000000002e-03 6.4288872999999996e-02
-3.6867056576863719e-02 -6.3681897777717973e+02 1.0971504389228112e-01 5.9455670428751517e+01 1.3175172574466815e+01 4.7784031522594603e+01 1.4000823980445832e+01 6.2723425837990199e-01 5.6978226000000002e-03 6.9854434000000007e-02
-3.6367339322198336e-02 -6.0350531469452790e+02 1.1529562526494844e-01 4.7891526766208678e+01 1.3762037728239717e+01 4.4953444654909809e+01 1.2856581498435924e+01 6.5645335290834372e-01 5.9632034000000004e-03 7.5684873999999999e-02
-3.5844844651246426e-02 -5.7274483261743558e+02 1.2113057292947246e-01 3.8289405821728543e+01 1.1202334744793896e+01 4.2308738867292732e+01 1.1844190972420241e+01 6.2417899884693628e-01 6.2292681999999997e-03 8.1781068999999998e-02
-3.5299530395511390e-02 -5.4431830149522216e+02 1.2722035780160496e-01 3.1700194132753271e+01 6.8440813808208780e+00 3.9835004300823066e+01 1.0967960099366833e+01 5.4693677467368118e-01 6.4956331999999999e-03 8.8143510999999994e-02
-3.4731387298493982e-02 -5.1802788320027275e+02 1.3356508325309627e-01 2.8309223887142000e+01 2.2428950404511618e+00 3.7518667170766122e+01 1.0225496344613175e+01 4.4944036505071328e-01 6.7619166000000000e-03 9.4772308000000000e-02
-3.4140438501442341e-02 -4.9369483372903824e+02 1.4016449085457044e-01 2.7542496705342906e+01 -1.2836938363426416e+00 3.5347346442525499e+01 9.6043202336149847e+00 3.5787775108580971e-01 7.0277381999999996e-03 1.0166719000000000e-01
-3.3526739457643645e-02 -4.7115749678231577e+02 1.4701796133267109e-01 2.8349845650276535e+01 -2.9520199073302806e+00 3.3309733513977896e+01 9.0826670380101060e+00 2.9355369043975482e-01 7.2927204000000001e-03 1.0882751000000000e-01
-3.2890379132340719e-02 -4.5026957575414127e+02 1.5412450117001963e-01 2.9558335320591958e+01 -2.6112686749512934e+00 3.1395491495765540e+01 8.6333790069490224e+00 2.6842725711978577e-01 7.5564877000000004e-03 1.1625223000000000e-01
-3.2231477517190542e-02 -4.3089847863670025e+02 1.6148277036244454e-01 3.0189691897705721e+01 -6.5754260413332377e-01 2.9595148972637617e+01 8.2291253417246857e+00 2.8369899093601020e-01 7.8186677999999999e-03 1.2393994999999999e-01
-3.1550185458847607e-02 -4.1292395427551736e+02 1.6909108433327305e-01 2.9665084372055411e+01 2.1783042228196585e+00 2.7900019442848819e+01 7.8472610729284851e+00 3.3130049690277169e-01 8.0788911000000008e-03 1.3188891000000000e-01
-3.0846687230213707e-02 -3.9623689454192174e+02 1.7694738521895612e-01 2.7864685549608843e+01 5.0878018523787922e+00 2.6302132904250662e+01 7.4729625212211204e+00 3.9742326639063186e-01 8.3367917000000003e-03 1.4009695999999999e-01
-3.0121197102104882e-02 -3.8073821957691945e+02 1.8504928015490169e-01 2.5055117903811730e+01 7.4092507960197480e+00 2.4794159804484082e+01 7.1001004937802836e+00 4.6681121793180741e-01 8.5920070000000005e-03 1.4856159999999999e-01
-2.9373961057417939e-02 -3.6633787681030373e+02 1.9339402213255821e-01 2.1731249116262404e+01 8.7654267813071876e+00 2.3369356080189071e+01 6.7299813759448828e+00 5.2655431254832341e-01 8.8441787999999997e-03 1.5727996000000000e-01
-2.8605255076963942e-02 -3.5295397448638960e+02 2.0197852914233122e-01 1.8433140022673246e+01 9.0958037361360820e+00 2.2021505616043687e+01 6.3686874814618291e+00 5.6852809244254010e-01 9.0929527999999999e-03 1.6624881999999999e-01
-2.7815385139468188e-02 -3.4051200455433894e+02 2.1079938417358335e-01 1.5593338619401688e+01 8.5973047702288756e+00 2.0744873594955784e+01 6.0239515583828691e+00 5.9012020022359246e-01 9.3379794999999995e-03 1.7546460999999999e-01
-2.7004686364486965e-02 -3.2894413071743656e+02 2.1985284478609274e-01 1.3449527486167577e+01 7.6102751480963837e+00 1.9534180420764752e+01 5.7024642185575765e+00 5.9344666980947047e-01 9.5789143999999993e-03 1.8492342000000001e-01
-2.6173525583657334e-02 -3.1818861874446083e+02 2.2913481439567793e-01 1.2031462322260996e+01 6.4941249725071843e+00 1.8384469087779717e+01 5.4081821102207996e+00 5.8361314450374069e-01 9.8154178999999998e-03 1.9462097000000000e-01
-2.5322297055280798e-02 -3.0818921068763314e+02 2.3864089013148965e-01 1.1208376384844479e+01 5.5297329074519741e+00 1.7291258166338892e+01 5.1418172449221560e+00 5.6670343280033675e-01 1.0047156000000000e-02 2.0455266000000000e-01
-2.4451421607240061e-02 -2.9889463537850355e+02 2.4836637240746928e-01 1.0767019917074107e+01 4.8694689873402304e+00 1.6250315436323081e+01 4.9013262307495262e+00 5.4809657505322962e-01 1.0273801000000001e-02 2.1471357999999999e-01
-2.3561350922415333e-02 -2.9025818723738485e+02 2.5830621706505696e-01 1.0492261914173200e+01 4.5371554329298114e+00 1.5257731113966553e+01 4.6829859130414970e+00 5.3146714325593647e-01 1.0495031000000000e-02 2.2509846000000000e-01
-2.2652562396184746e-02 -2.8223731913140853e+02 2.6845509280194163e-01 1.0223931231146350e+01 4.4645141208809402e+00 1.4309864524836776e+01 4.4825922450714497e+00 5.1853200020984558e-01 1.0710529999999999e-02 2.3570173000000000e-01
-2.1725559993507622e-02 -2.7479325215571686e+02 2.7880737160060309e-01 9.8806393859043933e+00 4.5433432858194536e+00 1.3403324223668548e+01 4.2964143253150890e+00 5.0940414231079001e-01 1.0919989999999999e-02 2.4651751000000000e-01
-2.0780875106007742e-02 -2.6789068442971069e+02 2.8935711915685314e-01 9.4521614082370125e+00 4.6729923569698837e+00 1.2534944931242343e+01 4.1217002697001899e+00 5.0324895293784400e-01 1.1123108000000000e-02 2.5753959999999998e-01
-1.9819063980723532e-02 -2.6149747733207215e+02 3.0009812359421101e-01 8.9719280923809777e+00 4.7896199451917063e+00 1.1701765065291331e+01 3.9567299466496024e+00 4.9895914984993534e-01 1.1319591000000000e-02 2.6876150999999998e-01
-1.8840706863024827e-02 -2.5558440337678408e+02 3.1102390503536170e-01 8.4842606434571177e+00 4.8728275016375084e+00 1.0901008829137847e+01 3.8005620393296669e+00 4.9562818423597976e-01 1.1509152000000000e-02 2.8017647000000001e-01
-1.7846408853696129e-02 -2.5012491278772495e+02 3.2212770603069735e-01 8.0191096019809294e+00 4.9342381403622850e+00 1.0130070634128700e+01 3.6526489320493942e+00 4.9274904982773859e-01 1.1691511000000000e-02 2.9177742000000001e-01
-1.6836800766019844e-02 -2.4509493614598784e+02 3.3340248198685918e-01 7.5811621139896914e+00 4.9968819646259588e+00 9.3864974901054978e+00 3.5124993279617693e+00 4.9015985141288460e-01 1.1866398000000000e-02 3.0355700000000002e-01
-1.5812532269110210e-02 -2.4047266617045818e+02 3.4484097773840433e-01 7.1533740643159680e+00 5.0757458300068894e+00 8.6679731226011043e+00 3.3795048965812438e+00 4.8784548971050656e-01 1.2033550000000000e-02 3.1550762999999998e-01
-1.4774277887496110e-02 -2.3623842543830199e+02 3.5643566054759729e-01 6.7101623945132198e+00 5.1667897012072004e+00 7.9723072889827122e+00 3.2529412621370457e+00 4.8573220809281287e-01 1.2192715000000000e-02 3.2762143999999999e-01
-1.3722732715704768e-02 -2.3237450059049374e+02 3.6817876796170168e-01 6.2329106744366056e+00 5.2468038071277876e+00 7.2974217722208401e+00 3.1320829650582325e+00 4.8355990675735294e-01 1.2343646000000000e-02 3.3989032000000002e-01
-1.2658613275345031e-02 -2.2886501734481396e+02 3.8006229824152177e-01 5.7211025592617784e+00 5.2824539897814029e+00 6.6413379760185585e+00 3.0163742638261866e+00 4.8088328279057635e-01 1.2486109000000000e-02 3.5230591000000000e-01
-1.1582654086774273e-02 -2.2569581827848080e+02 3.9207804864723639e-01 5.1953897771910897e+00 5.2436662021658229e+00 6.0021656379737713e+00 2.9055415441447954e+00 4.7717640077221168e-01 1.2619877000000000e-02 3.6485963999999999e-01
-1.0495610240348202e-02 -2.2285437114245221e+02 4.0421758672402336e-01 4.6921862788652833e+00 5.1156410224913742e+00 5.3780935763606390e+00 2.7996168352954403e+00 4.7199377507476520e-01 1.2744734000000001e-02 3.7754270000000001e-01
-9.3982548251710998e-03 -2.2032967554598693e+02 4.1647227901643480e-01 4.2525868551862356e+00 4.9055510590089888e+00 4.7673797012116363e+00 2.6988637628123815e+00 4.6511886537530955e-01 1.2860473000000001e-02 3.9034606999999999e-01
-8.2913772149292506e-03 -2.1811218659136074e+02 4.2883331021131388e-01 3.9097896895568880e+00 4.6417255782944906e+00 4.1683388037093341e+00 2.6036531629264728e+00 4.5664470744009711e-01 1.2966896000000000e-02 4.0326054000000000e-01
-7.1757847820574788e-03 -2.1619375713258228e+02 4.4129166399487801e-01 3.6791777222222213e+00 4.3664030350328886e+00 3.5793377508656352e+00 2.5141709269209493e+00 4.4695903039622059e-01 1.3063819000000001e-02 4.1627669000000000e-01
-6.0522977552395843e-03 -2.1456757753817533e+02 4.5383818048146907e-01 3.5540373757409189e+00 4.1247128553244918e+00 2.9987828400283565e+00 2.4305440079397598e+00 4.3665505013200939e-01 1.3151064000000001e-02 4.2938494999999999e-01
-4.9217543619079138e-03 -2.1322814448938155e+02 4.6646349878480320e-01 3.5073119557390724e+00 3.9532770036502933e+00 2.4251146645925843e+00 2.3525111716389464e+00 4.2639141239645773e-01 1.3228465999999999e-02 4.4257553999999999e-01
-3.7850039715772374e-03 -2.1217122108908188e+02 4.7915813358963788e-01 3.4988075932123666e+00 3.8722971611135177e+00 1.8567965245000799e+00 2.2795792651576448e+00 4.1673427965523080e-01 1.3295871000000001e-02 4.5583855000000001e-01
-2.6429105241778245e-03 -2.1139382130770602e+02 4.9191243686593822e-01 3.4848642375990884e+00 3.8810700038613484e+00 1.2923085686932065e+00 2.2110667200381329e+00 4.0805138977377581e-01 1.3353135000000000e-02 4.6916390000000002e-01
-1.4963482446391160e-03 -2.1089419816145363e+02 5.0471664572616881e-01 3.4281441159065720e+00 3.9604824543143460e+00 7.3013773588327524e-01 2.1462363861268425e+00 4.0044418815616334e-01 1.3400123999999999e-02 4.8254139000000001e-01
-3.4620335705624200e-04 -2.1067184296303981e+02 5.1756086328237738e-01 3.3049544748991599e+00 4.0782556335410645e+00 1.6877065114686296e-01 2.0844171893639567e+00 3.9378099210979889e-01 1.3436718000000000e-02 4.9596067999999999e-01
8.0662934364301997e-04 -2.1072749232230581e+02 5.3043509693202784e-01 3.1087101049556312e+00 4.1970660195718708e+00 -3.9331586813955077e-01 2.0251057958772485e+00 3.8773488921667232e-01 1.3462807000000000e-02 5.0941133000000005e-01
1.9612430633651895e-03 -2.1106316071714039e+02 5.4332922007216666e-01 2.8494086624403026e+00 4.2825184378258658e+00 -9.5766162045905467e-01 1.9680062715052653e+00 3.8189871570440431e-01 1.3478291000000000e-02 5.2288276000000000e-01
3.1167267226004797e-03 -2.1168216004752819e+02 5.5623305824254898e-01 2.5495441010307243e+00 4.3096049369752407e+00 -1.5258351951948068e+00 1.9130505198881376e+00 3.7588343630201831e-01 1.3483083000000000e-02 5.3636434000000000e-01
4.2721606710064419e-03 -2.1258915249196170e+02 5.6913634126834600e-01 2.2384571426132709e+00 4.2662570326262772e+00 -2.0994410377495001e+00 1.8603399720218472e+00 3.6940224014510631e-01 1.3477108000000000e-02 5.4984533999999996e-01
5.4266184015745456e-03 -2.1379020065377654e+02 5.8202872240306203e-01 1.9459003504051180e+00 4.1539589910315664e+00 -2.6801294536415465e+00 1.8100765155998026e+00 3.6232351099008991e-01 1.3460300999999999e-02 5.6331494999999998e-01
6.5791691218798978e-03 -2.1529284295417065e+02 5.9489980704290935e-01 1.6966855988740572e+00 3.9856223494274530e+00 -3.2696081161617681e+00 1.7624863767839478e+00 3.5468253538907485e-01 1.3432611000000001e-02 5.7676231000000000e-01
7.7288794682478512e-03 -2.1710618112758502e+02 6.0773917186972537e-01 1.5070782959051785e+00 3.7810542635420563e+00 -3.8696538636562199e+00 1.7177440009704683e+00 3.4666463720618396e-01 1.3393997000000000e-02 5.9017653000000003e-01
8.8748109345041376e-03 -2.1924097675525749e+02 6.2053633613659720e-01 1.3833569317208134e+00 3.5662870242775955e+00 -4.4821225067202324e+00 1.6759227285015132e+00 3.3855185207798588e-01 1.3344429999999999e-02 6.0354666000000001e-01
1.0016023300308000e-02 -2.2170977513303487e+02 6.3328079995369524e-01 1.3223493172600116e+00 3.3616275582219202e+00 -5.1089635403688707e+00 1.6369734916677685e+00 3.3067596713595715e-01 1.3283893999999999e-02 6.1686173000000000e-01
1.1151578059485183e-02 -2.2452705278000599e+02 6.4596208257410670e-01 1.3132399022073111e+00 3.1862089933334690e+00 -5.7522372513775721e+00 1.6007224057917067e+00 3.2334780098495469e-01 1.3212384000000001e-02 6.3011079000000003e-01
1.2280533277528372e-02 -2.2770936821096618e+02 6.5856966496508507e-01 1.3408526364150630e+00 3.0520745255516153e+00 -6.4141245673706138e+00 1.5668944169377983e+00 3.1682702364869531e-01 1.3129907000000000e-02 6.4328284999999996e-01
1.3401949591180073e-02 -2.3127556275885379e+02 6.7109305680825926e-01 1.3877101398111005e+00 2.9644610453770177e+00 -7.0969491557667492e+00 1.5351528200459090e+00 3.1127951437109874e-01 1.3036481000000001e-02 6.5636695000000000e-01
1.4514891065515817e-02 -2.3524698290758639e+02 6.8352180607109136e-01 1.4375132496479415e+00 2.9223094894262949e+00 -7.8031959703079199e+00 1.5051317222660656e+00 3.0677262649875592e-01 1.2932137999999999e-02 6.6935217000000002e-01
1.5618422622694417e-02 -2.3964772184202400e+02 6.9584547029250210e-01 1.4766772080372932e+00 2.9195445553774544e+00 -8.5355313517899276e+00 1.4764823341419218e+00 3.0327531743978836e-01 1.2816919000000000e-02 6.8222760000000005e-01
1.6711615184457518e-02 -2.4450492746712445e+02 7.0805367401162056e-01 1.4954271337527931e+00 2.9471424101128418e+00 -9.2968291226497293e+00 1.4489013152071579e+00 3.0067562459511959e-01 1.2690879000000000e-02 6.9498240000000000e-01
1.7793543957963107e-02 -2.4984912942008668e+02 7.2013608962486764e-01 1.4881941521163362e+00 2.9942037828751999e+00 -1.0090195665333223e+01 1.4221408932057775e+00 2.9880900652900255e-01 1.2554085000000000e-02 7.0760577999999996e-01
1.8863289292868755e-02 -2.5571462644872071e+02 7.3208244695741487e-01 1.4534035175854558e+00 3.0501592040096575e+00 -1.0919000798716477e+01 1.3960304668773693e+00 2.9747470461836539e-01 1.2406611999999999e-02 7.2008700999999997e-01
1.9919940966747922e-02 -2.6213995423691983e+02 7.4388258112047523e-01 1.3925643917353439e+00 3.1055719540252720e+00 -1.1786916110422705e+01 1.3704577132688640e+00 2.9646804556207790e-01 1.2248551000000000e-02 7.3241546999999996e-01
2.0962595613840194e-02 -2.6916838859987229e+02 7.5552640379692915e-01 1.3098771319729088e+00 3.1529475260158253e+00 -1.2697948212415792e+01 1.3454122938430664e+00 2.9559325763519184e-01 1.2080001999999999e-02 7.4458062000000003e-01
2.1990358439217782e-02 -2.7684854296515488e+02 7.6700392238424042e-01 1.2104147682661810e+00 3.1870080035498489e+00 -1.3656486625349952e+01 1.3208754618199570e+00 2.9469068487990385e-01 1.1901076999999999e-02 7.5657202000000001e-01
2.3002344932952092e-02 -2.8523508147092792e+02 7.7830525913737325e-01 1.1001590986863026e+00 3.2046807019409234e+00 -1.4667355332339255e+01 1.2969043515011065e+00 2.9362673866401462e-01 1.1711898000000000e-02 7.6837935000000002e-01
2.3997683441363472e-02 -2.9438954529746013e+02 7.8942067988316755e-01 9.8485055162233881e-01 3.2048851005306385e+00 -1.5735870960833948e+01 1.2735709498778072e+00 2.9231233781549831e-01 1.1512599000000000e-02 7.7999244000000001e-01
2.4975510881604927e-02 -3.0438123349148577e+02 8.0034054616304684e-01 8.6953595692903507e-01 3.1880943550293761e+00 -1.6867908832526407e+01 1.2509414815139812e+00 2.9069368477693697e-01 1.1303326000000001e-02 7.9140122000000002e-01
2.5934981312494727e-02 -3.1528840897402506e+02 8.1105541094760181e-01 7.5846587545625876e-01 3.1559194812011744e+00 -1.8069986008417320e+01 1.2290986428656159e+00 2.8875167228789883e-01 1.1084235000000000e-02 8.0259581999999996e-01
2.6875258220767077e-02 -3.2719950576614934e+02 8.2155593249346570e-01 6.5488177541833958e-01 3.1107914539764634e+00 -1.9349362472560461e+01 1.2081077393341588e+00 2.8649664426720872e-01 1.0855490000000001e-02 8.1356647999999998e-01
2.7795522234821422e-02 -3.4021469868305076e+02 8.3183296048643851e-01 5.6094204896446220e-01 3.0553852884288246e+00 -2.0714059423744256e+01 1.1880195309815522e+00 2.8395089067631168e-01 1.0617270000000000e-02 8.2430364000000000e-01
2.8694969410555986e-02 -3.5444769708568634e+02 8.4187751689857127e-01 4.7795794569678451e-01 2.9925375888947174e+00 -2.2173170677375222e+01 1.1688731618644295e+00 2.8116997605987493e-01 1.0369760000000000e-02 8.3479791999999997e-01
2.9572812088451035e-02 -3.7002788036115254e+02 8.5168080555962378e-01 4.0645983170438976e-01 2.9249942215893014e+00 -2.3736792391026974e+01 1.1506919549510140e+00 2.7819139115254327e-01 1.0113159000000000e-02 8.4504013000000000e-01
3.0428279750652078e-02 -3.8710281671817904e+02 8.6123422172852326e-01 3.4634290548704888e-01 2.8551213709308612e+00 -2.5416410524157246e+01 1.1334780154813302e+00 2.7507696646132979e-01 9.8476710000000005e-03 8.5502127999999999e-01
3.1260619020969917e-02 -4.0584128711937007e+02 8.7052935209336424e-01 2.9708536951146375e-01 2.7850584807091630e+00 -2.7224842600456487e+01 1.1172292958633987e+00 2.7187708504360952e-01 9.5735140000000000e-03 8.6473257999999997e-01
3.2069097950296992e-02 -4.2643696550584076e+02 8.7955802262870075e-01 2.5789968167935068e-01 2.7164993607444914e+00 -2.9176727956706646e+01 1.1019251444643525e+00 2.6864464416198713e-01 9.2909130999999992e-03 8.7416548999999999e-01
3.2853001731190969e-02 -4.4911275288641400e+02 8.8831225073825382e-01 2.2750126852008276e-01 2.6507594040288756e+00 -3.1288686813767384e+01 1.0875392966409581e+00 2.6542401200398041e-01 9.0001030000000006e-03 8.8331166999999999e-01
3.3611637840374416e-02 -4.7412614235903430e+02 8.9678430268366205e-01 2.0496131099102033e-01 2.5888606165717207e+00 -3.3579705834021389e+01 1.0740415800869210e+00 2.6225466046525825e-01 8.7013270999999996e-03 8.9216304000000002e-01
3.4344333467484993e-02 -5.0177565092318684e+02 9.0496666487010680e-01 1.8901258044774830e-01 2.5314725419037485e+00 -3.6071551526389399e+01 1.0613949578982702e+00 2.5917161443842324e-01 8.3948374000000006e-03 9.0071175000000003e-01
3.5050439800491696e-02 -5.3240892287463851e+02 9.1285209170360337e-01 1.7850029441725501e-01 2.4790180680276790e+00 -3.8789310454780072e+01 1.0495580867636691e+00 2.5619516374463347e-01 8.0808944000000001e-03 9.0895022999999997e-01
3.5729328597361949e-02 -5.6643245640458406e+02 9.2043356730516823e-01 1.7241322578024421e-01 2.4316800248929056e+00 -4.1762005817737297e+01 1.0384971158927336e+00 2.5335245390502636e-01 7.7597663000000001e-03 9.1687114999999997e-01
3.6380395614394496e-02 -6.0432404079849857e+02 9.2770434379665201e-01 1.6972522071206783e-01 2.3894436757378199e+00 -4.5023413688710306e+01 1.0281701654629289e+00 2.5065438626479086e-01 7.4317293999999999e-03 9.2446746000000002e-01
3.7003061463302768e-02 -6.4664832803452305e+02 9.3465795087219794e-01 1.6963007830341209e-01 2.3521555991015890e+00 -4.8613067836152766e+01 1.0185421696705654e+00 2.4810865804288670e-01 7.0970672000000004e-03 9.3173240000000002e-01
3.7596769897048334e-02 -6.9407645384045281e+02 9.4128817665532505e-01 1.7136166486111851e-01 2.3195953381214127e+00 -5.2577512784623643e+01 1.0095776883863925e+00 2.4572635810000004e-01 6.7560703000000000e-03 9.3865947999999999e-01
3.8160992095257217e-02 -7.4741175487905639e+02 9.4758911555622072e-01 1.7435986817048135e-01 2.2914279497978467e+00 -5.6971969622306716e+01 1.0012437153263065e+00 2.4350305889181306e-01 6.4090362999999996e-03 9.4524253000000003e-01
3.8695221521720287e-02 -8.0762241435854162e+02 9.5355511084298905e-01 1.7789941483691002e-01 2.2672645893965666e+00 -6.1862417587583046e+01 9.9351383827805617e-01 2.4143898468414693e-01 6.0562691999999996e-03 9.5147563999999996e-01
3.9198982495225958e-02 -8.7588611608786050e+02 9.5918085035623624e-01 1.8186757416731328e-01 2.2467049562167634e+00 -6.7328474113325157e+01 9.8636167964267951e-01 2.3954139682858935e-01 5.6980790999999996e-03 9.5735325999999998e-01
3.9671821618727475e-02 -9.5364794560958160e+02 9.6446127079448551e-01 1.8582063162024942e-01 2.2294707998153869e+00 -7.3467091528184099e+01 9.7976030134365022e-01 2.3779651843970989e-01 5.3347821999999998e-03 9.6287009999999995e-01
4.0113316350175628e-02 -1.0427022069664240e+03 9.6939165342876144e-01 1.8953942885541636e-01 2.2150278426333583e+00 -8.0397826117431293e+01 9.7369408255340106e-01 2.3619825080254367e-01 4.9667000000000001e-03 9.6802122999999995e-01
4.0523069002935820e-02 -1.1453045090057531e+03 9.7396755710238136e-01 1.9291290781795953e-01 2.2030329849679937e+00 -8.8270027817443264e+01 9.6813654161923779e-01 2.3475827751089068e-01 4.5941591999999996e-03 9.7280200999999999e-01
4.0900713602454293e-02 -1.2643358515352279e+03 9.7818489480262216e-01 1.9586657754441705e-01 2.1931641947829474e+00 -9.7273422899509484e+01 9.6307734120421196e-01 2.3345294554766677e-01 4.2174915999999996e-03 9.7720817000000004e-01
4.1245909029591889e-02 -1.4035418856257450e+03 9.8203985708905328e-01 1.9837020412492401e-01 2.1851186748203824e+00 -1.0765353183002814e+02 9.5850555962591844e-01 2.3228302298692546e-01 3.8370333000000002e-03 9.8123572999999997e-01
4.1558345877290258e-02 -1.5679056993224765e+03 9.8552898866520411e-01 2.0044393607786018e-01 2.1785852534105214e+00 -1.1973580792437826e+02 9.5441401215785049e-01 2.3124215538499740e-01 3.4531249000000000e-03 9.8488107999999996e-01
4.1837743879322022e-02 -1.7642438824781807e+03 9.8864915966418832e-01 2.0203104832287069e-01 2.1733202025543661e+00 -1.3396430053833080e+02 9.5078258180671327e-01 2.3032813079637557e-01 3.0661112999999999e-03 9.8814095000000002e-01
4.2083850196124241e-02 -2.0022188802876713e+03 9.9139754650578715e-01 2.0325314262118668e-01 2.1691458005933346e+00 -1.5096750931421639e+02 9.4760710070471110e-01 2.2953436721929335e-01 2.6763420000000000e-03 9.9101238999999997e-01
4.2296444557298050e-02 -2.2961940585851848e+03 9.9377168932520021e-01 2.0404505014223429e-01 2.1658478333612083e+00 -1.7167945707720125e+02 9.4488113710532629e-01 2.2885768013689450e-01 2.2841723000000002e-03 9.9349282999999999e-01
4.2475337547442059e-02 -2.6689483418572199e+03 9.9576947283012818e-01 2.0466513715331758e-01 2.1632730777267488e+00 -1.9758274443847296e+02 9.4259897462674314e-01 2.2829426621562485e-01 1.8899688000000000e-03 9.9558005999999999e-01
4.2620369749069138e-02 -3.1601734393331030e+03 9.9738911672931474e-01 2.0456000141113873e-01 2.1613740038995668e+00 -2.3126592782015155e+02 9.4075694581338365e-01 2.2784180736503568e-01 1.4941295000000000e-03 9.9727222000000004e-01
4.2731423741772100e-02 -3.8503503705408343e+03 9.9862930973296327e-01 2.0533681410985222e-01 2.1599811480051168e+00 -2.7799322584472446e+02 9.3935229198101022e-01 2.2749819520748482e-01 1.0971916000000000e-03 9.9856794000000004e-01
4.2808456671387739e-02 -4.9582538978162002e+03 9.9948957326815546e-01 2.0548589860566985e-01 2.1590609967146772e+00 -3.5212589830322389e+02 9.3837861014707336e-01 2.2726110259909049e-01 7.0085733000000002e-04 9.9946672000000003e-01
