-9.4996110215651064e-01 -6.5702102041762237e+02 9.4996309715317306e-01 -8.9259114468259543e+02 -2.0350626617386126e+02 4.5036889800205088e+01 -6.0629729293902976e+01 -1.3470211061014970e+01 5.5301730000000003e-06 1.0230946000000001e-06
-9.4992519197567460e-01 -4.6488796151785800e+02 9.4996404289315517e-01 -7.0025165425706371e+02 -2.0350426337492581e+02 3.2315664426148544e+01 -4.7898805069733257e+01 -1.3470120275943181e+01 3.5894988000000002e-05 1.9923924999999999e-05
-9.4981252837234542e-01 -3.7596838096330004e+02 9.4996701003149053e-01 -6.1081529023558085e+02 -2.0349797995329095e+02 2.6420704283395537e+01 -4.1979351231620761e+01 -1.3469835453024018e+01 8.5619985000000003e-05 7.9222864999999994e-05
-9.4958949100411094e-01 -3.1791099033165955e+02 9.4997288400237334e-01 -5.5189690003946407e+02 -2.0348554128335564e+02 2.2562686299163708e+01 -3.8080203538012597e+01 -1.3469271612376694e+01 1.5173507999999999e-04 1.9661552000000001e-04
-9.4922665514560800e-01 -2.7510466479976509e+02 9.4998243974312180e-01 -5.0787853336626131e+02 -2.0346530745107256e+02 1.9708446574335248e+01 -3.5167632516604549e+01 -1.3468354406026258e+01 2.3255418000000001e-04 3.8758918999999998e-04
-9.4869725972035579e-01 -2.4149850292733450e+02 9.4999638204049575e-01 -4.7271622922669104e+02 -2.0343578822768632e+02 1.7457852226420830e+01 -3.2841606742582776e+01 -1.3467016259742111e+01 3.2689763000000001e-04 6.6622920000000002e-04
-9.4797651021787321e-01 -2.1409560256110782e+02 9.5001536388925445e-01 -4.4342796575487972e+02 -2.0339560465354339e+02 1.5613038269210159e+01 -3.0904758808133924e+01 -1.3465194626634796e+01 4.3385032000000002e-04 1.0455858000000000e-03
-9.4704118857235475e-01 -1.9118384185901760e+02 9.5003999676649520e-01 -4.1832121060717810e+02 -2.0334346777727797e+02 1.4061238237530000e+01 -2.9245067755598754e+01 -1.3462831016377660e+01 5.5265518999999999e-04 1.5378795000000000e-03
-9.4586941200505148e-01 -1.7168729016554343e+02 9.5007085698284355e-01 -3.9634232809775381e+02 -2.0327816572965006e+02 1.2731816064497893e+01 -2.7792797199152687e+01 -1.3459870407876432e+01 6.8265765000000004e-04 2.1546280000000000e-03
-9.4444047018160571e-01 -1.5488164724736677e+02 9.5010848997112074e-01 -3.7679068503649017e+02 -2.0319855518433494e+02 1.1577404928325455e+01 -2.6501572612933078e+01 -1.3456260854541579e+01 8.2327310000000005e-04 2.9067318999999999e-03
-9.4273471425636757e-01 -1.4025325857884479e+02 9.5015341320850155e-01 -3.5917675513566365e+02 -2.0310355572472926e+02 1.0564559795229775e+01 -2.5338989980565469e+01 -1.3451953222147303e+01 9.7396649000000004e-04 3.8045331000000002e-03
-9.4073347574555022e-01 -1.2742268146747303e+02 9.5020611835309288e-01 -3.4314504568698783e+02 -2.0299214588236362e+02 9.6686874610058098e+00 -2.4281513596010061e+01 -1.3446901004723429e+01 1.1342389000000000e-03 4.8578574999999999e-03
-9.3841900724953653e-01 -1.1610032133474698e+02 9.5026707280508604e-01 -3.2842928892864671e+02 -2.0286336038328179e+02 8.8711034441181624e+00 -2.3311512739621634e+01 -1.3441060194023791e+01 1.3036180000000001e-03 6.0760461999999999e-03
-9.3577443951454897e-01 -1.0605922922085350e+02 9.5033672083759235e-01 -3.1482493484823584e+02 -2.0271628832032474e+02 8.1572278037435240e+00 -2.2415438948067138e+01 -1.3434389190431897e+01 1.4816515000000000e-03 7.4679780999999997e-03
-9.3278374666400221e-01 -9.7117639119018378e+01 9.5041548451231894e-01 -3.0217148137923857e+02 -2.0255007174891077e+02 7.5154276726938498e+00 -2.1582657880775223e+01 -1.3426848733716339e+01 1.6679024999999999e-03 9.0420881999999994e-03
-9.2943172263941942e-01 -8.9127342958324718e+01 9.5050376430002759e-01 -2.9034072653807340e+02 -2.0236390490237758e+02 6.9362477041677950e+00 -2.0804671545918492e+01 -1.3418401863643430e+01 1.8619452999999999e-03 1.0806380000000001e-02
-9.2570395935128269e-01 -8.1965675962960958e+01 9.5060193965595918e-01 -2.7922868008537705e+02 -2.0215703347017728e+02 6.4118806312266319e+00 -2.0074583416549558e+01 -1.3409013879159200e+01 2.0633631000000000e-03 1.2768437000000001e-02
-9.2158683660942409e-01 -7.5529854266062799e+01 9.5071036928502983e-01 -2.6874988134016030e+02 -2.0192875452768376e+02 5.9357943222514775e+00 -1.9386721605613115e+01 -1.3398652334578097e+01 2.2717459999999998e-03 1.4935428000000001e-02
-9.1706750521368408e-01 -6.9732843352085581e+01 9.5082939158715984e-01 -2.5883326859641619e+02 -2.0167841604535138e+02 5.5024605751732834e+00 -1.8736366814939725e+01 -1.3387287007517815e+01 2.4866887000000002e-03 1.7314116000000001e-02
-9.1213388733389622e-01 -6.4500309426810233e+01 9.5095932464726596e-01 -2.4941916959109429e+02 -2.0140541720956310e+02 5.1071561699821952e+00 -1.8119552418670430e+01 -1.3374889916803513e+01 2.7077901999999999e-03 1.9910858000000000e-02
-9.0677465561070059e-01 -5.9768281588440225e+01 9.5110046678566806e-01 -2.4045699940203869e+02 -2.0110920785191220e+02 4.7458107851313382e+00 -1.7532912425251070e+01 -1.3361435282545679e+01 2.9346520999999999e-03 2.2731616000000000e-02
-9.0097924455509992e-01 -5.5481378298351679e+01 9.5125309625786780e-01 -2.3190356070301638e+02 -2.0078928918199688e+02 4.4148926629070084e+00 -1.6973569083000527e+01 -1.3346899567994061e+01 3.1668782999999998e-03 2.5781951000000001e-02
-8.9473783914890337e-01 -5.1591391344561018e+01 9.5141747155476952e-01 -2.2372168911334478e+02 -2.0044521353588655e+02 4.1113179649604756e+00 -1.6439043206948046e+01 -1.3331261454623860e+01 3.4040742000000001e-03 2.9067029000000001e-02
-8.8804136724502203e-01 -4.8056163952150989e+01 9.5159383160282884e-01 -2.1587920063681619e+02 -2.0007658412877964e+02 3.8323790471656336e+00 -1.5927184747909388e+01 -1.3314501840035202e+01 3.6458464000000000e-03 3.2591624999999999e-02
-8.8088151096702549e-01 -4.4838694154300647e+01 9.5178239546383059e-01 -2.0834807878076279e+02 -1.9968305590495009e+02 3.5756879917022557e+00 -1.5436118974652288e+01 -1.3296603864820517e+01 3.8918026000000000e-03 3.6360116999999997e-02
-8.7325069150973300e-01 -4.1906388005258385e+01 9.5198336273518436e-01 -2.0110379356746245e+02 -1.9926433475074367e+02 3.3391298038909523e+00 -1.4964201510026264e+01 -1.3277552882233580e+01 4.1415510999999999e-03 4.0376493999999999e-02
-8.6514207483899197e-01 -3.9230453245949967e+01 9.5219691339981383e-01 -1.9412477317317760e+02 -1.9882017785981574e+02 3.1208245892978734e+00 -1.4509983344906264e+01 -1.3257336473217569e+01 4.3947007000000003e-03 4.4644352999999998e-02
-8.5654957169167778e-01 -3.6785390165694182e+01 9.5242320782615675e-01 -1.8739196585719236e+02 -1.9835039374288607e+02 2.9190961490031890e+00 -1.4072182207739612e+01 -1.3235944447399998e+01 4.6508610999999997e-03 4.9166899000000000e-02
-8.4746782997598946e-01 -3.4548561642076130e+01 9.5266238696831251e-01 -1.8088847511900136e+02 -1.9785484174545391e+02 2.7324453506824216e+00 -1.3649658239410311e+01 -1.3213368821531589e+01 4.9096423000000002e-03 5.3946949000000001e-02
-8.3789224427108033e-01 -3.2499833358874248e+01 9.5291457211585795e-01 -1.7459926866522582e+02 -1.9733343236625575e+02 2.5595283655472549e+00 -1.3241394717484120e+01 -1.3189603833052757e+01 5.1706551000000002e-03 5.8986927000000001e-02
-8.2781893872772272e-01 -3.0621260931296870e+01 9.5317986534417920e-01 -1.6851091843211549e+02 -1.9678612609748131e+02 2.3991374303882638e+00 -1.2846481145698913e+01 -1.3164645899656934e+01 5.4335110000000002e-03 6.4288872999999996e-02
-8.1724478416764323e-01 -2.8896828518492459e+01 9.5345834906413940e-01 -1.6261140364936836e+02 -1.9621293411964689e+02 2.2501851111330229e+00 -1.2464100187169349e+01 -1.3138493648079045e+01 5.6978226000000002e-03 6.9854434000000007e-02
-8.0616737908426184e-01 -2.7312216886781194e+01 9.5375008652244875e-01 -1.5688992308200139e+02 -1.9561391691016112e+02 2.1116901611278771e+00 -1.2093515316875290e+01 -1.3111147851502684e+01 5.9632034000000004e-03 7.5684873999999999e-02
-7.9458505914232180e-01 -2.5854607445773837e+01 9.5405512155147876e-01 -1.5133675182077835e+02 -1.9498918428177899e+02 1.9827657686137763e+00 -1.1734061389920493e+01 -1.3082611444129455e+01 6.2292681999999997e-03 8.1781068999999998e-02
-7.8249688957818608e-01 -2.4512509231054885e+01 9.5437347876941081e-01 -1.4594310909484065e+02 -1.9433889460704788e+02 1.8626090547347625e+00 -1.1385135988627365e+01 -1.3052889482695218e+01 6.4956331999999999e-03 8.8143510999999994e-02
-7.6990266519983663e-01 -2.3275609104158420e+01 9.5470516358023616e-01 -1.4070104918469869e+02 -1.9366325411034489e+02 1.7504920240072124e+00 -1.1046192252385547e+01 -1.3021989129798319e+01 6.7619166000000000e-03 9.4772308000000000e-02
-7.5680289898731834e-01 -2.2134639650973121e+01 9.5505016247397700e-01 -1.3560336311182093e+02 -1.9296251572601756e+02 1.6457535505076555e+00 -1.0716732387480521e+01 -1.2989919601923708e+01 7.0277381999999996e-03 1.0166719000000000e-01
-7.4319882019281258e-01 -2.1081264342271961e+01 9.5540844307672412e-01 -1.3064349741974263e+02 -1.9223697835427538e+02 1.5477924334770181e+00 -1.0396302375238632e+01 -1.2956692144162005e+01 7.2927204000000001e-03 1.0882751000000000e-01
-7.2909240093960292e-01 -2.0107978425831256e+01 9.5577995345011924e-01 -1.2581548931236631e+02 -1.9148698740811579e+02 1.4560614025985963e+00 -1.0084487891879752e+01 -1.2922320069740223e+01 7.5564877000000004e-03 1.1625223000000000e-01
-7.1448630112421785e-01 -1.9208015698152337e+01 9.5616462354242671e-01 -1.2111389210791131e+02 -1.9071293116156701e+02 1.3700613239664601e+00 -9.7809090127059761e+00 -1.2886818593088039e+01 7.8186677999999999e-03 1.2393994999999999e-01
-6.9938386461657931e-01 -1.8375270710944893e+01 9.5656236528860750e-01 -1.1653371562574991e+02 -1.8991523968979129e+02 1.2893364010866375e+00 -9.4852167793715747e+00 -1.2850204799553252e+01 8.0788911000000008e-03 1.3188891000000000e-01
-6.8378917625778501e-01 -1.7604232678022232e+01 9.5697307110921026e-01 -1.1207039985964923e+02 -1.8909438696892423e+02 1.2134702268128847e+00 -9.1970912412526218e+00 -1.2812497734473345e+01 8.3367917000000003e-03 1.4009695999999999e-01
-6.6770698586306454e-01 -1.6889919717880989e+01 9.5739661591185010e-01 -1.0771974972127266e+02 -1.8825088589488573e+02 1.1420815661898582e+00 -8.9162372489316972e+00 -1.2773718233801389e+01 8.5920070000000005e-03 1.4856159999999999e-01
-6.5114274622030177e-01 -1.6227826654585137e+01 9.5783285609046875e-01 -1.0347790987917756e+02 -1.8738528930146771e+02 1.0748211203734890e+00 -8.6423828409405203e+00 -1.2733888895066247e+01 8.8441787999999997e-03 1.5727996000000000e-01
-6.3410257509151280e-01 -1.5613875109226889e+01 9.5828163052607418e-01 -9.9341322461735416e+01 -1.8649818684264483e+02 1.0113683572914880e+00 -8.3752764351226627e+00 -1.2693034033996353e+01 9.0929527999999999e-03 1.6624881999999999e-01
-6.1659325521284569e-01 -1.5044370943102304e+01 9.5874276058674057e-01 -9.5306699247385694e+01 -1.8559020401704532e+02 9.5142877635829870e-01 -8.1146851029913396e+00 -1.2651179604952889e+01 9.3379794999999995e-03 1.7546460999999999e-01
-5.9862221529531978e-01 -1.4515965695282219e+01 9.5921605062797766e-01 -9.1370992638056592e+01 -1.8466200002529160e+02 8.9473144073062327e-01 -7.8603926179197297e+00 -1.2608353123178651e+01 9.5789143999999993e-03 1.8492342000000001e-01
-5.8019758702260860e-01 -1.4025624403642059e+01 9.5970128649162212e-01 -8.7531385513384720e+01 -1.8371426956446160e+02 8.4102690505414679e-01 -7.6121988332158068e+00 -1.2564583765577856e+01 9.8154178999999998e-03 1.9462097000000000e-01
-5.6132811005473515e-01 -1.3570592555173207e+01 9.6019823800768533e-01 -8.3785250377789708e+01 -1.8274773677783327e+02 7.9008498795027959e-01 -7.3699170301874100e+00 -1.2519902096132791e+01 1.0047156000000000e-02 2.0455266000000000e-01
-5.4202311302881045e-01 -1.3148369339526512e+01 9.6070665949472300e-01 -8.0130129865630906e+01 -1.8176315292929436e+02 7.4169297625798003e-01 -7.1333726013590377e+00 -1.2474339982614532e+01 1.0273801000000001e-02 2.1471357999999999e-01
-5.2229260855533899e-01 -1.2756685910666658e+01 9.6122628725798731e-01 -7.6563739058576502e+01 -1.8076130056881479e+02 6.9565420996525940e-01 -6.9024032798733881e+00 -1.2427930784719699e+01 1.0495031000000000e-02 2.2509846000000000e-01
-5.0214717922265295e-01 -1.2393481453105398e+01 9.6175684259164429e-01 -7.3083930871834070e+01 -1.7974298595066094e+02 6.5178637248681048e-01 -6.6768567938883816e+00 -1.2380709032882796e+01 1.0710529999999999e-02 2.3570173000000000e-01
-4.8159799659617275e-01 -1.2056884828667126e+01 9.6229803127840419e-01 -6.9688685161236720e+01 -1.7870903906094190e+02 6.0992021875869407e-01 -6.4565903670468208e+00 -1.2332710438184620e+01 1.0919989999999999e-02 2.4651751000000000e-01
-4.6065684021766823e-01 -1.1745197900084991e+01 9.6284954308915194e-01 -6.6376105429861781e+01 -1.7766031332548533e+02 5.6989841900958083e-01 -6.2414701249127065e+00 -1.2283971892566450e+01 1.1123108000000000e-02 2.5753959999999998e-01
-4.3933604060747600e-01 -1.1456879498876470e+01 9.6341105328405585e-01 -6.3144395265569614e+01 -1.7659768167241120e+02 5.3157440351692375e-01 -6.0313699452056886e+00 -1.2234531211056913e+01 1.1319591000000000e-02 2.6876150999999998e-01
-4.1764846026523827e-01 -1.1190531832907775e+01 9.6398222311293702e-01 -5.9991850211315686e+01 -1.7552203410642650e+02 4.9481124468121856e-01 -5.8261706933403365e+00 -1.2184427358415778e+01 1.1509152000000000e-02 2.8017647000000001e-01
-3.9560751266916427e-01 -1.0944888787743301e+01 9.6456269931489991e-01 -5.6916852177644721e+01 -1.7443427792831744e+02 4.5948087450748210e-01 -5.6257599340079416e+00 -1.2133699992876027e+01 1.1691511000000000e-02 2.9177742000000001e-01
-3.7322718127529020e-01 -1.0718805357171249e+01 9.6515211361796294e-01 -5.3917865164859123e+01 -1.7333533717677489e+02 4.2546325022309844e-01 -5.4300316321356092e+00 -1.2082389768334448e+01 1.1866398000000000e-02 3.0355700000000002e-01
-3.5052186752339320e-01 -1.0511246547466122e+01 9.6575008674201446e-01 -5.0993408871646757e+01 -1.7222614417396841e+02 3.9264535248861793e-01 -5.2388844116541362e+00 -1.2030537875540396e+01 1.2033550000000000e-02 3.1550762999999998e-01
-3.2750652383181644e-01 -1.0321280440108188e+01 9.6635622489622597e-01 -4.8142072002070705e+01 -1.7110764502130479e+02 3.6092072273727110e-01 -5.0522224126318029e+00 -1.1978186304316701e+01 1.2192715000000000e-02 3.2762143999999999e-01
-3.0419655860116523e-01 -1.0148069789386676e+01 9.6697012228090051e-01 -4.5362494901397575e+01 -1.6998079376527201e+02 3.3018862781932162e-01 -4.8699541648730715e+00 -1.1925377591406098e+01 1.2343646000000000e-02 3.3989032000000002e-01
-2.8060785521356846e-01 -9.9908655791265151e+00 9.6759136058710205e-01 -4.2653369094338593e+01 -1.6884655253552484e+02 3.0035353788511138e-01 -4.6919924834410436e+00 -1.1872154827849517e+01 1.2486109000000000e-02 3.5230591000000000e-01
-2.5675669603563367e-01 -9.8490007682773246e+00 9.6821951099813464e-01 -4.0013423874968673e+01 -1.6770588682652925e+02 2.7132444057550248e-01 -4.5182536687790318e+00 -1.1818561445121682e+01 1.2619877000000000e-02 3.6485963999999999e-01
-2.3265981941623071e-01 -9.7218856466155152e+00 9.6885413268843312e-01 -3.7441431633732876e+01 -1.6655976731821744e+02 2.4301442063874601e-01 -4.3486577440058856e+00 -1.1764641322154665e+01 1.2744734000000001e-02 3.7754270000000001e-01
-2.0833436268870864e-01 -9.6090031354087291e+00 9.6949477432467213e-01 -3.4936198234263586e+01 -1.6540916637529565e+02 2.1534004017659486e-01 -4.1831278610983862e+00 -1.1710438617977232e+01 1.2860473000000001e-02 3.9034606999999999e-01
-1.8379782417237411e-01 -9.5099048223159812e+00 9.7014097506650487e-01 -3.2496557914818681e+01 -1.6425505541689668e+02 1.8822094922465860e-01 -4.0215899154633403e+00 -1.1655997662695430e+01 1.2966896000000000e-02 4.0326054000000000e-01
-1.5906810117101311e-01 -9.4242080727272395e+00 9.7079226356582438e-01 -3.0121375190078325e+01 -1.6309840597773493e+02 1.6157932313470086e-01 -3.8639726622485382e+00 -1.1601363010610836e+01 1.3063819000000001e-02 4.1627669000000000e-01
-1.3416337597732519e-01 -9.3515929746169490e+00 9.7144816096898035e-01 -2.7809533526839321e+01 -1.6194018379338760e+02 1.3533941841457797e-01 -3.7102069117172003e+00 -1.1546579166876713e+01 1.3151064000000001e-02 4.2938494999999999e-01
-1.0910222986848939e-01 -9.2918006964744659e+00 9.7210817791456250e-01 -2.5559944218129651e+01 -1.6078135341864802e+02 1.0942731417487611e-01 -3.5602261525163046e+00 -1.1491690806085243e+01 1.3228465999999999e-02 4.4257553999999999e-01
-8.3903491112076622e-02 -9.2446314507345324e+00 9.7277181853635608e-01 -2.3371532902347852e+01 -1.5962287074673702e+02 8.3770248942759862e-02 -3.4139655647401908e+00 -1.1436742435997861e+01 1.3295871000000001e-02 4.5583855000000001e-01
-5.8586310963093524e-02 -9.2099436780736124e+00 9.7343857846186455e-01 -2.1243245526062559e+01 -1.5846568590697788e+02 5.8296382234418187e-02 -3.2713624224698412e+00 -1.1381778537257381e+01 1.3353135000000000e-02 4.6916390000000002e-01
-3.3170068667677577e-02 -9.1876533065976176e+00 9.7410794731415662e-01 -1.9174040438723935e+01 -1.5731073870810823e+02 3.2934258192423405e-02 -3.1323555317260174e+00 -1.1326843331438031e+01 1.3400123999999999e-02 4.8254139000000001e-01
-7.6744094616194580e-03 -9.1777337621783701e+00 9.7477940771112748e-01 -1.7162891911432762e+01 -1.5615895970685057e+02 7.6124750131696395e-03 -2.9968854223270958e+00 -1.1271980866694777e+01 1.3436718000000000e-02 4.9596067999999999e-01
1.7880831426681509e-02 -9.1802163460941149e+00 9.7545243726697706e-01 -1.5208784152532518e+01 -1.5501126780396126e+02 -1.7740817242670237e-02 -2.8648939410705268e+00 -1.1217234835062396e+01 1.3462807000000000e-02 5.0941133000000005e-01
4.3475552779172366e-02 -9.1951911897019478e+00 9.7612650659073164e-01 -1.3310718253814191e+01 -1.5386857096505335e+02 -4.3198243269742864e-02 -2.7363246320663772e+00 -1.1162648720329793e+01 1.3478291000000000e-02 5.2288276000000000e-01
6.9089558381496330e-02 -9.2228087683670257e+00 9.7680108378956965e-01 -1.1467699344247713e+01 -1.5273176092970650e+02 -6.8833778628547726e-02 -2.6111218644047853e+00 -1.1108265460903638e+01 1.3483083000000000e-02 5.3636434000000000e-01
9.4702462026686973e-02 -9.2632819920024527e+00 9.7747563196697429e-01 -9.6787452490508521e+00 -1.5160171651385238e+02 -9.4723141832175173e-02 -2.4892314860065867e+00 -1.1054127589708271e+01 1.3477108000000000e-02 5.4984533999999996e-01
1.2029372551369066e-01 -9.3168888390446316e+00 9.7814961022347247e-01 -7.9428842043336783e+00 -1.5047930088818779e+02 -1.2094426487781373e-01 -2.3706004220184185e+00 -1.1000277218248760e+01 1.3460300999999999e-02 5.6331494999999998e-01
1.4584271564514917e-01 -9.3839757923275631e+00 9.7882247515774323e-01 -6.2591521974109048e+00 -1.4936536347854863e+02 -1.4757791877658599e-01 -2.2551766306200247e+00 -1.0946755876526280e+01 1.3432611000000001e-02 5.7676231000000000e-01
1.7132874222592132e-01 -9.4649620350179138e+00 9.7949368186735719e-01 -4.6265918139742279e+00 -1.4826073060225312e+02 -1.7470818106145153e-01 -2.1429089006638886e+00 -1.0893604459188825e+01 1.3393997000000000e-02 5.9017653000000003e-01
1.9673100106530073e-01 -9.5603441251259085e+00 9.8016268244766747e-01 -3.0442571137395533e+00 -1.4716621615134079e+02 -2.0242311491217685e-01 -2.0337471938989089e+00 -1.0840863342702407e+01 1.3344429999999999e-02 6.0354666000000001e-01
2.2202864997405869e-01 -9.6707019489301835e+00 9.8082892799328847e-01 -1.5112102120990791e+00 -1.4608261415295019e+02 -2.3081536665639552e-01 -1.9276423458897425e+00 -1.0788572234404446e+01 1.3283893999999999e-02 6.1686173000000000e-01
2.4720088476148927e-01 -9.7967058367062609e+00 9.8149187059957321e-01 -2.6518034701375835e-02 -1.4501069828349972e+02 -2.5998301762845977e-01 -1.8245458136278536e+00 -1.0736770049404248e+01 1.3212384000000001e-02 6.3011079000000003e-01
2.7222682523984165e-01 -9.9391238948414316e+00 9.8215096036039695e-01 1.4107393800569323e+00 -1.4395122457620920e+02 -2.9003017624822625e-01 -1.7244102214767574e+00 -1.0685495129245000e+01 1.3129907000000000e-02 6.4328284999999996e-01
2.9708564821914885e-01 -1.0098831775484275e+01 9.8280564887074340e-01 2.8014751678357253e+00 -1.4290492872830188e+02 -3.2106804013332185e-01 -1.6271888746030749e+00 -1.0634785037878849e+01 1.3036481000000001e-02 6.5636695000000000e-01
3.2175660650648674e-01 -1.0276823497821720e+01 9.8345538972707447e-01 4.1465950028179774e+00 -1.4187252465207618e+02 -3.5321584894382019e-01 -1.5328357635100343e+00 -1.0584676454343318e+01 1.2932137999999999e-02 6.6935217000000002e-01
3.4621897190819273e-01 -1.0474223351766485e+01 9.8409963702622150e-01 5.4469924020832288e+00 -1.4085470800133979e+02 -3.8660189527515976e-01 -1.4413058723598335e+00 -1.0535205412478755e+01 1.2816919000000000e-02 6.8222760000000005e-01
3.7045214922543002e-01 -1.0692300898903417e+01 9.8473784836760281e-01 6.7035537567872883e+00 -1.3985215177651182e+02 -4.2136487054692467e-01 -1.3525547994334288e+00 -1.0486407019069839e+01 1.2690879000000000e-02 6.9498240000000000e-01
3.9443563825566708e-01 -1.0932487263252769e+01 9.8536948385248424e-01 7.9171526435868618e+00 -1.3886550877890605e+02 -4.5765518618887829e-01 -1.2665389887803573e+00 -1.0438315604632024e+01 1.2554085000000000e-02 7.0760577999999996e-01
4.1814905279193759e-01 -1.1196394273506142e+01 9.8599400658434899e-01 9.0886532309874521e+00 -1.3789541170251894e+02 -4.9563652157113952e-01 -1.1832157348434900e+00 -1.0390964676561307e+01 1.2406611999999999e-02 7.2008700999999997e-01
4.4157221561914528e-01 -1.1485837588123395e+01 9.8661088517074513e-01 1.0218909404351054e+01 -1.3694246998318553e+02 -5.3548773368955782e-01 -1.1025429233001143e+00 -1.0344386785408380e+01 1.2248551000000000e-02 7.3241546999999996e-01
4.6468510151628162e-01 -1.1802861886654849e+01 9.8721959222217703e-01 1.1308762379314260e+01 -1.3600727305092408e+02 -5.7740477644989985e-01 -1.0244792904209525e+00 -1.0298613652189381e+01 1.2080001999999999e-02 7.4458062000000003e-01
4.8746787525494617e-01 -1.2149771107209180e+01 9.8781960535284474e-01 1.2359040341784761e+01 -1.3509038969705932e+02 -6.2160306475660632e-01 -9.4898451708535048e-01 -1.0253676137309208e+01 1.1901076999999999e-02 7.5657202000000001e-01
5.0990092959787114e-01 -1.2529163798605934e+01 9.8841040818138226e-01 1.3370559055993313e+01 -1.3419236729079060e+02 -6.6832010357467908e-01 -8.7601886341337187e-01 -1.0209604195539036e+01 1.1711898000000000e-02 7.6837935000000002e-01
5.3196494229670099e-01 -1.2943974932320268e+01 9.8899149183196733e-01 1.4344122738517569e+01 -1.3331373113022519e+02 -7.1781876152790614e-01 -8.0554347474827104e-01 -1.0166426796234433e+01 1.1512599000000000e-02 7.7999244000000001e-01
5.5364078109569070e-01 -1.3397521857289711e+01 9.8956235243247248e-01 1.5280517685398214e+01 -1.3245498824264007e+02 -7.7039051521654167e-01 -7.3752017487672483e-01 -1.0124172150887363e+01 1.1303326000000001e-02 7.9140122000000002e-01
5.7490969372431233e-01 -1.3893564066789825e+01 9.9012249611816161e-01 1.6180519896188663e+01 -1.3161662170201402e+02 -8.2635998822391388e-01 -6.7191182942007344e-01 -1.0082867377080580e+01 1.1084235000000000e-02 8.0259581999999996e-01
5.9575313690390952e-01 -1.4436365645225763e+01 9.9067143452836304e-01 1.7044886432566233e+01 -1.3079909806949709e+02 -8.8608927285804029e-01 -6.0868210250259924e-01 -1.0042538877706702e+01 1.0855490000000001e-02 8.1356647999999998e-01
6.1615294734104298e-01 -1.5030777188586130e+01 9.9120868930979644e-01 1.7874359717698088e+01 -1.3000286180517898e+02 -9.4998396652081585e-01 -5.4779544468148766e-01 -1.0003212009171984e+01 1.0617270000000000e-02 8.2430364000000000e-01
6.3609130372897038e-01 -1.5682327687472799e+01 9.9173379111583260e-01 1.8669666278900589e+01 -1.2922833781022160e+02 -1.0184996747787802e+00 -4.8921717227406281e-01 -9.9649112735315928e+00 1.0369760000000000e-02 8.3479791999999997e-01
6.5555074574690742e-01 -1.6397335616751352e+01 9.9224628010686411e-01 1.9431515287855529e+01 -1.2847593181391323e+02 -1.0921497460094893e+00 -4.3291350900448305e-01 -9.9276602413495034e+00 1.0113159000000000e-02 8.4504013000000000e-01
6.7451419305928728e-01 -1.7183041432742868e+01 9.9274570645067417e-01 2.0160597862346449e+01 -1.2774603067528926e+02 -1.1715145305447288e+00 -3.7885159864827289e-01 -9.8914815982950106e+00 9.8476710000000005e-03 8.5502127999999999e-01
6.9296494531576247e-01 -1.8047765859673820e+01 9.9323163032243655e-01 2.0857584740159307e+01 -1.2703900353689008e+02 -1.2572522831262030e+00 -3.2699955698744043e-01 -9.8563971779471569e+00 9.5735140000000000e-03 8.6473257999999997e-01
7.1088677714750759e-01 -1.9001105684065365e+01 9.9370362440656401e-01 2.1523135974858288e+01 -1.2635519917820420e+02 -1.3501126520103017e+00 -2.7732629740875187e-01 -9.8224278063448693e+00 9.2909130999999992e-03 8.7416548999999999e-01
7.2826384317091608e-01 -2.0054161382279599e+01 9.9416127139485977e-01 2.2157881022427532e+01 -1.2569495101688332e+02 -1.4509520141211496e+00 -2.2980184665480691e-01 -9.7895935509208787e+00 9.0001030000000006e-03 8.8331166999999999e-01
7.4508079198316524e-01 -2.1219826188637931e+01 9.9460416698873522e-01 2.2762436989095526e+01 -1.2505857277913034e+02 -1.5607530805898986e+00 -1.8439710219714317e-01 -9.7579135242001946e+00 8.7013270999999996e-03 8.9216304000000002e-01
7.6132270916443345e-01 -2.2513130127697657e+01 9.9503191839810112e-01 2.3337397908261512e+01 -1.2444636373697739e+02 -1.6806477946150427e+00 -1.4108404867771307e-01 -9.7274060336787951e+00 8.3948374000000006e-03 9.0071175000000003e-01
7.7697521227420507e-01 -2.3951676206321061e+01 9.9544414684321536e-01 2.3883338465578316e+01 -1.2385860419475947e+02 -1.8119465134964106e+00 -9.9835549985959116e-02 -9.6980884474449809e+00 8.0808944000000001e-03 9.0895022999999997e-01
7.9202437485422594e-01 -2.5556168321823975e+01 9.9584048555320481e-01 2.4400810486167249e+01 -1.2329556032735108e+02 -1.9561726717305181e+00 -6.0625633614474872e-02 -9.6699773675982499e+00 7.7597663000000001e-03 9.1687114999999997e-01
8.0645680242554851e-01 -2.7351086654551928e+01 9.9622058176754358e-01 2.4890344476264360e+01 -1.2275748210149519e+02 -2.1151073458026390e+00 -2.3429325969122561e-02 -9.6430885387561425e+00 7.4317293999999999e-03 9.2446746000000002e-01
8.2025965148779112e-01 -2.9365537994021398e+01 9.9658409723642227e-01 2.5352449459855041e+01 -1.2224460367685499e+02 -2.2908448326230952e+00 1.1777329419240562e-02 -9.6174368373956227e+00 7.0970672000000004e-03 9.3173240000000002e-01
8.3342059152061698e-01 -3.1634332045045703e+01 9.9693070722000932e-01 2.5787610635971159e+01 -1.2175714561693120e+02 -2.4858625998179646e+00 4.5017133456259073e-02 -9.5930363804943450e+00 6.7560703000000000e-03 9.3865947999999999e-01
8.4592789998003948e-01 -3.4199393586021017e+01 9.9726010299029810e-01 2.6196291901512719e+01 -1.2129531238550852e+02 -2.7031132164051397e+00 7.6311915568752081e-02 -9.5699003910356684e+00 6.4090362999999996e-03 9.4524253000000003e-01
8.5777034830285470e-01 -3.7111566545469245e+01 9.9757198882889042e-01 2.6578931286201797e+01 -1.2085929739646120e+02 -2.9461405076072271e+00 1.0568220700253192e-01 -9.5480414353900844e+00 6.0562691999999996e-03 9.5147563999999996e-01
8.6893739189925312e-01 -4.0433077081422766e+01 9.9786608703069124e-01 2.6935946307007100e+01 -1.2044927690476781e+02 -3.2192392906572440e+00 1.3314759910480309e-01 -9.5274711111349220e+00 5.6980790999999996e-03 9.5735325999999998e-01
8.7941898016020792e-01 -4.4240747805060018e+01 9.9814213290021381e-01 2.7267727240372608e+01 -1.2006541772962419e+02 -3.5276617081525461e+00 1.5872656437712568e-01 -9.5082004214319689e+00 5.3347821999999998e-03 9.6287009999999995e-01
8.8920574645008643e-01 -4.8630528555866185e+01 9.9839987975527456e-01 2.7574642160429889e+01 -1.1970787113574691e+02 -3.8779098675263719e+00 1.8243622781142410e-01 -9.4902394592633179e+00 4.9667000000000001e-03 9.6802122999999995e-01
8.9828887511182187e-01 -5.3723724989819793e+01 9.9863909542440688e-01 2.7857033814277170e+01 -1.1937677842673214e+02 -4.2781363139431550e+00 2.0429266283403585e-01 -9.4735976809466571e+00 4.5941591999999996e-03 9.7280200999999999e-01
9.0666025346100176e-01 -5.9676098792289302e+01 9.9885956624981698e-01 2.8115220580407037e+01 -1.1907226603065888e+02 -4.7387320834546776e+00 2.2431088330605659e-01 -9.4582836502847538e+00 4.2174915999999996e-03 9.7720817000000004e-01
9.1431231979177996e-01 -6.6691156021540792e+01 9.9906109308442781e-01 2.8349494416088827e+01 -1.1879445173488479e+02 -5.2731833104427643e+00 2.4250453933942528e-01 -9.4443053465268800e+00 3.8370333000000002e-03 9.8123572999999997e-01
9.2123821537096529e-01 -7.5040803234084507e+01 9.9924349529483514e-01 2.8560123498502048e+01 -1.1854343973450746e+02 -5.8994101527431262e+00 2.5888622962373053e-01 -9.4316699027757807e+00 3.4531249000000000e-03 9.8488107999999996e-01
9.2743172744023661e-01 -8.5098349039126148e+01 9.9940660926019942e-01 2.8747350383648993e+01 -1.1831932325632792e+02 -6.6419083822978893e+00 2.7346734809634776e-01 -9.4203837348860038e+00 3.0661112999999999e-03 9.8814095000000002e-01
9.3288725121762295e-01 -9.7394453997559125e+01 9.9955028737150631e-01 2.8911390459850100e+01 -1.1812218642988304e+02 -7.5353920969176880e+00 2.8625796623262750e-01 -9.4104526340181227e+00 2.6763420000000000e-03 9.9101238999999997e-01
9.3759990389306824e-01 -1.1271941766336327e+02 9.9967440103378369e-01 2.9052435054616325e+01 -1.1795210061082015e+02 -8.6314778693722864e+00 2.9726710056092287e-01 -9.4018814581617285e+00 2.2841723000000002e-03 9.9349282999999999e-01
9.4156548662990902e-01 -1.3232758851735485e+02 9.9977883966536329e-01 2.9170650082658589e+01 -1.1780912616074104e+02 -1.0012083393305808e+01 3.0650252051265725e-01 -9.3946746617302299e+00 1.8899688000000000e-03 9.9558005999999999e-01
9.4478046556561468e-01 -1.5840397183198039e+02 9.9986351019751052e-01 2.9266174807225731e+01 -1.1769331347741830e+02 -1.1820107579208809e+01 3.1397085360417343e-01 -9.3888357954730299e+00 1.4941295000000000e-03 9.9727222000000004e-01
9.4724223780143890e-01 -1.9537275541647679e+02 9.9992834407959841e-01 2.9339130041083585e+01 -1.1760469371742717e+02 -1.4345714728160715e+01 3.1967801952368308e-01 -9.3843670282211757e+00 1.0971916000000000e-03 9.9856794000000004e-01
9.4894985337433591e-01 -2.5523238239840046e+02 9.9997331629314989e-01 2.9389639249568411e+01 -1.1754325305661126e+02 -1.8378928895796669e+01 3.2363097695804238e-01 -9.3812684000501765e+00 7.0085733000000002e-04 9.9946672000000003e-01
