-5.7921391397902687e-03 -2.2319041068805844e+04 5.7931681603086704e-03 -1.4595334852014710e+04 -5.4474989838097417e+03 1.3640889238234511e+03 -8.7850392359911939e+02 -3.4252820521351634e+02 5.5301730000000003e-06 1.0230946000000001e-06
-5.7919201868631811e-03 -1.7170511577460227e+04 5.8119595142451267e-03 -9.4171485985312283e+03 -5.4334289369393819e+03 1.0403619289121591e+03 -5.5350358099811626e+02 -3.4190295817506478e+02 3.5894988000000002e-05 1.9923924999999999e-05
-5.7912332500349335e-03 -1.4778188141612443e+04 5.8709149858310033e-03 -6.9560627731100476e+03 -5.3894651848148005e+03 8.8991398981685688e+02 -4.0013516829040623e+02 -3.3994772525416471e+02 8.5619985000000003e-05 7.9222864999999994e-05
-5.7898733380687979e-03 -1.3204452812263144e+04 5.9876276848479350e-03 -5.2771452127661560e+03 -5.3032284570703550e+03 7.9091262025151877e+02 -2.9671217053121052e+02 -3.3610528623764736e+02 1.5173507999999999e-04 1.9661552000000001e-04
-5.7876610414046674e-03 -1.2031363660700028e+04 6.1774952065158702e-03 -3.9704894284706638e+03 -5.1651790785235680e+03 7.1707644451157637e+02 -2.1731537236284612e+02 -3.2993458025465566e+02 2.3255418000000001e-04 3.8758918999999998e-04
-5.7844331913842108e-03 -1.1097224707864634e+04 6.4545212915056412e-03 -2.8858404150940041e+03 -4.9686533329889717e+03 6.5823714771921777e+02 -1.5226653850414513e+02 -3.2110675933099554e+02 3.2689763000000001e-04 6.6622920000000002e-04
-5.7800386099704703e-03 -1.0322279255380095e+04 6.8316806007987715e-03 -1.9571973562640869e+03 -4.7102068219306511e+03 6.0937862601840425e+02 -9.7121364897755285e+01 -3.0941567519003598e+02 4.3385032000000002e-04 1.0455858000000000e-03
-5.7743357310852169e-03 -9.6612644894850291e+03 7.3211228613561446e-03 -1.1544213952250409e+03 -4.3899817513089129e+03 5.6765405897362405e+02 -4.9649721896275011e+01 -2.9479163079592183e+02 5.5265518999999999e-04 1.5378795000000000e-03
-5.7671911302134976e-03 -9.0860007152798789e+03 7.9342990609202850e-03 -4.6481023693711774e+02 -4.0119601250384480e+03 5.3129098611211350e+02 -8.7055862515377953e+00 -2.7731198873380004e+02 6.8265765000000004e-04 2.1546280000000000e-03
-5.7584785315131139e-03 -8.5777418536270652e+03 8.6820466615700927e-03 1.1564869654889722e+02 -3.5839987282249881e+03 4.9911032016025848e+02 2.6289825798746644e+01 -2.5720573799630574e+02 8.2327310000000005e-04 2.9067318999999999e-03
-5.7480781312913860e-03 -8.1233798418721672e+03 9.5746476614592298e-03 5.8721258549541380e+02 -3.1176041688805681e+03 4.7028764337646919e+02 5.5622727436698995e+01 -2.3484950610246003e+02 9.7396649000000004e-04 3.8045331000000002e-03
-5.7358761033554561e-03 -7.7133836579004374e+03 1.0621871047491264e-02 9.4953211936419609e+02 -2.6273724061538114e+03 4.4422358305798156e+02 7.9451089748532127e+01 -2.1075341667653333e+02 1.1342389000000000e-03 4.8578574999999999e-03
-5.7217642375820684e-03 -7.3406016198399138e+03 1.1833003814604569e-02 1.2037784569819207e+03 -2.1301339874696409e+03 4.2046848370838177e+02 9.7910853450166314e+01 -1.8553638890371568e+02 1.3036180000000001e-03 6.0760461999999999e-03
-5.7056396781123443e-03 -6.9995264327883251e+03 1.3216873434869707e-02 1.3540369364654202e+03 -1.6438230312686248e+03 3.9867616707257315e+02 1.1118664114743586e+02 -1.5989162757015418e+02 1.4816515000000000e-03 7.4679780999999997e-03
-5.6874047113590533e-03 -6.6858234385401320e+03 1.4781866051493061e-02 1.4080728039549872e+03 -1.1861597397428379e+03 3.7857426051371408e+02 1.1955660922055404e+02 -1.3454429144585018e+02 1.6679024999999999e-03 9.0420881999999994e-03
-5.6669666223612743e-03 -6.3960170627848202e+03 1.6535938806994173e-02 1.3775083516848147e+03 -7.7326303544370455e+02 3.5994444845056961e+02 1.2341571971512461e+02 -1.1020453151545610e+02 1.8619452999999999e-03 1.0806380000000001e-02
-5.6442375615649168e-03 -6.1272752148638237e+03 1.8486631276595996e-02 1.2774530103255322e+03 -4.1833278718369070e+02 3.4260890231394109e+02 1.2327971093759955e+02 -8.7519848619284488e+01 2.0633631000000000e-03 1.2768437000000001e-02
-5.6191344834259230e-03 -5.8772578670331732e+03 2.0641070737526499e-02 1.1256532925559454e+03 -1.3055096050849932e+02 3.2642078948014029e+02 1.1977177282744712e+02 -6.7031367530532250e+01 2.2717459999999998e-03 1.4935428000000001e-02
-5.5915790433099799e-03 -5.6440071702297546e+03 2.3005981017468525e-02 9.4126955215192083e+02 8.5664790068622509e+01 3.1125730051824212e+02 1.1359461176198050e+02 -4.9138336816642017e+01 2.4866887000000002e-03 1.7314116000000001e-02
-5.5614975998093804e-03 -5.4258673698739121e+03 2.5587682295718225e-02 7.4342778922215768e+02 2.3095099590584277e+02 2.9701463569458241e+02 1.0549159222197419e+02 -3.4074798304517934e+01 2.7077901999999999e-03 1.9910858000000000e-02
-5.5288210873157004e-03 -5.2214238075915082e+03 2.8392102039471383e-02 5.4972008777913004e+02 3.1078204314777554e+02 2.8360415249990956e+02 9.6201649012606936e+01 -2.1900900526752032e+01 2.9346520999999999e-03 2.2731616000000000e-02
-5.4934850855256111e-03 -5.0294578720771351e+03 3.1424769038576342e-02 3.7484205656591399e+02 3.3475567242130660e+02 2.7094952011070717e+02 8.6413330306496945e+01 -1.2510076215996614e+01 3.1668782999999998e-03 2.5781951000000001e-02
-5.4554297499350667e-03 -4.8489106344728689e+03 3.4690819370781070e-02 2.2953616879419039e+02 3.1545862324582527e+02 2.5898446106356221e+02 7.6723320738395401e+01 -5.6510984248204457e+00 3.4040742000000001e-03 2.9067029000000001e-02
-5.4145997655020966e-03 -4.6788557902239227e+03 3.8195000378564582e-02 1.1997767762891263e+02 2.6704539708405497e+02 2.4765099748369465e+02 6.7604279503992103e+01 -9.6247598835498449e-01 3.6458464000000000e-03 3.2591624999999999e-02
-5.3709444161526201e-03 -4.5184780217175821e+03 4.1941664703889846e-02 4.7678296413966315e+01 2.0370692736715984e+02 2.3689809332197461e+02 5.9385648602054090e+01 1.9848753581305969e+00 3.8918026000000000e-03 3.6360116999999997e-02
-5.3244174921060232e-03 -4.3670545878410076e+03 4.5934778241866550e-02 9.9129753668889773e+00 1.3822262562021857e+02 2.2668053200345315e+02 5.2249224024981721e+01 3.6419371017544497e+00 4.1415510999999999e-03 4.0376493999999999e-02
-5.2749773246280746e-03 -4.2239418732470085e+03 5.0177917158127569e-02 6.0183280970802933e-01 8.0777862173211773e+01 2.1695802817072399e+02 4.6239525982824922e+01 4.4381592931955725e+00 4.3947007000000003e-03 4.4644352999999998e-02
-5.2225867860309161e-03 -4.0885637672070638e+03 5.4674267888828995e-02 1.1514833622853279e+01 3.8190464269363716e+01 2.0769450837503479e+02 4.1286859095054524e+01 4.7453228502194786e+00 4.6508610999999997e-03 4.9166899000000000e-02
-5.1672132433358622e-03 -3.9604021966621631e+03 5.9426631117481470e-02 3.3623076152225508e+01 1.3627710902836469e+01 1.9885750729948694e+02 3.7239451581416063e+01 4.8524144830259965e+00 4.9096423000000002e-03 5.3946949000000001e-02
-5.1088286161949052e-03 -3.8389894010451371e+03 6.4437416803910991e-02 5.8404210962384148e+01 6.8217720045489010e+00 1.9041768515718985e+02 3.3899904011803940e+01 4.9536700756415311e+00 5.1706551000000002e-03 5.8986927000000001e-02
-5.0474092726319987e-03 -3.7239013128111442e+03 6.9708653132129525e-02 7.8923746857561923e+01 1.4717643435044449e+01 1.8234840278798094e+02 3.1061039236903305e+01 5.1498898774906561e+00 5.4335110000000002e-03 6.4288872999999996e-02
-4.9829361333017762e-03 -3.6147522888611916e+03 7.5241977562464424e-02 9.0556098774309731e+01 3.2424258749762707e+01 1.7462539461343806e+02 2.8536423759727050e+01 5.4613469396120262e+00 5.6978226000000002e-03 6.9854434000000007e-02
-4.9153945556465323e-03 -3.5111903801538042e+03 8.1038646773636799e-02 9.1273664890055045e+01 5.4302430291576677e+01 1.6722646069248259e+02 2.6182269407211308e+01 5.8490528318286357e+00 5.9632034000000004e-03 7.5684873999999999e-02
-4.8447743918177280e-03 -3.4128935401661356e+03 8.7099531691722396e-02 8.1503128426263586e+01 7.5010838283051513e+01 1.6013123436801914e+02 2.3908620511565609e+01 6.2402120681231468e+00 6.2292681999999997e-03 8.1781068999999998e-02
-4.7710699423387888e-03 -3.3195662687775371e+03 9.3425121466982911e-02 6.3618339174392993e+01 9.0353191991923580e+01 1.5332096505793191e+02 2.1680054707466496e+01 6.5535264164293103e+00 6.4956331999999999e-03 8.8143510999999994e-02
-4.6942799561050996e-03 -3.2309367838147077e+03 1.0001552347386608e-01 4.1192156692153333e+01 9.7813905148751303e+01 1.4677833945568401e+02 1.9507167849170585e+01 6.7204705307802737e+00 6.7619166000000000e-03 9.4772308000000000e-02
-4.6144075608781964e-03 -3.1467545288467950e+03 1.0687046927625263e-01 1.8158569416902690e+01 9.6732201724210199e+01 1.4048732268334686e+02 1.7431824068555414e+01 6.6998220081324540e+00 7.0277381999999996e-03 1.0166719000000000e-01
-4.5314602517014619e-03 -3.0667880710212230e+03 1.1398931562166426e-01 -1.9632395798591453e+00 8.8129707276966556e+01 1.3443302480745510e+02 1.5509616373311950e+01 6.4841025563785379e+00 7.2927204000000001e-03 1.0882751000000000e-01
-4.4454500530803553e-03 -2.9908234385813475e+03 1.2137103052235371e-01 -1.6656991310763193e+01 7.4265463099746128e+01 1.2860159658235133e+02 1.3793016670560576e+01 6.0981685305020941e+00 7.5564877000000004e-03 1.1625223000000000e-01
-4.3563931830376528e-03 -2.9186622092237549e+03 1.2901422208733235e-01 -2.4730659593339301e+01 5.8032616720120494e+01 1.2298010426187076e+02 1.2318129515102775e+01 5.5914636176301462e+00 7.8186677999999999e-03 1.2393994999999999e-01
-4.2643100299448447e-03 -2.8501201685311867e+03 1.3691714051078596e-01 -2.6348058551343058e+01 4.2323874661447718e+01 1.1755644334832404e+02 1.1096931012484308e+01 5.0264057309220291e+00 8.0788911000000008e-03 1.3188891000000000e-01
-4.1692255000511961e-03 -2.7850263520492676e+03 1.4507764824583913e-01 -2.2803229181736246e+01 2.9487843958042774e+01 1.1231928215908738e+02 1.0115603322881128e+01 4.4656707810334462e+00 8.3367917000000003e-03 1.4009695999999999e-01
-4.0711685541116637e-03 -2.7232216380105642e+03 1.5349325977286937e-01 -1.6113363886550946e+01 2.0963642364566045e+01 1.0725796525043651e+02 9.3383634475040473e+00 3.9610329152352155e+00 8.5920070000000005e-03 1.4856159999999999e-01
-3.9701724390729396e-03 -2.6645579712864605e+03 1.6216112171534999e-01 -8.5310621598488776e+00 1.7139163872822039e+01 1.0236246741317888e+02 8.7152915874746153e+00 3.5456550010846177e+00 8.8441787999999997e-03 1.5727996000000000e-01
-3.8662744563874112e-03 -2.6088973930655370e+03 1.7107803272400723e-01 -2.0787892513057611e+00 1.7430200128851077e+01 9.7623327675103269e+01 8.1920255584037633e+00 3.2309468124975491e+00 9.0929527999999999e-03 1.6624881999999999e-01
-3.7595159620131572e-03 -2.5561113135540518e+03 1.8024044347682011e-01 1.8082941977678322e+00 2.0535724830702478e+01 9.3031602696048139e+01 7.7192083658953266e+00 3.0079347031904793e+00 9.3379794999999995e-03 1.7546460999999999e-01
-3.6499422505709331e-03 -2.5060798135031491e+03 1.8964446662109902e-01 2.4765097679525838e+00 2.4796852813059456e+01 8.8578820060060167e+01 7.2598468658237412e+00 2.8523104655116085e+00 9.5789143999999993e-03 1.8492342000000001e-01
-3.5376029028732271e-03 -2.4586912132368393e+03 1.9928584694725016e-01 6.9586440325231466e-02 2.8575952971523861e+01 8.4256953138305079e+01 6.7934029848581368e+00 2.7317198210415898e+00 9.8154178999999998e-03 1.9462097000000000e-01
-3.4225512067091617e-03 -2.4138412772619099e+03 2.0916001109916812e-01 -4.6132887793774842e+00 3.0579843433246261e+01 8.0058363737891838e+01 6.3163404030817691e+00 2.6135602199473689e+00 1.0047156000000000e-02 2.0455266000000000e-01
-3.3048440410014751e-03 -2.3714327648012372e+03 2.1926207751631427e-01 -1.0368072957908543e+01 3.0071488150844853e+01 7.5975768266426172e+01 5.8392032416316013e+00 2.4717338010062320e+00 1.0273801000000001e-02 2.1471357999999999e-01
-3.1845424550216187e-03 -2.3313751909167795e+03 2.2958680672332435e-01 -1.5881797078431918e+01 2.6944206718185466e+01 7.2002230921717569e+01 5.3816896564246299e+00 2.2911859919439745e+00 1.0495031000000000e-02 2.2509846000000000e-01
-3.0617109733316393e-03 -2.2935842301886473e+03 2.4012866098247934e-01 -2.0009948310155512e+01 2.1662578608653064e+01 6.8131112687637540e+01 4.9664925613414042e+00 2.0696572830643882e+00 1.0710529999999999e-02 2.3570173000000000e-01
-2.9364177116271988e-03 -2.2579814073381026e+03 2.5088179435162711e-01 -2.1983888380138598e+01 1.5099711690607373e+01 6.4356053966643671e+01 4.6135045596094457e+00 1.8166844640555888e+00 1.0919989999999999e-02 2.4651751000000000e-01
-2.8087344925805933e-03 -2.2244938684459953e+03 2.6184004274210376e-01 -2.1517377030598993e+01 8.3167841148636512e+00 6.0670955723487239e+01 4.3353582489906817e+00 1.5504210010876138e+00 1.1123108000000000e-02 2.5753959999999998e-01
-2.6787364983116941e-03 -2.1930539860496369e+03 2.7299695374496935e-01 -1.8806785435141443e+01 2.3354693304764127e+00 5.7069950089126408e+01 4.1349851381277922e+00 1.2931586520882310e+00 1.1319591000000000e-02 2.6876150999999998e-01
-2.5465021545449267e-03 -2.1635991179339680e+03 2.8434579657308601e-01 -1.4437886926577676e+01 -2.0522947982978295e+00 5.3547379426066911e+01 4.0053862538374183e+00 1.0666044565009483e+00 1.1509152000000000e-02 2.8017647000000001e-01
-2.4121132464522948e-03 -2.1360714041760543e+03 2.9587955211903966e-01 -9.2314924476161480e+00 -4.4055867217622957e+00 5.0097783074064026e+01 3.9313138315383860e+00 8.8781050582081000e-01 1.1691511000000000e-02 2.9177742000000001e-01
-2.2756550344963937e-03 -2.1104176528143903e+03 3.0759090301306174e-01 -4.0658208902827928e+00 -4.6741198160472273e+00 4.6715884391380357e+01 3.8923757502443159e+00 7.6643472705621063e-01 1.1866398000000000e-02 3.0355700000000002e-01
-2.1372153276862575e-03 -2.0865889037735456e+03 3.1947231315965663e-01 2.8821447541776096e-01 -3.1601249004077427e+00 4.3396552369952317e+01 3.8666965728776121e+00 7.0366681271231923e-01 1.2033550000000000e-02 3.1550762999999998e-01
-1.9968852944784936e-03 -2.0645405054090234e+03 3.3151595814305274e-01 3.2896505218874927e+00 -4.2127100980279542e-01 4.0134809592321815e+01 3.8344589774093238e+00 6.9277666658215864e-01 1.2192715000000000e-02 3.2762143999999999e-01
-1.8547588835621858e-03 -2.0442318586958745e+03 3.4371377493759464e-01 4.6916590354329797e+00 2.8595142566697627e+00 3.6925804049437644e+01 3.7807084611588531e+00 7.2097241759819519e-01 1.2343646000000000e-02 3.3989032000000002e-01
-1.7109329397019162e-03 -2.0256263305574771e+03 3.5605745196566446e-01 4.5443802299430409e+00 6.0075462039798069e+00 3.3764800351941744e+01 3.6969571361110249e+00 7.7205491451334496e-01 1.2486109000000000e-02 3.5230591000000000e-01
-1.5655067403656788e-03 -2.0086910923109526e+03 3.6853846886599634e-01 3.1452803290274196e+00 8.4694592879382071e+00 3.0647157581330234e+01 3.5815710590833909e+00 8.2929326258821945e-01 1.2619877000000000e-02 3.6485963999999999e-01
-1.4185823432539477e-03 -1.9933970935624591e+03 3.8114806666744050e-01 9.5384759174731493e-01 9.8883534400060498e+00 2.7568325553551318e+01 3.4389815735661466e+00 8.7801330901423058e-01 1.2744734000000001e-02 3.7754270000000001e-01
-1.2702642387706110e-03 -1.9797189495362288e+03 3.9387727761519881e-01 -1.5082720090930484e+00 1.0134507121285743e+01 2.4523826722382310e+01 3.2780616697080109e+00 9.0748110121329351e-01 1.2860473000000001e-02 3.9034606999999999e-01
-1.1206591183369353e-03 -1.9676348730921427e+03 4.0671694505498196e-01 -3.7524899153957421e+00 9.2922027288463873e+00 2.1509240459640480e+01 3.1100353360272281e+00 9.1191011882708040e-01 1.2966896000000000e-02 4.0326054000000000e-01
-9.6987610607760129e-04 -1.9571266615629286e+03 4.1965770354885229e-01 -5.3988087541829168e+00 7.6135674197759986e+00 1.8520197466666929e+01 2.9464009576758823e+00 8.9053834543084853e-01 1.3063819000000001e-02 4.1627669000000000e-01
-8.1802606376259104e-04 -1.9481796230061843e+03 4.3269003852769478e-01 -6.2153062202342877e+00 5.4518405111606683e+00 1.5552355766441920e+01 2.7970348159306946e+00 8.4693874341320929e-01 1.3151064000000001e-02 4.2938494999999999e-01
-6.6522228586529848e-04 -1.9407826138434066e+03 4.4580422663874614e-01 -6.1416255745685193e+00 3.1893903611971512e+00 1.2601405044978776e+01 2.6689851452339273e+00 7.8777742435945985e-01 1.3228465999999999e-02 4.4257553999999999e-01
-5.1157957281837852e-04 -1.9349279910859086e+03 4.5899041528222267e-01 -5.2621091403448030e+00 1.1727487379969528e+00 9.6630355562234200e+00 2.5657927316074787e+00 7.2132012068196405e-01 1.3295871000000001e-02 4.5583855000000001e-01
-3.5721469438582294e-04 -1.9306116559241207e+03 4.7223858284300646e-01 -3.7746717339741291e+00 -3.3536095611726507e-01 6.7329389888302558e+00 2.4875008772975953e+00 6.5595063354396776e-01 1.3353135000000000e-02 4.6916390000000002e-01
-2.0224581044786007e-04 -1.9278330730848929e+03 4.8553858840103742e-01 -1.9410710111509297e+00 -1.1827806648447836e+00 3.8067817276484277e+00 2.4311548603900501e+00 5.9893467031685710e-01 1.3400123999999999e-02 4.8254139000000001e-01
-4.6792702686998359e-05 -1.9265953240773108e+03 4.9888015184715701e-01 -3.7863732558060643e-02 -1.3329026919611551e+00 8.8021977805576057e-01 2.3916613855071192e+00 5.5555513713069671e-01 1.3436718000000000e-02 4.9596067999999999e-01
1.0902368878405993e-04 -1.9269051698581068e+03 5.1225289365142157e-01 1.6866567611828172e+00 -8.5132720197395972e-01 -2.0511643557357075e+00 2.3628000998593492e+00 5.2867939231320737e-01 1.3462807000000000e-02 5.0941133000000005e-01
2.6508080205032893e-04 -1.9287731300737503e+03 5.2564629509478844e-01 3.0437324506621390e+00 1.2043111513014841e-01 -4.9918218973699595e+00 2.3382103778341308e+00 5.1875210208166733e-01 1.3478291000000000e-02 5.2288276000000000e-01
4.2125549598172763e-04 -1.9322135916852726e+03 5.3904978774782264e-01 3.9202895519429899e+00 1.3975314748288159e+00 -7.9462909376049424e+00 2.3122273817317458e+00 5.2411096224021958e-01 1.3483083000000000e-02 5.3636434000000000e-01
5.7742347101797688e-04 -1.9372449240816779e+03 5.5245270376030453e-01 4.2821202559998710e+00 2.7844768512794569e+00 -1.0919194541596895e+01 2.2804837049454978e+00 5.4153592708715348e-01 1.3477108000000000e-02 5.4984533999999996e-01
7.3345950085463695e-04 -1.9438896187278394e+03 5.6584429574538619e-01 4.1643462859633296e+00 4.1033854150994529e+00 -1.3915259072875273e+01 2.2401963442470536e+00 5.6689871704607053e-01 1.3460300999999999e-02 5.6331494999999998e-01
8.8923777997216950e-04 -1.9521744646170771e+03 5.7921376660582746e-01 3.6548424006170643e+00 5.2142304779442652e+00 -1.6939335449324858e+01 2.1902403146848579e+00 5.9581362372855828e-01 1.3432611000000001e-02 5.7676231000000000e-01
1.0446321553219768e-03 -1.9621308131509588e+03 5.9255028941815258e-01 2.8730503140173980e+00 6.0258691815696581e+00 -1.9996420910493839e+01 2.1309708169732104e+00 6.2418277879542183e-01 1.3393997000000000e-02 5.9017653000000003e-01
1.1995157787973425e-03 -1.9737944319318228e+03 6.0584297760641492e-01 1.9493642394506498e+00 6.4986871683690284e+00 -2.3091665210860171e+01 2.0639147055094900e+00 6.4862142421946689e-01 1.3344429999999999e-02 6.0354666000000001e-01
1.3537615706055101e-03 -1.9872064454012805e+03 6.1908092471051079e-01 1.0066761745956372e+00 6.6397333972370225e+00 -2.6230404226796608e+01 1.9913696514048105e+00 6.6669579858283490e-01 1.3283893999999999e-02 6.1686173000000000e-01
1.5072426826397639e-03 -2.0024129801374063e+03 6.3225324415449369e-01 1.4709826445144045e-01 6.4925255074206261e+00 -2.9418185615450312e+01 1.9160086193443566e+00 6.7701836822099171e-01 1.3212384000000001e-02 6.3011079000000003e-01
1.6598318034213057e-03 -2.0194657429049457e+03 6.4534900959410291e-01 -5.5637942741444890e-01 6.1252550137230592e+00 -3.2660778158575411e+01 1.8405144904663193e+00 6.7917672424952491e-01 1.3129907000000000e-02 6.4328284999999996e-01
1.8114019690004014e-03 -2.0384223750008800e+03 6.5835732451131335e-01 -1.0624445108639859e+00 5.6173095052884081e+00 -3.5964212541774643e+01 1.7672892946525325e+00 6.7360470471757194e-01 1.3036481000000001e-02 6.5636695000000000e-01
1.9618266787993933e-03 -2.0593468703987874e+03 6.7126733215641388e-01 -1.3598075202913169e+00 5.0480464262402700e+00 -3.9334811077586778e+01 1.6982676475215297e+00 6.6135812645055370e-01 1.2932137999999999e-02 6.6935217000000002e-01
2.1109795480836442e-03 -2.0823099696872541e+03 6.8406818572177175e-01 -1.4623072902632339e+00 4.4877705647717301e+00 -4.2779209598692205e+01 1.6348080056313505e+00 6.4389284574758821e-01 1.2816919000000000e-02 6.8222760000000005e-01
2.2587350030196527e-03 -2.1073897575308265e+03 6.9674910799430367e-01 -1.4022792005073916e+00 3.9917077576227249e+00 -4.6304406409589220e+01 1.5776747510497553e+00 6.2281022137928455e-01 1.2690879000000000e-02 6.9498240000000000e-01
2.4049680489890224e-03 -2.1346721948095355e+03 7.0929937147131905e-01 -1.2226928316757102e+00 3.5972019252224423e+00 -4.9917793333781233e+01 1.5270979278498964e+00 5.9973314659047450e-01 1.2554085000000000e-02 7.0760577999999996e-01
2.5495543864314752e-03 -2.1642517852247229e+03 7.2170830830259780e-01 -9.7061678720484668e-01 3.3233468824662529e+00 -5.3627200039396925e+01 1.4828388937607300e+00 5.7610601677210815e-01 1.2406611999999999e-02 7.2008700999999997e-01
2.6923709900599441e-03 -2.1962323515513585e+03 7.3396536000078350e-01 -6.9122058712427725e-01 3.1731075169718075e+00 -5.7440953876390637e+01 1.4443440704834356e+00 5.5308087495413849e-01 1.2248551000000000e-02 7.3241546999999996e-01
2.8332957613315295e-03 -2.2307278868945564e+03 7.4606004761514777e-01 -4.2352387698962057e-01 3.1361636735862968e+00 -6.1367924300353579e+01 1.4108308855339278e+00 5.3157168105019292e-01 1.2080001999999999e-02 7.4458062000000003e-01
2.9722077601335222e-03 -2.2678634655545861e+03 7.5798199161574675e-01 -1.9761207232423933e-01 3.1930837974315844e+00 -6.5417586905133746e+01 1.3814199601114265e+00 5.1214676340218046e-01 1.1901076999999999e-02 7.5657202000000001e-01
3.1089874364694592e-03 -2.3077763843614380e+03 7.6972093177757883e-01 -3.3797708250903134e-02 3.3190820989383365e+00 -6.9600096579927452e+01 1.3552223683718023e+00 4.9509012448607670e-01 1.1711898000000000e-02 7.6837935000000002e-01
3.2435169779881671e-03 -2.3506174814605374e+03 7.8126675700681947e-01 5.7407355856640453e-02 3.4876473568028268e+00 -7.3926375099345719e+01 1.3314134865840832e+00 4.8045395451443695e-01 1.1512599000000000e-02 7.7999244000000001e-01
3.3756797307686768e-03 -2.3965523764843492e+03 7.9260945563042917e-01 7.4166212338578522e-02 3.6734460042067627e+00 -7.8408179400184650e+01 1.3092939500654688e+00 4.6809520649564890e-01 1.1303326000000001e-02 7.9140122000000002e-01
3.5053613577504137e-03 -2.4457634301225553e+03 8.0373921481693833e-01 2.1489408623603986e-02 3.8543169174289109e+00 -8.3058239458817695e+01 1.2882866742001826e+00 4.5775216325324569e-01 1.1084235000000000e-02 8.0259581999999996e-01
3.6324487961460214e-03 -2.4984512384220579e+03 8.1464633109774054e-01 -9.0649229662237304e-02 4.0126496206094835e+00 -8.7890338538825858e+01 1.2679690431804147e+00 4.4908285187751557e-01 1.0855490000000001e-02 8.1356647999999998e-01
3.7568313000285380e-03 -2.5548371878368744e+03 8.2532129984579927e-01 -2.4916558918689907e-01 4.1358813309361517e+00 -9.2919482454905534e+01 1.2480402853938135e+00 4.4171670040588212e-01 1.0617270000000000e-02 8.2430364000000000e-01
3.8784002086453629e-03 -2.6151658840103546e+03 8.3575479539149078e-01 -4.3976804906216799e-01 4.2164567729468141e+00 -9.8162048889594104e+01 1.2284021662883493e+00 4.3529411351601638e-01 1.0369760000000000e-02 8.3479791999999997e-01
3.9970490622612672e-03 -2.6797081381229450e+03 8.4593768096468291e-01 -6.4832267847107239e-01 4.2514043613242718e+00 -1.0363597302355670e+02 1.2089312439844540e+00 4.2949155406385831e-01 1.0113159000000000e-02 8.4504013000000000e-01
4.1126737180014255e-03 -2.7487644776069478e+03 8.5586101863681285e-01 -8.6184995602170533e-01 4.2414659391771696e+00 -1.0936096714606614e+02 1.1896773202162028e+00 4.2402797397348052e-01 9.8476710000000005e-03 8.5502127999999999e-01
4.2251723498514015e-03 -2.8226692073902605e+03 8.6551606932088776e-01 -1.0695140137002495e+00 4.1903490528371616e+00 -1.1535877200695698e+02 1.1707013160439965e+00 4.1869002712656450e-01 9.5735140000000000e-03 8.6473257999999997e-01
4.3344460278722579e-03 -2.9017956424546624e+03 8.7489434248187736e-01 -1.2626544513091229e+00 4.1037159684642948e+00 -1.2165348927993477e+02 1.1521095582545078e+00 4.1332156641807100e-01 9.2909130999999992e-03 8.7416548999999999e-01
4.4403981389854576e-03 -2.9865615498013326e+03 8.8398754642632082e-01 -1.4349698384338596e+00 3.9883810794923695e+00 -1.2827191072052628e+02 1.1340186088227899e+00 4.0781505475759156e-01 9.0001030000000006e-03 8.8331166999999999e-01
4.5429350820309746e-03 -3.0774366231723379e+03 8.9278764795479804e-01 -1.5826802126289845e+00 3.8516280620457586e+00 -1.3524399259835016e+02 1.1165367303753655e+00 4.0212194892935510e-01 8.7013270999999996e-03 8.9216304000000002e-01
4.6419659202382403e-03 -3.1749507202783961e+03 9.0128684253569447e-01 -1.7038944869785553e+00 3.7005331733954603e+00 -1.4260336237340505e+02 1.0997881552234257e+00 3.9623173827972369e-01 8.3948374000000006e-03 9.0071175000000003e-01
4.7374029604412378e-03 -3.2797047956408369e+03 9.0947760401559286e-01 -1.7984280129994821e+00 3.5416580879024999e+00 -1.5038800642588276e+02 1.0838468088302218e+00 3.9016050808567676e-01 8.0808944000000001e-03 9.0895022999999997e-01
4.8291612897064353e-03 -3.3923832884931671e+03 9.1735264485096024e-01 -1.8675967021468740e+00 3.3807438489569006e+00 -1.5864103523581744e+02 1.0687827630551388e+00 3.8394666294478907e-01 7.7597663000000001e-03 9.1687114999999997e-01
4.9171592387048492e-03 -3.5137705647570706e+03 9.2490495587646115e-01 -1.9131606279318196e+00 3.2225140470020923e+00 -1.6741171375027989e+02 1.0546425678463194e+00 3.7766124522595751e-01 7.4317293999999999e-03 9.2446746000000002e-01
5.0013184975550721e-03 -3.6447712777406637e+03 9.3212781624703600e-01 -1.9382878845628340e+00 3.0707449315299922e+00 -1.7675673189493347e+02 1.0414548489183237e+00 3.7135209541788189e-01 7.0970672000000004e-03 9.3173240000000002e-01
5.0815638841372321e-03 -3.7864356674391265e+03 9.3901477355374496e-01 -1.9458696510781355e+00 2.9281453912148745e+00 -1.8674178443314693e+02 1.0291946125571902e+00 3.6509014692483338e-01 6.7560703000000000e-03 9.3865947999999999e-01
5.1578239233080929e-03 -3.9399936629183012e+03 9.4555969353415947e-01 -1.9391640635745289e+00 2.7966170249642102e+00 -1.9744370121519287e+02 1.0179532178850443e+00 3.5894014415967140e-01 6.4090362999999996e-03 9.4524253000000003e-01
5.2300301518429333e-03 -4.1068967660043081e+03 9.5175670041989202e-01 -1.9210871170791894e+00 2.6771290145158328e+00 -2.0895306385538782e+02 1.0076151159383708e+00 3.5295858188896795e-01 6.0562691999999996e-03 9.5147563999999996e-01
5.2981182768657492e-03 -4.2888781791937454e+03 9.5760027635738065e-01 -1.8947370481569874e+00 2.5701595032170053e+00 -2.2137797549937474e+02 9.9817435604309224e-01 3.4720231716722055e-01 5.6980790999999996e-03 9.5735325999999998e-01
5.3620270174190429e-03 -4.4880278549747582e+03 9.6308516198710392e-01 -1.8624856425228058e+00 2.4756778011447937e+00 -2.3484874873350012e+02 9.8960394749356406e-01 3.4171484324034612e-01 5.3347821999999998e-03 9.6287009999999995e-01
5.4216992628940445e-03 -4.7069031070753244e+03 9.6820645586436649e-01 -1.8266097697581598e+00 2.3931482422062063e+00 -2.4952484528358983e+02 9.8185994884772165e-01 3.3653365052533396e-01 4.9667000000000001e-03 9.6802122999999995e-01
5.4770812621295463e-03 -4.9486780186838469e+03 9.7295954486474878e-01 -1.7890695005476800e+00 2.3218802653105488e+00 -2.6560421547159331e+02 9.7489979673741789e-01 3.3168464360882183e-01 4.5941591999999996e-03 9.7280200999999999e-01
5.5281235501560824e-03 -5.2173667345899921e+03 9.7734018372073550e-01 -1.7513575615290511e+00 2.2609705234178699e+00 -2.8333736232935939e+02 9.6868110309045186e-01 3.2719923671158468e-01 4.2174915999999996e-03 9.7720817000000004e-01
5.5747800214517558e-03 -5.5181502651531864e+03 9.8134441548508766e-01 -1.7145991182668434e+00 2.2094278298337491e+00 -3.0304773675833775e+02 9.6316061363453565e-01 3.2309095331519577e-01 3.8370333000000002e-03 9.8123572999999997e-01
5.6170088566864116e-03 -5.8578918327199308e+03 9.8496865106747034e-01 -1.6798818655276795e+00 2.1662578644014059e+00 -3.2516417854697522e+02 9.5830024366619382e-01 3.1937114180916276e-01 3.4531249000000000e-03 9.8488107999999996e-01
5.6547721751925633e-03 -6.2459682098868971e+03 9.8820963940821727e-01 -1.6478581606610108e+00 2.1304936725895223e+00 -3.5027305627406707e+02 9.5406217430608220e-01 3.1604967457088468e-01 3.0661112999999999e-03 9.8814095000000002e-01
5.6880358032793564e-03 -6.6956937577695799e+03 9.9106444759417378e-01 -1.6190702624704361e+00 2.1012199055126892e+00 -3.7920770232759310e+02 9.5041426226905434e-01 3.1312894808221170e-01 2.6763420000000000e-03 9.9101238999999997e-01
5.7167699692907007e-03 -7.2269572785716646e+03 9.9353052051116819e-01 -1.5938100155323849e+00 2.0776178693454845e+00 -4.1321406981233457e+02 9.4732679394329256e-01 3.1061323442725886e-01 2.2841723000000002e-03 9.9349282999999999e-01
5.7409490719192080e-03 -7.8715410566897490e+03 9.9560566095985392e-01 -1.5724269005476201e+00 2.0589496626189723e+00 -4.5428493484137249e+02 9.4477491070225850e-01 3.0850172942289494e-01 1.8899688000000000e-03 9.9558005999999999e-01
5.7605515643631916e-03 -8.6853761781541307e+03 9.9728801971363201e-01 -1.5549730703041100e+00 2.0446218708873878e+00 -5.0593011239806316e+02 9.4273327265681317e-01 3.0679712048625746e-01 1.4941295000000000e-03 9.9727222000000004e-01
5.7755615761289339e-03 -9.7831999602825563e+03 9.9857623470774914e-01 -1.5415877569630134e+00 2.0341388132020009e+00 -5.7535506554605627e+02 9.4118813852215288e-01 3.0549306865516540e-01 1.0971916000000000e-03 9.9856794000000004e-01
5.7859733150654432e-03 -1.1480777243018994e+04 9.9946980883828085e-01 -1.5322920785259289e+00 2.0271049511436585e+00 -6.8240229365644063e+02 9.4012616612323618e-01 3.0459064992166229e-01 7.0085733000000002e-04 9.9946672000000003e-01
