-2.2360065933044265e-02 -2.6734062885656254e+04 2.2361111904153786e-02 -1.8645511254643872e+04 -8.2244950390230661e+03 1.8292538103161514e+03 -1.2945771497867638e+03 -5.4392123744451249e+02 5.5301730000000003e-06 1.0230946000000001e-06
-2.2359220683686860e-02 -1.8965547661626268e+04 2.2379590109875083e-02 -1.0765568526705498e+04 -8.1616725266149715e+03 1.3154099134724975e+03 -7.7539223541120521e+02 -5.4107142140468170e+02 3.5894988000000002e-05 1.9923924999999999e-05
-2.2356568821844329e-02 -1.5369406406186939e+04 2.2437563118953820e-02 -6.9339963669214358e+03 -7.9670970345947235e+03 1.0772563887151059e+03 -5.2562847670885526e+02 -5.3221899025052380e+02 8.5619985000000003e-05 7.9222864999999994e-05
-2.2351318996090483e-02 -1.3020401132611987e+04 2.2552330861076896e-02 -4.2673861659894637e+03 -7.5929797801340137e+03 9.2134568273171521e+02 -3.5338394487221950e+02 -5.1508400678220710e+02 1.5173507999999999e-04 1.9661552000000001e-04
-2.2342778610909886e-02 -1.1287394535471753e+04 2.2739034338486598e-02 -2.1999935083401142e+03 -7.0147670165641766e+03 8.0594808088783134e+02 -2.1955367278290245e+02 -4.8828509541029706e+02 2.3255418000000001e-04 3.8758918999999998e-04
-2.2330317767422274e-02 -9.9258009916411975e+03 2.3011443926742793e-02 -5.6319640032023494e+02 -6.2350700609072783e+03 7.1490385028555170e+02 -1.1116111636137430e+02 -4.5146916333835787e+02 3.2689763000000001e-04 6.6622920000000002e-04
-2.2313352855532584e-02 -8.8145221296640848e+03 2.3382318070797947e-02 6.8973153428126830e+02 -5.2861512768482071e+03 6.4022371976319198e+02 -2.3520899061945386e+01 -4.0542630706014563e+02 4.3385032000000002e-04 1.0455858000000000e-03
-2.2291337371303895e-02 -7.8844086117892439e+03 2.3863604028683601e-02 1.5679849576434499e+03 -4.2281934197454466e+03 5.7735595934317212e+02 4.4951528869805877e+01 -3.5208662446868510e+02 5.5265518999999999e-04 1.5378795000000000e-03
-2.2263756240619471e-02 -7.0920328175106933e+03 2.4466561963341391e-02 2.0812252099933985e+03 -3.1420696143138234e+03 5.2345061610431856e+02 9.4920711185812436e+01 -2.9434646914686653e+02 6.8265765000000004e-04 2.1546280000000000e-03
-2.2230121986212423e-02 -6.4081810831723287e+03 2.5201848736137865e-02 2.2590643989079290e+03 -2.1168949437320584e+03 4.7659759943677506e+02 1.2724967531196877e+02 -2.3571497129039707e+02 8.2327310000000005e-04 2.9067318999999999e-03
-2.2189972116004660e-02 -5.8121518738003406e+03 2.6079575001033986e-02 2.1583697981996384e+03 -1.2343856263118764e+03 4.3544901330417747e+02 1.4356269235221339e+02 -1.7982234060096550e+02 9.7396649000000004e-04 3.8045331000000002e-03
-2.2142867213553349e-02 -5.2886644894196897e+03 2.7109346949808329e-02 1.8602361367110329e+03 -5.5348224047096278e+02 3.9901432219049912e+02 1.4640450912235386e+02 -1.2987690286421730e+02 1.1342389000000000e-03 4.8578574999999999e-03
-2.2088389542779949e-02 -4.8260648674579115e+03 2.8300296814421630e-02 1.4586279942660842e+03 -9.9277252917650898e+01 3.6654144810496746e+02 1.3907314842851412e+02 -8.8186190193960357e+01 1.3036180000000001e-03 6.0760461999999999e-03
-2.2026142037293160e-02 -4.4152255910503527e+03 2.9661104961678234e-02 1.0442174978489454e+03 1.4041767297289744e+02 3.3744387759007634e+02 1.2521836193691415e+02 -5.5854265604766745e+01 1.4816515000000000e-03 7.4679780999999997e-03
-2.1955747482008840e-02 -4.0488399177889114e+03 3.1200017784036072e-02 6.8823769805108543e+02 2.0951166441487018e+02 3.1125388744742349e+02 1.0833229440020304e+02 -3.2729648605515116e+01 1.6679024999999999e-03 9.0420881999999994e-03
-2.1876847958619227e-02 -3.7209519785361313e+03 3.2924859822341265e-02 4.3127916905433244e+02 1.7045959023965611e+02 2.8759148158211315e+02 9.1277397670437395e+01 -1.7612781389576249e+01 1.8619452999999999e-03 1.0806380000000001e-02
-2.1789104331310382e-02 -3.4266330877545374e+03 3.4843045008686846e-02 2.8044732102802112e+02 8.7383547937641936e+01 2.6614301091728902e+02 7.5978651620530769e+01 -8.6591250691803623e+00 2.0633631000000000e-03 1.2768437000000001e-02
-2.1692196009744993e-02 -3.1617532183995427e+03 3.6961581847904150e-02 2.1551219923357601e+02 1.0705029505247401e+01 2.4664610173983297e+02 6.3352235312946320e+01 -3.8589425309457099e+00 2.2717459999999998e-03 1.4935428000000001e-02
-2.1585820551052397e-02 -2.9228143805791424e+03 3.9287082118557852e-02 2.0156634117443730e+02 -3.2066589220661307e+01 2.2887873010444073e+02 5.3465821833377476e+01 -1.4581730786314278e+00 2.4866887000000002e-03 1.7314116000000001e-02
-2.1469693668772615e-02 -2.7068279047451465e+03 4.1825760677417959e-02 2.0350079697960919e+02 -3.7078063086303338e+01 2.1265119400290007e+02 4.5853298079648987e+01 -2.1499436731991656e-01 2.7077901999999999e-03 1.9910858000000000e-02
-2.1343548740933901e-02 -2.5112202204527939e+03 4.4583446213498606e-02 1.9725172755648524e+02 -1.7307557539267513e+01 1.9779998826521478e+02 3.9865977896284804e+01 5.4921641685013178e-01 2.9346520999999999e-03 2.2731616000000000e-02
-2.1207137078374086e-02 -2.3337618152710947e+03 4.7565575382218700e-02 1.7444287036215965e+02 8.2029975663439192e+00 1.8418320459681269e+02 3.4947586658488220e+01 1.0714507603293666e+00 3.1668782999999998e-03 2.5781951000000001e-02
-2.1060227656419225e-02 -2.1725102693766125e+03 5.0777198671241267e-02 1.3999062638063458e+02 2.4350184565676763e+01 1.7167687652877859e+02 3.0766461675365242e+01 1.3552070198490043e+00 3.4040742000000001e-03 2.9067029000000001e-02
-2.0902606936002724e-02 -2.0257653558793124e+03 5.4222984311033021e-02 1.0511464583638384e+02 2.5487114948374703e+01 1.6017210790581737e+02 2.7204048974247414e+01 1.3659388147672584e+00 3.6458464000000000e-03 3.2591624999999999e-02
-2.0734079131986650e-02 -1.8920330737294075e+03 5.7907212409024980e-02 7.9697555031360281e+01 1.5229263886624731e+01 1.4957280510672723e+02 2.4253720120630586e+01 1.1434829445890913e+00 3.8918026000000000e-03 3.6360116999999997e-02
-2.0554465855399977e-02 -1.7699959202009966e+03 6.1833782770731635e-02 6.7485299973041194e+01 2.0263913038817956e+00 1.3979379761027911e+02 2.1906183909898733e+01 8.1343637881189501e-01 4.1415510999999999e-03 4.0376493999999999e-02
-2.0363606247599239e-02 -1.6584885985658145e+03 6.6006211966831277e-02 6.5626094010104808e+01 -6.3968949227793788e+00 1.3075931766726276e+02 2.0082142574067468e+01 5.2880865291408496e-01 4.3947007000000003e-03 4.4644352999999998e-02
-2.0161356980268521e-02 -1.5564776864731637e+03 7.0427633333165915e-02 6.7672003203896168e+01 -6.7599202606415636e+00 1.2240175279559048e+02 1.8633264701741268e+01 3.9713801137409682e-01 4.6508610999999997e-03 4.9166899000000000e-02
-1.9947592076538585e-02 -1.4630445778169053e+03 7.5100800881300944e-02 6.7658637833443990e+01 -7.0205007530290897e-01 1.1466058014020538e+02 1.7391916585918160e+01 4.4009830883114720e-01 4.9096423000000002e-03 5.3946949000000001e-02
-1.9722203134587980e-02 -1.3773710387715937e+03 8.0028084410325648e-02 6.2878316765092919e+01 7.4079134838192280e+00 1.0748149086707355e+02 1.6229336846325797e+01 6.0251519489378424e-01 5.1706551000000002e-03 5.8986927000000001e-02
-1.9485098925161030e-02 -1.2987267992073898e+03 8.5211478305612154e-02 5.4215843272174666e+01 1.3485147656376373e+01 1.0081562652048683e+02 1.5087355432194588e+01 7.9632730864062873e-01 5.4335110000000002e-03 6.4288872999999996e-02
-1.9236205794049832e-02 -1.2264590738082420e+03 9.0652592740056576e-02 4.4510507402320314e+01 1.5726147934625748e+01 9.4618949895389477e+01 1.3971772039902442e+01 9.4882432730899813e-01 5.6978226000000002e-03 6.9854434000000007e-02
-1.8975467214892051e-02 -1.1599835451429419e+03 9.6352663450477674e-02 3.6386824541124042e+01 1.4777969726760730e+01 8.8851681703406427e+01 1.2919777692597634e+01 1.0293465821790468e+00 5.9632034000000004e-03 7.5684873999999999e-02
-1.8702844012772009e-02 -1.0987762010569686e+03 1.0231254684941765e-01 3.0918126041639127e+01 1.2518387816623592e+01 8.3477829796777769e+01 1.1964847179954081e+01 1.0469547747821482e+00 6.2292681999999997e-03 8.1781068999999998e-02
-1.8418314185339811e-02 -1.0423666692565087e+03 1.0853272393570154e-01 2.7631529987402896e+01 1.0573858274118583e+01 7.8464772092443255e+01 1.1117886409284605e+01 1.0295542636676722e+00 6.4956331999999999e-03 8.8143510999999994e-02
-1.8121872902811326e-02 -9.9033223281030030e+02 1.1501330029443731e-01 2.5413634424686862e+01 9.5379193998712299e+00 7.3782895974353053e+01 1.0368579355732159e+01 1.0021061425866655e+00 6.7619166000000000e-03 9.4772308000000000e-02
-1.7813532239646872e-02 -9.4229233353051961e+02 1.2175401196285508e-01 2.3449610991393648e+01 9.1335379517849873e+00 6.9405277911639132e+01 9.6982450342781856e+00 9.7645896695334999e-01 7.0277381999999996e-03 1.0166719000000000e-01
-1.7493321129830965e-02 -8.9790430708277393e+02 1.2875422640794715e-01 2.1571021717592078e+01 8.8804406933003612e+00 6.5307405604350123e+01 9.0915922478287108e+00 9.5391082618832734e-01 7.2927204000000001e-03 1.0882751000000000e-01
-1.7161285992955470e-02 -8.5685920303574017e+02 1.3601292883950938e-01 1.9979144522779585e+01 8.6216715658189855e+00 6.1466940313219112e+01 8.5401908147207450e+00 9.3328967079642289e-01 7.5564877000000004e-03 1.1625223000000000e-01
-1.6817489437333105e-02 -8.1887809174265215e+02 1.4352875056169820e-01 1.8766445592932818e+01 8.5576177985251380e+00 5.7863484258591093e+01 8.0387975527319195e+00 9.1616641818210809e-01 7.8186677999999999e-03 1.2393994999999999e-01
-1.6462010170557005e-02 -7.8370894732510271e+02 1.5129997092831016e-01 1.7692991675656042e+01 8.9066322482666624e+00 5.4478389226981626e+01 7.5802135057556788e+00 9.0596524227348907e-01 8.0788911000000008e-03 1.3188891000000000e-01
-1.6094944341107420e-02 -7.5112399681085481e+02 1.5932448801358534e-01 1.6359827392056935e+01 9.5794048339452456e+00 5.1294599330582727e+01 7.1545825053583538e+00 9.0375579803769568e-01 8.3367917000000003e-03 1.4009695999999999e-01
-1.5716403749542786e-02 -7.2091706546892181e+02 1.6759985771780303e-01 1.4564818602855279e+01 1.0165496999863404e+01 4.8296482500538076e+01 6.7527271584800284e+00 9.0556787791575999e-01 8.5920070000000005e-03 1.4856159999999999e-01
-1.5326516742904171e-02 -6.9290147777745301e+02 1.7612327421448373e-01 1.2506683110109082e+01 1.0224591373317470e+01 4.5469693425043005e+01 6.3703505660101740e+00 9.0409942601059123e-01 8.8441787999999997e-03 1.5727996000000000e-01
-1.4925427320310838e-02 -6.6690804211251634e+02 1.8489158950318707e-01 1.0666298359428366e+01 9.6212843855254118e+00 4.2801063144978038e+01 6.0092363072517454e+00 8.9330521411499053e-01 9.0929527999999999e-03 1.6624881999999999e-01
-1.4513295132960227e-02 -6.4278333066588186e+02 1.9390131340951175e-01 9.4682291895641679e+00 8.6376858006733901e+00 4.0278472900454169e+01 5.6742772035050564e+00 8.7228726095252362e-01 9.3379794999999995e-03 1.7546460999999999e-01
-1.4090295036925722e-02 -6.2038811805262185e+02 2.0314862336149450e-01 8.9893146896406311e+00 7.7801413093050451e+00 3.7890760152121189e+01 5.3687037276857961e+00 8.4546195584148442e-01 9.5789143999999993e-03 1.8492342000000001e-01
-1.3656618434763356e-02 -5.9959607899455830e+02 2.1262933506041332e-01 8.9183285006268953e+00 7.4454299886641460e+00 3.5627645243047738e+01 5.0909859734455720e+00 8.1918006640420571e-01 9.8154178999999998e-03 1.9462097000000000e-01
-1.3212471039500639e-02 -5.8029244384348578e+02 2.2233895136278195e-01 8.7733755506690230e+00 7.6832408979484290e+00 3.3479620593242387e+01 4.8353673807215927e+00 7.9748010418573534e-01 1.0047156000000000e-02 2.0455266000000000e-01
-1.2758072427434331e-02 -5.6237291010601234e+02 2.3227267205674879e-01 8.2050718352858940e+00 8.2022772032452771e+00 3.1437897482152849e+01 4.5952113194596391e+00 7.7985027949821062e-01 1.0273801000000001e-02 2.1471357999999999e-01
-1.2293658274141601e-02 -5.4574276190450257e+02 2.4242534498010246e-01 7.1798214142989538e+00 8.5834440038348632e+00 2.9494339681584094e+01 4.3666122736499924e+00 7.6231920768933081e-01 1.0495031000000000e-02 2.2509846000000000e-01
-1.1819477671266631e-02 -5.3031588977626143e+02 2.5279152467866495e-01 5.9501337944469004e+00 8.5359322419339243e+00 2.7641398597976796e+01 4.1498535305043189e+00 7.4054436693195158e-01 1.0710529999999999e-02 2.3570173000000000e-01
-1.1335793573722852e-02 -5.1601404443006061e+02 2.6336546262989308e-01 4.8658975763394956e+00 8.0350872309795207e+00 2.5872058703189253e+01 3.9481381608107311e+00 7.1285312233494880e-01 1.0919989999999999e-02 2.4651751000000000e-01
-1.0842883246895170e-02 -5.0276615181319630e+02 2.7414109746647924e-01 4.1708601958907998e+00 7.2855137654217019e+00 2.4179792687140008e+01 3.7647591208660027e+00 6.8125207618418171e-01 1.1123108000000000e-02 2.5753959999999998e-01
-1.0341036925033268e-02 -4.9050766002325253e+02 2.8511208430554830e-01 3.9009491739465831e+00 6.5710461028564406e+00 2.2558511316246573e+01 3.6006414153832691e+00 6.5017523509487563e-01 1.1319591000000000e-02 2.6876150999999998e-01
-9.8305573640493759e-03 -4.7917997921095895e+02 2.9627180452505636e-01 3.9148322831278994e+00 6.1013037845330276e+00 2.1002522619476601e+01 3.4535374100243317e+00 6.2416148185907294e-01 1.1509152000000000e-02 2.8017647000000001e-01
-9.3117602887205046e-03 -4.6873000288909441e+02 3.0761335598739192e-01 4.0024717535874457e+00 5.9382405331351249e+00 1.9506497278633439e+01 3.3189507302042651e+00 6.0582837011337698e-01 1.1691511000000000e-02 2.9177742000000001e-01
-8.7849748398906684e-03 -4.5910967346330432e+02 3.1912954326297704e-01 3.9911898550722085e+00 6.0140146858295127e+00 1.8065435119158948e+01 3.1919449468064571e+00 5.9513524018072117e-01 1.1866398000000000e-02 3.0355700000000002e-01
-8.2505399968530319e-03 -4.5027552697014710e+02 3.3081295584145815e-01 3.7985747208661103e+00 6.1985149014123389e+00 1.6674624370763262e+01 3.0687130579758430e+00 5.8990437646242055e-01 1.2033550000000000e-02 3.1550762999999998e-01
-7.7088077077655318e-03 -4.4218840631380112e+02 3.4265589969691440e-01 3.4283276166154444e+00 6.3657639415825482e+00 1.5329622533865205e+01 2.9473345520638592e+00 5.8697890662613550e-01 1.2192715000000000e-02 3.2762143999999999e-01
-7.1601406536397124e-03 -4.3481311442617499e+02 3.5465044616985153e-01 2.9376339010709103e+00 6.4289092061192958e+00 1.4026223555118204e+01 2.8276754976914900e+00 5.8337829960230725e-01 1.2343646000000000e-02 3.3989032000000002e-01
-6.6049126955429714e-03 -4.2811815036658680e+02 3.6678842219080315e-01 2.4046183896186459e+00 6.3479222831865165e+00 1.2760434149370148e+01 2.7108143300868597e+00 5.7705201264661576e-01 1.2486109000000000e-02 3.5230591000000000e-01
-6.0435070857896046e-03 -4.2207545042296636e+02 3.7906144938592645e-01 1.9074513387139196e+00 6.1230059369448124e+00 1.1528447085617636e+01 2.5983844042627537e+00 5.6700017992142959e-01 1.2619877000000000e-02 3.6485963999999999e-01
-5.4763178095475207e-03 -4.1666019508763179e+02 3.9146091474780542e-01 1.5116864848343554e+00 5.7902441674088632e+00 1.0326623084921227e+01 2.4920160402085463e+00 5.5335351267398702e-01 1.2744734000000001e-02 3.7754270000000001e-01
-4.9037482432315350e-03 -4.1185061641018132e+02 4.0397799996464745e-01 1.2562657334258227e+00 5.4116089888568863e+00 9.1514692668986370e+00 2.3928348743126628e+00 5.3704808683155869e-01 1.2860473000000001e-02 3.9034606999999999e-01
-4.3262102600989082e-03 -4.0762783593798412e+02 4.1660370097308114e-01 1.1425588215599711e+00 5.0609668868360194e+00 7.9996147333595680e+00 2.3014324200382781e+00 5.1952379825943407e-01 1.2966896000000000e-02 4.0326054000000000e-01
-3.7441251246538021e-03 -4.0397574136302802e+02 4.2932880840535859e-01 1.1309998966043964e+00 4.8024238418145968e+00 6.8677960733957946e+00 2.2173425598982863e+00 5.0228322292719640e-01 1.3063819000000001e-02 4.1627669000000000e-01
-3.1579208094338895e-03 -4.0088086352627948e+02 4.4214396624774860e-01 1.1530857537173527e+00 4.6666246215346785e+00 5.7528345771925302e+00 2.1395752380665867e+00 4.8648089314920945e-01 1.3151064000000001e-02 4.2938494999999999e-01
-2.5680346782237518e-03 -3.9833230557603582e+02 4.5503961318214353e-01 1.1357213680298450e+00 4.6392302721808889e+00 4.6516264537082463e+00 2.0667146261873657e+00 4.7261241978156282e-01 1.3228465999999999e-02 4.4257553999999999e-01
-1.9749099084369996e-03 -3.9632166297372913e+02 4.6800606079725016e-01 1.0296101469099990e+00 4.6673595893992230e+00 3.5611144484491959e+00 1.9974073636129046e+00 4.6044015228331220e-01 1.3295871000000001e-02 4.5583855000000001e-01
-1.3789972799252322e-03 -3.9484298846014286e+02 4.8103345448299428e-01 8.2704385706229078e-01 4.6819005883220797e+00 2.4782795085321858e+00 1.9307359298112805e+00 4.4921469783108475e-01 1.3353135000000000e-02 4.6916390000000002e-01
-7.8075293896684439e-04 -3.9389276103370423e+02 4.9411182231251510e-01 5.6125652534653625e-01 4.6259669169062416e+00 1.4001180958575645e+00 1.8664139815415552e+00 4.3800230903609166e-01 1.3400123999999999e-02 4.8254139000000001e-01
-1.8063929267149795e-04 -3.9346988791112182e+02 5.0723105548936742e-01 2.9013811204318979e-01 4.4750025033214751e+00 3.2362800413127601e-01 1.8047345852023136e+00 4.2608880486946449e-01 1.3436718000000000e-02 4.9596067999999999e-01
4.2087677982879934e-04 -3.9357572167193149e+02 5.2038094745311725e-01 7.1000742529938432e-02 4.2439025179823133e+00 -7.5421169092751938e-01 1.7462917338718027e+00 4.1325825962712659e-01 1.3462807000000000e-02 5.0941133000000005e-01
1.0233221385707626e-03 -3.9421409987260751e+02 5.3355115477374626e-01 -6.1172070982367127e-02 3.9745541872026382e+00 -1.8364543504236579e+00 1.6915497003666269e+00 3.9973845158579629e-01 1.3478291000000000e-02 5.2288276000000000e-01
1.6262214075799600e-03 -3.9539140987542413e+02 5.4673128513924163e-01 -1.0180714669579441e-01 3.7188911925454082e+00 -2.9262109313049578e+00 1.6407982044936755e+00 3.8616598193297941e-01 1.3483083000000000e-02 5.3636434000000000e-01
2.2290947388595959e-03 -3.9711667641851517e+02 5.5991084847360184e-01 -7.5935256539218593e-02 3.5184639459071083e+00 -4.0266645282128302e+00 1.5938152039917830e+00 3.7319040545950599e-01 1.3477108000000000e-02 5.4984533999999996e-01
2.8314587067950273e-03 -3.9940167190205165e+02 5.7307927648963408e-01 -2.3311457778037586e-02 3.3923245640237081e+00 -5.1410914203392934e+00 1.5500843141768157e+00 3.6128939615147643e-01 1.3460300999999999e-02 5.6331494999999998e-01
3.4328276497604289e-03 -4.0226106101308994e+02 5.8622595201815142e-01 1.4976818636301476e-02 3.3352283743190605e+00 -6.2728854970924175e+00 1.5089075365914435e+00 3.5070940380762106e-01 1.3432611000000001e-02 5.7676231000000000e-01
4.0327145645232786e-03 -4.0571257632636650e+02 5.9934022856077007e-01 1.1307149124373308e-02 3.3231439684997985e+00 -7.4255791322978233e+00 1.4696382775729107e+00 3.4125494724920480e-01 1.3393997000000000e-02 5.9017653000000003e-01
4.6306297646376490e-03 -4.0977721607417976e+02 6.1241140096071289e-01 -4.5212215667309034e-02 3.3241817089810861e+00 -8.6028686219758228e+00 1.4318457790696626e+00 3.3255919820729490e-01 1.3344429999999999e-02 6.0354666000000001e-01
5.2260826692531494e-03 -4.1447949008258132e+02 6.2542874450840513e-01 -1.4788155107036410e-01 3.3089886405642508e+00 -9.8086442151081421e+00 1.3952825417411994e+00 3.2418041097482109e-01 1.3283893999999999e-02 6.1686173000000000e-01
5.8185835919238593e-03 -4.1984771745622902e+02 6.3838155404706975e-01 -2.7803619956835729e-01 3.2576772573480510e+00 -1.1047018715979622e+01 1.3600682715903569e+00 3.1572057132659026e-01 1.3212384000000001e-02 6.3011079000000003e-01
6.4076410573949104e-03 -4.2591433552127171e+02 6.5125908531433419e-01 -4.1230732291087918e-01 3.1626935028589380e+00 -1.2322356822487379e+01 1.3264137770019215e+00 3.0696769932283413e-01 1.3129907000000000e-02 6.4328284999999996e-01
6.9927649320181556e-03 -4.3271630688502438e+02 6.6405062337702259e-01 -5.2864757113980554e-01 3.0287249725672072e+00 -1.3639316252439038e+01 1.2945817845708500e+00 2.9787567364242545e-01 1.3036481000000001e-02 6.5636695000000000e-01
7.5734668709543616e-03 -4.4029556876865058e+02 6.7674549240755455e-01 -6.1141695817388397e-01 2.8681086630550694e+00 -1.5002889635989195e+01 1.2647981661696619e+00 2.8859571429101416e-01 1.2932137999999999e-02 6.6935217000000002e-01
8.1492589765665424e-03 -4.4869953027862300e+02 6.8933302635474847e-01 -6.5276919355272711e-01 2.6986078105705080e+00 -1.6418444212118764e+01 1.2371660074153450e+00 2.7939525867971138e-01 1.2816919000000000e-02 6.8222760000000005e-01
8.7196564816333401e-03 -4.5798169829307813e+02 7.0180262760221501e-01 -6.5400647417456914e-01 2.5372553648797673e+00 -1.7891777749773212e+01 1.2116613338545053e+00 2.7057843369284795e-01 1.2690879000000000e-02 6.9498240000000000e-01
9.2841768549445751e-03 -4.6820235264853636e+02 7.1414374741555930e-01 -6.2222822003587752e-01 2.3984008853968342e+00 -1.9429172525677462e+01 1.1881225507940332e+00 2.6241320512263022e-01 1.2554085000000000e-02 7.0760577999999996e-01
9.8423402485034624e-03 -4.7942934151910379e+02 7.2634589571877994e-01 -5.6989869536680260e-01 2.2909486201754135e+00 -2.1037460118454142e+01 1.1662583164968527e+00 2.5514583076379083e-01 1.2406611999999999e-02 7.2008700999999997e-01
1.0393671733537790e-02 -4.9173904545586811e+02 7.3839868997626268e-01 -5.0953263551313643e-01 2.2182274817129244e+00 -2.2724099174612768e+01 1.1457749248925357e+00 2.4883946519123915e-01 1.2248551000000000e-02 7.3241546999999996e-01
1.0937699958893220e-02 -5.0521741769204908e+02 7.5029182586358512e-01 -4.5502397471825501e-01 2.1776962737279288e+00 -2.4497253791252927e+01 1.1263363326638776e+00 2.4350246219495891e-01 1.2080001999999999e-02 7.4458062000000003e-01
1.1473958045437740e-02 -5.1996123875658952e+02 7.6201509682031277e-01 -4.1611973059639462e-01 2.1627547664403819e+00 -2.6365890655249977e+01 1.1076537411188083e+00 2.3903475233173480e-01 1.1901076999999999e-02 7.5657202000000001e-01
1.2001984480466150e-02 -5.3607957658055147e+02 7.7355841360279864e-01 -3.9910061950479070e-01 2.1639181084599208e+00 -2.8339888139269988e+01 1.0895126151994896e+00 2.3526396139612502e-01 1.1711898000000000e-02 7.6837935000000002e-01
1.2521324459306763e-02 -5.5369552125653593e+02 7.8491183361337824e-01 -4.0523826497610482e-01 2.1711843414461036e+00 -3.0430168571693820e+01 1.0717588203104635e+00 2.3197732768875989e-01 1.1512599000000000e-02 7.7999244000000001e-01
1.3031527649310214e-02 -5.7294807355597311e+02 7.9606551201837661e-01 -4.3327215504603583e-01 2.1750789208513250e+00 -3.2648829097597364e+01 1.0543419166014352e+00 2.2905847208495075e-01 1.1303326000000001e-02 7.9140122000000002e-01
1.3532152661871816e-02 -5.9399461761430143e+02 8.0700979951209573e-01 -4.7812775236494148e-01 2.1680902615695552e+00 -3.5009331237587709e+01 1.0373375330964985e+00 2.2602682048065403e-01 1.1084235000000000e-02 8.0259581999999996e-01
1.4022763027611473e-02 -6.1701348613224854e+02 8.1773515432922594e-01 -5.3297716034282738e-01 2.1460631592319386e+00 -3.7526673515687413e+01 1.0205675331473723e+00 2.2304622573991692e-01 1.0855490000000001e-02 8.1356647999999998e-01
1.4502931221193737e-02 -6.4220733090260717e+02 8.2823223023243475e-01 -5.9059955132993125e-01 2.1073849995038993e+00 -4.0217644456210934e+01 1.0043794201834175e+00 2.2021373206890138e-01 1.0617270000000000e-02 8.2430364000000000e-01
1.4972237766923375e-02 -6.6980690207411214e+02 8.3849185695956996e-01 -6.4496927058588593e-01 2.0531015734564462e+00 -4.3101076957795193e+01 9.8879323534402874e-01 2.1651494649728231e-01 1.0369760000000000e-02 8.3479791999999997e-01
1.5430271685947603e-02 -7.0007559723450720e+02 8.4850505000005783e-01 -6.9051324836562900e-01 1.9864960377887542e+00 -4.6198164804748046e+01 9.7390403451452134e-01 2.1293005841940627e-01 1.0113159000000000e-02 8.4504013000000000e-01
1.5876630943458311e-02 -7.3331489268152177e+02 8.5826302037130253e-01 -7.2385244602951593e-01 1.9114772062148331e+00 -4.9532847559492822e+01 9.5980339984448237e-01 2.0918380334557063e-01 9.8476710000000005e-03 8.5502127999999999e-01
1.6310922448692037e-02 -7.6987081844914417e+02 8.6775717461868562e-01 -7.4349751772035866e-01 1.8330311561583263e+00 -5.3132244529016447e+01 9.4652024680132585e-01 2.0532249716944356e-01 9.5735140000000000e-03 8.6473257999999997e-01
1.6732764290941209e-02 -8.1014195877057523e+02 8.7697916369756101e-01 -7.4957737247479383e-01 1.7553949926952503e+00 -5.7027206849876222e+01 9.3409625910571559e-01 2.0140506623814763e-01 9.2909130999999992e-03 8.7416548999999999e-01
1.7141783503542885e-02 -8.5458873253322827e+02 8.8592083409126021e-01 -7.4357583275429529e-01 1.6826431800375614e+00 -6.1252933992072293e+01 9.2252572712810554e-01 1.9755866762862456e-01 9.0001030000000006e-03 8.8331166999999999e-01
1.7537618747092230e-02 -9.0374517362452934e+02 8.9457428646948556e-01 -7.2794824588903750e-01 1.6170597332444354e+00 -6.5849770703272071e+01 9.1178203782987532e-01 1.9381968178179151e-01 8.7013270999999996e-03 8.9216304000000002e-01
1.7919918967835759e-02 -9.5823292602724052e+02 9.0293184635911383e-01 -7.0531511694221449e-01 1.5606994413366351e+00 -7.0864131703397518e+01 9.0181552231219586e-01 1.9022891640239450e-01 8.3948374000000006e-03 9.0071175000000003e-01
1.8288345633682552e-02 -1.0187789739262446e+03 9.1098611302619037e-01 -6.7819343157988798e-01 1.5141256501398443e+00 -7.6349681602982272e+01 8.9257352329204043e-01 1.8685451262538350e-01 8.0808944000000001e-03 9.0895022999999997e-01
1.8642570945395297e-02 -1.0862369918718416e+03 9.1872992037033396e-01 -6.4975151942296239e-01 1.4769699135744583e+00 -8.2368734291038919e+01 8.8400775411260435e-01 1.8371469961274664e-01 7.7597663000000001e-03 9.1687114999999997e-01
1.8982279625399220e-02 -1.1616149549213803e+03 9.2615637603033207e-01 -6.2156544567843930e-01 1.4487919549318549e+00 -8.8994049170702766e+01 8.7606398891440973e-01 1.8080624231560710e-01 7.4317293999999999e-03 9.2446746000000002e-01
1.9307169364984316e-02 -1.2461092243171179e+03 9.3325887116053952e-01 -5.9575990563987591e-01 1.4280958683902951e+00 -9.6311076008353155e+01 8.6867437121269198e-01 1.7813544617045041e-01 7.0970672000000004e-03 9.3173240000000002e-01
1.9616949929900911e-02 -1.3411483487570179e+03 9.4003106087808119e-01 -5.7300609597802032e-01 1.4139133395827914e+00 -1.0442077144788557e+02 8.6179550943809158e-01 1.7570740590368980e-01 6.7560703000000000e-03 9.3865947999999999e-01
1.9911345396370791e-02 -1.4484498274747573e+03 9.4646691314484632e-01 -5.5389963802786224e-01 1.4044371323137497e+00 -1.1344330236391275e+02 8.5537329909769699e-01 1.7352553479944108e-01 6.4090362999999996e-03 9.4524253000000003e-01
2.0190091467873820e-02 -1.5700932568727299e+03 9.5256065010909474e-01 -5.3892519898643387e-01 1.3986718819974564e+00 -1.2352272169795589e+02 8.4941318704697188e-01 1.7152852517115769e-01 6.0562691999999996e-03 9.5147563999999996e-01
2.0452939947170300e-02 -1.7086195040228924e+03 9.5830684586944648e-01 -5.2805275654791650e-01 1.3952060771583545e+00 -1.3483340476632716e+02 8.4387445787995596e-01 1.6972769606733495e-01 5.6980790999999996e-03 9.5735325999999998e-01
2.0699654264278580e-02 -1.8671601853724299e+03 9.6370032871089228e-01 -5.2023578005472060e-01 1.3931865655615236e+00 -1.4758834072924489e+02 8.3872696021214632e-01 1.6808771860116259e-01 5.3347821999999998e-03 9.6287009999999995e-01
2.0930013948497448e-02 -2.0496203609548807e+03 9.6873627886878289e-01 -5.1547682283288987e-01 1.3920786584435239e+00 -1.6205092929220572e+02 8.3398153080386095e-01 1.6662665875437019e-01 4.9667000000000001e-03 9.6802122999999995e-01
2.1143811497990442e-02 -2.2609292387983191e+03 9.7341016009403647e-01 -5.1338865549038160e-01 1.3911380142514489e+00 -1.7855107650458140e+02 8.2960576145204268e-01 1.6529168723640900e-01 4.5941591999999996e-03 9.7280200999999999e-01
2.1340855957403777e-02 -2.5074068524176660e+03 9.7771779786432977e-01 -5.1227709694210111e-01 1.3900480029218005e+00 -1.9750887637240706e+02 8.2560240938550189e-01 1.6409877090453509e-01 4.2174915999999996e-03 9.7720817000000004e-01
2.1520969340248410e-02 -2.7972989268834390e+03 9.8165530117290745e-01 -5.1462894495625555e-01 1.3888111102597733e+00 -2.1946909890295902e+02 8.2196835066329121e-01 1.6302304183271299e-01 3.8370333000000002e-03 9.8123572999999997e-01
2.1683990206517994e-02 -3.1416090254891810e+03 9.8521914073977257e-01 -5.1696252759367378e-01 1.3872437833561675e+00 -2.4515510137980306e+02 8.1868930642314497e-01 1.6217695150174855e-01 3.4531249000000000e-03 9.8488107999999996e-01
2.1829772321082092e-02 -3.5554283433381497e+03 9.8840611968249059e-01 -5.1997503523016908e-01 1.3853285089354441e+00 -2.7555511426397391e+02 8.1575775978145948e-01 1.6122486261719804e-01 3.0661112999999999e-03 9.8814095000000002e-01
2.1958183759281751e-02 -4.0601907414804773e+03 9.9121335396339072e-01 -5.2302435898416255e-01 1.3832967583007607e+00 -3.1206904587001418e+02 8.1322264590864268e-01 1.6048277438950323e-01 2.6763420000000000e-03 9.9101238999999997e-01
2.2069109590142907e-02 -4.6877983561787951e+03 9.9363833104796018e-01 -5.2664773397234066e-01 1.3812259890702143e+00 -3.5677799018577605e+02 8.1100957723552847e-01 1.5984523518221636e-01 2.2841723000000002e-03 9.9349282999999999e-01
2.2162450981971910e-02 -5.4888704297755503e+03 9.9567889035204571e-01 -5.3148727382409588e-01 1.3791943052089028e+00 -4.1298472172076066e+02 8.0915895356103573e-01 1.5931285144595320e-01 1.8899688000000000e-03 9.9558005999999999e-01
2.2238124755153289e-02 -6.5515838407904666e+03 9.9733321346545500e-01 -5.3198015812420929e-01 1.3773212624767806e+00 -4.8645179958957493e+02 8.0765344819964646e-01 1.5888772863077907e-01 1.4941295000000000e-03 9.9727222000000004e-01
2.2296069642981021e-02 -8.0545374912538828e+03 9.9859996102154114e-01 -5.3407555651791416e-01 1.3757721780203509e+00 -5.8888489572906610e+02 8.0652154942577248e-01 1.5855839196646057e-01 1.0971916000000000e-03 9.9856794000000004e-01
2.2336263285343421e-02 -1.0482386295259374e+04 9.9947864420035992e-01 -5.3553563541015803e-01 1.3746420371139605e+00 -7.5217155625197404e+02 8.0573706980958082e-01 1.5833645352690562e-01 7.0085733000000002e-04 9.9946672000000003e-01
