-4.1049924440108498e-03 -3.7152716821201771e+04 4.1060197384150459e-03 -2.2906526407532754e+04 -9.3202765749442369e+03 2.3182885055536476e+03 -1.4150380043692051e+03 -5.9106854870538439e+02 5.5301730000000003e-06 1.0230946000000001e-06
-4.1048372681613760e-03 -2.8343136761999769e+04 4.1248429808903092e-03 -1.4011443387844140e+04 -9.2744350316894088e+03 1.7596271253461150e+03 -8.5258481153505795e+02 -5.8902405859687315e+02 3.5894988000000002e-05 1.9923924999999999e-05
-4.1043504237639247e-03 -2.4250290893853882e+04 4.1838984986915830e-03 -9.7299215301127351e+03 -9.1317369357147018e+03 1.5000257908633257e+03 -5.8461732037671220e+02 -5.8264981346734703e+02 8.5619985000000003e-05 7.9222864999999994e-05
-4.1033866298683047e-03 -2.1558716443279114e+04 4.3008092567437739e-03 -6.7675002021255659e+03 -8.8542147243769887e+03 1.3292348517705193e+03 -4.0178100457054109e+02 -5.7020852481923157e+02 1.5173507999999999e-04 1.9661552000000001e-04
-4.1018187357153872e-03 -1.9553279436586981e+04 4.4909989796673147e-03 -4.4473957202778556e+03 -8.4165824579019081e+03 1.2019011091190894e+03 -2.6033581059640096e+02 -5.5046483577263166e+02 2.3255418000000001e-04 3.8758918999999998e-04
-4.0995311007631548e-03 -1.7957315727451169e+04 4.7684951721911981e-03 -2.5415043564563371e+03 -7.8078286338061553e+03 1.1004776001579103e+03 -1.4475862809910950e+02 -5.2272928564783342e+02 3.2689763000000001e-04 6.6622920000000002e-04
-4.0964165824370893e-03 -1.6634350483645674e+04 5.1462945130281660e-03 -9.6665101995876887e+02 -7.0332245733293539e+03 1.0163082769868876e+03 -4.8617168180132893e+01 -4.8693202518812183e+02 4.3385032000000002e-04 1.0455858000000000e-03
-4.0923748503294728e-03 -1.5506923496824880e+04 5.6365673469743575e-03 3.0242437655989403e+02 -6.1153765670481298e+03 9.4448017395537283e+02 3.0785473962160339e+01 -4.4367349707529280e+02 5.5265518999999999e-04 1.5378795000000000e-03
-4.0873113441038710e-03 -1.4526799205076155e+04 6.2507840938615562e-03 1.2691220618789705e+03 -5.0935193140668007e+03 8.8193414808170564e+02 9.4516025171481061e+01 -3.9422264059679230e+02 6.8265765000000004e-04 2.1546280000000000e-03
-4.0811365698158924e-03 -1.3661879169351940e+04 6.9998006067175673e-03 1.9341427620669424e+03 -4.0205943930917983e+03 8.2663479377626072e+02 1.4305239485321704e+02 -3.4044438887756417e+02 8.2327310000000005e-04 2.9067318999999999e-03
-4.0737656204490880e-03 -1.2889708610450803e+04 7.8939163320341649e-03 2.3069279925355795e+03 -2.9580787023940911e+03 7.7715859634955621e+02 1.7687816843692832e+02 -2.8465086636711555e+02 9.7396649000000004e-04 3.8045331000000002e-03
-4.0651178253478786e-03 -1.2193950856640353e+04 8.9429168344835608e-03 2.4120207380611178e+03 -1.9689916357484035e+03 7.3247027039666796e+02 1.9683230960359009e+02 -2.2938424316347366e+02 1.1342389000000000e-03 4.8578574999999999e-03
-4.0551164940655030e-03 -1.1562338568869567e+04 1.0156104868842372e-02 2.2910530860662143e+03 -1.1099820110818268e+03 6.9179278346979436e+02 2.0428334938121975e+02 -1.7715397217481726e+02 1.3036180000000001e-03 6.0760461999999999e-03
-4.0436887308179827e-03 -1.0985416828088448e+04 1.1542322887218612e-02 2.0006981953682064e+03 -4.2374649092191447e+02 6.5452760111864336e+02 2.0115551032912026e+02 -1.3016322199637787e+02 1.4816515000000000e-03 7.4679780999999997e-03
-4.0307652842410833e-03 -1.0455736407105855e+04 1.3109971263930164e-02 1.6071796834986656e+03 6.6836753223115565e+01 6.2020348655833720e+02 1.8982718995596511e+02 -9.0066127450713765e+01 1.6679024999999999e-03 9.0420881999999994e-03
-4.0162804455863019e-03 -9.9673176172656913e+03 1.4867020644602772e-02 1.1784167464367047e+03 3.6163659859981897e+02 5.8844246970793904e+02 1.7293007118611175e+02 -5.7796816559886544e+01 1.8619452999999999e-03 1.0806380000000001e-02
-4.0001719543058438e-03 -9.5152817146297293e+03 1.6821023398962544e-02 7.7533569481631218e+02 4.8251104814863845e+02 5.5893644280633771e+02 1.5308925571154126e+02 -3.3501391063223103e+01 2.0633631000000000e-03 1.2768437000000001e-02
-3.9823809545396138e-03 -9.0955921079134841e+03 1.8979118899079429e-02 4.4410797100374236e+02 4.6882406665705201e+02 5.3143072581402748e+02 1.3265422087411972e+02 -1.6586761434036127e+01 2.2717459999999998e-03 1.4935428000000001e-02
-3.9628519220461997e-03 -8.7048665350187457e+03 2.1348042382832721e-02 2.1094751830844933e+02 3.7000104518635391e+02 5.0571213404767514e+02 1.1347191648695804e+02 -5.8781182757718460e+00 2.4866887000000002e-03 1.7314116000000001e-02
-3.9415326658448768e-03 -8.3402402481172576e+03 2.3934124754732059e-02 8.0597455082440945e+01 2.3658167798284978e+02 4.8160028585610115e+02 9.6745164299773720e+01 1.4480620017477647e-01 2.7077901999999999e-03 1.9910858000000000e-02
-3.9183742379055846e-03 -7.9992617494367805e+03 2.6743303540762414e-02 3.8824018096264332e+01 1.1162263256189505e+02 4.5894097484809208e+02 8.3001396163740139e+01 3.0791161545533732e+00 2.9346520999999999e-03 2.2731616000000000e-02
-3.8933309824089424e-03 -7.6798156363464477e+03 2.9781116913014095e-02 5.8311548202140848e+01 2.4262612875622317e+01 4.3760126316851921e+02 7.2173194496404761e+01 4.3502588759779410e+00 3.1668782999999998e-03 2.5781951000000001e-02
-3.8663604864862325e-03 -7.3800613831231358e+03 3.3052709665052742e-02 1.0653929630829204e+02 -1.3243960237864991e+01 4.1746559110244499e+02 6.3767274370456192e+01 5.0306969976806108e+00 3.4040742000000001e-03 2.9067029000000001e-02
-3.8374235473793983e-03 -7.0983859180170921e+03 3.6562837195499319e-02 1.5375927319576272e+02 -4.5660311052179567e+00 3.9843275606062633e+02 5.7080067530136070e+01 5.7556961468345422e+00 3.6458464000000000e-03 3.2591624999999999e-02
-3.8064842217010535e-03 -6.8333668106490277e+03 4.0315859532660148e-02 1.7921891016837503e+02 3.5065935893599544e+01 3.8041357365701845e+02 5.1409648634194717e+01 6.7422760945197435e+00 3.8918026000000000e-03 3.6360116999999997e-02
-3.7735097597544676e-03 -6.5837417894250029e+03 4.4315749301686858e-02 1.7429653968250875e+02 8.5258313089728333e+01 3.6332893424264893e+02 4.6218386926469556e+01 7.8931227614308890e+00 4.1415510999999999e-03 4.0376493999999999e-02
-3.7384706301635717e-03 -6.3483849268202212e+03 4.8566088736891402e-02 1.4209591436440152e+02 1.2707417728330974e+02 3.4710828899758462e+02 4.1216783867043574e+01 8.9477164219210277e+00 4.3947007000000003e-03 4.4644352999999998e-02
-3.7013405198729581e-03 -6.1262870266496611e+03 5.3070069681746102e-02 9.4025057476080306e+01 1.4812757683659260e+02 3.3168839905238229e+02 3.6361757504933053e+01 9.6359921983530903e+00 4.6508610999999997e-03 4.9166899000000000e-02
-3.6620963013078737e-03 -5.9165393009204454e+03 5.7830497572463557e-02 4.4669881912222408e+01 1.4496923059293931e+02 3.1701229677369543e+02 3.1785735845422600e+01 9.7940617314342244e+00 4.9096423000000002e-03 5.3946949000000001e-02
-3.6207180734242291e-03 -5.7183203212562794e+03 6.2849786458521739e-02 6.6364127824067376e+00 1.2245764791355454e+02 3.0302845705270823e+02 2.7689335306912838e+01 9.4173906354753445e+00 5.1706551000000002e-03 5.8986927000000001e-02
-3.5771890878185815e-03 -5.5308845392886969e+03 6.8129967965718907e-02 -1.3128022109903677e+01 9.0719102809761779e+01 2.8969005910865906e+02 2.4236071230020325e+01 8.6478775264674930e+00 5.4335110000000002e-03 6.4288872999999996e-02
-3.5314958226181528e-03 -5.3535533671076873e+03 7.3672682333118703e-02 -1.4629463094894747e+01 6.0958995956478837e+01 2.7695442670642416e+02 2.1481336553561590e+01 7.7112175746468177e+00 5.6978226000000002e-03 6.9854434000000007e-02
-3.4836279003808103e-03 -5.1857069750781147e+03 7.9479188372000034e-02 -3.6741851990549046e+00 4.1595866669978982e+01 2.6478249750616266e+02 1.9352577042903533e+01 6.8336939123866607e+00 5.9632034000000004e-03 7.5684873999999999e-02
-3.4335781291450753e-03 -5.0267777683399072e+03 8.5550358486382164e-02 1.1015705740857433e+01 3.5913241017937310e+01 2.5313842104843238e+02 1.7678927929846417e+01 6.1697549235760949e+00 6.2292681999999997e-03 8.1781068999999998e-02
-3.3813424695901184e-03 -4.8762447810345011e+03 9.1886682656604671e-02 2.1227607524724444e+01 4.1787329131651695e+01 2.4198917711214108e+02 1.6252643016379395e+01 5.7636859497713999e+00 6.4956331999999999e-03 8.8143510999999994e-02
-3.3269200350357570e-03 -4.7336285404380187e+03 9.8488268439327509e-02 2.2001753096171115e+01 5.3293437974231409e+01 2.3130427472193230e+02 1.4896504295084862e+01 5.5540432887272715e+00 6.7619166000000000e-03 9.4772308000000000e-02
-3.2703130421824467e-03 -4.5984869386148121e+03 1.0535484694290086e-01 1.2854171295395867e+01 6.3385876210693709e+01 2.2105547244937037e+02 1.3512809164055678e+01 5.4137432425692014e+00 7.0277381999999996e-03 1.0166719000000000e-01
-3.2115268029012795e-03 -4.4704115892926602e+03 1.1248577382326026e-01 -2.7349435375100022e+00 6.6581479718370474e+01 2.1121655052293056e+02 1.2099072431971555e+01 5.2073386176912519e+00 7.2927204000000001e-03 1.0882751000000000e-01
-3.1505698391740061e-03 -4.3490247776611768e+03 1.1988001534139663e-01 -1.9152844980837543e+01 6.0711881297355170e+01 2.0176312522025574e+02 1.0729048806834037e+01 4.8433459062994269e+00 7.5564877000000004e-03 1.1625223000000000e-01
-3.0874536450029889e-03 -4.2339763987125561e+03 1.2753617724431113e-01 -3.0983716482157437e+01 4.7256210115808798e+01 1.9267243846885913e+02 9.5099847370762483e+00 4.3039638370865321e+00 7.8186677999999999e-03 1.2393994999999999e-01
-3.0221926699911979e-03 -4.1249414516710849e+03 1.3545250675680523e-01 -3.4944842522290358e+01 3.0329720138812309e+01 1.8392319861681915e+02 8.5339982483361396e+00 3.6447124823272405e+00 8.0788911000000008e-03 1.3188891000000000e-01
-2.9548045656422597e-03 -4.0216183925573082e+03 1.4362686270463076e-01 -3.0796212560979928e+01 1.4871671739739577e+01 1.7549548987249352e+02 7.8413144470214204e+00 2.9677976675760700e+00 8.3367917000000003e-03 1.4009695999999999e-01
-2.8853098569603932e-03 -3.9237266810912720e+03 1.5205675535028981e-01 -2.1041310565939327e+01 4.7876107725297308e+00 1.6737060098263342e+02 7.4066610312156307e+00 2.3821334694540734e+00 8.5920070000000005e-03 1.4856159999999999e-01
-2.8137321066504413e-03 -3.8310054061298615e+03 1.6073932647513486e-01 -9.6940948995566014e+00 1.7145118835415778e+00 1.5953094333570630e+02 7.1506006791013874e+00 1.9654754352100783e+00 8.8441787999999997e-03 1.5727996000000000e-01
-2.7400977509178352e-03 -3.7432116004491609e+03 1.6967136929726856e-01 -6.8355098297353845e-01 4.7617662598028607e+00 1.5195993724207062e+02 6.9685836277858826e+00 1.7417466697477260e+00 9.0929527999999999e-03 1.6624881999999999e-01
-2.6644360994685997e-03 -3.6601189354032381e+03 1.7884932847154394e-01 3.4836670684156479e+00 1.1178117133009096e+01 1.4464193138133436e+02 6.7653203888237066e+00 1.6793682575391620e+00 9.3379794999999995e-03 1.7546460999999999e-01
-2.5867792534093313e-03 -3.5815164890076753e+03 1.8826931004851430e-01 2.3661799795582121e+00 1.7572693673282416e+01 1.3756211748633882e+02 6.4819273170250131e+00 1.7083803434221139e+00 9.5789143999999993e-03 1.8492342000000001e-01
-2.5071623515472517e-03 -3.5072079454943760e+03 1.9792705159758328e-01 -2.5866210368142624e+00 2.1173679654788714e+01 1.3070648724069969e+02 6.1075549088128387e+00 1.7479074362617051e+00 9.8154178999999998e-03 1.9462097000000000e-01
-2.4256231598901220e-03 -3.4370102539580066e+03 2.0781797200175470e-01 -8.8383089261730330e+00 2.0674676946190903e+01 1.2406173221736732e+02 5.6738116102390848e+00 1.7332699885909311e+00 1.0047156000000000e-02 2.0455266000000000e-01
-2.3422019895462270e-03 -3.3707527498309073e+03 2.1793718141658275e-01 -1.3814739645761355e+01 1.6437209233859218e+01 1.1761518531193778e+02 5.2363570678076359e+00 1.6336401740965056e+00 1.0273801000000001e-02 2.1471357999999999e-01
-2.2569421072244577e-03 -3.3082767318099645e+03 2.2827943147542187e-01 -1.5791408923360580e+01 1.0084634054157338e+01 1.1135480414034218e+02 4.8518155134635457e+00 1.4559434251688710e+00 1.0495031000000000e-02 2.2509846000000000e-01
-2.1698892426342126e-03 -3.2494343287461811e+03 2.3883917504312674e-01 -1.4337336349412489e+01 3.7321272993270735e+00 1.0526908524548743e+02 4.5583190959889146e+00 1.2358865793179852e+00 1.0710529999999999e-02 2.3570173000000000e-01
-2.0810916705854125e-03 -3.1940884341053179e+03 2.4961055625710235e-01 -1.0238106974112700e+01 -8.1656998533902814e-01 9.9347030817952657e+01 4.3654709223838690e+00 1.0212592367494846e+00 1.0919989999999999e-02 2.4651751000000000e-01
-1.9906002930885182e-03 -3.1421112387984062e+03 2.6058740056835389e-01 -5.0183027510183820e+00 -2.6215983952274904e+00 9.3578115528140927e+01 4.2553293487091128e+00 8.5429455426279677e-01 1.1123108000000000e-02 2.5753959999999998e-01
-1.8984683930544795e-03 -3.0933845592570165e+03 2.7176324461833684e-01 -3.0185375948403542e-01 -1.7654680768734938e+00 8.7952234561730606e+01 4.1921253018102718e+00 7.5896574804738504e-01 1.1319591000000000e-02 2.6876150999999998e-01
-1.8047515521947195e-03 -3.0477988818215363e+03 2.8313134619790703e-01 2.7406069337880106e+00 8.6321495461264053e-01 8.2459666994299198e+01 4.1358929456516851e+00 7.3645213574626123e-01 1.1509152000000000e-02 2.8017647000000001e-01
-1.7095077331211505e-03 -3.0052531142033786e+03 2.9468467428837025e-01 3.6858331604657653e+00 4.0127919215697334e+00 7.7091050899408728e+01 4.0549913680015583e+00 7.6855659311026714e-01 1.1691511000000000e-02 2.9177742000000001e-01
-1.6127973614461894e-03 -2.9656542462621155e+03 3.0641589910253275e-01 2.8454218845133319e+00 6.5446283590670644e+00 7.1837358636086762e+01 3.9336568145149582e+00 8.2655671802431385e-01 1.1866398000000000e-02 3.0355700000000002e-01
-1.5146826689826269e-03 -2.9289167629059139e+03 3.1831747175630093e-01 1.0136598089249163e+00 7.7747271445452037e+00 6.6689834328761847e+01 3.7732606563424373e+00 8.8158434253739981e-01 1.2033550000000000e-02 3.1550762999999998e-01
-1.4152282684437405e-03 -2.8949626223863302e+03 3.3038155455603152e-01 -8.8977383376374342e-01 7.5946966811669743e+00 6.1640000752279192e+01 3.5881534727001516e+00 9.1289075746632797e-01 1.2192715000000000e-02 3.2762143999999999e-01
-1.3145007429432136e-03 -2.8637208170443951e+03 3.4260007079328125e-01 -2.1412647856673495e+00 6.3794596621761075e+00 5.6679613969037078e+01 3.3985081593682653e+00 9.1202275717786796e-01 1.2343646000000000e-02 3.3989032000000002e-01
-1.2125687280951526e-03 -2.8351272121472298e+03 3.5496469478585724e-01 -2.4005739249993594e+00 4.7590551334646420e+00 5.1800644329937427e+01 3.2229944218631177e+00 8.8242229535801175e-01 1.2486109000000000e-02 3.5230591000000000e-01
-1.1095025836140165e-03 -2.8091242556850789e+03 3.6746689171361663e-01 -1.7327370866112495e+00 3.3588897871155141e+00 4.6995239932766196e+01 3.0735558524963786e+00 8.3563062019270051e-01 1.2619877000000000e-02 3.6485963999999999e-01
-1.0053746396146692e-03 -2.7856608957785852e+03 3.8009788774161701e-01 -4.9498631082233374e-01 2.6017477381649146e+00 4.2255717640474444e+01 2.9533521727729424e+00 7.8600975717625776e-01 1.2744734000000001e-02 3.7754270000000001e-01
-9.0025895031233070e-04 -2.7646923821152409e+03 3.9284869989696580e-01 8.4255025726027921e-01 2.6191227575193361e+00 3.7574531125588507e+01 2.8577614493459080e+00 7.4585555897771638e-01 1.2860473000000001e-02 3.9034606999999999e-01
-7.9423112982253971e-04 -2.7461801304849973e+03 4.0571015598672094e-01 1.8704221849798950e+00 3.2762949359094304e+00 3.2944244091591656e+01 2.7773317336839058e+00 7.2225111262848463e-01 1.2966896000000000e-02 4.0326054000000000e-01
-6.8736851636119062e-04 -2.7300916779760755e+03 4.1867287467999026e-01 2.3523764262370146e+00 4.2740863698019904e+00 2.8357518766046510e+01 2.7015335708711739e+00 7.1621072173627665e-01 1.3063819000000001e-02 4.1627669000000000e-01
-5.7974967964443021e-04 -2.7164005506963476e+03 4.3172732526163188e-01 2.2574789775242636e+00 5.2775962690430482e+00 2.3807074921268665e+01 2.6218020495429064e+00 7.2368924434237092e-01 1.3151064000000001e-02 4.2938494999999999e-01
-4.7145491348875909e-04 -2.7050863082641522e+03 4.4486376787855403e-01 1.7216522085574602e+00 6.0240093274581250e+00 1.9285692576319803e+01 2.5333994989122242e+00 7.3777350225735661e-01 1.3228465999999999e-02 4.4257553999999999e-01
-3.6256557901089784e-04 -2.6961344513957361e+03 4.5807233321131513e-01 9.6788044311427579e-01 6.3821740869436763e+00 1.4786165038548560e+01 2.4357145716205033e+00 7.5111758501399883e-01 1.3295871000000001e-02 4.5583855000000001e-01
-2.5316443302785463e-04 -2.6895364900535997e+03 4.7134298263832358e-01 2.2082401872016152e-01 6.3577765953609635e+00 1.0301293234969535e+01 2.3314624858539901e+00 7.5788078264284897e-01 1.3353135000000000e-02 4.6916390000000002e-01
-1.4333521755683851e-04 -2.6852899581371626e+03 4.8466555803058808e-01 -3.5721974421020658e-01 6.0567417989307941e+00 5.8238494019294791e+00 2.2251883011216713e+00 7.5479214107022408e-01 1.3400123999999999e-02 4.8254139000000001e-01
-3.3162824015295876e-05 -2.6833985039572526e+03 4.9802976183381731e-01 -6.9576484491883483e-01 5.6291637794228970e+00 1.3465640757671906e+00 2.1217310243633483e+00 7.4129671540087760e-01 1.3436718000000000e-02 4.9596067999999999e-01
7.7267035179158852e-05 -2.6838719800948488e+03 5.1142519690422006e-01 -8.1035303187430940e-01 5.2155509031084435e+00 -3.1379086786869124e+00 2.0250081704952598e+00 7.1898618560959127e-01 1.3462807000000000e-02 5.0941133000000005e-01
1.8786749820867352e-04 -2.6867265834528403e+03 5.2484132667270522e-01 -7.7557352406822533e-01 4.9092403125220399e+00 -7.6369989450788438e+00 1.9373586619825556e+00 6.9068231115393219e-01 1.3478291000000000e-02 5.2288276000000000e-01
2.9855129275531411e-04 -2.6919850327892482e+03 5.3826756477543192e-01 -6.8666224335573700e-01 4.7448688760800817e+00 -1.2158273730554910e+01 1.8594927664705363e+00 6.5949000735484387e-01 1.3483083000000000e-02 5.3636434000000000e-01
4.0923032550097601e-04 -2.6996767566995268e+03 5.5169322525905906e-01 -6.2754215994370788e-01 4.7035331565704963e+00 -1.6709444048022192e+01 1.7907712088268588e+00 6.2807030851771495e-01 1.3477108000000000e-02 5.4984533999999996e-01
5.1981584632742033e-04 -2.7098381407164015e+03 5.6510754249864592e-01 -6.5033735084094491e-01 4.7333393621222273e+00 -2.1298396849997374e+01 1.7297410082768554e+00 5.9823151022149690e-01 1.3460300999999999e-02 5.6331494999999998e-01
6.3021869461632376e-04 -2.7225128113829819e+03 5.7849970107450144e-01 -7.6922983927119359e-01 4.7727627540098547e+00 -2.5933231455840556e+01 1.6746448444340913e+00 5.7085577016335909e-01 1.3432611000000001e-02 5.7676231000000000e-01
7.4034946344931230e-04 -2.7377519878678313e+03 5.9185885569008501e-01 -9.6649509596161998e-01 4.7696769651455106e+00 -3.0622296100645499e+01 1.6239472126991390e+00 5.4604072903342815e-01 1.3393997000000000e-02 5.9017653000000003e-01
8.5011825330790977e-04 -2.7556148126703742e+03 6.0517410129515570e-01 -1.2051185418776849e+00 4.6927557238468500e+00 -3.5374208053356114e+01 1.5764731077116569e+00 5.2336704726231731e-01 1.3344429999999999e-02 6.0354666000000001e-01
9.5943500047360793e-04 -2.7761688047086354e+03 6.1843451292157281e-01 -1.4431216325533598e+00 4.5351101202516571e+00 -4.0197900660679636e+01 1.5315363063093899e+00 5.0218123175742468e-01 1.3283893999999999e-02 6.1686173000000000e-01
1.0682098054279323e-03 -2.7994904023504823e+03 6.3162918551909564e-01 -1.6446490694788731e+00 4.3090054532281457e+00 -4.5102675059515647e+01 1.4888700434715028e+00 4.8188913652829635e-01 1.3212384000000001e-02 6.3011079000000003e-01
1.1763524402523384e-03 -2.8256654072513593e+03 6.4474717420168337e-01 -1.7871703786500597e+00 4.0393124291967464e+00 -5.0098217437243903e+01 1.4485155389703170e+00 4.6202174047221078e-01 1.3129907000000000e-02 6.4328284999999996e-01
1.2837729233283355e-03 -2.8547896948984053e+03 6.5777756396014542e-01 -1.8626278558406764e+00 3.7545828539361685e+00 -5.5194668377065284e+01 1.4106603464601692e+00 4.4236801211575449e-01 1.3036481000000001e-02 6.5636695000000000e-01
1.3903816014374992e-03 -2.8869699540763922e+03 6.7070947962109084e-01 -1.8760702669572451e+00 3.4803070658755897e+00 -6.0402675776324585e+01 1.3755073136834106e+00 4.2291381959676577e-01 1.2932137999999999e-02 6.6935217000000002e-01
1.4960889034614198e-03 -2.9223243714261880e+03 6.8353205597007893e-01 -1.8405626002918118e+00 3.2350151275544650e+00 -6.5733435150114559e+01 1.3431948531275952e+00 4.0384092873723132e-01 1.2816919000000000e-02 6.8222760000000005e-01
1.6008058329818088e-03 -2.9609836705918888e+03 6.9623449750531874e-01 -1.7730138817977779e+00 3.0283063848331739e+00 -7.1198773141630056e+01 1.3137684800357516e+00 3.8538911567866030e-01 1.2690879000000000e-02 6.9498240000000000e-01
1.7044438040804610e-03 -3.0030920445264514e+03 7.0880605851976930e-01 -1.6899340429842802e+00 2.8626547652327323e+00 -7.6811204843827483e+01 1.2870857862775220e+00 3.6785639145142135e-01 1.2554085000000000e-02 7.0760577999999996e-01
1.8069147234392726e-03 -3.0488082953668190e+03 7.2123605306008998e-01 -1.6049918049187644e+00 2.7340361232592345e+00 -8.2584010399721237e+01 1.2629524169153863e+00 3.5148343797448250e-01 1.2406611999999999e-02 7.2008700999999997e-01
1.9081314008403249e-03 -3.0983072920434624e+03 7.3351390472138944e-01 -1.5276699974622867e+00 2.6355145510828244e+00 -8.8531339880913990e+01 1.2410861420834296e+00 3.3646121331554735e-01 1.2248551000000000e-02 7.3241546999999996e-01
2.0080073028658349e-03 -3.1517813035613949e+03 7.4562911677037669e-01 -1.4631823737169194e+00 2.5594440725769729e+00 -9.4668292653775083e+01 1.2211540852380387e+00 3.2292029987234822e-01 1.2080001999999999e-02 7.4458062000000003e-01
2.1064567170981860e-03 -3.2094417043510280e+03 7.5757129206326057e-01 -1.4135433483771871e+00 2.4973929859761670e+00 -1.0101102991484835e+02 1.2028263484124335e+00 3.1085767966786426e-01 1.1901076999999999e-02 7.5657202000000001e-01
2.2033949163199678e-03 -3.2715209301348996e+03 7.6933015296364959e-01 -1.3782154756681639e+00 2.4433124014706018e+00 -1.0757690270890426e+02 1.1857868744079745e+00 3.0024935989045021e-01 1.1711898000000000e-02 7.6837935000000002e-01
2.2987384048140207e-03 -3.3382747844576729e+03 7.8089557121940256e-01 -1.3554322162989425e+00 2.3925609085664665e+00 -1.1438460434311105e+02 1.1697530918454995e+00 2.9098140199781769e-01 1.1512599000000000e-02 7.7999244000000001e-01
2.3924045078633528e-03 -3.4099846020138566e+03 7.9225751816787793e-01 -1.3424881932458024e+00 2.3411803431289369e+00 -1.2145429458646136e+02 1.1545069546479203e+00 2.8290415959896270e-01 1.1303326000000001e-02 7.9140122000000002e-01
2.4843121927513121e-03 -3.4869606873577040e+03 8.0340616432543388e-01 -1.3368059360638500e+00 2.2875722018584788e+00 -1.2880783552663070e+02 1.1398742288058821e+00 2.7583076214326874e-01 1.1084235000000000e-02 8.0259581999999996e-01
2.5743813298614322e-03 -3.5695452896746965e+03 8.1433178975687892e-01 -1.3357903743420554e+00 2.2308005441415562e+00 -1.3646893929463550e+02 1.1257323996482305e+00 2.6961423841787158e-01 1.0855490000000001e-02 8.1356647999999998e-01
2.6625334315775817e-03 -3.6581153308299608e+03 8.2502487370602084e-01 -1.3372493960419540e+00 2.1691723265433382e+00 -1.4446345930258937e+02 1.1120165307994001e+00 2.6405363296070156e-01 1.0617270000000000e-02 8.2430364000000000e-01
2.7486914880839345e-03 -3.7530899781995190e+03 8.3547607467776763e-01 -1.3392035907067321e+00 2.1038832954960922e+00 -1.5281965322418466e+02 1.0986816603472231e+00 2.5899591970374797e-01 1.0369760000000000e-02 8.3479791999999997e-01
2.8327800494649859e-03 -3.8549325823698182e+03 8.4567624039707712e-01 -1.3397462274731169e+00 2.0348235632380436e+00 -1.6156850957290862e+02 1.0857514168106619e+00 2.5430658443187082e-01 1.0113159000000000e-02 8.4504013000000000e-01
2.9147253078055666e-03 -3.9641583982262650e+03 8.5561641776790687e-01 -1.3375889353724186e+00 1.9626488105249620e+00 -1.7074412936847153e+02 1.0732435750882607e+00 2.4988365899013337e-01 9.8476710000000005e-03 8.5502127999999999e-01
2.9944550971908457e-03 -4.0813413767858983e+03 8.6528785287321419e-01 -1.3313015120582528e+00 1.8882865841386300e+00 -1.8038416912409983e+02 1.0612067348496170e+00 2.4564212372009858e-01 9.5735140000000000e-03 8.6473257999999997e-01
3.0718993042064139e-03 -4.2071232035767862e+03 8.7468204076970635e-01 -1.3201739807224058e+00 1.8127825026188720e+00 -1.9053041533979825e+02 1.0496704050836989e+00 2.4151833748332538e-01 9.2909130999999992e-03 8.7416548999999999e-01
3.1469894574382012e-03 -4.3422227975682263e+03 8.8379067569309055e-01 -1.3034023261190968e+00 1.7375571753564083e+00 -2.0122936568067439e+02 1.0387193690880021e+00 2.3752354818701113e-01 9.0001030000000006e-03 8.8331166999999999e-01
3.2196592200725736e-03 -4.4874492865545481e+03 8.9260571081177331e-01 -1.2810259499903187e+00 1.6635863327515841e+00 -2.1253305420323210e+02 1.0283463655533105e+00 2.3361579009951519e-01 8.7013270999999996e-03 8.9216304000000002e-01
3.2898441435962860e-03 -4.6437162593678167e+03 9.0111932835001152e-01 -1.2527824740749713e+00 1.5924942993256470e+00 -2.2449993099675271e+02 1.0186023378147844e+00 2.2981137638676324e-01 8.3948374000000006e-03 9.0071175000000003e-01
3.3574820782965665e-03 -4.8120608231234746e+03 9.0932398938266135e-01 -1.2193972212758473e+00 1.5252359899526098e+00 -2.3719606305213296e+02 1.0095054202917435e+00 2.2613526091096225e-01 8.0808944000000001e-03 9.0895022999999997e-01
3.4225128448610474e-03 -4.9936648963566586e+03 9.1721239399937904e-01 -1.1815052554291190e+00 1.4629872256768441e+00 -2.5069646560089103e+02 1.0010568773851749e+00 2.2262663950700504e-01 7.7597663000000001e-03 9.1687114999999997e-01
3.4848785627778342e-03 -5.1898838021172405e+03 9.2477752114042067e-01 -1.1399948489752878e+00 1.4065221848533005e+00 -2.6508689474037101e+02 9.9323817598672093e-01 2.1926247207018973e-01 7.4317293999999999e-03 9.2446746000000002e-01
3.5445237324355202e-03 -5.4022812162108885e+03 9.3201263855559191e-01 -1.0959076424776333e+00 1.3559612906023013e+00 -2.8046605367682503e+02 9.8604247088327013e-01 2.1610969393000967e-01 7.0970672000000004e-03 9.3173240000000002e-01
3.6013950709231565e-03 -5.6326731908591582e+03 9.3891128288634806e-01 -1.0499724974565574e+00 1.3119961978045878e+00 -2.9694833139088530e+02 9.7944965735008349e-01 2.1318454377478446e-01 6.7560703000000000e-03 9.3865947999999999e-01
3.6554419225303322e-03 -5.8831866455183790e+03 9.4546730946054447e-01 -1.0038023877496627e+00 1.2742610803927974e+00 -3.1466750494291864e+02 9.7341572505344742e-01 2.1049794690774268e-01 6.4090362999999996e-03 9.4524253000000003e-01
3.7066157661470745e-03 -6.1563318877921056e+03 9.5167483253873608e-01 -9.5790493088646922e-01 1.2428565955744277e+00 -3.3378128486472724e+02 9.6791362872005049e-01 2.0805119153223103e-01 6.0562691999999996e-03 9.5147563999999996e-01
3.7548710362640221e-03 -6.4551057538919422e+03 9.5752832490367756e-01 -9.1339691452263894e-01 1.2173815173593938e+00 -3.5447782936366610e+02 9.6290395794953887e-01 2.0584719280604222e-01 5.6980790999999996e-03 9.5735325999999998e-01
3.8001643019722449e-03 -6.7831211764484879e+03 9.6302251827082341e-01 -8.7083497608079896e-01 1.1968701900043410e+00 -3.7698388651355509e+02 9.5836787627954390e-01 2.0388609074624300e-01 5.3347821999999998e-03 9.6287009999999995e-01
3.8424550879634306e-03 -7.1447970122091565e+03 9.6815250287782784e-01 -8.3064166319576105e-01 1.1811351778655570e+00 -4.0157679105635793e+02 9.5425202653061381e-01 2.0216198909482230e-01 4.9667000000000001e-03 9.6802122999999995e-01
3.8817052998297462e-03 -7.5456147905785811e+03 9.7291365777189476e-01 -7.9376401544860309e-01 1.1695201660611425e+00 -4.2860065027298242e+02 9.5054240870496909e-01 2.0065676296305179e-01 4.5941591999999996e-03 9.7280200999999999e-01
3.9178798808639894e-03 -7.9925030337131757e+03 9.7730173048137770e-01 -7.5981371350116877e-01 1.1611298797574008e+00 -4.5849064379502016e+02 9.4720231916666520e-01 1.9935306568921701e-01 4.2174915999999996e-03 9.7720817000000004e-01
3.9509461552594436e-03 -8.4943961315238412e+03 9.8131275734417989e-01 -7.2944885835479079e-01 1.1555828196232487e+00 -4.9180831767139500e+02 9.4421501138784092e-01 1.9825502152958771e-01 3.8370333000000002e-03 9.8123572999999997e-01
3.9808744849100181e-03 -9.0631202655065499e+03 9.8494314317935461e-01 -7.0214285423751921e-01 1.1521138357160112e+00 -5.2929764282727183e+02 9.4158284186837005e-01 1.9731996843326974e-01 3.4531249000000000e-03 9.8488107999999996e-01
4.0076380231101960e-03 -9.7148176377782274e+03 9.8818963141025451e-01 -6.7853497007870334e-01 1.1502894765837759e+00 -5.7197512032556904e+02 9.3921731748709281e-01 1.9654205450944059e-01 3.0661112999999999e-03 9.8814095000000002e-01
4.0312125503550013e-03 -1.0472387209502385e+04 9.9104928414663207e-01 -6.5776284050379563e-01 1.1496281792934713e+00 -6.2128428422483751e+02 9.3718036404561200e-01 1.9590243015440900e-01 2.6763420000000000e-03 9.9101238999999997e-01
4.0515769669400943e-03 -1.1370001606347172e+04 9.9351954193833958e-01 -6.4056546069059395e-01 1.1497344031476773e+00 -6.7938178881686622e+02 9.3543685259893028e-01 1.9538132150691387e-01 2.2841723000000002e-03 9.9349282999999999e-01
4.0687131287617485e-03 -1.2462216024669771e+04 9.9559820385742870e-01 -6.2630284133303193e-01 1.1503673490143189e+00 -7.4971449576507393e+02 9.3398843919032948e-01 1.9496838272808720e-01 1.8899688000000000e-03 9.9558005999999999e-01
4.0826057652168278e-03 -1.3844950246150562e+04 9.9728341753920124e-01 -6.1503500502011998e-01 1.1511392157984424e+00 -8.3834918006571684e+02 9.3283415530254055e-01 1.9464977404154432e-01 1.4941295000000000e-03 9.9727222000000004e-01
4.0932436286030159e-03 -1.5714809783493976e+04 9.9857381860750816e-01 -6.0637882182374114e-01 1.1518924165648623e+00 -9.5773299119739181e+02 9.3193717827887368e-01 1.9441642588188593e-01 1.0971916000000000e-03 9.9856794000000004e-01
4.1006226139194716e-03 -1.8612474993113119e+04 9.9946890911484987e-01 -6.0053320811809385e-01 1.1525494749356806e+00 -1.1421253972862098e+03 9.3130966631243961e-01 1.9425887050990390e-01 7.0085733000000002e-04 9.9946672000000003e-01
