-8.2337053081376135e-02 -2.3687199132325331e+03 8.2338160414742886e-02 -2.0307789372357286e+03 -6.1791618700024719e+02 1.5149380190868146e+02 -1.2984931469408343e+02 -3.9578345452359102e+01 5.5301730000000003e-06 1.0230946000000001e-06
-8.2333940597655544e-02 -1.7848450172690823e+03 8.2355505003282592e-02 -1.4462140983362908e+03 -6.1770331579102651e+02 1.1409375958540819e+02 -9.2417923753768719e+01 -3.9568811269865058e+01 3.5894988000000002e-05 1.9923924999999999e-05
-8.2324175577733569e-02 -1.5136625366383075e+03 8.2409921433321612e-02 -1.1732900032202201e+03 -6.1703583022151179e+02 9.6718295715412395e+01 -7.4963044480861754e+01 -3.9538912194260035e+01 8.5619985000000003e-05 7.9222864999999994e-05
-8.2304844007645317e-02 -1.3354271582038987e+03 8.2517648303277485e-02 -9.9213548359054505e+02 -6.1571608194098485e+02 8.5291874611943499e+01 -6.3403057627117335e+01 -3.9479780747170864e+01 1.5173507999999999e-04 1.9661552000000001e-04
-8.2273395524887910e-02 -1.2027424209042565e+03 8.2692897731898779e-02 -8.5532661143225766e+02 -6.1357381978785691e+02 7.6778374632176480e+01 -5.4700185560581126e+01 -3.9383753433692391e+01 2.3255418000000001e-04 3.8758918999999998e-04
-8.2227510636410817e-02 -1.0972715736598648e+03 8.2948595297660230e-02 -7.4455618786364153e+02 -6.1045856538683017e+02 7.0003143938983243e+01 -4.7680668122745217e+01 -3.9244016007499084e+01 3.2689763000000001e-04 6.6622920000000002e-04
-8.2165040299562744e-02 -1.0099680808819301e+03 8.3296716729236192e-02 -6.5084676107682913e+02 -6.0623707411029523e+02 6.4386685173857003e+01 -4.1767650493313582e+01 -3.9054475437648605e+01 4.3385032000000002e-04 1.0455858000000000e-03
-8.2083972108664832e-02 -9.3569580552668265e+02 8.3748476333787236e-02 -5.6916124729141075e+02 -6.0079269417262935e+02 5.9600039420712974e+01 -3.6636132978977109e+01 -3.8809716408022382e+01 5.5265518999999999e-04 1.5378795000000000e-03
-8.1982409392883579e-02 -8.7125482954197923e+02 8.4314443475896617e-02 -4.9642261258774226e+02 -5.9402563289120803e+02 5.5438317480387667e+01 -3.2086226620157959e+01 -3.8504998867965263e+01 6.8265765000000004e-04 2.1546280000000000e-03
-8.1858557101984336e-02 -8.1451424243708971e+02 8.5004621230446997e-02 -4.3064214931158585e+02 -5.8585365887034311e+02 5.1765139433803675e+01 -2.7987394497298300e+01 -3.8136274519301971e+01 8.2327310000000005e-04 2.9067318999999999e-03
-8.1710712189343837e-02 -7.6398191832418399e+02 8.5828499974126740e-02 -3.7048556933838944e+02 -5.7621302863230790e+02 4.8485068032624447e+01 -2.4250728962972062e+01 -3.7700217490790415e+01 9.7396649000000004e-04 3.8045331000000002e-03
-8.1537256580351422e-02 -7.1857096444971273e+02 8.6795096569630525e-02 -3.1503616146116497e+02 -5.6505945685466031e+02 4.5528641793320539e+01 -2.0813847887353752e+01 -3.7194247586744893e+01 1.1342389000000000e-03 4.8578574999999999e-03
-8.1336652034566498e-02 -6.7746403314694271e+02 8.7912982996738068e-02 -2.6365600078830033e+02 -5.5236902862126146e+02 4.2843677788336755e+01 -1.7632075999782888e+01 -3.6616598391258577e+01 1.3036180000000001e-03 6.0760461999999999e-03
-8.1107436424076071e-02 -6.4003008858871840e+02 8.9190307091492851e-02 -2.1589965435748920e+02 -5.3813897047222554e+02 4.0389935691544132e+01 -1.4672990068896738e+01 -3.5966303231040534e+01 1.4816515000000000e-03 7.4679780999999997e-03
-8.0848220719952443e-02 -6.0577099905363809e+02 9.0634809339431036e-02 -1.7145771303425127e+02 -5.2238819070291959e+02 3.8135692984754058e+01 -1.1912877124716314e+01 -3.5243219633019031e+01 1.6679024999999999e-03 9.0420881999999994e-03
-8.0557686950290100e-02 -5.7428605341109414e+02 9.2253834254599876e-02 -1.3011823199915841e+02 -5.0515755599562834e+02 3.6055469092909149e+01 -9.3343448681581140e+00 -3.4448087627827000e+01 1.8619452999999999e-03 1.0806380000000001e-02
-8.0234586306449682e-02 -5.4524756578993049e+02 9.4054340932679670e-02 -9.1739238709279505e+01 -4.8650982604692194e+02 3.4128460537658327e+01 -6.9246416846228671e+00 -3.3582500112918353e+01 2.0633631000000000e-03 1.2768437000000001e-02
-7.9877738270283355e-02 -5.1838376239292609e+02 9.6042907914596506e-02 -5.6228539469838545e+01 -4.6652926334755216e+02 3.2337442070672601e+01 -4.6744447135034468e+00 -3.2648898249719046e+01 2.2717459999999998e-03 1.4935428000000001e-02
-7.9486029148532311e-02 -4.9346635412233860e+02 9.8225741353720974e-02 -2.3528258779826466e+01 -4.4532080937781978e+02 3.0667969346243993e+01 -2.5769503236188940e+00 -3.1650585556398354e+01 2.4866887000000002e-03 1.7314116000000001e-02
-7.9058412105761672e-02 -4.7030148796146909e+02 1.0060867483233565e-01 6.3971142860220667e+00 -4.2300893531196800e+02 2.9107797940118363e+01 -6.2718546257008256e-01 -3.0591647863985294e+01 2.7077901999999999e-03 1.9910858000000000e-02
-7.8593905352941529e-02 -4.4872285702323120e+02 1.0319717945592559e-01 3.3570391006334312e+01 -3.9973598962821399e+02 2.7646440658000213e+01 1.1785401057343461e+00 -2.9476947993175333e+01 2.9346520999999999e-03 2.2731616000000000e-02
-7.8091593135493742e-02 -4.2858646265883760e+02 1.0599635834720170e-01 5.8009311619471525e+01 -3.7566030454215758e+02 2.6274839549107117e+01 2.8430576342847234e+00 -2.8312028740678567e+01 3.1668782999999998e-03 2.5781951000000001e-02
-7.7550624745245142e-02 -4.0976721687620017e+02 1.0901095215207739e-01 7.9732846815096082e+01 -3.5095383496200583e+02 2.4985106096942541e+01 4.3686882909083087e+00 -2.7103091854022342e+01 3.4040742000000001e-03 2.9067029000000001e-02
-7.6970213861729850e-02 -3.9215451056398689e+02 1.1224534271031975e-01 9.8766251028539514e+01 -3.2579949631838662e+02 2.3770319444699016e+01 5.7575237781619801e+00 -2.5856881197248896e+01 3.6458464000000000e-03 3.2591624999999999e-02
-7.6349639540235895e-02 -3.7565106822308559e+02 1.1570354754957277e-01 1.1514501453668323e+02 -3.0038830273429596e+02 2.2624370006755903e+01 7.0116492376751163e+00 -2.4580600871192761e+01 3.8918026000000000e-03 3.6360116999999997e-02
-7.5688244894409673e-02 -3.6017028381978628e+02 1.1938922722665965e-01 1.2891797714220903e+02 -2.7491618440518636e+02 2.1541829715726838e+01 8.1333266613025756e+00 -2.3281811347747777e+01 4.1415510999999999e-03 4.0376493999999999e-02
-7.4985437590279300e-02 -3.4563477083609052e+02 1.2330568257459447e-01 1.4014951131320481e+02 -2.4958074712625790e+02 2.0517850762089626e+01 9.1251351381301156e+00 -2.1968322100598431e+01 4.3947007000000003e-03 4.4644352999999998e-02
-7.4240689846254579e-02 -3.3197505887541558e+02 1.2745585470258211e-01 1.4892095733814750e+02 -2.2457792377454328e+02 1.9548081833598907e+01 9.9900778533568619e+00 -2.0648078420709435e+01 4.6508610999999997e-03 4.9166899000000000e-02
-7.3453537774429242e-02 -3.1912851082181669e+02 1.3184232866666945e-01 1.5533132082000049e+02 -2.0009861701112789e+02 1.8628598782120079e+01 1.0731658878817591e+01 -1.9329044249532021e+01 4.9096423000000002e-03 5.3946949000000001e-02
-7.2623582203953180e-02 -3.0703844147787044e+02 1.3646732888143143e-01 1.5949727087043124e+02 -1.7632547538538478e+02 1.7755848752108054e+01 1.1353930069291707e+01 -1.8019087736682316e+01 5.1706551000000002e-03 5.8986927000000001e-02
-7.1750487198962432e-02 -2.9565340064208135e+02 1.4133272737893604e-01 1.6155252711649408e+02 -1.5342975980819645e+02 1.6926601234000358e+01 1.1861514090204523e+01 -1.6725864955471579e+01 5.4335110000000002e-03 6.4288872999999996e-02
-7.0833981540649182e-02 -2.8492648249942732e+02 1.4644003554977941e-01 1.6164665764717114e+02 -1.3156853928127344e+02 1.6137909894860233e+01 1.2259604273716427e+01 -1.5456713523274155e+01 5.6978226000000002e-03 6.9854434000000007e-02
-6.9873857080517326e-02 -2.7481486714133979e+02 1.5179041331971349e-01 1.5994337851412132e+02 -1.1088210995956597e+02 1.5387077361212555e+01 1.2553939310037023e+01 -1.4218547644392009e+01 5.9632034000000004e-03 7.5684873999999999e-02
-6.8869969563754685e-02 -2.6527933919010962e+02 1.5738466456133215e-01 1.5661845413849571e+02 -9.1491788705883408e+01 1.4671627513609044e+01 1.2750766466559906e+01 -1.3017767471081115e+01 6.2292681999999997e-03 8.1781068999999998e-02
-6.7822237970535271e-02 -2.5628390648659263e+02 1.6322324076472244e-01 1.5185713835535259e+02 -7.3498457737878923e+01 1.3989280584615029e+01 1.2856784515879717e+01 -1.1860176316852430e+01 6.4956331999999999e-03 8.8143510999999994e-02
-6.6730644516019191e-02 -2.4779547037127475e+02 1.6930624103746442e-01 1.4585149504457323e+02 -5.6980678441574398e+01 1.3337932102964704e+01 1.2879072757193399e+01 -1.0750912103907538e+01 6.7619166000000000e-03 9.4772308000000000e-02
-6.5595233662306116e-02 -2.3978352990744139e+02 1.7563341761060788e-01 1.3879741506035953e+02 -4.1994489872871178e+01 1.2715634474781108e+01 1.2825011914537017e+01 -9.6943917030732489e+00 7.0277381999999996e-03 1.0166719000000000e-01
-6.4416111953760735e-02 -2.3221994229879746e+02 1.8220417675633518e-01 1.3089159322267665e+02 -2.8572818577570729e+01 1.2120580985368330e+01 1.2702195962787286e+01 -8.6942714585075542e+00 7.2927204000000001e-03 1.0882751000000000e-01
-6.3193450322454991e-02 -2.2507870856768037e+02 1.8901756594068231e-01 1.2232851181995392e+02 -1.6725766590283371e+01 1.1551093414910628e+01 1.2518339714466023e+01 -7.7534248323070543e+00 7.5564877000000004e-03 1.1625223000000000e-01
-6.1927479312609279e-02 -2.1833576239867179e+02 1.9607230043575946e-01 1.1329745476782247e+02 -6.4412502048122864e+00 1.1005607529046667e+01 1.2281183089361164e+01 -6.8739301582457983e+00 7.8186677999999999e-03 1.2393994999999999e-01
-6.0618488751243454e-02 -2.1196880168666019e+02 2.0336676515507654e-01 1.0397971209955196e+02 2.3138357847436648e+00 1.0482662842031850e+01 1.1998396065135648e+01 -6.0570765731509955e+00 8.0788911000000008e-03 1.3188891000000000e-01
-5.9266832688410237e-02 -2.0595716615433781e+02 2.1089898712365995e-01 9.4546055919411216e+01 9.5920646604833202e+00 9.9808952419975210e+00 1.1677488184306309e+01 -5.3033907985632016e+00 8.3367917000000003e-03 1.4009695999999999e-01
-5.7872922810217428e-02 -2.0028167314730129e+02 2.1866667218456354e-01 8.5154433218574852e+01 1.5463556841850517e+01 9.4990260559037800e+00 1.1325720240355002e+01 -4.6126648897580269e+00 8.5920070000000005e-03 1.4856159999999999e-01
-5.6437231732316753e-02 -1.9492451701612538e+02 2.2666718664561319e-01 7.5948066615025098e+01 2.0013783085767294e+01 9.0358560405799579e+00 1.0950026248507271e+01 -3.9840073317709859e+00 8.8441787999999997e-03 1.5727996000000000e-01
-5.4960289706415068e-02 -1.8986915144937430e+02 2.3489757563266234e-01 6.7053900023685912e+01 2.3341131242936278e+01 8.5902576783306728e+00 1.0556941518902415e+01 -3.4158991578236964e+00 9.0929527999999999e-03 1.6624881999999999e-01
-5.3442684620274294e-02 -1.8510017973104055e+02 2.4335456308959197e-01 5.8581485606789386e+01 2.5554300281316220e+01 8.1611694040118383e+00 1.0152543045197802e+01 -2.9062574485821568e+00 9.3379794999999995e-03 1.7546460999999999e-01
-5.1885060350967037e-02 -1.8060335799116845e+02 2.5203456095493837e-01 5.0622256751759807e+01 2.6769618729335928e+01 7.7475899261456309e+00 9.7423995855586334e+00 -2.4525107745293284e+00 9.5789143999999993e-03 1.8492342000000001e-01
-5.0288121705109830e-02 -1.7636535118854334e+02 2.6093364163200972e-01 4.3249298165777425e+01 2.7108347673302653e+01 7.3485747110776423e+00 9.3315356842252104e+00 -2.0516765860453137e+00 9.8154178999999998e-03 1.9462097000000000e-01
-4.8652626185141018e-02 -1.7237382398280289e+02 2.7004758387202532e-01 3.6517396194956113e+01 2.6694044692795146e+01 6.9632293786012296e+00 8.9244051637009854e+00 -1.7004387853224974e+00 1.0047156000000000e-02 2.0455266000000000e-01
-4.6979382342576308e-02 -1.6861728729394741e+02 2.7937188195074297e-01 3.0463589568578303e+01 2.5650046347330651e+01 6.5907058257679152e+00 8.5248764089553646e+00 -1.3952291746922365e+00 1.0273801000000001e-02 2.1471357999999999e-01
-4.5269258011730922e-02 -1.6508508116597656e+02 2.8890169978532027e-01 2.5108035031631406e+01 2.4097119147888556e+01 6.2302002986845748e+00 8.1362340519269356e+00 -1.1323076334599529e+00 1.0495031000000000e-02 2.2509846000000000e-01
-4.3523170429253043e-02 -1.6176730132594511e+02 2.9863192599408134e-01 2.0455141990336145e+01 2.2151357497565201e+01 5.8809479849451503e+00 7.7611852704452264e+00 -9.0783673784941799e-01 1.0710529999999999e-02 2.3570173000000000e-01
-4.1742087880868195e-02 -1.5865475979089831e+02 3.0855716471988892e-01 1.6495002521502876e+01 1.9922318715148563e+01 5.5422204533297199e+00 7.4018805314860883e+00 -7.1795394192924666e-01 1.0919989999999999e-02 2.4651751000000000e-01
-3.9927031348123712e-02 -1.5573894640621378e+02 3.1867172645351666e-01 1.3205012509706382e+01 1.7511479395604805e+01 5.2133231762386218e+00 7.0599390811393921e+00 -5.5883847780376694e-01 1.1123108000000000e-02 2.5753959999999998e-01
-3.8079069568155426e-02 -1.5301198337611422e+02 3.2896965556353253e-01 1.0551642612515423e+01 1.5010977889434313e+01 4.8935920446728050e+00 6.7364867628301868e+00 -4.2676785817171831e-01 1.1319591000000000e-02 2.6876150999999998e-01
-3.6199317386943236e-02 -1.5046659053983993e+02 3.3944473947292647e-01 8.4922692034655256e+00 1.2502697120244383e+01 4.5823907803181525e+00 6.4321959091672802e+00 -3.1817037625047206e-01 1.1509152000000000e-02 2.8017647000000001e-01
-3.4288937406055577e-02 -1.4809605639173881e+02 3.5009049948248261e-01 6.9771046900690017e+00 1.0057649458993124e+01 4.2791090350349972e+00 6.1473307384580060e+00 -2.2966811259106376e-01 1.1691511000000000e-02 2.9177742000000001e-01
-3.2349141629393771e-02 -1.4589421861854353e+02 3.6090018159415171e-01 5.9510521845269952e+00 7.7356988542268024e+00 3.9831605303859829e+00 5.8817971446337705e+00 -1.5811128097796040e-01 1.1866398000000000e-02 3.0355700000000002e-01
-3.0381178289236671e-02 -1.4385541472996840e+02 3.7186682992407316e-01 5.3555187159369231e+00 5.5855140728517103e+00 3.6939791030752724e+00 5.6351928237150286e+00 -1.0060403118270733e-01 1.2033550000000000e-02 3.1550762999999998e-01
-2.8386343373451604e-02 -1.4197448066534051e+02 3.8298322246618061e-01 5.1301365945554682e+00 3.6448206090309814e+00 3.4110186827328324e+00 5.4068577347275886e+00 -5.4522942747354919e-02 1.2192715000000000e-02 3.2762143999999999e-01
-2.6365972391772241e-02 -1.4024672071870825e+02 3.9424191697534100e-01 5.2143256766834956e+00 1.9409042008258306e+00 3.1337503216912914e+00 5.1959242381167989e+00 -1.7526709429055820e-02 1.2343646000000000e-02 3.3989032000000002e-01
-2.4321442022543084e-02 -1.3866789225935713e+02 4.0563524179072635e-01 5.5487055993070475e+00 4.9126242229890282e-01 2.8616607888041683e+00 5.0013661847719435e+00 1.2440437732432386e-02 1.2486109000000000e-02 3.5230591000000000e-01
-2.2254163525741624e-02 -1.3723418543778646e+02 4.1715533254232562e-01 6.0763210478823222e+00 -6.9555566071783403e-01 2.5942501297098675e+00 4.8220429069506068e+00 3.7152357723248979e-02 1.2619877000000000e-02 3.6485963999999999e-01
-2.0165587683211729e-02 -1.3594221447204694e+02 4.2879410462106071e-01 6.7436491708029935e+00 -1.6190011818370738e+00 2.3310308058248701e+00 4.6567414088647583e+00 5.8109860550741251e-02 1.2744734000000001e-02 3.7754270000000001e-01
-1.8057199858430337e-02 -1.3478900269937586e+02 4.4054328070866999e-01 7.5014488307797116e+00 -2.2854897023333933e+00 2.0715255980206466e+00 4.5042138231852755e+00 7.6554416073812692e-02 1.2860473000000001e-02 3.9034606999999999e-01
-1.5930516703018552e-02 -1.3377197264693874e+02 4.5239440913096413e-01 8.3053542344105509e+00 -2.7073203183618140e+00 1.8152657642275294e+00 4.3632102493889509e+00 9.3485748431213794e-02 1.2966896000000000e-02 4.0326054000000000e-01
-1.3787089450230550e-02 -1.3288894014910562e+02 4.6433884550457011e-01 9.1162991961638635e+00 -2.9015839579342084e+00 1.5617900851806317e+00 4.2325071426175187e+00 1.0968214438771742e-01 1.3063819000000001e-02 4.1627669000000000e-01
-1.1628494034486972e-02 -1.3213810485310572e+02 4.7636780779669829e-01 9.9007690144711340e+00 -2.8890889599502829e+00 1.3106422956789210e+00 4.1109301648767227e+00 1.2572295887234855e-01 1.3151064000000001e-02 4.2938494999999999e-01
-9.4563409718414898e-03 -1.3151805062021839e+02 4.8847232126537554e-01 1.0630856637375329e+01 -2.6933289035954564e+00 1.0613707865500395e+00 3.9973738800133258e+00 1.4201211769936645e-01 1.3228465999999999e-02 4.4257553999999999e-01
-7.2722621860254189e-03 -1.3102773918573527e+02 5.0064329187246748e-01 1.1284194021064497e+01 -2.3395255085238307e+00 8.1352586546905226e-01 3.8908144575578638e+00 1.5880245596126072e-01 1.3295871000000001e-02 4.5583855000000001e-01
-5.0779175954253769e-03 -1.3066651258533551e+02 5.1287146957716756e-01 1.1843715964836496e+01 -1.8537377394150893e+00 5.6665902167228754e-01 3.7903209299681171e+00 1.7621867988236847e-01 1.3353135000000000e-02 4.6916390000000002e-01
-2.8749868793611910e-03 -1.3043409326212790e+02 5.2514749421913542e-01 1.2297392990341729e+01 -1.2620877405378710e+00 3.2032063120204590e-01 3.6950600798760216e+00 1.9428227999929817e-01 1.3400123999999999e-02 4.8254139000000001e-01
-6.6517277157467081e-04 -1.3033058734583179e+02 5.3746187716524207e-01 1.2637779971840644e+01 -5.9007761800283998e-01 7.4058881035898416e-02 3.6042994399111188e+00 2.1293054779322923e-01 1.3436718000000000e-02 4.9596067999999999e-01
1.5498055267480354e-03 -1.3035649735242072e+02 5.4980503801608083e-01 1.2861571200614057e+01 1.3797300087859873e-01 -1.7258243637306592e-01 3.5174067557261548e+00 2.3203985803793281e-01 1.3462807000000000e-02 5.0941133000000005e-01
3.7682057599987134e-03 -1.3051271585163292e+02 5.6216726789945548e-01 1.2969103888989009e+01 8.9939255868702184e-01 -4.2006472792820837e-01 3.4338469079692686e+00 2.5144099934199188e-01 1.3478291000000000e-02 5.2288276000000000e-01
5.9882774388470422e-03 -1.3080055036627482e+02 5.7453881206003132e-01 1.2963819236363983e+01 1.6735064978697363e+00 -6.6885784227367662e-01 3.3531765161033498e+00 2.7093733849147617e-01 1.3483083000000000e-02 5.3636434000000000e-01
8.2082536065183620e-03 -1.3122172919365460e+02 5.8690982397619562e-01 1.2851719136349082e+01 2.4418841464009735e+00 -9.1944083318428937e-01 3.2750379654909310e+00 2.9031787333285552e-01 1.3477108000000000e-02 5.4984533999999996e-01
1.0426354132282573e-02 -1.3177841767169670e+02 5.9927038371331354e-01 1.2640906872771149e+01 3.1884952656729020e+00 -1.1723041116931396e+00 3.1991510910656515e+00 3.0936925517826142e-01 1.3460300999999999e-02 5.6331494999999998e-01
1.2640790651687411e-02 -1.3247323707940194e+02 6.1161052545361116e-01 1.2340962058821090e+01 3.8997805770155112e+00 -1.4279518886638503e+00 3.1253048227279159e+00 3.2788537114125726e-01 1.3432611000000001e-02 5.7676231000000000e-01
1.4849769860047324e-02 -1.3330928720005821e+02 6.2392025584943123e-01 1.1962596106214580e+01 4.5646478010621889e+00 -1.6869045441999422e+00 3.0533485583074187e+00 3.4567462787648012e-01 1.3393997000000000e-02 5.9017653000000003e-01
1.7051488572210172e-02 -1.3429016865130140e+02 6.3618952649334970e-01 1.1517171018127879e+01 5.1744010575247241e+00 -1.9497003523134762e+00 2.9831821791522994e+00 3.6256629093275972e-01 1.3344429999999999e-02 6.0354666000000001e-01
1.9244140309534960e-02 -1.3542001251232506e+02 6.4840827062468731e-01 1.1016321717664598e+01 5.7226156709460403e+00 -2.2168984041319231e+00 2.9147488904645824e+00 3.7841368064281733e-01 1.3283893999999999e-02 6.1686173000000000e-01
2.1425921886869537e-02 -1.3670351612154715e+02 6.6056643983602004e-01 1.0471634419983559e+01 6.2050092512856629e+00 -2.4890820987231210e+00 2.8480256096588610e+00 3.9309715566323244e-01 1.3212384000000001e-02 6.3011079000000003e-01
2.3595023532084022e-02 -1.3814597350325656e+02 6.7265394901341280e-01 9.8943654219288746e+00 6.6191940666672489e+00 -2.7668606767957664e+00 2.7830159727141019e+00 4.0652454095981466e-01 1.3129907000000000e-02 6.4328284999999996e-01
2.5749640413281899e-02 -1.3975332317270431e+02 6.8466074057281390e-01 9.2952133493569740e+00 6.9645137084962947e+00 -3.0508736780685632e+00 2.7197422455175255e+00 4.1863172271211385e-01 1.3036481000000001e-02 6.5636695000000000e-01
2.7887974285544265e-02 -1.4153219594655474e+02 6.9657679363668268e-01 8.6841348142244872e+00 7.2417934740672791e+00 -3.3417945515770322e+00 2.6582403791690474e+00 4.2938122304502585e-01 1.2932137999999999e-02 6.6935217000000002e-01
3.0008228550696736e-02 -1.4348996350377155e+02 7.0839209650410651e-01 8.0702229112822526e+00 7.4531248091560114e+00 -3.6403336696245781e+00 2.5985533990108429e+00 4.3876057295515869e-01 1.2816919000000000e-02 6.8222760000000005e-01
3.2108618137775893e-02 -1.4563480685654682e+02 7.2009670171056683e-01 7.4616003511178146e+00 7.6016381061128317e+00 -3.9472437658502875e+00 2.5407274451322666e+00 4.4678021703588316e-01 1.2690879000000000e-02 6.9498240000000000e-01
3.4187366209540493e-02 -1.4797578073769057e+02 7.3168070767468452e-01 6.8653837134699387e+00 7.6912850394045931e+00 -4.2633240737738820e+00 2.4848074103009203e+00 4.5347097221517324e-01 1.2554085000000000e-02 7.0760577999999996e-01
3.6242705809215917e-02 -1.5052289257720025e+02 7.4313426787484682e-01 6.2876528809127290e+00 7.7266367133047540e+00 -4.5894255810092481e+00 2.4308344277078109e+00 4.5888085296933451e-01 1.2406611999999999e-02 7.2008700999999997e-01
3.8272888094216223e-02 -1.5328719288351581e+02 7.5444763673234672e-01 5.7334623805383904e+00 7.7126955329943536e+00 -4.9264580317640245e+00 2.3788429586382427e+00 4.6307254535222270e-01 1.2248551000000000e-02 7.3241546999999996e-01
4.0276177395910981e-02 -1.5628087817825249e+02 7.6561114208149939e-01 5.2068764962969034e+00 7.6547275989423396e+00 -5.2753955896042752e+00 2.3288598397035951e+00 4.6612029330132082e-01 1.2080001999999999e-02 7.4458062000000003e-01
4.2250854513114000e-02 -1.5951740013155970e+02 7.7661520352289781e-01 4.7110181795534478e+00 7.5581147252758107e+00 -5.6372845504888129e+00 2.2809024896245300e+00 4.6810727237527816e-01 1.1901076999999999e-02 7.5657202000000001e-01
4.4195220005572314e-02 -1.6301158700744327e+02 7.8745035077666869e-01 4.2481073275595600e+00 7.4282242663946221e+00 -6.0132520871948145e+00 2.2349785533943307e+00 4.6912272578812025e-01 1.1711898000000000e-02 7.6837935000000002e-01
4.6107599134199442e-02 -1.6677986533428222e+02 7.9810725121235515e-01 3.8196559701021275e+00 7.2703047944677062e+00 -6.4045165805553914e+00 2.1910860628027522e+00 4.6925983174539476e-01 1.1512599000000000e-02 7.7999244000000001e-01
4.7986333627353148e-02 -1.7084028096481359e+02 8.0857666396577832e-01 3.4264018566047887e+00 7.0893930786862702e+00 -6.8123965635475674e+00 2.1492133318479105e+00 4.6861326977317508e-01 1.1303326000000001e-02 7.9140122000000002e-01
4.9829798148279883e-02 -1.7521285676646340e+02 8.1884953170531483e-01 3.0683904964913631e+00 6.8902493153685871e+00 -7.2383263465732375e+00 2.1093394583300413e+00 4.6727752869772088e-01 1.1084235000000000e-02 8.0259581999999996e-01
5.1636385474414806e-02 -1.7991971788469195e+02 8.2891689804224744e-01 2.7452180886568844e+00 6.6773047287651757e+00 -7.6838668111732442e+00 2.0714352240523191e+00 4.6534517247647894e-01 1.0855490000000001e-02 8.1356647999999998e-01
5.3404521318081752e-02 -1.8498537830252889e+02 8.3876999012041398e-01 2.4559916656179612e+00 6.4546196141818806e+00 -8.1507249048657329e+00 2.0354637850029418e+00 4.6290560584208179e-01 1.0617270000000000e-02 8.2430364000000000e-01
5.5132661033004196e-02 -1.9043712681243110e+02 8.4840020026295271e-01 2.1994456682432295e+00 6.2258721037214668e+00 -8.6407718669744327e+00 2.0013816868420053e+00 4.6004395800811110e-01 1.0369760000000000e-02 8.3479791999999997e-01
5.6819291261049967e-02 -1.9630520026725915e+02 8.5779909514892982e-01 1.9740155050271087e+00 5.9943329798148612e+00 -9.1560655598369571e+00 1.9691399524085940e+00 4.5684011266734226e-01 1.0113159000000000e-02 8.4504013000000000e-01
5.8462931578975405e-02 -2.0262338301924922e+02 8.6695842498996711e-01 1.7779085042609282e+00 5.7628791258727761e+00 -9.6988767657136066e+00 1.9386878983058926e+00 4.5336838098490945e-01 9.8476710000000005e-03 8.5502127999999999e-01
6.0062134498425471e-02 -2.0942940053757840e+02 8.7587012353024207e-01 1.6091677509316062e+00 5.5339965631696364e+00 -1.0271719434264625e+01 1.9099597669793598e+00 4.4969697195675090e-01 9.5735140000000000e-03 8.6473257999999997e-01
6.1615493699655979e-02 -2.1676554935750144e+02 8.8452635392962686e-01 1.4657288993071313e+00 5.3097919283522925e+00 -1.0877389750842299e+01 1.8829046694695564e+00 4.4588784389071184e-01 9.2909130999999992e-03 8.7416548999999999e-01
6.3121635797811312e-02 -2.2467935148855474e+02 8.9291946288054913e-01 1.3454805355180055e+00 5.0920238998515304e+00 -1.1519006312979307e+01 1.8574580075290978e+00 4.4199676595883380e-01 9.0001030000000006e-03 8.8331166999999999e-01
6.4579230223391085e-02 -2.3322442769487299e+02 9.0104203566775931e-01 1.2462835957798064e+00 4.8821159558285689e+00 -1.2200065764701895e+01 1.8335592200035749e+00 4.3807248015376854e-01 8.7013270999999996e-03 8.9216304000000002e-01
6.5986984282016839e-02 -2.4246147897118027e+02 9.0888686863844648e-01 1.1660321657699433e+00 4.6811909971684038e+00 -1.2924503675958768e+01 1.8111448973947524e+00 4.3415888270323849e-01 8.3948374000000006e-03 9.0071175000000003e-01
6.7343651388154110e-02 -2.5245955374900481e+02 9.1644701508537774e-01 1.1026699857382718e+00 4.4900980292530797e+00 -1.3696775401398373e+01 1.7901540388750585e+00 4.3029332310433349e-01 8.0808944000000001e-03 9.0895022999999997e-01
6.8648024478134909e-02 -2.6329752299148839e+02 9.2371574854038729e-01 1.0542167964190032e+00 4.3094424572032466e+00 -1.4521947261366588e+01 1.7705268761417070e+00 4.2650793408042986e-01 7.7597663000000001e-03 9.1687114999999997e-01
6.9898942597135236e-02 -2.7506598814859416e+02 9.3068659948088728e-01 1.0187890027992708e+00 4.1396150712265243e+00 -1.5405818062884826e+01 1.7522047214315468e+00 4.2282975028404302e-01 7.4317293999999999e-03 9.2446746000000002e-01
7.1095292545919606e-02 -2.8786965962747718e+02 9.3735336450649509e-01 9.9461174756240311e-01 3.9808214480210831e+00 -1.6355068651290356e+01 1.7351314482128415e+00 4.1928142013696706e-01 7.0970672000000004e-03 9.3173240000000002e-01
7.2236005587352173e-02 -3.0183031135864451e+02 9.4371008798577871e-01 9.8001789476770196e-01 3.8331100841371564e+00 -1.7377448066183312e+01 1.7192533011893993e+00 4.1588115702974082e-01 6.7560703000000000e-03 9.3865947999999999e-01
7.3320065680118965e-02 -3.1709072261329811e+02 9.4975110793939532e-01 9.7347303315190159e-01 3.6963928099046184e+00 -1.8482023484507764e+01 1.7045192177316943e+00 4.1264361664295618e-01 6.4090362999999996e-03 9.4524253000000003e-01
7.4346499598261048e-02 -3.3381956419343146e+02 9.5547100098032423e-01 9.7356304337425537e-01 3.5704830301700903e+00 -1.9679488091401318e+01 1.6908811197104487e+00 4.0958011842582343e-01 6.0562691999999996e-03 9.5147563999999996e-01
7.5314393398619214e-02 -3.5221830200638607e+02 9.6086467408014520e-01 9.7900590163744594e-01 3.4551030921501127e+00 -2.0982600336136642e+01 1.6782938168704140e+00 4.0669927475776207e-01 5.6980790999999996e-03 9.5735325999999998e-01
7.6222875953389321e-02 -3.7252990794183194e+02 9.6592727280276014e-01 9.8863185174171431e-01 3.3499131581650845e+00 -2.2406734766648011e+01 1.6667153678495195e+00 4.0400700999613448e-01 5.3347821999999998e-03 9.6287009999999995e-01
7.7071135417566813e-02 -3.9505153925422439e+02 9.7065427307067143e-01 1.0013967652225479e+00 3.2545278291624014e+00 -2.3970688426523342e+01 1.6561069161105975e+00 4.0150733085256513e-01 4.9667000000000001e-03 9.6802122999999995e-01
7.7858407701735619e-02 -4.2015172583715076e+02 9.7504141692858703e-01 1.0163593292499433e+00 3.1685317814103318e+00 -2.5697773019053781e+01 1.6464328225215206e+00 3.9920254588792908e-01 4.5941591999999996e-03 9.7280200999999999e-01
7.8583989646023630e-02 -4.4829600165156717e+02 9.7908478595644299e-01 1.0326893807025728e+00 3.0914920560989643e+00 -2.7617447878046068e+01 1.6376604024383974e+00 3.9709355245658540e-01 4.2174915999999996e-03 9.7720817000000004e-01
7.9247225846147226e-02 -4.8008420116455090e+02 9.8278072785638115e-01 1.0496664529763038e+00 3.0229847936316236e+00 -2.9767694301637079e+01 1.6297602015616000e+00 3.9518022533727304e-01 3.8370333000000002e-03 9.8123572999999997e-01
7.9847521827366777e-02 -5.1630944680540620e+02 9.8612592986577141e-01 1.0666513903295378e+00 2.9625783626911977e+00 -3.2198779764512778e+01 1.6227056684810564e+00 3.9346154775522341e-01 3.4531249000000000e-03 9.8488107999999996e-01
8.0384339104253258e-02 -5.5805293217290159e+02 9.8911739122732822e-01 1.0830934464022526e+00 2.9098683722046812e+00 -3.4979307136960330e+01 1.6164731594861887e+00 3.9193601078183116e-01 3.0661112999999999e-03 9.8814095000000002e-01
8.0857191887199489e-02 -6.0684621424654961e+02 9.9175240483585503e-01 1.0985233838255755e+00 2.8644800933492904e+00 -3.8206581254274489e+01 1.6110419543334240e+00 3.9060176529074414e-01 2.6763420000000000e-03 9.9101238999999997e-01
8.1265656962886665e-02 -6.6497127381823168e+02 9.9402861229801154e-01 1.1125436198933545e+00 2.8260626208053945e+00 -4.2025790778447799e+01 1.6063940143093363e+00 3.8945680071717903e-01 2.2841723000000002e-03 9.9349282999999999e-01
8.1609370400795481e-02 -7.3606527540123727e+02 9.9594398557905706e-01 1.1248238084290840e+00 2.7943085973299868e+00 -4.6668687965664823e+01 1.6025138635663336e+00 3.8849893352851683e-01 1.8899688000000000e-03 9.9558005999999999e-01
8.1888025906461728e-02 -8.2651282403010089e+02 9.9749681782622401e-01 1.1350949035701545e+00 2.7689522813058138e+00 -5.2542678222564092e+01 1.5993887136609626e+00 3.8772627990478098e-01 1.4941295000000000e-03 9.9727222000000004e-01
8.2101397875898333e-02 -9.4938025360026813e+02 9.9868585184150571e-01 1.1431466997258188e+00 2.7497720965496817e+00 -6.0482682941367486e+01 1.5970082501181389e+00 3.8713706647266255e-01 1.0971916000000000e-03 9.9856794000000004e-01
8.2249403971883780e-02 -1.1405516596472419e+03 9.9951062879351293e-01 1.1488260444374989e+00 2.7365882562123249e+00 -7.2784458108221571e+01 1.5953632630775449e+00 3.8672956099535544e-01 7.0085733000000002e-04 9.9946672000000003e-01
