-1.0313187100306756e-01 -2.3785909759162628e+03 1.0313299961154378e-01 -2.0779781912547114e+03 -6.4241421794192593e+02 1.5496026991173903e+02 -1.3555594173443694e+02 -4.1470101513506734e+01 5.5301730000000003e-06 1.0230946000000001e-06
-1.0312797243908503e-01 -1.7716164567359895e+03 1.0314995115995251e-01 -1.4701698885440110e+03 -6.4216338897205856e+02 1.1577485940653128e+02 -9.6332147585293271e+01 -4.1458823986266552e+01 3.5894988000000002e-05 1.9923924999999999e-05
-1.0311574119279619e-01 -1.4898095705088692e+03 1.0320313447680809e-01 -1.1862669418350629e+03 -6.4137694458016369e+02 9.7574838122183181e+01 -7.8035064014202035e+01 -4.1423459958481750e+01 8.5619985000000003e-05 7.9222864999999994e-05
-1.0309152729494564e-01 -1.3047226102558297e+03 1.0330842018288282e-01 -9.9768027332749750e+02 -6.3982227213123065e+02 8.5612409024311603e+01 -6.5909664932310150e+01 -4.1353530108765121e+01 1.5173507999999999e-04 1.9661552000000001e-04
-1.0305213627054531e-01 -1.1670834072903926e+03 1.0347969834068264e-01 -8.5511577120974857e+02 -6.3729946695067838e+02 7.6706555965685126e+01 -5.6773140014587590e+01 -4.1239993898713855e+01 2.3255418000000001e-04 3.8758918999999998e-04
-1.0299466282180852e-01 -1.0578281048565514e+03 1.0372960162631426e-01 -7.3955674240643748e+02 -6.3363259103215250e+02 6.9626541325766183e+01 -4.9396086688036512e+01 -4.1074838351466504e+01 3.2689763000000001e-04 6.6622920000000002e-04
-1.0291641514982826e-01 -9.6754922066335337e+02 1.0406983439032412e-01 -6.4169067901456685e+02 -6.2866694029357473e+02 6.3765124066145383e+01 -4.3174750085360571e+01 -4.0850935626058089e+01 4.3385032000000002e-04 1.0455858000000000e-03
-1.0281487260132495e-01 -8.9090321734211705e+02 1.0451135681607247e-01 -5.5630517835951912e+02 -6.2226855195128849e+02 5.8777506117047693e+01 -3.7769434337987207e+01 -4.0562000743151351e+01 5.5265518999999999e-04 1.5378795000000000e-03
-1.0268765948753618e-01 -8.2455859542719486e+02 1.0506449875917809e-01 -4.8022835618158007e+02 -6.1432477110974435e+02 5.4448840089924268e+01 -3.2971668716959563e+01 -4.0202597413468190e+01 6.8265765000000004e-04 2.1546280000000000e-03
-1.0253252740531518e-01 -7.6629460022924491e+02 1.0573903661806758e-01 -4.1142185929024930e+02 -6.0474530645998823e+02 5.0636028259062961e+01 -2.8645757754335577e+01 -3.9768167140100438e+01 8.2327310000000005e-04 2.9067318999999999e-03
-1.0234734319130365e-01 -7.1455417656628617e+02 1.0654424571106182e-01 -3.4852908657918084e+02 -5.9346351355115087e+02 4.7238848910171654e+01 -2.4699708271202422e+01 -3.9255070832168315e+01 9.7396649000000004e-04 3.8045331000000002e-03
-1.0213008011445192e-01 -6.6820133750127013e+02 1.0748893857263594e-01 -2.9062826821917514e+02 -5.8043767756610987e+02 4.4184282266777664e+01 -2.1069380569204561e+01 -3.8660633523588359e+01 1.1342389000000000e-03 4.8578574999999999e-03
-1.0187881144057707e-01 -6.2638023048272566e+02 1.0858149293569853e-01 -2.3708735223212938e+02 -5.6565215314549187e+02 4.1417403525187360e+01 -1.7709220416455750e+01 -3.7983187307060398e+01 1.3036180000000001e-03 6.0760461999999999e-03
-1.0159170577079285e-01 -5.8842869839162313e+02 1.0982987200080642e-01 -1.8747355401664313e+02 -5.4911828092112012e+02 3.8895796889430784e+01 -1.4586516743869231e+01 -3.7222108171148626e+01 1.4816515000000000e-03 7.4679780999999997e-03
-1.0126702326687537e-01 -5.5382284310744296e+02 1.1124164084884768e-01 -1.4149378372077263e+02 -5.3087492102449187e+02 3.6585970794520044e+01 -1.1677662927063260e+01 -3.6377842125285326e+01 1.6679024999999999e-03 9.0420881999999994e-03
-1.0090311309358756e-01 -5.2214019071040934e+02 1.1282397756220378e-01 -9.8953718114225254e+01 -5.1098859717307164e+02 3.4460976212819531e+01 -8.9656224696124660e+00 -3.5451919887974974e+01 1.8619452999999999e-03 1.0806380000000001e-02
-1.0049841104664127e-01 -4.9303438459873570e+02 1.1458368353873064e-01 -5.9728378236295548e+01 -4.8955313030721794e+02 3.2498769566123904e+01 -6.4381389055442861e+00 -3.4446955040774476e+01 2.0633631000000000e-03 1.2768437000000001e-02
-1.0005143845949717e-01 -4.6621741875611661e+02 1.1652718824515858e-01 -2.3740329643609194e+01 -4.6668879301023674e+02 3.0681063091000819e+01 -4.0864366992187140e+00 -3.3366627839216733e+01 2.2717459999999998e-03 1.4935428000000001e-02
-9.9560800367613722e-02 -4.4144674961074617e+02 1.1866055719921685e-01 9.0571334284217304e+00 -4.4254085674335664e+02 2.8992491063412853e+01 -1.9042394756644536e+00 -3.2215648227237303e+01 2.4866887000000002e-03 1.7314116000000001e-02
-9.9025185549699968e-02 -4.1851590690054121e+02 1.2098949179025997e-01 3.8693071306962963e+01 -4.1727766655304640e+02 2.7420001865688452e+01 1.1297734884938393e-01 -3.0999704178104356e+01 2.7077901999999999e-03 1.9910858000000000e-02
-9.8443364258809785e-02 -3.9724734431764557e+02 1.2351933914481489e-01 6.5189481435982316e+01 -3.9108805287140780e+02 2.5952395308134651e+01 1.9685848021145167e+00 -2.9725386238567346e+01 2.9346520999999999e-03 2.2731616000000000e-02
-9.7814189459926829e-02 -3.7748713168073664e+02 1.2625508674537339e-01 8.8569616450980746e+01 -3.6417839423608473e+02 2.4579979394241029e+01 3.6652627762839893e+00 -2.8400101150984419e+01 3.1668782999999998e-03 2.5781951000000001e-02
-9.7136595592379540e-02 -3.5910075600410488e+02 1.2920136781159977e-01 1.0886476231904402e+02 -3.3676909778986675e+02 2.3294298728523376e+01 5.2053814550467514e+00 -2.7031963231658931e+01 3.4040742000000001e-03 2.9067029000000001e-02
-9.6409597744784539e-02 -3.4196985626863699e+02 1.3236246488780226e-01 1.2611953274794588e+02 -3.0909071716645582e+02 2.2087922905560397e+01 6.5913050447791264e+00 -2.5629671988559135e+01 3.6458464000000000e-03 3.2591624999999999e-02
-9.5632292892631560e-02 -3.2598968322781388e+02 1.3574230446172578e-01 1.4039579626075221e+02 -2.8137983987792967e+02 2.0954283180131430e+01 7.8256287617720304e+00 -2.4202380951087303e+01 3.8918026000000000e-03 3.6360116999999997e-02
-9.4803858248170170e-02 -3.1106699723944485e+02 1.3934446413949508e-01 1.5177559250418977e+02 -2.5387465675510467e+02 1.9887536292250580e+01 8.9113689967615137e+00 -2.2759550029175902e+01 4.1415510999999999e-03 4.0376493999999999e-02
-9.3923551879202219e-02 -2.9711841650188205e+02 1.4317216995501109e-01 1.6036279410457323e+02 -2.2681051757223159e+02 1.8882458149425375e+01 9.8521011478111262e+00 -2.1310796435756004e+01 4.3947007000000003e-03 4.4644352999999998e-02
-9.2990712709081907e-02 -2.8406905319488664e+02 1.4722829636995094e-01 1.6628386413278920e+02 -2.0041548025075934e+02 1.7934356296739402e+01 1.0652056920422572e+01 -1.9865739806683212e+01 4.6508610999999997e-03 4.9166899000000000e-02
-9.2004759691659055e-02 -2.7185137517584269e+02 1.5151536986123953e-01 1.6968763660213352e+02 -1.7490596992167741e+02 1.7038996370119747e+01 1.1316183209388422e+01 -1.8433846716587805e+01 4.9096423000000002e-03 5.3946949000000001e-02
-9.0965192842600004e-02 -2.6040428776877252e+02 1.5603556443670999e-01 1.7074423769162144e+02 -1.5048273974293619e+02 1.6192543783540529e+01 1.1850164540430731e+01 -1.7024281263305383e+01 5.1706551000000002e-03 5.8986927000000001e-02
-8.9871591383010055e-02 -2.4967232924128160e+02 1.6079070970691500e-01 1.6964323284249255e+02 -1.2732712422705197e+02 1.5391511766194856e+01 1.2260415807194354e+01 -1.5645759049906991e+01 5.4335110000000002e-03 6.4288872999999996e-02
-8.8723615595810990e-02 -2.3960503219641868e+02 1.6578228281331547e-01 1.6659109547902574e+02 -1.0559784262915241e+02 1.4632721039946217e+01 1.2554043766545490e+01 -1.4306416699535927e+01 5.6978226000000002e-03 6.9854434000000007e-02
-8.7521004763099430e-02 -2.3015634240731114e+02 1.7101141739695969e-01 1.6180810407174607e+02 -8.5428268581080019e+01 1.3913262619372590e+01 1.2738786085054418e+01 -1.3013689997506971e+01 5.9632034000000004e-03 7.5684873999999999e-02
-8.6263578197467689e-02 -2.2128415005327156e+02 1.7647889911414383e-01 1.5552479458723724e+02 -6.6924388465779160e+01 1.3230468068137336e+01 1.2822928063796532e+01 -1.1774212501353913e+01 6.2292681999999997e-03 8.1781068999999998e-02
-8.4951234416947019e-02 -2.1294987092685830e+02 1.8218516922388350e-01 1.4797808438746202e+02 -5.0163400184240118e+01 1.2581883780122839e+01 1.2815201909202235e+01 -1.0593730852910349e+01 6.4956331999999999e-03 8.8143510999999994e-02
-8.3583951145007718e-02 -2.0511809114781175e+02 1.8813032458791384e-01 1.3940721274672251e+02 -3.5193030249802000e+01 1.1965246987453973e+01 1.2724673685921768e+01 -9.4770409146837000e+00 6.7619166000000000e-03 9.4772308000000000e-02
-8.2161784072974059e-02 -1.9775625031447294e+02 1.9431412305189702e-01 1.3004960715916357e+02 -2.2031556689969698e+01 1.1378467379105807e+01 1.2560619644922575e+01 -8.4279452092330818e+00 7.0277381999999996e-03 1.0166719000000000e-01
-8.0684866653760220e-02 -1.9083437176443158e+02 2.0073598434229012e-01 1.2013683429166848e+02 -1.0668541727113432e+01 1.0819609426987618e+01 1.2332399363428042e+01 -7.4492329019714800e+00 7.2927204000000001e-03 1.0882751000000000e-01
-7.9153412989568489e-02 -1.8432483738032431e+02 2.0739497751019423e-01 1.0989076504133864e+02 -1.0662519647036988e+00 1.0286878793353486e+01 1.2049326672799831e+01 -6.5426834091330681e+00 7.5564877000000004e-03 1.1625223000000000e-01
-7.7567711850228538e-02 -1.7820215062454025e+02 2.1428984694052425e-01 9.9519984445690810e+01 6.8383856064848692e+00 9.7786068772983441e+00 1.1720542819649490e+01 -5.7090852153089831e+00 7.8186677999999999e-03 1.2393994999999999e-01
-7.5928126260669110e-02 -1.7244275492942833e+02 2.2141901414574455e-01 8.9216648185490300e+01 1.3131229084189357e+01 9.2932398912729077e+00 1.1354897440394119e+01 -4.9482793669929528e+00 8.0788911000000008e-03 1.3188891000000000e-01
-7.4235099688842981e-02 -1.6702489165106354e+02 2.2878055085983146e-01 7.9153870181749411e+01 1.7917915364509767e+01 8.8293302285056328e+00 1.0960839247612563e+01 -4.2592231817488040e+00 8.3367917000000003e-03 1.4009695999999999e-01
-7.2489147795160247e-02 -1.6192842332023255e+02 2.3637221491299010e-01 6.9483557597066209e+01 2.1320567686266511e+01 8.3855251856134636e+00 1.0546316686601948e+01 -3.6400613682048752e+00 8.5920070000000005e-03 1.4856159999999999e-01
-7.0690862557771822e-02 -1.5713471761409039e+02 2.4419143229429591e-01 6.0334924954993355e+01 2.3474223152124743e+01 7.9605598135688842e+00 1.0118695232695424e+01 -3.0882171810165482e+00 8.8441787999999997e-03 1.5727996000000000e-01
-6.8840908147285940e-02 -1.5262651787061336e+02 2.5223531508905295e-01 5.1813554826229208e+01 2.4523153837948296e+01 7.5532488419842103e+00 9.6846888587354272e+00 -2.6004891786922952e+00 9.0929527999999999e-03 1.6624881999999999e-01
-6.6940020926768318e-02 -1.4838783922654528e+02 2.6050066147879414e-01 4.4001168418169264e+01 2.4617167076222444e+01 7.1624801575079520e+00 9.2503096004726029e+00 -2.1731569525670538e+00 9.3379794999999995e-03 1.7546460999999999e-01
-6.4989007389100434e-02 -1.4440387010456661e+02 2.6898396470996022e-01 3.6955785692750297e+01 2.3908002677449950e+01 6.7872086140148440e+00 8.8208335121683472e+00 -1.8020896945134397e+00 9.5789143999999993e-03 1.8492342000000001e-01
-6.2988750344904476e-02 -1.4066089881444049e+02 2.7768138618786220e-01 3.0712722078605722e+01 2.2545916687662878e+01 6.4264518622759041e+00 8.4007864171041078e+00 -1.4828568364660994e+00 9.8154178999999998e-03 1.9462097000000000e-01
-6.0940198609335125e-02 -1.3714621438243330e+02 2.8658880032007755e-01 2.5285822821530978e+01 2.0676552179121124e+01 6.0792834739060559e+00 7.9939413528424019e+00 -1.2108333759196943e+00 1.0047156000000000e-02 2.0455266000000000e-01
-5.8844364939437926e-02 -1.3384803649439664e+02 2.9570180348512892e-01 2.0669250840099515e+01 1.8438135512862178e+01 5.7448284267653040e+00 7.6033353528634171e+00 -9.8130288794080678e-01 1.0273801000000001e-02 2.1471357999999999e-01
-5.6702336347357482e-02 -1.3075546883850825e+02 3.0501566918908873e-01 1.6839609108637930e+01 1.5959107377312309e+01 5.4222608060147408e+00 7.2313007529521824e+00 -7.8955352494097264e-01 1.0495031000000000e-02 2.2509846000000000e-01
-5.4515261724487618e-02 -1.2785842177092786e+02 3.1452540187765377e-01 1.3758318263294523e+01 1.3356176644722028e+01 5.1107980482705626e+00 6.8795047154788174e+00 -6.3096587732442999e-01 1.0710529999999999e-02 2.3570173000000000e-01
-5.2284353904113012e-02 -1.2514756429031635e+02 3.2422572796746646e-01 1.1374153048568953e+01 1.0732843444324123e+01 4.8096980040436002e+00 6.5490025038734245e+00 -5.0108398365027085e-01 1.0919989999999999e-02 2.4651751000000000e-01
-5.0010891724050856e-02 -1.2261427958849835e+02 3.3411108687743540e-01 9.6258990991685707e+00 8.1784119496795054e+00 4.5182560899765667e+00 6.2402971825177680e+00 -3.9568545081118112e-01 1.1123108000000000e-02 2.5753959999999998e-01
-4.7696213838725895e-02 -1.2025061442176008e+02 3.4417565793477289e-01 8.4449920252361856e+00 5.7674430662938851e+00 4.2358015457315652e+00 5.9534046315896481e+00 -3.1083064354624440e-01 1.1319591000000000e-02 2.6876150999999998e-01
-4.5341716656528835e-02 -1.1804923937477416e+02 3.5441336934367440e-01 7.7580984441804643e+00 3.5596568178963328e+00 3.9616945975893536e+00 5.6879225340925510e+00 -2.4290366964710891e-01 1.1509152000000000e-02 2.8017647000000001e-01
-4.2948856402457949e-02 -1.1600341585679109e+02 3.6481788921663894e-01 7.4895554106661741e+00 1.6002418433009113e+00 3.6953242219281428e+00 5.4431007266344995e+00 -1.8864008870277033e-01 1.1691511000000000e-02 2.9177742000000001e-01
-4.0519151180760743e-02 -1.1410696582493924e+02 3.7538261660579036e-01 7.5636067038919776e+00 -7.9485766171728436e-02 3.4361060104954584e+00 5.2179112046477689e+00 -1.4514333795194839e-01 1.1866398000000000e-02 3.0355700000000002e-01
-3.8054164473800792e-02 -1.1235422973623349e+02 3.8610075325231036e-01 7.9064023775378551e+00 -1.4611321895920784e+00 3.1834781950183930e+00 5.0111136280552628e+00 -1.0989084717303355e-01 1.2033550000000000e-02 3.1550762999999998e-01
-3.5555519580549255e-02 -1.1074005303448861e+02 3.9696524080568457e-01 8.4477167310140100e+00 -2.5380115560287990e+00 2.9369011851662190e+00 4.8213199359023404e+00 -8.0728717267523883e-02 1.2192715000000000e-02 3.2762143999999999e-01
-3.3024889303376673e-02 -1.0925975536281963e+02 4.0796880566709831e-01 9.1223666701007566e+00 -3.3137677554608302e+00 2.6958545559350178e+00 4.6470518144173694e+00 -5.5860402248646003e-02 1.2343646000000000e-02 3.3989032000000002e-01
-3.0463998010694618e-02 -1.0790911172721714e+02 4.1910395002075729e-01 9.8713202473903969e+00 -3.8008632217425018e+00 2.4598353973771836e+00 4.4867925061465277e+00 -3.3826701914598155e-02 1.2486109000000000e-02 3.5230591000000000e-01
-2.7874613386389094e-02 -1.0668433031481783e+02 4.3036298770860448e-01 1.0642504063107443e+01 -4.0190207452567046e+00 2.2283558017635974e+00 4.3390320930826221e+00 -1.3480147020574457e-02 1.2619877000000000e-02 3.6485963999999999e-01
-2.5258552617745469e-02 -1.0558204019409860e+02 4.4173801732428269e-01 1.1391298369602501e+01 -3.9936363887668875e+00 2.0009414660376370e+00 4.2023056555347722e+00 6.0423633088770249e-03 1.2744734000000001e-02 3.7754270000000001e-01
-2.2617676207523585e-02 -1.0459927503138256e+02 4.5322094911917177e-01 1.2080771849868617e+01 -3.7542468771411368e+00 1.7771309638336223e+00 4.0752242738951319e+00 2.5355732894070709e-02 1.2860473000000001e-02 3.9034606999999999e-01
-1.9953883848674456e-02 -1.0373346023733139e+02 4.6480352293974719e-01 1.2681653640659716e+01 -3.3330761081143643e+00 1.5564708997160963e+00 3.9564986636358013e+00 4.4856845513140647e-02 1.2966896000000000e-02 4.0326054000000000e-01
-1.7269118549623541e-02 -1.0298240543507795e+02 4.7647729029022173e-01 1.3172093084621718e+01 -2.7636943190294119e+00 1.3385176402617880e+00 3.8449564333890835e+00 6.4759635439949448e-02 1.3063819000000001e-02 4.1627669000000000e-01
-1.4565354258420912e-02 -1.0234429358818963e+02 4.8823366814462038e-01 1.3537233163038527e+01 -2.0798174875223729e+00 1.1228333231467182e+00 3.7395539603897117e+00 8.5129660613458460e-02 1.3151064000000001e-02 4.2938494999999999e-01
-1.1844608238591084e-02 -1.0181767924589899e+02 5.0006388513470557e-01 1.3768637093889955e+01 -1.3142778184298596e+00 9.0898563925614528e-01 3.6393801412160425e+00 1.0591423550920546e-01 1.3228465999999999e-02 4.4257553999999999e-01
-9.1089245679999153e-03 -1.0140148157379406e+02 5.1195905329940994e-01 1.3863601767704335e+01 -4.9815154214462176e-01 6.9654508688535444e-01 3.5436576547025749e+00 1.2697349856425127e-01 1.3295871000000001e-02 4.5583855000000001e-01
-6.3603823894211320e-03 -1.0109498439742775e+02 5.2391013221012062e-01 1.3824415917477085e+01 3.3993012970635184e-01 4.8508397921987090e-01 3.4517398299654580e+00 1.4810660153465874e-01 1.3353135000000000e-02 4.6916390000000002e-01
-3.6010855973281908e-03 -1.0089783638632751e+02 5.3590797381407407e-01 1.3657531473267404e+01 1.1743011868303239e+00 2.7417430029537826e-01 3.3631029332542246e+00 1.6907559086087828e-01 1.3400123999999999e-02 4.8254139000000001e-01
-8.3316696317746464e-04 -1.0081005393312212e+02 5.4794330449699868e-01 1.3372781854269826e+01 1.9826146650304690e+00 6.3386263484691341e-02 3.2773368664956930e+00 1.8962573875302779e-01 1.3436718000000000e-02 4.9596067999999999e-01
1.9412201151582514e-03 -1.0083202622601458e+02 5.6000676095783086e-01 1.2982581328263480e+01 2.7460480477296207e+00 -1.4771362861353321e-01 3.1941331108323405e+00 2.0950261973782722e-01 1.3462807000000000e-02 5.0941133000000005e-01
4.7198933628231354e-03 -1.0096452242231173e+02 5.7208885433399848e-01 1.2501170932570021e+01 3.4493643694739151e+00 -3.5956390587877873e-01 3.1132746755613629e+00 2.2846541551085839e-01 1.3478291000000000e-02 5.2288276000000000e-01
7.5006601917532584e-03 -1.0120870145963002e+02 5.8418005091953340e-01 1.1943920955061980e+01 4.0808682341968519e+00 -5.7261097883329448e-01 3.0346179607791339e+00 2.4629815111443967e-01 1.3483083000000000e-02 5.3636434000000000e-01
1.0281307387468214e-02 -1.0156612488505390e+02 5.9627072732167585e-01 1.1326705064948150e+01 4.6322443669045379e+00 -7.8731045508074349e-01 2.9580845106482263e+00 2.6281620606386757e-01 1.3477108000000000e-02 5.4984533999999996e-01
1.3059605234354524e-02 -1.0203877124891150e+02 6.0835118839823277e-01 1.0665353511126904e+01 5.0983354513713328e+00 -1.0041290900902986e+00 2.8836450396367046e+00 2.7787143641260426e-01 1.3460300999999999e-02 5.6331494999999998e-01
1.5833313703590465e-02 -1.0262905480133199e+02 6.2041169416361475e-01 9.9751878915274261e+00 5.4768453401128241e+00 -1.2235474085424807e+00 2.8113094541405994e+00 2.9135444187194143e-01 1.3432611000000001e-02 5.7676231000000000e-01
1.8600186578429406e-02 -1.0333984788185168e+02 6.3244247772619533e-01 9.2706419383144620e+00 5.7680072331676220e+00 -1.4460621857841129e+00 2.7411138896373948e+00 3.0319587456389507e-01 1.3393997000000000e-02 5.9017653000000003e-01
2.1357965266274856e-02 -1.0417450387948089e+02 6.4443371838227259e-01 8.5649723989304611e+00 5.9742211590680583e+00 -1.6721882613022130e+00 2.6731113622640033e+00 3.1336333130158356e-01 1.3344429999999999e-02 6.0354666000000001e-01
2.4104387049247070e-02 -1.0513688714682507e+02 6.5637557749078645e-01 7.8700389224894201e+00 6.0996881064901283e+00 -1.9024617048069441e+00 2.6073661944443018e+00 3.2186066602936841e-01 1.3283893999999999e-02 6.1686173000000000e-01
2.6837193334749584e-02 -1.0623140880430228e+02 6.6825823434803522e-01 7.1961694238729867e+00 6.1500435109887732e+00 -2.1374432274169548e+00 2.5439400698768626e+00 3.2872359278432217e-01 1.3212384000000001e-02 6.3011079000000003e-01
2.9554117279619332e-02 -1.0746305929114824e+02 6.8007183237560032e-01 6.5520881649278042e+00 6.1320027910180359e+00 -2.3777201450545871e+00 2.4828931074143745e+00 3.3401564404231560e-01 1.3129907000000000e-02 6.4328284999999996e-01
3.2252898228618251e-02 -1.0883745596135385e+02 6.9180654190110091e-01 5.9448968656236296e+00 6.0530350232093255e+00 -2.6239107766366629e+00 2.4242758082085105e+00 3.3782370409723955e-01 1.3036481000000001e-02 6.5636695000000000e-01
3.4931283777074759e-02 -1.1036089306446344e+02 7.0345256912687271e-01 5.3801132696556317e+00 5.9210581791157253e+00 -2.8766683688454657e+00 2.3681264310750461e+00 3.4025328924961168e-01 1.2932137999999999e-02 6.6935217000000002e-01
3.7587023582958914e-02 -1.1204039308304729e+02 7.1500012922393064e-01 4.8617449839447611e+00 5.7441748447846210e+00 -3.1366843534918916e+00 2.3144689392922375e+00 3.4142379862713806e-01 1.2816919000000000e-02 6.8222760000000005e-01
4.0217881742732317e-02 -1.1388377592020149e+02 7.2643950014404390e-01 4.3923952577222138e+00 5.5304414521524432e+00 -3.4046939622436887e+00 2.2633115931105912e+00 3.4146431849362013e-01 1.2690879000000000e-02 6.9498240000000000e-01
4.2821632666064716e-02 -1.1589972744122269e+02 7.3776100468237760e-01 3.9733931551367094e+00 5.2876723512753339e+00 -3.6814807271941912e+00 2.2146466790003005e+00 3.4050923264655020e-01 1.2554085000000000e-02 7.0760577999999996e-01
4.5396063138475787e-02 -1.1809788025053172e+02 7.4895501944617204e-01 3.6049385354937562e+00 5.0232843335887960e+00 -3.9678820870319127e+00 2.1684509578297879e+00 3.3869468237692080e-01 1.2406611999999999e-02 7.2008700999999997e-01
4.7938982634543145e-02 -1.2048891380827425e+02 7.6001201969813836e-01 3.2862542305212146e+00 4.7441747258160554e+00 -4.2647966279922152e+00 2.1246859914471141e+00 3.3615526844409799e-01 1.2248551000000000e-02 7.3241546999999996e-01
5.0448217129977616e-02 -1.2308465398505614e+02 7.7092255245042118e-01 3.0157399702548449e+00 4.4566330776456420e+00 -4.5731903429682497e+00 2.0833001806248972e+00 3.3302133354573260e-01 1.2080001999999999e-02 7.4458062000000003e-01
5.2921613226906375e-02 -1.2589819449656881e+02 7.8167725440195679e-01 2.7911264979862414e+00 4.1662816089988706e+00 -4.8941047989139630e+00 2.0442296864293237e+00 3.2941660924681354e-01 1.1901076999999999e-02 7.5657202000000001e-01
5.5357042279156290e-02 -1.2894403668439611e+02 7.9226686987583184e-01 2.6096279170838277e+00 3.8780446883063235e+00 -5.2286664581477247e+00 2.0074005375894606e+00 3.2545680231448637e-01 1.1711898000000000e-02 7.6837935000000002e-01
5.7752406580178897e-02 -1.3223825367794331e+02 8.0268227772532053e-01 2.4680592815381197e+00 3.5961390896516545e+00 -5.5780975642085426e+00 1.9727308556532734e+00 3.2124788921749775e-01 1.1512599000000000e-02 7.7999244000000001e-01
6.0105629049842055e-02 -1.3579865461257680e+02 8.1291444649048894e-01 2.3629841826226370e+00 3.3240875111051111e+00 -5.9437261220769733e+00 1.9401323832239969e+00 3.1688540078295391e-01 1.1303326000000001e-02 7.9140122000000002e-01
6.2414673860846467e-02 -1.3964502011673676e+02 8.2295452408498670e-01 2.2908193349007084e+00 3.0647394129600039e+00 -6.3270020045302671e+00 1.9095104595539729e+00 3.1245426982526903e-01 1.1084235000000000e-02 8.0259581999999996e-01
6.4677527874950944e-02 -1.4379931119331158e+02 8.3279375707793446e-01 2.2479190324513127e+00 2.8203157397179845e+00 -6.7295092544734612e+00 1.8807706147340366e+00 3.0802828142618210e-01 1.0855490000000001e-02 8.1356647999999998e-01
6.6892219206747025e-02 -1.4828597456898680e+02 8.4242357141203650e-01 2.2306722823611009e+00 2.5924525917201957e+00 -7.1529863870091983e+00 1.8538151404976508e+00 3.0367035233193718e-01 1.0617270000000000e-02 8.2430364000000000e-01
6.9056813098375816e-02 -1.5313225782844469e+02 8.5183555446622206e-01 2.2355655480357544e+00 2.3822566262482461e+00 -7.5993460986987849e+00 1.8285470699187583e+00 2.9943304603895737e-01 1.0369760000000000e-02 8.3479791999999997e-01
7.1169413982169596e-02 -1.5836858945817082e+02 8.6102146402432522e-01 2.2592351296094795e+00 2.1903637170583523e+00 -8.0706993059071408e+00 1.8048707525662526e+00 2.9535892181058565e-01 1.0113159000000000e-02 8.4504013000000000e-01
7.3228167543293407e-02 -1.6402902272855482e+02 8.6997323724376330e-01 2.2985186216666467e+00 2.0169968605433195e+00 -8.5693832565518768e+00 1.7826934412630084e+00 2.9148133276082089e-01 9.8476710000000005e-03 8.5502127999999999e-01
7.5231260719745216e-02 -1.7015175451434411e+02 8.7868299065553734e-01 2.3504751458317648e+00 1.8620231633539133e+00 -9.0979940746012975e+00 1.7619255324954946e+00 2.8782536253744273e-01 9.5735140000000000e-03 8.6473257999999997e-01
7.7176932015563901e-02 -1.7677977348067282e+02 8.8714306500762807e-01 2.4124118804443579e+00 1.7250149218945370e+00 -9.6594281187062858e+00 1.7424816384973640e+00 2.8440803663698705e-01 9.2909130999999992e-03 8.7416548999999999e-01
7.9063461187621212e-02 -1.8396156441103750e+02 8.9534598042159941e-01 2.4818934158429480e+00 1.6053005502821402e+00 -1.0256925760143673e+01 1.7242810662542607e+00 2.8124036946808129e-01 9.0001030000000006e-03 8.8331166999999999e-01
8.0889181621471476e-02 -1.9175203531095238e+02 9.0328449020467427e-01 2.5567463665471624e+00 1.5020166827147996e+00 -1.0894130225077179e+01 1.7072481356393068e+00 2.7832705242298555e-01 8.7013270999999996e-03 8.9216304000000002e-01
8.2652474143426871e-02 -2.0021356465839051e+02 9.1095155394369665e-01 2.6350556103450327e+00 1.4141514883267270e+00 -1.1575153299586336e+01 1.6913124840977898e+00 2.7566797166971724e-01 8.3948374000000006e-03 9.0071175000000003e-01
8.4351777333765407e-02 -2.0941735402495746e+02 9.1834038234852722e-01 2.7151586899140274e+00 1.3405904613742636e+00 -1.2304660962461544e+01 1.6764090236060332e+00 2.7325881231066163e-01 8.0808944000000001e-03 9.0895022999999997e-01
8.5985579276164528e-02 -2.1944499489648001e+02 9.2544440137732775e-01 2.7956307407275220e+00 1.2801473000096926e+00 -1.3087971392827750e+01 1.6624782163562384e+00 2.7109183727384539e-01 7.7597663000000001e-03 9.1687114999999997e-01
8.7552425808267595e-02 -2.3039050212196918e+02 9.3225728811127617e-01 2.8752711395603732e+00 1.2316000767022233e+00 -1.3931184656020983e+01 1.6494657112289202e+00 2.6915663951774416e-01 7.4317293999999999e-03 9.2446746000000002e-01
8.9050922584325579e-02 -2.4236283562661598e+02 9.3877297972324725e-01 2.9530867328167774e+00 1.1937140819463183e+00 -1.4841340559039770e+01 1.6373223002472832e+00 2.6744083548744457e-01 7.0970672000000004e-03 9.3173240000000002e-01
9.0479730949913670e-02 -2.5548904115253430e+02 9.4498565554045311e-01 3.0282705537228094e+00 1.1652686392160339e+00 -1.5826618461555700e+01 1.6260040062484022e+00 2.6593037230129540e-01 6.7560703000000000e-03 9.3865947999999999e-01
9.1837578255139649e-02 -2.6991841650537117e+02 9.5088978188784024e-01 3.1001874495223296e+00 1.1450725447013244e+00 -1.6896601439981897e+01 1.6154708995995848e+00 2.6461011295449555e-01 6.4090362999999996e-03 9.4524253000000003e-01
9.3123245478793901e-02 -2.8582769903150466e+02 9.5648005827601301e-01 3.1683494464513893e+00 1.1319781221954759e+00 -1.8062604197195604e+01 1.6056877571651085e+00 2.6346493844945912e-01 6.0562691999999996e-03 9.5147563999999996e-01
9.4335587854765882e-02 -3.0342832990987023e+02 9.6175150708802704e-01 3.2323985114526401e+00 1.1248958755443283e+00 -1.9338136857462288e+01 1.5966236884497267e+00 2.6247892247030102e-01 5.6980790999999996e-03 9.5735325999999998e-01
9.5473514245627680e-02 -3.2297567239666296e+02 9.6669938389259613e-01 3.2920891759990769e+00 1.1227990319829761e+00 -2.0739489640458888e+01 1.5882512647622749e+00 2.6163661616402561e-01 5.3347821999999998e-03 9.6287009999999995e-01
9.6536007769050539e-02 -3.4478233073409768e+02 9.7131926713088468e-01 3.3472692766677881e+00 1.1247332718828627e+00 -2.2286584193800362e+01 1.5805465157895027e+00 2.6092285475828714e-01 4.9667000000000001e-03 9.6802122999999995e-01
9.7522111359313143e-02 -3.6923624621458663e+02 9.7560699533575346e-01 3.3978647469184016e+00 1.1298115765739263e+00 -2.4004127599405148e+01 1.5734886305722515e+00 2.6032308863193332e-01 4.5941591999999996e-03 9.7280200999999999e-01
9.8430944268434975e-02 -3.9682756867954907e+02 9.7955873888119249e-01 3.4438618487625505e+00 1.1372264650214861e+00 -2.5923333298505050e+01 1.5670595910949894e+00 2.5982353753487686e-01 4.2174915999999996e-03 9.7720817000000004e-01
9.9261685565043070e-02 -4.2818777875802920e+02 9.8317092823288843e-01 3.4852958318632350e+00 1.1462523605780659e+00 -2.8084424539691589e+01 1.5612439511112695e+00 2.5941127752372334e-01 3.8370333000000002e-03 9.8123572999999997e-01
1.0001359063550518e-01 -4.6415139287300821e+02 9.8644032569765738e-01 3.5222370544937354e+00 1.1562308297312791e+00 -3.0540594542336027e+01 1.5560285155844000e+00 2.5907463250157547e-01 3.4531249000000000e-03 9.8488107999999996e-01
1.0068598499600480e-01 -5.0585504425459050e+02 9.8936399851740764e-01 3.5547795408607206e+00 1.1665815368474493e+00 -3.3364369011832075e+01 1.5514020865675531e+00 2.5880260023408252e-01 3.0661112999999999e-03 9.8814095000000002e-01
1.0127826016725795e-01 -5.5490693720716411e+02 9.9193930093178095e-01 3.5830331365689023e+00 1.1767897058747194e+00 -3.6658499510589962e+01 1.5473552808894837e+00 2.5858558783471525e-01 2.6763420000000000e-03 9.9101238999999997e-01
1.0178988605036300e-01 -6.1369975200602869e+02 9.9416392799022846e-01 3.6071110570764420e+00 1.1864189251151298e+00 -4.0576103883127729e+01 1.5438803030143751e+00 2.5841504097110918e-01 2.2841723000000002e-03 9.9349282999999999e-01
1.0222040680151738e-01 -6.8604081551089189e+02 9.9603589761465128e-01 3.6271254716804711e+00 1.1950941842835268e+00 -4.5361257209551276e+01 1.5409707159665271e+00 2.5828362845180852e-01 1.8899688000000000e-03 9.9558005999999999e-01
1.0256943876937592e-01 -7.7860172351238248e+02 9.9755354163072207e-01 3.6431801443613003e+00 1.2025061147627070e+00 -5.1442434428554790e+01 1.5386211093942679e+00 2.5818512991896270e-01 1.4941295000000000e-03 9.9727222000000004e-01
1.0283669937203389e-01 -9.0501196043169944e+02 9.9871563132939312e-01 3.6553667719394358e+00 1.2084084829293651e+00 -5.9696558980148801e+01 1.5368281624592353e+00 2.5811457436835988e-01 1.0971916000000000e-03 9.9856794000000004e-01
1.0302208547740919e-01 -1.1026401129935421e+03 9.9952171827670544e-01 3.6637646641703547e+00 1.2126167485461592e+00 -7.2531948758030296e+01 1.5355871237150529e+00 2.5806809978181461e-01 7.0085733000000002e-04 9.9946672000000003e-01
