-1.8680002007020244e-01 -1.7151379662691506e+03 1.8680123427928530e-01 -1.5957989303722591e+03 -4.8184624602980136e+02 1.1373607964280967e+02 -1.0597098840808435e+02 -3.1355951569140110e+01 5.5301730000000003e-06 1.0230946000000001e-06
-1.8679295870475740e-01 -1.2599360581791841e+03 1.8681660442696280e-01 -1.1400176305675966e+03 -4.8170299952194489e+02 8.4110530113346684e+01 -7.6318514180796200e+01 -3.1349487028948658e+01 3.5894988000000002e-05 1.9923924999999999e-05
-1.8677080457306158e-01 -1.0487176970302062e+03 1.8686482630111487e-01 -9.2733164965115816e+02 -4.8125380110267071e+02 7.0356481962342400e+01 -6.2495874165936257e+01 -3.1329213138449550e+01 8.5619985000000003e-05 7.9222864999999994e-05
-1.8672694658269964e-01 -9.1014561777908477e+02 1.8696028996093392e-01 -7.8629409769689528e+02 -4.8036551399495994e+02 6.1323578498366402e+01 -5.3346985774452882e+01 -3.1289112206352570e+01 1.5173507999999999e-04 1.9661552000000001e-04
-1.8665559866593054e-01 -8.0726543512564922e+02 1.8711558967254935e-01 -6.7992052299335535e+02 -4.7892323251909392e+02 5.4606825839436354e+01 -4.6464868895419990e+01 -3.1223974916427345e+01 2.3255418000000001e-04 3.8758918999999998e-04
-1.8655149853400127e-01 -7.2577637842866352e+02 1.8734217961658473e-01 -5.9392675434174816e+02 -4.7682503442216432e+02 4.9275641895890459e+01 -4.0919077244416805e+01 -3.1129155264172518e+01 3.2689763000000001e-04 6.6622920000000002e-04
-1.8640977060301156e-01 -6.5861793496778353e+02 1.8765067225108986e-01 -5.2130005343072696e+02 -4.7398014612624968e+02 4.4870749547999850e+01 -3.6251913773553952e+01 -3.1000478793673015e+01 4.3385032000000002e-04 1.0455858000000000e-03
-1.8622584928059288e-01 -6.0177627391650049e+02 1.8805100528988053e-01 -4.5809754179391433e+02 -4.7030838206003619e+02 4.1131241164157075e+01 -3.2205107571259646e+01 -3.0834207999016023e+01 5.5265518999999999e-04 1.5378795000000000e-03
-1.8599543154475806e-01 -5.5274560022996661e+02 1.8855254492196311e-01 -4.0190236734413537e+02 -4.6574019724375074e+02 3.7894400419393392e+01 -2.8619383827688647e+01 -3.0627035421362155e+01 6.8265765000000004e-04 2.1546280000000000e-03
-1.8571444492257652e-01 -5.0985278185638384e+02 1.8916415551087234e-01 -3.5114443102284332e+02 -4.6021704168021915e+02 3.5051732947625091e+01 -2.5390361248823549e+01 -3.0376090769399418e+01 8.2327310000000005e-04 2.9067318999999999e-03
-1.8537902567188716e-01 -4.7192217418105645e+02 1.8989424708552766e-01 -3.0476246605862724e+02 -4.5369188162105962e+02 3.2527137736660464e+01 -2.2446588829671963e+01 -3.0078956277324668e+01 9.7396649000000004e-04 3.8045331000000002e-03
-1.8498550282854409e-01 -4.3809388104753521e+02 1.9075081006385614e-01 -2.6201978306758969e+02 -4.4612977094515003e+02 3.0265087538962639e+01 -1.9737587008145024e+01 -2.9733685448963307e+01 1.1342389000000000e-03 4.8578574999999999e-03
-1.8453038655007151e-01 -4.0771819694919725e+02 1.9174144062461984e-01 -2.2239649177819601e+02 -4.3750840662577536e+02 2.8223716436435389e+01 -1.7226891021651866e+01 -2.9338822732533306e+01 1.3036180000000001e-03 6.0760461999999999e-03
-1.8401035967228541e-01 -3.8029089575795609e+02 1.9287335908572678e-01 -1.8552268870620264e+02 -4.2781863142087303e+02 2.6370624959629811e+01 -1.4887745569435703e+01 -2.8893422187377329e+01 1.4816515000000000e-03 7.4679780999999997e-03
-1.8342227087239904e-01 -3.5541172649546149e+02 1.9415342478578360e-01 -1.5113497967736558e+02 -4.1706480429540971e+02 2.4680168082554722e+01 -1.2700319443674795e+01 -2.8397062941710267e+01 1.6679024999999999e-03 9.0420881999999994e-03
-1.8276313003637279e-01 -3.3275685083058863e+02 1.9558814616777048e-01 -1.1904684950334044e+02 -4.0526504943082489e+02 2.3131660662259179e+01 -1.0649831545132503e+01 -2.7849860892435004e+01 1.8619452999999999e-03 1.0806380000000001e-02
-1.8203010396250499e-01 -3.1205990500594589e+02 1.9718369013083659e-01 -8.9127816486000668e+01 -3.9245130726200500e+02 2.1708129142393311e+01 -8.7252391017672579e+00 -2.7252474835318321e+01 2.0633631000000000e-03 1.2768437000000001e-02
-1.8122051438134765e-01 -2.9309869802831770e+02 1.9894588634025789e-01 -6.1288201039951957e+01 -3.7866921828101971e+02 2.0395463945193409e+01 -6.9183043879115482e+00 -2.6606107032981047e+01 2.2717459999999998e-03 1.4935428000000001e-02
-1.8033183463065924e-01 -2.7568556786679699e+02 2.0088023446491371e-01 -3.5467581665765287e+01 -3.6397775849085576e+02 1.9181776696226635e+01 -5.2228829581315894e+00 -2.5912496015719857e+01 2.4866887000000002e-03 1.7314116000000001e-02
-1.7936168973012495e-01 -2.5966033987106505e+02 2.0299190401464656e-01 -1.1625952157461079e+01 -3.4844869569134733e+02 1.8056944905965683e+01 -3.6344038560744854e+00 -2.5173900412312246e+01 2.7077901999999999e-03 1.9910858000000000e-02
-1.7830785227174775e-01 -2.4488496892200627e+02 2.0528574328545796e-01 1.0263388347662639e+01 -3.3216575146012400e+02 1.7012262642800390e+01 -2.1494508126800858e+00 -2.4393083377714458e+01 2.9346520999999999e-03 2.2731616000000000e-02
-1.7716824466145328e-01 -2.3123954913022004e+02 2.0776627448031074e-01 3.0219405953336651e+01 -3.1522363381639622e+02 1.6040181113433729e+01 -7.6543992721145915e-01 -2.3573292015246970e+01 3.1668782999999998e-03 2.5781951000000001e-02
-1.7594093687748499e-01 -2.1861915331295376e+02 2.1043769858832659e-01 4.8257967096388121e+01 -2.9772677701201314e+02 1.5134103160687626e+01 5.1964365710859939e-01 -2.2718191869816948e+01 3.4040742000000001e-03 2.9067029000000001e-02
-1.7462414497600093e-01 -2.0693137271325358e+02 2.1330389863758453e-01 6.4395574878425791e+01 -2.7978789973964723e+02 1.4288223409033339e+01 1.7074595444332217e+00 -2.1831848547336346e+01 3.6458464000000000e-03 3.2591624999999999e-02
-1.7321623333267852e-01 -1.9609438930724775e+02 2.1636843481592333e-01 7.8652339019468400e+01 -2.6152638771067467e+02 1.3497401884774167e+01 2.7994828354904451e+00 -2.0918672185933254e+01 3.8918026000000000e-03 3.6360116999999997e-02
-1.7171571165390825e-01 -1.8603538388413671e+02 2.1963455097653822e-01 9.1054470040548608e+01 -2.4306669749610489e+02 1.2757069256128423e+01 3.7971477964116103e+00 -1.9983360385132045e+01 4.1415510999999999e-03 4.0376493999999999e-02
-1.7012123609759602e-01 -1.7668927476267243e+02 2.2310517219838211e-01 1.0163603869422383e+02 -2.2453621774102419e+02 1.2063133013798888e+01 4.7019605515755458e+00 -1.9030843468131582e+01 4.3947007000000003e-03 4.4644352999999998e-02
-1.6843160927316303e-01 -1.6799767207693662e+02 2.2678290478616558e-01 1.1044036849786218e+02 -2.0606352551617331e+02 1.1411919030980966e+01 5.5155899449059165e+00 -1.8066199671024954e+01 4.6508610999999997e-03 4.9166899000000000e-02
-1.6664577874714276e-01 -1.5990800536298789e+02 2.3067003952315546e-01 1.1752093117568963e+02 -1.8777634014061758e+02 1.0800113532262444e+01 6.2399381891158141e+00 -1.7094614754446074e+01 4.9096423000000002e-03 5.3946949000000001e-02
-1.6476283891118484e-01 -1.5237280886595434e+02 2.3476854760517651e-01 1.2294180147992813e+02 -1.6979957531894104e+02 1.0224717792404684e+01 6.8771952211473213e+00 -1.6121310595262820e+01 5.1706551000000002e-03 5.8986927000000001e-02
-1.6278202761964791e-01 -1.4534910043213364e+02 2.3908008795940805e-01 1.2677773562201951e+02 -1.5225338271722731e+02 9.6830084913491348e+00 7.4298550933212759e+00 -1.5151454518649384e+01 5.4335110000000002e-03 6.4288872999999996e-02
-1.6070272955200679e-01 -1.3879787784693113e+02 2.4360599992558749e-01 1.2911386172163984e+02 -1.3525135511380492e+02 9.1725062193505789e+00 7.9007735664830792e+00 -1.4190110672948567e+01 5.6978226000000002e-03 6.9854434000000007e-02
-1.5852447247684445e-01 -1.3268366460985828e+02 2.4834731138800631e-01 1.3004506888685091e+02 -1.1889879735548007e+02 8.6909466415866454e+00 8.2931351835239582e+00 -1.3242169702737625e+01 5.9632034000000004e-03 7.5684873999999999e-02
-1.5624692911985610e-01 -1.2697413674053018e+02 2.5330473470951215e-01 1.2967507927174429e+02 -1.0329121421121800e+02 8.2362569884975496e+00 8.6104658122965727e+00 -1.2312288534988015e+01 6.2292681999999997e-03 8.1781068999999998e-02
-1.5386991566944586e-01 -1.2163979254221579e+02 2.5847866998430702e-01 1.2811528527927206e+02 -8.8512998275453270e+01 7.8065372633314345e+00 8.8566108371000993e+00 -1.1404833578361199e+01 6.4956331999999999e-03 8.8143510999999994e-02
-1.5139339177672681e-01 -1.1665366189328823e+02 2.6386920503794747e-01 1.2548336336987060e+02 -7.4636258637779264e+01 7.4000394337760733e+00 9.0357079250627486e+00 -1.0523830768145485e+01 6.7619166000000000e-03 9.4772308000000000e-02
-1.4881745831391624e-01 -1.1199105938760036e+02 2.6947612030654222e-01 1.2190173851481083e+02 -6.1720082551535739e+01 7.0151538798159709e+00 9.1521510628546370e+00 -9.6729213778262633e+00 7.0277381999999996e-03 1.0166719000000000e-01
-1.4614235700073466e-01 -1.0762936533656584e+02 2.7529888964995142e-01 1.1749591810771329e+02 -4.9809946623575762e+01 6.6503954364591387e+00 9.2105483855898669e+00 -8.8553284639019232e+00 7.2927204000000001e-03 1.0882751000000000e-01
-1.4336847563481731e-01 -1.0354783341973977e+02 2.8133666896699272e-01 1.1239277890975379e+02 -3.8937332982870046e+01 6.3043921216514676e+00 9.2156741636119168e+00 -8.0738229154952847e+00 7.5564877000000004e-03 1.1625223000000000e-01
-1.4049633725729060e-01 -9.9727407798039337e+01 2.8758831977822941e-01 1.0671880470681346e+02 -2.9119827208675691e+01 5.9758733166883857e+00 9.1724181106650704e+00 -7.3307130184436211e+00 7.8186677999999999e-03 1.2393994999999999e-01
-1.3752659940557060e-01 -9.6150573481662306e+01 2.9405241085236938e-01 1.0059835819097749e+02 -2.0361267971224112e+01 5.6636608764440250e+00 9.0857313499496986e+00 -6.6278262166277555e+00 8.0788911000000008e-03 1.3188891000000000e-01
-1.3446006532138721e-01 -9.2801232810148733e+01 3.0072719381027768e-01 9.4152057045657102e+01 -1.2652349791952354e+01 5.3666617199298194e+00 8.9605728184566829e+00 -5.9665117638816305e+00 8.3367917000000003e-03 1.4009695999999999e-01
-1.3129766900675197e-01 -8.9664566843022030e+01 3.0761063565296004e-01 8.7495201639083646e+01 -5.9713191743177720e+00 5.0838590625796609e+00 8.8018551997458783e+00 -5.3476433685709868e+00 8.5920070000000005e-03 1.4856159999999999e-01
-1.2804048269597401e-01 -8.6726935814885323e+01 3.1470040249757109e-01 8.0736390523517642e+01 -2.8493687415069174e-01 4.8143066533691403e+00 8.6143937435156168e+00 -4.7716339695036805e+00 8.8441787999999997e-03 1.5727996000000000e-01
-1.2468970938364418e-01 -8.3975774547789044e+01 3.2199387584140615e-01 7.3976282023155846e+01 4.4503545127213977e+00 4.5571222905352800e+00 8.4028573750407318e+00 -4.2384583393451152e+00 9.0929527999999999e-03 1.6624881999999999e-01
-1.2124668282463488e-01 -8.1399505163358199e+01 3.2948815256190150e-01 6.7306565885366780e+01 8.2871418436103195e+00 4.3114818679547104e+00 8.1717242471170017e+00 -3.7476769014884082e+00 9.3379794999999995e-03 1.7546460999999999e-01
-1.1771286379809208e-01 -7.8987457788326594e+01 3.3718005304863014e-01 6.0809144877265091e+01 1.1285662636796690e+01 4.0766157619897028e+00 7.9252419052712924e+00 -3.2984696410507000e+00 9.5789143999999993e-03 1.8492342000000001e-01
-1.1408985131545948e-01 -7.6729799954804136e+01 3.4506609680731382e-01 5.4555564784082854e+01 1.3512298243749735e+01 3.8518037231641378e+00 7.6673941388144389e+00 -2.8896752876924641e+00 9.8154178999999998e-03 1.9462097000000000e-01
-1.1037936394043824e-01 -7.4617476298356962e+01 3.5314254311980320e-01 4.8606617254674255e+01 1.5038079987578774e+01 3.6363703940933876e+00 7.4018717032950923e+00 -2.5198292194091545e+00 1.0047156000000000e-02 2.0455266000000000e-01
-1.0658323605297891e-01 -7.2642127384771570e+01 3.6140539917607351e-01 4.3012199905336217e+01 1.5937171014604631e+01 3.4296814594031697e+00 7.1320503896430614e+00 -2.1872068852975151e+00 1.0273801000000001e-02 2.1471357999999999e-01
-1.0270343652932173e-01 -7.0796061650829088e+01 3.6985037941424492e-01 3.7811426016318123e+01 1.6285383734403403e+01 3.2311413999210106e+00 6.8609770177856753e+00 -1.8898699995016033e+00 1.0495031000000000e-02 2.2509846000000000e-01
-9.8742046325948338e-02 -6.9072191937757637e+01 3.7847295431255823e-01 3.3032869284683422e+01 1.6158778950084837e+01 3.0401893080592677e+00 6.5913590353550253e+00 -1.6257093269217691e+00 1.0710529999999999e-02 2.3570173000000000e-01
-9.4701262215589749e-02 -6.7463994904696690e+01 3.8726834225737894e-01 2.8695037551898718e+01 1.5632348786928265e+01 2.8562954577245097e+00 6.3255618014646178e+00 -1.3924896353439344e+00 1.0919989999999999e-02 2.4651751000000000e-01
-9.0583400523234478e-02 -6.5965473706354345e+01 3.9623150141120134e-01 2.4807002488020178e+01 1.4778828399677758e+01 2.6789615849669013e+00 6.0656121179145757e+00 -1.1878929548706731e+00 1.1123108000000000e-02 2.5753959999999998e-01
-8.6390885918104357e-02 -6.4571112833621712e+01 4.0535715410863626e-01 2.1369142938334516e+01 1.3667638709928578e+01 2.5077144683734014e+00 5.8132054073826085e+00 -1.0095575804813068e+00 1.1319591000000000e-02 2.6876150999999998e-01
-8.2126247677646522e-02 -6.3275862535099506e+01 4.1463979498840736e-01 1.8374020922011091e+01 1.2363987870130098e+01 2.3421058664245540e+00 5.5697187019663721e+00 -8.5511690355347836e-01 1.1509152000000000e-02 2.8017647000000001e-01
-7.7792123423541457e-02 -6.2075086707610765e+01 4.2407368286135483e-01 1.5807322702499610e+01 1.0928133958917684e+01 2.1817101100461338e+00 5.3362279138413102e+00 -7.2223312828616426e-01 1.1691511000000000e-02 2.9177742000000001e-01
-7.3391262857710970e-02 -6.0964556760362875e+01 4.3365283257843956e-01 1.3648868692878104e+01 9.4148197950164487e+00 2.0261223193387692e+00 5.1135284072593734e+00 -6.0862794212055182e-01 1.1866398000000000e-02 3.0355700000000002e-01
-6.8926497874253978e-02 -5.9940402798486211e+01 4.4337108008671106e-01 1.1873626623147478e+01 7.8728526518468351e+00 1.8749555811941083e+00 4.9021566032734842e+00 -5.1210754893815136e-01 1.2033550000000000e-02 3.1550762999999998e-01
-6.4400768711502604e-02 -5.8999119632090547e+01 4.5322202550533536e-01 1.0452722590570660e+01 6.3448737360127634e+00 1.7278402546148812e+00 4.7024163557969620e+00 -4.3058725874245879e-01 1.2192715000000000e-02 3.2762143999999999e-01
-5.9817105271982141e-02 -5.8137530181872862e+01 4.6319907378557518e-01 9.3544719115975212e+00 4.8672566582233738e+00 1.5844217505933820e+00 4.5144044441555522e+00 -3.6210542569534343e-01 1.2343646000000000e-02 3.3989032000000002e-01
-5.5178630858419092e-02 -5.7352772937930801e+01 4.7329542657879364e-01 8.5453020071813146e+00 3.4701566193030491e+00 1.4443591944816951e+00 4.3380375892553138e+00 -3.0484004928326530e-01 1.2486109000000000e-02 3.5230591000000000e-01
-5.0488547229708830e-02 -5.6642280337304896e+01 4.8350411476443850e-01 7.9906537606334842e+00 2.1776776798762429e+00 1.3073235959266598e+00 4.1730787888805185e+00 -2.5711672302130767e-01 1.2619877000000000e-02 3.6485963999999999e-01
-4.5750145808939852e-02 -5.6003776268332480e+01 4.9381797405405403e-01 7.6557830988891258e+00 1.0081571464105907e+00 1.1729971261055443e+00 4.0191641450799551e+00 -2.1741452151984239e-01 1.2744734000000001e-02 3.7754270000000001e-01
-4.0966796475369660e-02 -5.5435256118545283e+01 5.0422966938726888e-01 7.5065055258873823e+00 -2.5468384919335653e-02 1.0410703797618637e+00 3.8758275880489692e+00 -1.8436800591340305e-01 1.2860473000000001e-02 3.9034606999999999e-01
-3.6141940092408564e-02 -5.4934979557399075e+01 5.1473171119578831e-01 7.5097998933307855e+00 -9.1522059626313856e-01 9.1124267390305169e-01 3.7425246265754075e+00 -1.5676620082327103e-01 1.2966896000000000e-02 4.0326054000000000e-01
-3.1279095979635935e-02 -5.4501461470855730e+01 5.2531643913940207e-01 7.6343468251548954e+00 -1.6575806717479340e+00 7.8321989087804189e-01 3.6186545212554613e+00 -1.3354877296007653e-01 1.3063819000000001e-02 4.1627669000000000e-01
-2.6381839496751741e-02 -5.4133464699246211e+01 5.3597607089795996e-01 7.8509539483151718e+00 -2.2529626606597368e+00 6.5671301067045729e-01 3.5035796712809901e+00 -1.1379991652212172e-01 1.3151064000000001e-02 4.2938494999999999e-01
-2.1453824459624987e-02 -5.3829996848228141e+01 5.4670265337939661e-01 8.1328802926443675e+00 -2.7051556748750305e+00 5.3143755384319480e-01 3.3966441938550456e+00 -9.6740540756153834e-02 1.3228465999999999e-02 4.4257553999999999e-01
-1.6498753252229187e-02 -5.3590304662075759e+01 5.5748812777569867e-01 8.4560676867797344e+00 -3.0207741055495716e+00 4.0711165327229404e-01 3.2971885539349342e+00 -8.1718586474200397e-02 1.3295871000000001e-02 4.5583855000000001e-01
-1.1520391770674737e-02 -5.3413873135999886e+01 5.6832429703492149e-01 8.7992821585320886e+00 -3.2087095678430564e+00 2.8345533381533361e-01 3.2045634727156371e+00 -6.8198610430304035e-02 1.3353135000000000e-02 4.6916390000000002e-01
-6.5225507431685426e-03 -5.3300424469640106e+01 5.7920286652116837e-01 9.1441733751264351e+00 -3.2796084778209766e+00 1.6018869780979106e-01 3.1181399767111544e+00 -5.5750644806939337e-02 1.3400123999999999e-02 4.8254139000000001e-01
-1.5090932020301595e-03 -5.3249919525489297e+01 5.9011542775059911e-01 9.4752610058322055e+00 -3.2453782638327415e+00 3.7031607802283872e-02 3.0373192150933006e+00 -4.4038439368999115e-02 1.3436718000000000e-02 4.9596067999999999e-01
3.5160804603404927e-03 -5.3262560578090309e+01 6.0105349091941385e-01 9.7798616445696105e+00 -3.1187339938319698e+00 -8.6298832246225476e-02 2.9615382301806910e+00 -3.2808037482525546e-02 1.3462807000000000e-02 5.0941133000000005e-01
8.5490175474306207e-03 -5.3338795599046527e+01 6.1200845237586876e-01 1.0047955728014896e+01 -2.9127931141700469e+00 -2.1008844255016390e-01 2.8902753898844473e+00 -2.1876481223554074e-02 1.3478291000000000e-02 5.2288276000000000e-01
1.3585746682687472e-02 -5.3479324799432455e+01 6.2297166780824043e-01 1.0272019927808799e+01 -2.6407119779133672e+00 -3.3462873059471132e-01 2.8230529755296345e+00 -1.1120582563244708e-02 1.3483083000000000e-02 5.3636434000000000e-01
1.8622259129477625e-02 -5.3685108794052510e+01 6.3393441158484531e-01 1.0446822158064462e+01 -2.3153796171197767e+00 -4.6021645887683160e-01 2.7594391461884165e+00 -4.6686555470423053e-04 1.3477108000000000e-02 5.4984533999999996e-01
2.3654516263103414e-02 -5.3957386730553843e+01 6.4488789301803240e-01 1.0569196369690845e+01 -1.9491580724957409e+00 -5.8715687350350532e-01 2.6990455595075598e+00 1.0118053320525193e-02 1.3460300999999999e-02 5.6331494999999998e-01
2.8678460778826909e-02 -5.4297645687488000e+01 6.5582328076017060e-01 1.0637796135696590e+01 -1.5536776850484222e+00 -7.1576451957317477e-01 2.6415391348312971e+00 2.0636132207291519e-02 1.3432611000000001e-02 5.7676231000000000e-01
3.3690024163886029e-02 -5.4707729505296982e+01 6.6673171906764117e-01 1.0652854868155753e+01 -1.1396732016679509e+00 -8.4636525421972486e-01 2.5866149784742762e+00 3.1065769427793804e-02 1.3393997000000000e-02 5.9017653000000003e-01
3.8685115489470373e-02 -5.5189749953261021e+01 6.7760430340484890e-01 1.0615932942839100e+01 -7.1687140700033791e-01 -9.7929770013253759e-01 2.5340195547268713e+00 4.1368563319570964e-02 1.3344429999999999e-02 6.0354666000000001e-01
4.3659636354753534e-02 -5.5746171569382213e+01 6.8843211297220730e-01 1.0529681179514631e+01 -2.9391784453621123e-01 -1.1149154933976493e+00 2.4835348809658617e+00 5.1495195028015105e-02 1.3283893999999999e-02 6.1686173000000000e-01
4.8609495830925192e-02 -5.6379817346169091e+01 6.9920624323412151e-01 1.0397609302571588e+01 1.2166216199176190e-01 -1.2535894472989275e+00 2.4349775997097751e+00 6.1390845507642164e-02 1.3212384000000001e-02 6.3011079000000003e-01
5.3530588045142713e-02 -5.7093893375576926e+01 7.0991775712701266e-01 1.0223872977984254e+01 5.2346760057090491e-01 -1.3957103004237825e+00 2.3881958446479001e+00 7.0997307956704669e-02 1.3129907000000000e-02 6.4328284999999996e-01
5.8418818332587830e-02 -5.7892022574738370e+01 7.2055774198329015e-01 1.0013081306946223e+01 9.0620074085487445e-01 -1.5416901899776567e+00 2.3430652860179020e+00 8.0260181883409693e-02 1.3036481000000001e-02 6.5636695000000000e-01
6.3270106972474260e-02 -5.8778285876311926e+01 7.3111731766334698e-01 9.7701165897212139e+00 1.2656232184333605e+00 -1.6919665829851644e+00 2.2994857156681823e+00 8.9127515403319993e-02 1.2932137999999999e-02 6.6935217000000002e-01
6.8080377980023810e-02 -5.9757249761006889e+01 7.4158761215957225e-01 9.4999839683010983e+00 1.5984908815011274e+00 -1.8470046558104074e+00 2.2573777479190626e+00 9.7553573122487094e-02 1.2816919000000000e-02 6.8222760000000005e-01
7.2845581522514635e-02 -6.0834023941056799e+01 7.5195981038832671e-01 9.2076768482770071e+00 1.9024828728889747e+00 -2.0073012940595638e+00 2.2166787858767618e+00 1.0549984628362985e-01 1.2690879000000000e-02 6.9498240000000000e-01
7.7561686447265188e-02 -6.2014304152166268e+01 7.6222513792595148e-01 8.8980678186658917e+00 2.1761143458551819e+00 -2.1733885644678783e+00 2.1773408476552398e+00 1.1293561410180246e-01 1.2554085000000000e-02 7.0760577999999996e-01
8.2224684017642102e-02 -6.3304446553095168e+01 7.7237486914076303e-01 8.5758140529302587e+00 2.4186446410635751e+00 -2.3458379621406857e+00 2.1393276619349271e+00 1.1983847846803411e-01 1.2406611999999999e-02 7.2008700999999997e-01
8.6830606593100490e-02 -6.4711523479823128e+01 7.8240036785303380e-01 8.2452927668175544e+00 2.6299857753460305e+00 -2.5252657520976975e+00 2.1026113585462718e+00 1.2619414109700541e-01 1.2248551000000000e-02 7.3241546999999996e-01
9.1375516421159986e-02 -6.6243396322424317e+01 7.9229306293900414e-01 7.9105418313391782e+00 2.8106091802370483e+00 -2.7123378204174311e+00 2.0671709141554828e+00 1.3199649537861149e-01 1.2080001999999999e-02 7.4458062000000003e-01
9.5855513109420420e-02 -6.7908824144044303e+01 8.0204446459487388e-01 7.5752276447469002e+00 2.9614530854069985e+00 -2.9077758846208681e+00 2.0329902778423357e+00 1.3724652240326676e-01 1.1901076999999999e-02 7.5657202000000001e-01
1.0026674109757855e-01 -6.9717553277356217e+01 8.1164618060079485e-01 7.2426194698298749e+00 3.0838366622214175e+00 -3.1123650895546948e+00 2.0000562701941109e+00 1.4195212675828109e-01 1.1711898000000000e-02 7.6837935000000002e-01
1.0460540086545139e-01 -7.1680441550349883e+01 8.2108994071685837e-01 6.9155810504093616e+00 3.1793774580479588e+00 -3.3269599877814446e+00 1.9683575689501707e+00 1.4612718382532172e-01 1.1512599000000000e-02 7.7999244000000001e-01
1.0886773025293683e-01 -7.3809585182857575e+01 8.3036755602311574e-01 6.5965727253777953e+00 3.2499179278135086e+00 -3.5524960318630798e+00 1.9378837473238479e+00 1.4979058884519447e-01 1.1303326000000001e-02 7.9140122000000002e-01
1.1305004182009332e-01 -7.6118490493183089e+01 8.3947100023953736e-01 6.2876576059480325e+00 3.2974479073784742e+00 -3.7899988641659337e+00 1.9086238122180843e+00 1.5296562451997819e-01 1.1084235000000000e-02 8.0259581999999996e-01
1.1714868922306815e-01 -7.8622243833914851e+01 8.4839233653805002e-01 5.9905229633868595e+00 3.3240912841481953e+00 -4.0405951079308311e+00 1.8805669932760662e+00 1.5567905512074640e-01 1.0855490000000001e-02 8.1356647999999998e-01
1.2116010083816919e-01 -8.1337718922463239e+01 8.5712379073049949e-01 5.7064992063686697e+00 3.3319590505305867e+00 -4.3055275799537647e+00 1.8537005143402296e+00 1.5796015932375337e-01 1.0617270000000000e-02 8.2430364000000000e-01
1.2508077228984943e-01 -8.4283842085749257e+01 8.6565773500465937e-01 5.4365871017836751e+00 3.3232004042202146e+00 -4.5861707925212061e+00 1.8280081099178191e+00 1.5984012937980974e-01 1.0369760000000000e-02 8.3479791999999997e-01
1.2890727018671455e-01 -8.7481871237266986e+01 8.7398669605622681e-01 5.1814875373097102e+00 3.2999160809252084e+00 -4.8840487564349120e+00 1.8034760504627618e+00 1.6135128362385029e-01 1.0113159000000000e-02 8.4504013000000000e-01
1.3263623585753126e-01 -9.0955733276977583e+01 8.8210336322081850e-01 4.9416313599092518e+00 3.2641388096133199e+00 -5.2008582137822232e+00 1.7800858999978095e+00 1.6252647002391885e-01 9.8476710000000005e-03 8.5502127999999999e-01
1.3626438535122709e-01 -9.4732428866807368e+01 8.9000058847397057e-01 4.7172103989083922e+00 3.2178088502035029e+00 -5.5384924743130171e+00 1.7578182792071009e+00 1.6339850285999041e-01 9.5735140000000000e-03 8.6473257999999997e-01
1.3978852811693077e-01 -9.8842507361152897e+01 8.9767142709111869e-01 4.5082094612320978e+00 3.1627555233754405e+00 -5.8990739775775669e+00 1.7366522072035733e+00 1.6399970201191588e-01 9.2909130999999992e-03 8.7416548999999999e-01
1.4320554832393195e-01 -1.0332065146326903e+02 9.0510909698761810e-01 4.3144354618394347e+00 3.1006844796422111e+00 -6.2849883690646626e+00 1.7165653509424799e+00 1.6436153162048525e-01 9.0001030000000006e-03 8.8331166999999999e-01
1.4651242727772956e-01 -1.0820634782057626e+02 9.1230702751071935e-01 4.1355466044095923e+00 3.0331703403621084e+00 -6.6989297016516547e+00 1.6975342515799943e+00 1.6451406330577120e-01 8.7013270999999996e-03 8.9216304000000002e-01
1.4970623221200741e-01 -1.1354471858199405e+02 9.1925883504358041e-01 3.9710803822209990e+00 2.9616500485315607e+00 -7.1439518742649701e+00 1.6795344072163141e+00 1.6448620484165991e-01 8.3948374000000006e-03 9.0071175000000003e-01
1.5278413496867471e-01 -1.1938755633263678e+02 9.2595836366524675e-01 3.8204763286790175e+00 2.8874236436964118e+00 -7.6235346722152801e+00 1.6625406742846320e+00 1.6430489765568010e-01 8.0808944000000001e-03 9.0895022999999997e-01
1.5574339705383372e-01 -1.2579453212193619e+02 9.3239965262266722e-01 3.6831010849211654e+00 2.8116565383962109e+00 -8.1416600538752402e+00 1.6465274475540419e+00 1.6399544161758756e-01 7.7597663000000001e-03 9.1687114999999997e-01
1.5858138458181215e-01 -1.3283477754730401e+02 9.3857696885867803e-01 3.5582672607441679e+00 2.7353827327083042e+00 -8.7029123367743395e+00 1.6314689715899988e+00 1.6358123952630366e-01 7.4317293999999999e-03 9.2446746000000002e-01
1.6129557201117078e-01 -1.4058879777906336e+02 9.4448481514399873e-01 3.4452531986923569e+00 2.6595099297804801e+00 -9.3125992442196619e+00 1.6173394723505667e+00 1.6308383770310259e-01 7.0970672000000004e-03 9.3173240000000002e-01
1.6388353467268785e-01 -1.4915093871875894e+02 9.5011791381324018e-01 3.3433176262217903e+00 2.5848294727969399e+00 -9.9769085195484664e+00 1.6041135374540940e+00 1.6252282328481990e-01 6.7560703000000000e-03 9.3865947999999999e-01
1.6634296744939892e-01 -1.5863254849702150e+02 9.5547124742488465e-01 3.2517138396322265e+00 2.5120217015875954e+00 -1.0703109864868953e+01 1.5917661041861078e+00 1.6191599016859362e-01 6.4090362999999996e-03 9.4524253000000003e-01
1.6867166236054881e-01 -1.6916599903671704e+02 9.6054000996930966e-01 3.1697024036176140e+00 2.4416673309325674e+00 -1.1499808686606594e+01 1.5802728776335906e+00 1.6127936105156426e-01 6.0562691999999996e-03 9.5147563999999996e-01
1.7086754592167208e-01 -1.8091023628247422e+02 9.6531968818874803e-01 3.0965595591970208e+00 2.3742547094339370e+00 -1.2377301762868823e+01 1.5696102823771214e+00 1.6062713483155258e-01 5.6980790999999996e-03 9.5735325999999998e-01
1.7292864178451239e-01 -1.9405787034731887e+02 9.6980598025732789e-01 3.0315868669503612e+00 2.3101914358322486e+00 -1.3348027794185338e+01 1.5597557116752858e+00 1.5997196316941475e-01 5.3347821999999998e-03 9.6287009999999995e-01
1.7485310809710303e-01 -2.0884533763089473e+02 9.7399487710103250e-01 2.9741166836437607e+00 2.2498103822418556e+00 -1.4427220651349540e+01 1.5506879815003609e+00 1.5932502232827719e-01 4.9667000000000001e-03 9.6802122999999995e-01
1.7663921135171068e-01 -2.2556673277439043e+02 9.7788260547372874e-01 2.9235183392765691e+00 2.1933822620144894e+00 -1.5633786267632738e+01 1.5423865892472353e+00 1.5869602874116215e-01 4.5941591999999996e-03 9.7280200999999999e-01
1.7828535627289971e-01 -2.4459424917865414e+02 9.8146569301313424e-01 2.8792010869189468e+00 2.1411213165821619e+00 -1.6991628250912498e+01 1.5348326284573690e+00 1.5809346135166855e-01 4.2174915999999996e-03 9.7720817000000004e-01
1.7979005592946773e-01 -2.6640794229586584e+02 9.8474090318485019e-01 2.8406194842864205e+00 2.0931954906631223e+00 -1.8531552107765012e+01 1.5280085802491219e+00 1.5752462149854526e-01 3.8370333000000002e-03 9.8123572999999997e-01
1.8115196162251029e-01 -2.9164249469332691e+02 9.8770530033832893e-01 2.8072723180288999e+00 2.0497326399268432e+00 -2.0294282566931884e+01 1.5218982286834164e+00 1.5699574575887476e-01 3.4531249000000000e-03 9.8488107999999996e-01
1.8236985167739628e-01 -3.2116221656351746e+02 9.9035622531088596e-01 2.7787076300135554e+00 2.0108278926566245e+00 -2.2335304720105572e+01 1.5164869741961575e+00 1.5651208613503034e-01 3.0661112999999999e-03 9.8814095000000002e-01
1.8344262397175209e-01 -3.5618907001470149e+02 9.9269127916370803e-01 2.7545104705737682e+00 1.9765502553111380e+00 -2.4733138013354619e+01 1.5117616801455716e+00 1.5607818774723195e-01 2.6763420000000000e-03 9.9101238999999997e-01
1.8436931835150999e-01 -3.9853859919686647e+02 9.9470837197382911e-01 2.7343558506518670e+00 1.9469473528709744e+00 -2.7604631806574400e+01 1.5077107026450403e+00 1.5569768087047339e-01 2.2841723000000002e-03 9.9349282999999999e-01
1.8514910915889177e-01 -4.5109442953263647e+02 9.9640570657013816e-01 2.7179077726259293e+00 1.9220508015570743e+00 -3.1135717811326970e+01 1.5043239930472585e+00 1.5537357110806652e-01 1.8899688000000000e-03 9.9558005999999999e-01
1.8578130149640093e-01 -5.1889834408150682e+02 9.9778177040138361e-01 2.7049198458600419e+00 1.9018806933435823e+00 -3.5652203861714177e+01 1.5015930817455412e+00 1.5510827274401223e-01 1.4941295000000000e-03 9.9727222000000004e-01
1.8626538353093508e-01 -6.1222506969877111e+02 9.9883544938411661e-01 2.6951836871426016e+00 1.8864462726165037e+00 -4.1819587086530476e+01 1.4995108791386071e+00 1.5490390665652104e-01 1.0971916000000000e-03 9.9856794000000004e-01
1.8660116846209196e-01 -7.5917600186882191e+02 9.9956633691853813e-01 2.6885361964269894e+00 1.8757481720249931e+00 -5.1462221061405934e+01 1.4980710812870470e+00 1.5476098066681437e-01 7.0085733000000002e-04 9.9946672000000003e-01
