-9.1408409499430010e-01 -4.3581694415878206e+02 9.1408605328531523e-01 -5.5883104114445803e+02 -1.2639350753109713e+02 2.9257008153272626e+01 -3.7310250664334632e+01 -8.2743776896557542e+00 5.5301730000000003e-06 1.0230946000000001e-06
-9.1404954102669456e-01 -3.1643185690930005e+02 9.1408767713191241e-01 -4.3937334621238364e+02 -1.2639237495178084e+02 2.1440154701807508e+01 -2.9490013060423969e+01 -8.2743264609649803e+00 3.5894988000000002e-05 1.9923924999999999e-05
-9.1394113236906183e-01 -2.6107122547096554e+02 9.1409277174309611e-01 -3.8382727988397164e+02 -1.2638882168156063e+02 1.7812742927966074e+01 -2.5853900562443286e+01 -8.2741657393567944e+00 8.5619985000000003e-05 7.9222864999999994e-05
-9.1372651841231178e-01 -2.2479451298264433e+02 9.1410285741972108e-01 -3.4723604929758227e+02 -1.2638178759528479e+02 1.5432524865624629e+01 -2.3458838468648942e+01 -8.2738475710684565e+00 1.5173507999999999e-04 1.9661552000000001e-04
-9.1337738570930083e-01 -1.9790842961430326e+02 9.1411926473821559e-01 -3.1989974475714905e+02 -1.2637034525433853e+02 1.3664890572682777e+01 -2.1669839715171999e+01 -8.2733300004511126e+00 2.3255418000000001e-04 3.8758918999999998e-04
-9.1286798386422818e-01 -1.7666071516832457e+02 9.1414320382567926e-01 -2.9806463463371676e+02 -1.2635365179969057e+02 1.2264248035045501e+01 -2.0241178591258112e+01 -8.2725748920544966e+00 3.2689763000000001e-04 6.6622920000000002e-04
-9.1217445477635428e-01 -1.5919761375425819e+02 9.1417579588174236e-01 -2.7987867444759030e+02 -1.2633092720008383e+02 1.1109342373838487e+01 -1.9051619503554324e+01 -8.2715469439589970e+00 4.3385032000000002e-04 1.0455858000000000e-03
-9.1127445725231726e-01 -1.4446413677080423e+02 9.1421809081972383e-01 -2.6429068052715138e+02 -1.2630144219949280e+02 1.0131241123705779e+01 -1.8032351834400075e+01 -8.2702131406958426e+00 5.5265518999999999e-04 1.5378795000000000e-03
-9.1014693495627008e-01 -1.3180068040178014e+02 9.1427107817170028e-01 -2.5064626310900047e+02 -1.2626451097625096e+02 9.2869140331976450e+00 -1.7140539112055194e+01 -8.2685424188315260e+00 6.8265765000000004e-04 2.1546280000000000e-03
-9.0877195971726421e-01 -1.2076592932251725e+02 9.1433569445219731e-01 -2.3851026603576602e+02 -1.2621948628088690e+02 8.5476308766454530e+00 -1.6347694870521959e+01 -8.2665054435293772e+00 8.2327310000000005e-04 2.9067318999999999e-03
-9.0713062476400885e-01 -1.1104905968135277e+02 9.1441282817556957e-01 -2.2757863938916020e+02 -1.2616575622177390e+02 7.8932077287982647e+00 -1.5633913895440648e+01 -8.2640744605090628e+00 9.7396649000000004e-04 3.8045331000000002e-03
-9.0520496666192918e-01 -1.0242211226854842e+02 9.1450332352452979e-01 -2.1763057248692530e+02 -1.2610274198438023e+02 7.3088849284669122e+00 -1.4984738793179762e+01 -8.2612231908385745e+00 1.1342389000000000e-03 4.8578574999999999e-03
-9.0297790827420277e-01 -9.4712349557901561e+01 9.1460798303066659e-01 -2.0850066455135834e+02 -1.2602989626088181e+02 6.7835139764223289e+00 -1.4389338349454063e+01 -8.2579267560078158e+00 1.3036180000000001e-03 6.0760461999999999e-03
-9.0043321744507354e-01 -8.7785306807867372e+01 9.1472756951610190e-01 -2.0006184120472892e+02 -1.2594670212872346e+02 6.3084458879753500e+00 -1.3839389319623896e+01 -8.2541616267476368e+00 1.4816515000000000e-03 7.4679780999999997e-03
-8.9755547354430520e-01 -8.1533926057826008e+01 9.1486280766571781e-01 -1.9221438149962077e+02 -1.2585267230936655e+02 5.8768186937139104e+00 -1.3328358189218658e+01 -8.2499055832052601e+00 1.6679024999999999e-03 9.0420881999999994e-03
-8.9433004479785005e-01 -7.5871337865851103e+01 9.1501438509249022e-01 -1.8487862101825920e+02 -1.2574734862039585e+02 5.4830829306229001e+00 -1.2851023580878195e+01 -8.2451376908114149e+00 1.8619452999999999e-03 1.0806380000000001e-02
-8.9074306726387087e-01 -7.0725900966016908e+01 9.1518295332550059e-01 -1.7798992952578072e+02 -1.2563030159063720e+02 5.1226763668932529e+00 -1.2403147569433667e+01 -8.2398382782191746e+00 2.0633631000000000e-03 1.2768437000000001e-02
-8.8678143514343044e-01 -6.6037714924822524e+01 9.1536912826528039e-01 -1.7149518213049538e+02 -1.2550114656351454e+02 4.7917960663587724e+00 -1.1981244737412766e+01 -8.2339889315444239e+00 2.2717459999999998e-03 1.4935428000000001e-02
-8.8243278450976081e-01 -6.1756090218415579e+01 9.1557349094844565e-01 -1.6535019392140146e+02 -1.2535947850668119e+02 4.4872319140177970e+00 -1.1582414309879770e+01 -8.2275724783429851e+00 2.4866887000000002e-03 1.7314116000000001e-02
-8.7768549367389825e-01 -5.7837697408875876e+01 9.1579658753051429e-01 -1.5951785145984854e+02 -1.2520496964110404e+02 4.2062457099973374e+00 -1.1204217883061780e+01 -8.2205729955280820e+00 2.7077901999999999e-03 1.9910858000000000e-02
-8.7252866307479127e-01 -5.4245157172915029e+01 9.1603893023096084e-01 -1.5396668306037182e+02 -1.2503730400830531e+02 3.9464789860178540e+00 -1.0844585903785678e+01 -8.2129757863832697e+00 2.9346520999999999e-03 2.2731616000000000e-02
-8.6695212624833295e-01 -5.0945985917070566e+01 9.1630099681773169e-01 -1.4866980365620583e+02 -1.2485619420846518e+02 3.7058843461822000e+00 -1.0501748630397884e+01 -8.2047674020560404e+00 3.1668782999999998e-03 2.5781951000000001e-02
-8.6094643885832900e-01 -4.7911759893120845e+01 9.1658323112272966e-01 -1.4360407334395504e+02 -1.2466138122365852e+02 3.4826710761673381e+00 -1.0174181111249416e+01 -8.1959356324701176e+00 3.4040742000000001e-03 2.9067029000000001e-02
-8.5450287138380976e-01 -4.5117461130272190e+01 9.1688604338547008e-01 -1.3874944522289286e+02 -1.2445263425870961e+02 3.2752627624472446e+00 -9.8605604705197720e+00 -8.1864694973662360e+00 3.6458464000000000e-03 3.2591624999999999e-02
-8.4761342008806240e-01 -4.2540963375388188e+01 9.1720980973759636e-01 -1.3408845684035504e+02 -1.2422975121489381e+02 3.0822641504036237e+00 -9.5597329170629308e+00 -8.1763592662240256e+00 3.8918026000000000e-03 3.6360116999999997e-02
-8.4027079239325508e-01 -4.0162605288122592e+01 9.1755487289019266e-01 -1.2960581305426746e+02 -1.2399255824840878e+02 2.9024336914936741e+00 -9.2706860973215548e+00 -8.1655964398438137e+00 4.1415510999999999e-03 4.0376493999999999e-02
-8.3246841236495273e-01 -3.7964851451386295e+01 9.1792154187604158e-01 -1.2528805443970631e+02 -1.2374090999520187e+02 2.7346618532581819e+00 -8.9925276892584520e+00 -8.1541737577272002e+00 4.3947007000000003e-03 4.4644352999999998e-02
-8.2420042071211730e-01 -3.5932008798317234e+01 9.1831009204962388e-01 -1.2112328662998380e+02 -1.2347468950207100e+02 2.5779530845561598e+00 -8.7244676529901621e+00 -8.1420852006465960e+00 4.6508610999999997e-03 4.9166899000000000e-02
-8.1546166747441984e-01 -3.4049989824227346e+01 9.1872076543077508e-01 -1.1710095324563585e+02 -1.2319380806844443e+02 2.4314108194299546e+00 -8.4658034177651729e+00 -8.1293259758669674e+00 4.9096423000000002e-03 5.3946949000000001e-02
-8.0624772116310006e-01 -3.2306117001917464e+01 9.1915377027511524e-01 -1.1321165615915524e+02 -1.2289820537954559e+02 2.2942251921520098e+00 -8.2159080712459023e+00 -8.1158925305122427e+00 5.1706551000000002e-03 5.8986927000000001e-02
-7.9655485230741918e-01 -3.0688952128759972e+01 9.1960928184727475e-01 -1.0944699374475809e+02 -1.2258784889486392e+02 2.1656623083871387e+00 -7.9742200577683828e+00 -8.1017825231721066e+00 5.4335110000000002e-03 6.4288872999999996e-02
-7.8638004990820720e-01 -2.9188156867227804e+01 9.2008744164766876e-01 -1.0579943889026758e+02 -1.2226273424625768e+02 2.0450556137425870e+00 -7.7402349111960547e+00 -8.0869948429661864e+00 5.6978226000000002e-03 6.9854434000000007e-02
-7.7572100315614367e-01 -2.7794367353089363e+01 9.2058835827163710e-01 -1.0226222265703939e+02 -1.2192288446955486e+02 1.9317980775695318e+00 -7.5134978455161718e+00 -8.0715295765100930e+00 5.9632034000000004e-03 7.5684873999999999e-02
-7.6457611057261732e-01 -2.6499089900732297e+01 9.2111210697987389e-01 -9.8829245425164771e+01 -1.2156835009615166e+02 1.8253357900972840e+00 -7.2935979477556216e+00 -8.0553880162262335e+00 6.2292681999999997e-03 8.1781068999999998e-02
-7.5294447269703813e-01 -2.5294608117258452e+01 9.2165873004208421e-01 -9.5494994536040792e+01 -1.2119920867022775e+02 1.7251622868422338e+00 -7.0801628385768725e+00 -8.0385726384676470e+00 6.4956331999999999e-03 8.8143510999999994e-02
-7.4082589208683747e-01 -2.4173902885701168e+01 9.2222823673698395e-01 -9.2254478045769261e+01 -1.2081556447015888e+02 1.6308136059238050e+00 -6.8728543083810489e+00 -8.0210870954524491e+00 6.7619166000000000e-03 9.4772308000000000e-02
-7.2822086234843675e-01 -2.3130581010958135e+01 9.2282060386778353e-01 -8.9103162815024731e+01 -1.2041754787538589e+02 1.5418639730517658e+00 -6.6713642906031634e+00 -8.0029361897447107e+00 7.0277381999999996e-03 1.0166719000000000e-01
-7.1513056630907523e-01 -2.2158813566448107e+01 9.2343577584810277e-01 -8.6036923399834450e+01 -1.2000531494408470e+02 1.4579220458078828e+00 -6.4754118459759109e+00 -7.9841258581678201e+00 7.2927204000000001e-03 1.0882751000000000e-01
-7.0155690161121698e-01 -2.1253282861699894e+01 9.2407366349917364e-01 -8.3052005324227494e+01 -1.1957904784783911e+02 1.3786277589401075e+00 -6.2847401403290526e+00 -7.9646631957357794e+00 7.5564877000000004e-03 1.1625223000000000e-01
-6.8750242769556502e-01 -2.0409130091576351e+01 9.2473414654134767e-01 -8.0144973687431687e+01 -1.1913895282572629e+02 1.3036490636194127e+00 -6.0991137433369724e+00 -7.9445563666533658e+00 7.8186677999999999e-03 1.2393994999999999e-01
-6.7297036214471762e-01 -1.9621912896661829e+01 9.2541707376592408e-01 -7.7312681138955838e+01 -1.1868525960749828e+02 1.2326793674210283e+00 -5.9183162602565256e+00 -7.9238145812552006e+00 8.0788911000000008e-03 1.3188891000000000e-01
-6.5796463552832596e-01 -1.8887569839951599e+01 9.2612226045772816e-01 -7.4552248275782972e+01 -1.1821822268830408e+02 1.1654354903702622e+00 -5.7421491765274260e+00 -7.9024481638072910e+00 8.3367917000000003e-03 1.4009695999999999e-01
-6.4248981827621698e-01 -1.8202382113520873e+01 9.2684949183167364e-01 -7.1861026229852357e+01 -1.1773811857055838e+02 1.1016552329623606e+00 -5.5704292817556187e+00 -7.8804684259118272e+00 8.5920070000000005e-03 1.4856159999999999e-01
-6.2655115724183186e-01 -1.7562945642860882e+01 9.2759852131448117e-01 -6.9236578199830035e+01 -1.1724524640957254e+02 1.0410956928635189e+00 -5.4029876760305973e+00 -7.8578877012353603e+00 8.8441787999999997e-03 1.5727996000000000e-01
-6.1015453913878792e-01 -1.6966137713081341e+01 9.2836907226295906e-01 -6.6676655604544763e+01 -1.1673992628097803e+02 9.8353145311602419e-01 -5.2396680872167485e+00 -7.8347192822477680e+00 9.0929527999999999e-03 1.6624881999999999e-01
-5.9330649054087781e-01 -1.6409100885067577e+01 9.2916083796400406e-01 -6.4179179438045651e+01 -1.1622249872025495e+02 9.2875308881299068e-01 -5.0803257475278425e+00 -7.8109773873877018e+00 9.3379794999999995e-03 1.7546460999999999e-01
-5.7601415960035085e-01 -1.5889211848133472e+01 9.2997348249374057e-01 -6.1742222964915463e+01 -1.1569332355786561e+02 8.7656576311215506e-01 -4.9248262534114247e+00 -7.7866771292216397e+00 9.5789143999999993e-03 1.8492342000000001e-01
-5.5828537089307084e-01 -1.5404067150888505e+01 9.3080663814010067e-01 -5.9364005609293770e+01 -1.1515278103622157e+02 8.2678815315242493e-01 -4.7730451673750824e+00 -7.7618345625418712e+00 9.8154178999999998e-03 1.9462097000000000e-01
-5.4012853400991956e-01 -1.4951461509701266e+01 9.3165990969852497e-01 -5.7042866832860838e+01 -1.1460126839454139e+02 7.7925105398821337e-01 -4.6248663841573316e+00 -7.7364665359459988e+00 1.0047156000000000e-02 2.0455266000000000e-01
-5.2155262527507673e-01 -1.4529371578719497e+01 9.3253287533110352e-01 -5.4777255238915160e+01 -1.1403919872377440e+02 7.3379634303340835e-01 -4.4801813373276964e+00 -7.7105906511586575e+00 1.0273801000000001e-02 2.1471357999999999e-01
-5.0256727915461763e-01 -1.4135943319082610e+01 9.3342508227087406e-01 -5.2565729572810291e+01 -1.1346700316873707e+02 6.9027630346414837e-01 -4.3388891922173487e+00 -7.6842252411023377e+00 1.0495031000000000e-02 2.2509846000000000e-01
-4.8318267856619690e-01 -1.3769476228235247e+01 9.3433605197666358e-01 -5.0406936527196720e+01 -1.1288512694319287e+02 6.4855245960545571e-01 -4.2008952688329009e+00 -7.6573896792275304e+00 1.0710529999999999e-02 2.3570173000000000e-01
-4.6340957316076725e-01 -1.3428411961072490e+01 9.3526527927394887e-01 -4.8299605809952929e+01 -1.1229401793132394e+02 6.0849491199188921e-01 -4.0661108582642367e+00 -7.6301032241871241e+00 1.0919989999999999e-02 2.4651751000000000e-01
-4.4325929760429961e-01 -1.3111323790386830e+01 9.3621223149571497e-01 -4.6242545782602384e+01 -1.1169417232924202e+02 5.6998163088211196e-01 -3.9344528526433629e+00 -7.6023876908167205e+00 1.1123108000000000e-02 2.5753959999999998e-01
-4.2274371673262462e-01 -1.2816905896302854e+01 9.3717635105987751e-01 -4.4234630441123890e+01 -1.1108606353065110e+02 5.3289769773670215e-01 -3.8058429757938184e+00 -7.5742628627449600e+00 1.1319591000000000e-02 2.6876150999999998e-01
-4.0187520726971360e-01 -1.2543964516866028e+01 9.3815705632842206e-01 -4.2274794261892794e+01 -1.1047018700274342e+02 4.9713467971741165e-01 -3.6802073539837719e+00 -7.5457508085916185e+00 1.1509152000000000e-02 2.8017647000000001e-01
-3.8066667610939797e-01 -1.2291410247812037e+01 9.3915374074826419e-01 -4.0362027994902363e+01 -1.0984704881124328e+02 4.6259010939567408e-01 -3.5574763440442267e+00 -7.5168737141534114e+00 1.1691511000000000e-02 2.9177742000000001e-01
-3.5913157859708811e-01 -1.2058251075697051e+01 9.4016577199210927e-01 -3.8495376465560078e+01 -1.0921716545577361e+02 4.2916699143105297e-01 -3.4375843320990240e+00 -7.4876543074284960e+00 1.1866398000000000e-02 3.0355700000000002e-01
-3.3728377227601936e-01 -1.1843584350867092e+01 9.4119249883157485e-01 -3.6673922078072138e+01 -1.0858105905360897e+02 3.9677309041589653e-01 -3.3204686746115306e+00 -7.4581156495349843e+00 1.2033550000000000e-02 3.1550762999999998e-01
-3.1513764485928675e-01 -1.1646592561999896e+01 9.4223324512320861e-01 -3.4896793287433951e+01 -1.0793926052392042e+02 3.6532069440446024e-01 -3.2060702258054845e+00 -7.4282812828075091e+00 1.2192715000000000e-02 3.2762143999999999e-01
-2.9270802282124897e-01 -1.1466537248883112e+01 9.4328731410418976e-01 -3.3163152919821023e+01 -1.0729230637876611e+02 3.3472605094386132e-01 -3.0943326209370698e+00 -7.3981750910236750e+00 1.2343646000000000e-02 3.3989032000000002e-01
-2.7001018967924739e-01 -1.1302754625963914e+01 9.4435398753318889e-01 -3.1472198720224480e+01 -1.0664073872303969e+02 3.0490900440510377e-01 -2.9852022468195458e+00 -7.3678213109689130e+00 1.2486109000000000e-02 3.5230591000000000e-01
-2.4705981286672873e-01 -1.1154651094623327e+01 9.4543252912692954e-01 -2.9823154757934741e+01 -1.0598510271568456e+02 2.7579252660144021e-01 -2.8786277451783020e+00 -7.3372443981290267e+00 1.2619877000000000e-02 3.6485963999999999e-01
-2.2387299857840282e-01 -1.1021700251184143e+01 9.4652218198276661e-01 -2.8215274291912706e+01 -1.0532594754268901e+02 2.4730244176040056e-01 -2.7745600740025473e+00 -7.3064690990850698e+00 1.2744734000000001e-02 3.7754270000000001e-01
-2.0046623692508569e-01 -1.0903438897958178e+01 9.4762217115610803e-01 -2.6647833758038779e+01 -1.0466382462326004e+02 2.1936701508640916e-01 -2.6729523099899337e+00 -7.2755203555165053e+00 1.2860473000000001e-02 3.9034606999999999e-01
-1.7685636537025939e-01 -1.0799465039582527e+01 9.4873170537869489e-01 -2.5120130224722498e+01 -1.0399928592320748e+02 1.9191659303778386e-01 -2.5737592447764670e+00 -7.2444232448665815e+00 1.2966896000000000e-02 4.0326054000000000e-01
-1.5306060529351195e-01 -1.0709435826265508e+01 9.4984997534032123e-01 -2.3631481730093117e+01 -1.0333288481051137e+02 1.6488333334493932e-01 -2.4769375327102972e+00 -7.2132030081071594e+00 1.3063819000000001e-02 4.1627669000000000e-01
-1.2909645230022093e-01 -1.0633064660730096e+01 9.5097615884367570e-01 -2.2181220083052757e+01 -1.0266517244028627e+02 1.3820077744335396e-01 -2.3824451763731544e+00 -7.1818848945108780e+00 1.3151064000000001e-02 4.2938494999999999e-01
-1.0498178591186935e-01 -1.0570120791303546e+01 9.5210941564949980e-01 -2.0768696950270865e+01 -1.0199670067275041e+02 1.1180368141872787e-01 -2.2902419130288427e+00 -7.1504942974859631e+00 1.3228465999999999e-02 4.4257553999999999e-01
-8.0734723312290924e-02 -1.0520427693250022e+01 9.5324889434971072e-01 -1.9393274690000073e+01 -1.0132801758828339e+02 8.5627558457586517e-02 -2.2002886049350763e+00 -7.1190565473954557e+00 1.3295871000000001e-02 4.5583855000000001e-01
-5.6373692474548154e-02 -1.0483862675699886e+01 9.5439372893083929e-01 -1.8054330383253340e+01 -1.0065966933513103e+02 5.9608470880681330e-02 -2.1125474597036336e+00 -7.0875969981623932e+00 1.3353135000000000e-02 4.6916390000000002e-01
-3.1917340752334766e-02 -1.0460356460169555e+01 9.5554304306973259e-01 -1.6751250593567992e+01 -9.9992197368214875e+01 3.3682639289873140e-02 -2.0269817272225632e+00 -7.0561409030435298e+00 1.3400123999999999e-02 4.8254139000000001e-01
-7.3845714434150889e-03 -1.0449893451216173e+01 9.5669594841527272e-01 -1.5483433507114320e+01 -9.9326139283467938e+01 7.7861867962886189e-03 -1.9435557839010735e+00 -7.0247134528510049e+00 1.3436718000000000e-02 4.9596067999999999e-01
1.7205529337253833e-02 -1.0452512191113986e+01 9.5785154802493833e-01 -1.4250285074741152e+01 -9.8662026711868847e+01 -1.8145238423037502e-02 -1.8622348617873312e+00 -6.9933396790138254e+00 1.3462807000000000e-02 5.0941133000000005e-01
4.1833619530644017e-02 -1.0468306334422500e+01 9.5900893292824319e-01 -1.3051223161790157e+01 -9.8000387146509013e+01 -4.4176697272199972e-02 -1.7829853287511743e+00 -6.9620445314378765e+00 1.3478291000000000e-02 5.2288276000000000e-01
6.6480265669131677e-02 -1.0497426105039800e+01 9.6016718985899940e-01 -1.1885669490739758e+01 -9.7341739503464780e+01 -7.0374455913179590e-02 -1.7057741203667729e+00 -6.9308526819086271e+00 1.3483083000000000e-02 5.3636434000000000e-01
9.1125851467899310e-02 -1.0540080130051843e+01 9.6132539695961539e-01 -1.0753054920994638e+01 -9.6686596497230482e+01 -9.6806225150661951e-02 -1.6305690757608950e+00 -6.8997886805192854e+00 1.3477108000000000e-02 5.4984533999999996e-01
1.1575061438837564e-01 -1.0596537785464847e+01 9.6248262549937724e-01 -9.6528178789667667e+00 -9.6035463714104608e+01 -1.2354155604306349e-01 -1.5573388262630172e+00 -6.8688767137672517e+00 1.3460300999999999e-02 5.6331494999999998e-01
1.4033470048339225e-01 -1.0667132159114297e+01 9.6363794245186907e-01 -8.5844026278543435e+00 -9.5388838169782005e+01 -1.5065227640103873e-01 -1.4860526448272764e+00 -6.8381408251011582e+00 1.3432611000000001e-02 5.7676231000000000e-01
1.6485820096062309e-01 -1.0752263637811957e+01 9.6479041221325368e-01 -7.5472581733242379e+00 -9.4747207482321755e+01 -1.7821293642627012e-01 -1.4166803709009166e+00 -6.8076046812154392e+00 1.3393997000000000e-02 5.9017653000000003e-01
1.8930109733742595e-01 -1.0852403818879573e+01 9.6593909402485223e-01 -6.5408415900434891e+00 -9.4111051712787074e+01 -2.0630118476207060e-01 -1.3491926001008012e+00 -6.7772916952386897e+00 1.3344429999999999e-02 6.0354666000000001e-01
2.1364333456772033e-01 -1.0968100627945800e+01 9.6708304540970502e-01 -5.5646154319625358e+00 -9.3480840675361051e+01 -2.3499832360246664e-01 -1.2835605045256409e+00 -6.7472249329256622e+00 1.3283893999999999e-02 6.1686173000000000e-01
2.3786489416886447e-01 -1.1099983687092831e+01 9.6822132560913299e-01 -4.6180455977469714e+00 -9.2857032811300343e+01 -2.6438990794268930e-01 -1.2197556636096558e+00 -6.7174270347258567e+00 1.3212384000000001e-02 6.3011079000000003e-01
2.6194568453133871e-01 -1.1248770886661234e+01 9.6935299042789580e-01 -3.7006071578974575e+00 -9.2240079032911993e+01 -2.9456618324292416e-01 -1.1577504317265490e+00 -6.6879203680283537e+00 1.3129907000000000e-02 6.4328284999999996e-01
2.8586566889078224e-01 -1.1415276472087788e+01 9.7047709824817407e-01 -2.8117788163638253e+00 -9.1630418578113904e+01 -3.2562285968281646e-01 -1.0975175324268340e+00 -6.6587268538565496e+00 1.3036481000000001e-02 6.5636695000000000e-01
3.0960488360971083e-01 -1.1600418956943162e+01 9.7159271088870980e-01 -1.9510444913770550e+00 -9.1028479275491932e+01 -3.5766182647912037e-01 -1.0390302025303229e+00 -6.6298679755286773e+00 1.2932137999999999e-02 6.6935217000000002e-01
3.3314338333235971e-01 -1.1805231104925584e+01 9.7269889102738538e-01 -1.1178957015249877e+00 -9.0434679144990696e+01 -3.9079184626353153e-01 -9.8226227641624964e-01 -6.6013648463750290e+00 1.2816919000000000e-02 6.8222760000000005e-01
3.5646135067499929e-01 -1.2030871764797510e+01 9.7379470735606555e-01 -3.1182851025384495e-01 -8.9849424093741689e+01 -4.2512955331722696e-01 -9.2718797197416303e-01 -6.5732380960956309e+00 1.2690879000000000e-02 6.9498240000000000e-01
3.7953905966249624e-01 -1.2278638451471014e+01 9.7487923286231704e-01 4.6765429325714764e-01 -8.9273109154356149e+01 -4.6080035910664163e-01 -8.7378206341704168e-01 -6.5455079272003553e+00 1.2554085000000000e-02 7.0760577999999996e-01
4.0235689401003405e-01 -1.2549982114359686e+01 9.7595154568854814e-01 1.2210425054800045e+00 -8.8706121148294500e+01 -4.9793954646881344e-01 -8.2201982510197635e-01 -6.5181940978010955e+00 1.2406611999999999e-02 7.2008700999999997e-01
4.2489543853170730e-01 -1.2846525063613191e+01 9.7701073342771161e-01 1.9488212258469277e+00 -8.8148825913722533e+01 -5.3669362344832394e-01 -7.7187690461384095e-01 -6.4913158391589958e+00 1.2248551000000000e-02 7.3241546999999996e-01
4.4713542429536590e-01 -1.3170079788787415e+01 9.7805589054588227e-01 2.6514677076744197e+00 -8.7601586545006697e+01 -5.7722160801767997e-01 -7.2332949016847425e-01 -6.4648919318914686e+00 1.2080001999999999e-02 7.4458062000000003e-01
4.6905776518605224e-01 -1.3522671592654023e+01 9.7908612010053908e-01 3.3294516902749640e+00 -8.7064752073737722e+01 -6.1969663456595947e-01 -6.7635424589501059e-01 -6.4389406822678721e+00 1.1901076999999999e-02 7.5657202000000001e-01
4.9064359446944106e-01 -1.3906564827412577e+01 9.8010053545884468e-01 3.9832356962724980e+00 -8.6538659542286041e+01 -6.6430778660493850e-01 -6.3092838966397546e-01 -6.4134798023764255e+00 1.1711898000000000e-02 7.6837935000000002e-01
5.1187431963699648e-01 -1.4324293787319549e+01 9.8109826287506707e-01 4.6132756768665342e+00 -8.6023633633310055e+01 -7.1126223389127530e-01 -5.8702939235244744e-01 -6.3885268101781705e+00 1.1512599000000000e-02 7.7999244000000001e-01
5.3273153099737514e-01 -1.4778695029579170e+01 9.8207843719487764e-01 5.2200174699983233e+00 -8.5519988880658232e+01 -7.6078736358061161e-01 -5.4463547209645014e-01 -6.3640982731431652e+00 1.1303326000000001e-02 7.9140122000000002e-01
5.5319718449362065e-01 -1.5272951356232527e+01 9.8304021044675483e-01 5.8039010960882216e+00 -8.5028026196683342e+01 -8.1313389914769252e-01 -5.0372511588789004e-01 -6.3402104987376742e+00 1.1084235000000000e-02 8.0259581999999996e-01
5.7325343716768862e-01 -1.5810634545747854e+01 9.8398274410972086e-01 6.3653553289531946e+00 -8.4548037213961337e+01 -8.6857847266663879e-01 -4.6427750130055689e-01 -6.3168792940412040e+00 1.0855490000000001e-02 8.1356647999999998e-01
5.9288281169592072e-01 -1.6395763425911923e+01 9.8490521684560484e-01 6.9048015134501606e+00 -8.4080300851386056e+01 -9.2742775351700213e-01 -4.2627220396132931e-01 -6.2941198950381878e+00 1.0617270000000000e-02 8.2430364000000000e-01
6.1206815982560647e-01 -1.7032867720577997e+01 9.8580682278076193e-01 7.4226514832536195e+00 -8.3625084851127284e+01 -9.9002247171081526e-01 -3.8968931316777861e-01 -6.2719470170194356e+00 1.0369760000000000e-02 8.3479791999999997e-01
6.3079268065670202e-01 -1.7727059554266965e+01 9.8668677236521418e-01 7.9193074399566177e+00 -8.3182645857789169e+01 -1.0567423750491147e+00 -3.5450978009852108e-01 -6.2503748735769280e+00 1.0113159000000000e-02 8.4504013000000000e-01
6.4903993892354939e-01 -1.8484130440848787e+01 9.8754429323179049e-01 8.3951615212764779e+00 -8.2753229554265488e+01 -1.1280120330410932e+00 -3.2071376576852628e-01 -6.2294171622694936e+00 9.8476710000000005e-03 8.5502127999999999e-01
6.6679386499487758e-01 -1.9310648278118087e+01 9.8837863019612637e-01 8.8505951162351924e+00 -8.2337071387856426e+01 -1.2043076121966942e+00 -2.8828398813067724e-01 -6.2090870894109731e+00 9.5735140000000000e-03 8.6473257999999997e-01
6.8403884628239731e-01 -2.0214090817219017e+01 9.8918904955236653e-01 9.2859803201683260e+00 -8.1934394407979681e+01 -1.2861653334640533e+00 -2.5720229085010593e-01 -6.1893972849237127e+00 9.2909130999999992e-03 8.7416548999999999e-01
7.0075963583220624e-01 -2.1202990989986130e+01 9.8997483477746206e-01 9.7016771373691704e+00 -8.1545413047812872e+01 -1.3741907399577644e+00 -2.2745150401215919e-01 -6.1703599300038769e+00 9.0001030000000006e-03 8.8331166999999999e-01
7.1694146201510367e-01 -2.2287123714624158e+01 9.9073529168601338e-01 1.0098034882599475e+01 -8.1170330110395923e+01 -1.4690708106277377e+00 -1.9901494630779609e-01 -6.1519866510889161e+00 8.7013270999999996e-03 8.9216304000000002e-01
7.3256997368143295e-01 -2.3477723159227075e+01 9.9146974585284875e-01 1.0475391798782482e+01 -8.0809338691728442e+01 -1.5715877453728548e+00 -1.7187658866650524e-01 -6.1342886104704588e+00 8.3948374000000006e-03 9.0071175000000003e-01
7.4763133156967798e-01 -2.4787757998387118e+01 9.9217754690872617e-01 1.0834073909904136e+01 -8.0462622198658920e+01 -1.6826367009552050e+00 -1.4602088626095550e-01 -6.1172764136717666e+00 8.0808944000000001e-03 9.0895022999999997e-01
7.6211213517958643e-01 -2.6232258030436412e+01 9.9285806510377195e-01 1.1174395179599578e+01 -8.0130354033404075e+01 -1.8032464457568609e+00 -1.2143294131551713e-01 -6.1009602149936093e+00 7.7597663000000001e-03 9.1687114999999997e-01
7.7599949589904627e-01 -2.7828731657598116e+01 9.9351069474404208e-01 1.1496657332499034e+01 -7.9812698149066676e+01 -1.9346060872376556e+00 -9.8098492719197294e-02 -6.0853496589558329e+00 7.4317293999999999e-03 9.2446746000000002e-01
7.8928105528580550e-01 -2.9597686419007655e+01 9.9413485505066246e-01 1.1801163500483389e+01 -7.9509808754469759e+01 -2.0780981959674003e+00 -7.6003810895213186e-02 -6.0704538831109094e+00 7.0970672000000004e-03 9.3173240000000002e-01
8.0194494850403319e-01 -3.1563280384052799e+01 9.9472998844154858e-01 1.2088162867683252e+01 -7.9221831589461871e+01 -2.2353402295739109e+00 -5.5135849137381010e-02 -6.0562815674312533e+00 6.7560703000000000e-03 9.3865947999999999e-01
8.1397989573291685e-01 -3.3754177824307277e+01 9.9529556482710679e-01 1.2357933138278993e+01 -7.8948902407019418e+01 -2.4082392032567639e+00 -3.5482107322961698e-02 -6.0428408508312348e+00 6.4090362999999996e-03 9.4524253000000003e-01
8.2537509247634488e-01 -3.6204626062644259e+01 9.9583107645539259e-01 1.2610710067977061e+01 -7.8691151317782541e+01 -2.5990600044830714e+00 -1.7030841965791133e-02 -6.0301394840410492e+00 6.0562691999999996e-03 9.5147563999999996e-01
8.3612039238010250e-01 -3.8955938217856470e+01 9.9633604650351393e-01 1.2846758967612718e+01 -7.8448693343610998e+01 -2.8105205182814665e+00 2.2920317730901196e-04 -6.0181845964303715e+00 5.6980790999999996e-03 9.5735325999999998e-01
8.4620612441467513e-01 -4.2058398242209186e+01 9.9681002048622758e-01 1.3066288601649353e+01 -7.8221641729517600e+01 -3.0459128269938756e+00 1.6308481830208832e-02 -6.0069830646453948e+00 5.3347821999999998e-03 9.6287009999999995e-01
8.5562327569244434e-01 -4.5573972264950704e+01 9.9725257484734298e-01 1.3269509116524013e+01 -7.8010097333214645e+01 -3.3092773030031437e+00 3.1216912596703839e-02 -5.9965411083574169e+00 4.9667000000000001e-03 9.6802122999999995e-01
8.6436336349565124e-01 -4.9580007972315542e+01 9.9766331094573957e-01 1.3456615392667931e+01 -7.7814157607171452e+01 -3.6056394582753519e+00 4.4963650346776962e-02 -5.9868644325301545e+00 4.5941591999999996e-03 9.7280200999999999e-01
8.7241858153015184e-01 -5.4174675941478078e+01 9.9804186192848932e-01 1.3627789763218976e+01 -7.7633907215378997e+01 -3.9413603722091084e+00 5.7557294685757598e-02 -5.9779586681254129e+00 4.2174915999999996e-03 9.7720817000000004e-01
8.7978165367166083e-01 -5.9484897485903353e+01 9.9838788585773475e-01 1.3783198538861575e+01 -7.7469426096533340e+01 -4.3246468523989305e+00 6.9005654344016676e-02 -5.9698286166345582e+00 3.8370333000000002e-03 9.8123572999999997e-01
8.8644598021950871e-01 -6.5678738366551954e+01 9.9870107258381080e-01 1.3922994938251064e+01 -7.7320785235208888e+01 -4.7663535975293350e+00 7.9315940668542501e-02 -5.9624787255718550e+00 3.4531249000000000e-03 9.8488107999999996e-01
8.9240558305148199e-01 -7.2985364642665857e+01 9.9898114116782422e-01 1.4047317509196537e+01 -7.7188047703803619e+01 -5.2812698747564459e+00 8.8494676319616300e-02 -5.9559129752961439e+00 3.0661112999999999e-03 9.8814095000000002e-01
8.9765506906038428e-01 -8.1728748111002261e+01 9.9922783816337302e-01 1.4156289241544172e+01 -7.7071272383866429e+01 -5.8903161699911122e+00 9.6547622109430159e-02 -5.9501349899511311e+00 2.6763420000000000e-03 9.9101238999999997e-01
9.0218973984435402e-01 -9.2390090143211836e+01 9.9944094277138817e-01 1.4250019422437495e+01 -7.6970507575479743e+01 -6.6245944717503011e+00 1.0347994104331693e-01 -5.9451478671352174e+00 2.2841723000000002e-03 9.9349282999999999e-01
9.0600555514342396e-01 -1.0573277647260622e+02 9.9962026512185320e-01 1.4328602985827843e+01 -7.6885794942869126e+01 -7.5335318690057198e+00 1.0929609344148158e-01 -5.9409542700901579e+00 1.8899688000000000e-03 9.9558005999999999e-01
9.0909911455780301e-01 -1.2308919509128795e+02 9.9976564541466373e-01 1.4392119748562409e+01 -7.6817169296995019e+01 -8.7035964607470930e+00 1.1399987190796099e-01 -5.9375563696635529e+00 1.4941295000000000e-03 9.9727222000000004e-01
9.1146791349194578e-01 -1.4716863768692576e+02 9.9987696594759234e-01 1.4440639575063885e+01 -7.6764652369255174e+01 -1.0311090507314125e+01 1.1759470261171043e-01 -5.9349557322781905e+00 1.0971916000000000e-03 9.9856794000000004e-01
9.1311103785988712e-01 -1.8536292719179264e+02 9.9995418376362166e-01 1.4474236434116786e+01 -7.6728241376239964e+01 -1.2838400064465077e+01 1.2008473970334621e-01 -5.9331523973186604e+00 7.0085733000000002e-04 9.9946672000000003e-01
