-3.2673704735039366e-01 -1.2897945808290324e+03 3.2673840472858645e-01 -1.2861808972729925e+03 -3.7713428515729640e+02 8.6837979378662794e+01 -8.6601688346848434e+01 -2.4725734175377291e+01 5.5301730000000003e-06 1.0230946000000001e-06
-3.2672469612208599e-01 -9.3358415714067110e+02 3.2675112994483263e-01 -9.2952517681017696e+02 -3.7705361581313463e+02 6.3479995506294280e+01 -6.3222912338706074e+01 -2.4722083553334080e+01 3.5894988000000002e-05 1.9923924999999999e-05
-3.2668594572166215e-01 -7.6843602744865609e+02 3.2679105368462069e-01 -7.6324726920158548e+02 -3.7680061574818455e+02 5.2642225105018241e+01 -5.2332004686918175e+01 -2.4710633364536765e+01 8.5619985000000003e-05 7.9222864999999994e-05
-3.2660923250574170e-01 -6.6025655932737459e+02 3.2687008973166048e-01 -6.5316399269639282e+02 -3.7630015875930735e+02 4.5532601492875109e+01 -4.5132245798990226e+01 -2.4687979881349577e+01 1.5173507999999999e-04 1.9661552000000001e-04
-3.2648443590426934e-01 -5.8012229153852604e+02 3.2699866510092429e-01 -5.7032337944070252e+02 -3.7548715573487766e+02 4.0254762412436378e+01 -3.9725457357454779e+01 -2.4651167527947695e+01 2.3255418000000001e-04 3.8758918999999998e-04
-3.2630235150340803e-01 -5.1683582675689865e+02 3.2718626291049363e-01 -5.0353336818889454e+02 -3.7430346787058448e+02 3.6074779634028424e+01 -3.5377474143959311e+01 -2.4597545723869260e+01 3.2689763000000001e-04 6.6622920000000002e-04
-3.2605445128540350e-01 -4.6486403339577464e+02 3.2744166940149139e-01 -4.4728832886133000e+02 -3.7269673069635115e+02 3.2630246726076038e+01 -3.1726690403150585e+01 -2.4524711816663402e+01 4.3385032000000002e-04 1.0455858000000000e-03
-3.2573274944720626e-01 -4.2105686259932781e+02 3.2777311218239275e-01 -3.9848145971099342e+02 -3.7061989088322770e+02 2.9715092638013008e+01 -2.8568578029867549e+01 -2.4430486117133604e+01 5.5265518999999999e-04 1.5378795000000000e-03
-3.2532971945483508e-01 -3.8344387347737052e+02 3.2818834568620714e-01 -3.5519731145239507e+02 -3.6803108960057949e+02 2.7200639356364860e+01 -2.5776557688336748e+01 -2.4312902592098702e+01 6.8265765000000004e-04 2.1546280000000000e-03
-3.2483823803399769e-01 -3.5070593015847510e+02 3.2869470887578844e-01 -3.1618070284330901e+02 -3.6489372330714070e+02 2.5000935491445070e+01 -2.3267207487230884e+01 -2.4170207591935622e+01 8.2327310000000005e-04 2.9067318999999999e-03
-3.2425154700712555e-01 -3.2191326718515921e+02 3.2929916456235236e-01 -2.8057273305254324e+02 -3.6117661108891548e+02 2.3055567325240460e+01 -2.0982979444348654e+01 -2.4000863679679597e+01 9.7396649000000004e-04 3.8045331000000002e-03
-3.2356322538997306e-01 -2.9638346966419090e+02 3.3000832815377612e-01 -2.4776713369460626e+02 -3.5685421114723931e+02 2.1320331171215351e+01 -1.8882799752818002e+01 -2.3803555944080486e+01 1.1342389000000000e-03 4.8578574999999999e-03
-3.2276716900318386e-01 -2.7359899699511675e+02 3.3082848866038156e-01 -2.1732643528500489e+02 -3.5190685467875221e+02 1.9761817462236390e+01 -1.6936593335152779e+01 -2.3577199638703235e+01 1.3036180000000001e-03 6.0760461999999999e-03
-3.2185757570374623e-01 -2.5315664500779053e+02 3.3176562391066272e-01 -1.8893025592953126e+02 -3.4632097692145237e+02 1.8354090121109792e+01 -1.5121912736832257e+01 -2.3320948241757055e+01 1.4816515000000000e-03 7.4679780999999997e-03
-3.2082893342639263e-01 -2.3473513449539669e+02 3.3282541287198592e-01 -1.6234182031282822e+02 -3.4008931734276251e+02 1.7076556702637685e+01 -1.3421763389269826e+01 -2.3034200841473936e+01 1.6679024999999999e-03 9.0420881999999994e-03
-3.1967601208050439e-01 -2.1807358123971272e+02 3.3401324399904181e-01 -1.3738545513729980e+02 -3.3321108552953092e+02 1.5912553702808985e+01 -1.1823148569956452e+01 -2.2716608835794815e+01 1.8619452999999999e-03 1.0806380000000001e-02
-3.1839385603514420e-01 -2.0295669729307710e+02 3.3533422297636173e-01 -1.1393085282075882e+02 -3.2569206862195324e+02 1.4848374297357472e+01 -1.0316059189422059e+01 -2.2368080611330576e+01 2.0633631000000000e-03 1.2768437000000001e-02
-3.1697778065563631e-01 -1.8920438483790787e+02 3.3679317628660776e-01 -9.1881794498453758e+01 -3.1754467777634665e+02 1.3872585254660464e+01 -8.8927559027872185e+00 -2.1988785161234379e+01 2.2717459999999998e-03 1.4935428000000001e-02
-3.1542336648763519e-01 -1.7666418217473353e+02 3.3839465720260720e-01 -7.1167734323339559e+01 -3.0878791843797558e+02 1.2975531375968870e+01 -7.5472393462032086e+00 -2.1579152378512141e+01 2.4866887000000002e-03 1.7314116000000001e-02
-3.1372645938782068e-01 -1.6520573487763440e+02 3.4014294565269998e-01 -5.1737473581825085e+01 -2.9944729815872034e+02 1.2148973677026730e+01 -6.2748570540899156e+00 -2.1139872310183243e+01 2.7077901999999999e-03 1.9910858000000000e-02
-3.1188316333566823e-01 -1.5471658192674673e+02 3.4204205562662371e-01 -3.3554146055016325e+01 -2.8955461104457305e+02 1.1385813649274393e+01 -5.0719959080257757e+00 -2.0671889570261431e+01 2.9346520999999999e-03 2.2731616000000000e-02
-3.0988984435430134e-01 -1.4509899969379862e+02 3.4409573113594027e-01 -1.6591337485322121e+01 -2.7914769598697006e+02 1.0679887934789683e+01 -3.9358490696445334e+00 -2.0176397823752872e+01 3.1668782999999998e-03 2.5781951000000001e-02
-3.0774312658963915e-01 -1.3626749944803001e+02 3.4630745025360921e-01 -8.2990929663726409e-01 -2.6827006300833978e+02 1.0025805471244082e+01 -2.8642250289760067e+00 -1.9654829170897621e+01 3.4040742000000001e-03 2.9067029000000001e-02
-3.0543988969649466e-01 -1.2814686533142125e+02 3.4868042780703695e-01 1.3744628074367798e+01 -2.5697044357684808e+02 9.4188205904190596e+00 -1.8553947843504628e+00 -1.9108841037440794e+01 3.6458464000000000e-03 3.2591624999999999e-02
-3.0297727275942732e-01 -1.2067061067352910e+02 3.5121761133850327e-01 2.7144207666418698e+01 -2.4530229247346659e+02 8.8547336363220772e+00 -9.0796961544780519e-01 -1.8540301909752635e+01 3.8918026000000000e-03 3.6360116999999997e-02
-3.0035266906493951e-01 -1.1377969677583613e+02 3.5392168649125938e-01 3.9379997840174120e+01 -2.3332317095798848e+02 8.3298086123485469e+00 -2.0796560338128933e-02 -1.7951272085141294e+01 4.1415510999999999e-03 4.0376493999999999e-02
-2.9756372806190295e-01 -1.0742150947283184e+02 3.5679507498974111e-01 5.0463841055978584e+01 -2.2109409779031694e+02 7.8407079932861938e+00 8.0712520237673691e-01 -1.7343983723017445e+01 4.3947007000000003e-03 4.4644352999999998e-02
-2.9460835536155860e-01 -1.0154900606649315e+02 3.5983993463956893e-01 6.0409440363918435e+01 -2.0867883917153748e+02 7.3844385913520654e+00 1.5767146883942165e+00 -1.6720818210945698e+01 4.6508610999999997e-03 4.9166899000000000e-02
-2.9148471012361493e-01 -9.6119999654808737e+01 3.6305816202059710e-01 6.9233315852103843e+01 -1.9614313052495956e+02 6.9583063332084327e+00 2.2888677263766763e+00 -1.6084281263808961e+01 4.9096423000000002e-03 5.3946949000000001e-02
-2.8819120832362527e-01 -9.1096567511000373e+01 3.6645138912060221e-01 7.6955531633391061e+01 -1.8355390433138692e+02 6.5598792736608624e+00 2.9445037037313200e+00 -1.5436977255664578e+01 5.1706551000000002e-03 5.8986927000000001e-02
-2.8472651687170858e-01 -8.6444535402713200e+01 3.7002098939464390e-01 8.3600258142094646e+01 -1.7097845149187538e+02 6.1869552515842230e+00 3.5446051528027347e+00 -1.4781581052157025e+01 5.4335110000000002e-03 6.4288872999999996e-02
-2.8108955949382863e-01 -8.2133054085372606e+01 3.7376807170570392e-01 8.9196125087952609e+01 -1.5848363696756709e+02 5.8375358218635753e+00 4.0902468109742376e+00 -1.4120811175805390e+01 5.6978226000000002e-03 6.9854434000000007e-02
-2.7727951019703967e-01 -7.8134218991599013e+01 3.7769348705730943e-01 9.3776438065717329e+01 -1.4613505442977365e+02 5.5098026158251567e+00 4.5826196611960928e+00 -1.3457400224205793e+01 5.9632034000000004e-03 7.5684873999999999e-02
-2.7329579653686331e-01 -7.4422753423956195e+01 3.8179782522722128e-01 9.7379225884010381e+01 -1.3399626211037381e+02 5.2020979743808713e+00 5.0230467016898261e+00 -1.2794067402618406e+01 6.2292681999999997e-03 8.1781068999999998e-02
-2.6913809700338720e-01 -7.0975726579241552e+01 3.8608141746048319e-01 1.0004715914833794e+02 -1.2212802344182388e+02 4.9129077626088620e+00 5.4129936163373094e+00 -1.2133490343518174e+01 6.4956331999999999e-03 8.8143510999999994e-02
-2.6480634102126460e-01 -6.7772309692780937e+01 3.9054433646942188e-01 1.0182734155185845e+02 -1.1058760917807145e+02 4.6408463587363045e+00 5.7540736905201237e+00 -1.1478278576565815e+01 6.7619166000000000e-03 9.4772308000000000e-02
-2.6030070502886210e-01 -6.4793559727836737e+01 3.9518640047322068e-01 1.0277098963840714e+02 -9.9428150215913675e+01 4.3846436312398485e+00 6.0480480945014294e+00 -1.0830947516001949e+01 7.0277381999999996e-03 1.0166719000000000e-01
-2.5562161182478421e-01 -6.2022231295918438e+01 4.0000717387118168e-01 1.0293301467344598e+02 -8.8698075286628992e+01 4.1431335149622326e+00 6.2968215197790380e+00 -1.0193895187581367e+01 7.2927204000000001e-03 1.0882751000000000e-01
-2.5076973971652905e-01 -5.9442614968161472e+01 4.0500595781705412e-01 1.0237152156933990e+02 -7.8440645152739492e+01 3.9152443158160439e+00 6.5024335312072621e+00 -9.5693817135497952e+00 7.5564877000000004e-03 1.1625223000000000e-01
-2.4574600356970128e-01 -5.7040379003875550e+01 4.1018180974364027e-01 1.0114724388035879e+02 -6.8693497717798820e+01 3.6999890028576314e+00 6.6670481308363927e+00 -8.9595078715526562e+00 7.8186677999999999e-03 1.2393994999999999e-01
-2.4055155350106089e-01 -5.4802439505165509e+01 4.1553354470932002e-01 9.9322919494388827e+01 -5.9488450915455047e+01 3.4964573793658635e+00 6.7929389661828363e+00 -8.3661987481369433e+00 8.0788911000000008e-03 1.3188891000000000e-01
-2.3518779448278632e-01 -5.2716852547958645e+01 4.2105971520018276e-01 9.6962644177250851e+01 -5.0851137623049567e+01 3.3038097464220058e+00 6.8824723015433236e+00 -7.7911924457535324e+00 8.3367917000000003e-03 1.4009695999999999e-01
-2.2965636020345714e-01 -5.0772698253078943e+01 4.2675863806051817e-01 9.4131189030990996e+01 -4.2801052655834610e+01 3.1212696293612381e+00 6.9380893691193828e+00 -7.2360266520633028e+00 8.5920070000000005e-03 1.4856159999999999e-01
-2.2395912613756278e-01 -4.8959993018040912e+01 4.3262838102757095e-01 9.0893325059578189e+01 -3.5351468479149027e+01 2.9481186399523422e+00 6.9622860593074289e+00 -6.7020312045760360e+00 8.8441787999999997e-03 1.5727996000000000e-01
-2.1809819647599371e-01 -4.7269601527213240e+01 4.3866677619678646e-01 8.7313151392736955e+01 -2.8509528661270878e+01 2.7836909639953920e+00 6.9575928891995602e+00 -6.1903248421508650e+00 9.0929527999999999e-03 1.6624881999999999e-01
-2.1207590412604155e-01 -4.5693162301844282e+01 4.4487142002181035e-01 8.3453447510815835e+01 -2.2276419180227940e+01 2.6273688577334080e+00 6.9265539012183508e+00 -5.7018109935291994e+00 9.3379794999999995e-03 1.7546460999999999e-01
-2.0589480417664485e-01 -4.4223018988688665e+01 4.5123968004711201e-01 7.9375058853824740e+01 -1.6647637725285858e+01 2.4785783613937378e+00 6.8717059258645508e+00 -5.2371803075213350e+00 9.5789143999999993e-03 1.8492342000000001e-01
-1.9955769350265179e-01 -4.2852164203167227e+01 4.5776867471011551e-01 7.5136349403960239e+01 -1.1613335069622103e+01 2.3367860292656966e+00 6.7955585972379913e+00 -4.7969153936429043e+00 9.8154178999999998e-03 1.9462097000000000e-01
-1.9306757809104888e-01 -4.1574177022541321e+01 4.6445530700431403e-01 7.0792670908200463e+01 -7.1586907836564171e+00 2.2014947442987522e+00 6.7005748030675241e+00 -4.3812951956215986e+00 1.0047156000000000e-02 2.0455266000000000e-01
-1.8642766650620640e-01 -4.0383173843849498e+01 4.7129627121189277e-01 6.6395917553808204e+01 -3.2643729746331740e+00 2.0722405581365120e+00 6.5891523080262644e+00 -3.9904038544507152e+00 1.0273801000000001e-02 2.1471357999999999e-01
-1.7964140256365008e-01 -3.9273770243314111e+01 4.7828801924061465e-01 6.1994172470647840e+01 9.2940241100086154e-02 1.9485906132191353e+00 6.4636076839218326e+00 -3.6241435149364438e+00 1.0495031000000000e-02 2.2509846000000000e-01
-1.7271242612153531e-01 -3.8241033633897935e+01 4.8542680101955726e-01 5.7631382288783790e+01 2.9400501196860209e+00 1.8301397467536586e+00 6.3261607669071722e+00 -3.2822448044095967e+00 1.0710529999999999e-02 2.3570173000000000e-01
-1.6564457961540124e-01 -3.7280449099221265e+01 4.9270865776649020e-01 5.3347136463565839e+01 5.3066731734709531e+00 1.7165083255410201e+00 6.1789218404231345e+00 -2.9642815426051068e+00 1.0919989999999999e-02 2.4651751000000000e-01
-1.5844191459292525e-01 -3.6387887610842533e+01 5.0012941525525223e-01 4.9176521353788260e+01 7.2248741626572128e+00 1.6073402051220045e+00 6.0238804144188576e+00 -2.6696863065641407e+00 1.1123108000000000e-02 2.5753959999999998e-01
-1.5110867210965997e-01 -3.5559574186845367e+01 5.0768470401361954e-01 4.5150035016629957e+01 8.7285044299693268e+00 1.5023004375987556e+00 5.8628972764946168e+00 -2.3977657160191588e+00 1.1319591000000000e-02 2.6876150999999998e-01
-1.4364927619427889e-01 -3.4792061286525815e+01 5.1536996605592900e-01 4.1293578689293383e+01 9.8526471603842598e+00 1.4010733945196723e+00 5.6976949960313181e+00 -2.1477170539938233e+00 1.1509152000000000e-02 2.8017647000000001e-01
-1.3606834038333082e-01 -3.4082205699226783e+01 5.2318044815045495e-01 3.7628527151922192e+01 1.0633078433334829e+01 1.3033611954246049e+00 5.5298559128760072e+00 -1.9186451455747187e+00 1.1691511000000000e-02 2.9177742000000001e-01
-1.2837067425599402e-01 -3.3427147799107317e+01 5.3111119508678661e-01 3.4171853972431443e+01 1.1105762670441637e+01 1.2088822121355727e+00 5.3608185218419537e+00 -1.7095796618875030e+00 1.1866398000000000e-02 3.0355700000000002e-01
-1.2056123115604184e-01 -3.2824287817848081e+01 5.3915710353681046e-01 3.0936289948679182e+01 1.1306383665875197e+01 1.1173689832006901e+00 5.1918758065601338e+00 -1.5194898007431104e+00 1.2033550000000000e-02 3.1550762999999998e-01
-1.1264515393512278e-01 -3.2271272834321856e+01 5.4731287492635095e-01 2.7930573372020739e+01 1.1269908958585198e+01 1.0285675011656925e+00 5.0241774539616939e+00 -1.3473015650870270e+00 1.2192715000000000e-02 3.2762143999999999e-01
-1.0462774227898902e-01 -3.1765979005590339e+01 5.5557304909828409e-01 2.5159706635770487e+01 1.1030211099285564e+01 9.4223546008258485e-01 4.8587317996566242e+00 -1.1919120737199203e+00 1.2343646000000000e-02 3.3989032000000002e-01
-9.6514459242250744e-02 -3.1306498413342812e+01 5.6393199757991497e-01 2.2625260195668453e+01 1.0619729246087958e+01 8.5814125877648317e-01 4.6964105125889057e+00 -1.0522049555460036e+00 1.2486109000000000e-02 3.5230591000000000e-01
-8.8310905109358795e-02 -3.0891125706664656e+01 5.7238395051346891e-01 2.0325692685588599e+01 1.0069184544288282e+01 7.7606258059951450e-01 4.5379535819935919e+00 -9.2705721946106978e-01 1.2619877000000000e-02 3.6485963999999999e-01
-8.0022836998867530e-02 -3.0518348778458343e+01 5.8092297645822333e-01 1.8256704033119615e+01 9.4073494196510303e+00 6.9578556040515283e-01 4.3839764440933635e+00 -8.1536295558194238e-01 1.2744734000000001e-02 3.7754270000000001e-01
-7.1656149259172242e-02 -3.0186838837634326e+01 5.8954300258837566e-01 1.6411578196607959e+01 8.6608670160947714e+00 6.1710358333444670e-01 4.2349772038440143e+00 -7.1603209470105167e-01 1.2860473000000001e-02 3.9034606999999999e-01
-6.3216860399000041e-02 -2.9895441773818586e+01 5.9823782815828963e-01 1.4781543403496723e+01 7.8541181586260036e+00 5.3981621533064494e-01 4.0913449260187003e+00 -6.2800527678117501e-01 1.2966896000000000e-02 4.0326054000000000e-01
-5.4711126156918810e-02 -2.9643172617121749e+01 6.0700111103724907e-01 1.3356122015907218e+01 7.0091423423081594e+00 4.6372840185435948e-01 3.9533684747558206e+00 -5.5026064564728494e-01 1.3063819000000001e-02 4.1627669000000000e-01
-4.6145200292811328e-02 -2.9429208755898969e+01 6.1582640810519518e-01 1.2123469619894786e+01 6.1455930911236694e+00 3.8864922757241760e-01 3.8212452737549576e+00 -4.8182030278993770e-01 1.3151064000000001e-02 4.2938494999999999e-01
-3.7525473796400810e-02 -2.9252887015403427e+01 6.2470713485698992e-01 1.1070706016120221e+01 5.2807498659025685e+00 3.1439138443857062e-01 3.6950911863570548e+00 -4.2175566778894497e-01 1.3228465999999999e-02 4.4257553999999999e-01
-2.8858422609216727e-02 -2.9113699310622501e+01 6.3363661926339798e-01 1.0184216410772406e+01 4.4295487869909911e+00 2.4076985618475266e-01 3.5749490659506247e+00 -3.6919127681928054e-01 1.3295871000000001e-02 4.5583855000000001e-01
-2.0150633763612091e-02 -2.9011291226778116e+01 6.4260807484059568e-01 9.4499400508264664e+00 3.6046606939682015e+00 1.6760129441498672e-01 3.4607984103007468e+00 -3.2330775710083759e-01 1.3353135000000000e-02 4.6916390000000002e-01
-1.1408772708991599e-02 -2.8945460960769964e+01 6.5161463431328537e-01 8.8536259542167990e+00 2.8165819135543817e+00 9.4702872514064840e-02 3.3525636920528354e+00 -2.8334344499037944e-01 1.3400123999999999e-02 4.8254139000000001e-01
-2.6395963813203860e-03 -2.8916159782467911e+01 6.6064933614944976e-01 8.3810683213631858e+00 2.0737708653483016e+00 2.1891543089722854e-02 3.2501231019587249e+00 -2.4859535261741783e-01 1.3436718000000000e-02 4.9596067999999999e-01
6.1500729358932027e-03 -2.8923493379017302e+01 6.6970515149084298e-01 8.0183052082230297e+00 1.3827720395063807e+00 -5.1018368187911278e-02 3.1533164826762463e+00 -2.1841883211835139e-01 1.3462807000000000e-02 5.0941133000000005e-01
1.4953321472580272e-02 -2.8967724629118049e+01 6.7877495722249948e-01 7.7517990544687185e+00 7.4838153014766706e-01 -1.2420940002197689e-01 3.0619529854590155e+00 -1.9222699858977541e-01 1.3478291000000000e-02 5.2288276000000000e-01
2.3763202784900517e-02 -2.9049277639903785e+01 6.8785159656633932e-01 7.5685787331559942e+00 1.7380125523811413e-01 -1.9787528457194492e-01 2.9758174042264289e+00 -1.6948881771602095e-01 1.3483083000000000e-02 5.3636434000000000e-01
3.2572705081470255e-02 -2.9168743128608423e+01 6.9692784541805441e-01 7.4563602514155898e+00 -3.3918714514012943e-01 -2.7220877555965051e-01 2.8946769290652465e+00 -1.4972733149415779e-01 1.3477108000000000e-02 5.4984533999999996e-01
4.1374764292871458e-02 -2.9326885088539271e+01 7.0599642581235389e-01 7.4036399929976318e+00 -7.9005631871261228e-01 -3.4740924940017082e-01 2.8182866728417011e+00 -1.3251710118407434e-01 1.3460300999999999e-02 5.6331494999999998e-01
5.0162283675914299e-02 -2.9524649424897845e+01 7.1505002612083235e-01 7.3997618388254889e+00 -1.1793648445855949e+00 -4.2368268406285514e-01 2.7463945251863375e+00 -1.1748110247075931e-01 1.3432611000000001e-02 5.7676231000000000e-01
5.8928146883146126e-02 -2.9763174148418550e+01 7.2408131451721647e-01 7.4349616441396744e+00 -1.5085948097066002e+00 -5.0124297344865609e-01 2.6787454947198679e+00 -1.0428776454145582e-01 1.3393997000000000e-02 5.9017653000000003e-01
6.7665198358588308e-02 -3.0043800911561213e+01 7.3308291877949538e-01 7.5003921955081037e+00 -1.7799945454606454e+00 -5.8031303244712085e-01 2.6150856832724996e+00 -9.2647698172152793e-02 1.3344429999999999e-02 6.0354666000000001e-01
7.6366269476753679e-02 -3.0368089165939427e+01 7.4204745322041266e-01 7.5881278156805241e+00 -1.9964321323047010e+00 -6.6112641677604000e-01 2.5551652773309361e+00 -8.2310217797623264e-02 1.3283893999999999e-02 6.1686173000000000e-01
8.5024204681663662e-02 -3.0737833792841954e+01 7.5096754561795787e-01 7.6911569365966015e+00 -2.1612589719223347e+00 -7.4392908580954864e-01 2.4987411024713015e+00 -7.3059878397611078e-02 1.3212384000000001e-02 6.3011079000000003e-01
9.3631822278322230e-02 -3.1155081674690614e+01 7.5983579681962843e-01 7.8033552133454425e+00 -2.2781808225951576e+00 -8.2898070131695922e-01 2.4455789039441660e+00 -6.4713134488137508e-02 1.3129907000000000e-02 6.4328284999999996e-01
1.0218196017599662e-01 -3.1622155423322219e+01 7.6864482787079125e-01 7.9194525587332221e+00 -2.3511494677174123e+00 -9.1655688613606001e-01 2.3954548393306894e+00 -5.7115091837425094e-02 1.3036481000000001e-02 6.5636695000000000e-01
1.1066748242297120e-01 -3.2141678633797419e+01 7.7738728674730395e-01 8.0349871115908584e+00 -2.3842570889985115e+00 -1.0069513361574807e+00 2.3481566184104552e+00 -5.0136233086953606e-02 1.2932137999999999e-02 6.6935217000000002e-01
1.1908125960228455e-01 -3.2716603126872805e+01 7.8605582815764730e-01 8.1462549195363749e+00 -2.3816497372219381e+00 -1.1004778665894304e+00 2.3034846425602766e+00 -4.3669420847259215e-02 1.2816919000000000e-02 6.8222760000000005e-01
1.2741620804025561e-01 -3.3350243979336085e+01 7.9464315393866181e-01 8.2502543694028159e+00 -2.3474494232944805e+00 -1.1974733744755977e+00 2.2612521574527658e+00 -3.7627077606190322e-02 1.2690879000000000e-02 6.9498240000000000e-01
1.3566527673697487e-01 -3.4046316409410643e+01 8.0314199959030208e-01 8.3446234102901613e+00 -2.2856908039026544e+00 -1.2983004925154151e+00 2.2212855531708393e+00 -3.1938490807726767e-02 1.2554085000000000e-02 7.0760577999999996e-01
1.4382145390105883e-01 -3.4808978847986232e+01 8.1154514100826014e-01 8.4275810891665710e+00 -2.2002674065779293e+00 -1.4033507987373899e+00 2.1834245461930477e+00 -2.6547469002995028e-02 1.2406611999999999e-02 7.2008700999999997e-01
1.5187779962342129e-01 -3.5642885486566470e+01 8.1984542814707884e-01 8.4978650247696148e+00 -2.0948890982189612e+00 -1.5130488885082525e+00 2.1475216377648576e+00 -2.1410041898920294e-02 1.2248551000000000e-02 7.3241546999999996e-01
1.5982742627301083e-01 -3.6553241617570180e+01 8.2803576482228425e-01 8.5546692497225418e+00 -1.9730490172147244e+00 -1.6278561387485448e+00 2.1134419841710517e+00 -1.6492476130963985e-02 1.2080001999999999e-02 7.4458062000000003e-01
1.6766351156631892e-01 -3.7545870058377091e+01 8.3610912217563005e-01 8.5976449202228498e+00 -1.8379995053746698e+00 -1.7482754865338230e+00 2.0810627742200363e+00 -1.1769549560203053e-02 1.1901076999999999e-02 7.5657202000000001e-01
1.7537931163688919e-01 -3.8627288454732081e+01 8.4405855214034498e-01 8.6265489139786986e+00 -1.6927362912184536e+00 -1.8748568713379827e+00 2.0502725971590174e+00 -7.2229049639646065e-03 1.1711898000000000e-02 7.6837935000000002e-01
1.8296818063957970e-01 -3.9804799729891968e+01 8.5187720763899977e-01 8.6417802109413824e+00 -1.5399892498717778e+00 -2.0082035892230290e+00 2.0209706658059505e+00 -2.8396896454241710e-03 1.1512599000000000e-02 7.7999244000000001e-01
1.9042353807679196e-01 -4.1086588640465706e+01 8.5955830892039353e-01 8.6437372350267019e+00 -1.3822184218622255e+00 -2.1489786351798372e+00 1.9930663785961511e+00 1.3885789391396950e-03 1.1303326000000001e-02 7.9140122000000002e-01
1.9773893414601390e-01 -4.2481850268731549e+01 8.6709521088578256e-01 8.6330748469581131e+00 -1.2216168710338484e+00 -2.2979138303850193e+00 1.9664782381636081e+00 5.4671470178912340e-03 1.1084235000000000e-02 8.0259581999999996e-01
2.0490799092703055e-01 -4.4000917496055095e+01 8.7448134249527421e-01 8.6105951264983496e+00 -1.0601179338495499e+00 -2.4558179557141964e+00 1.9411333566604183e+00 9.3987853981720680e-03 1.0855490000000001e-02 8.1356647999999998e-01
2.1192446119471381e-01 -4.5655432413956753e+01 8.8171026736143276e-01 8.5772156565728785e+00 -8.9940329590073775e-01 -2.6235885402006645e+00 1.9169665438895058e+00 1.3182613662425603e-02 1.0617270000000000e-02 8.2430364000000000e-01
2.1878221534951275e-01 -4.7458533504890561e+01 8.8877567028403304e-01 8.5339339496745481e+00 -7.4090785048173247e-01 -2.8022241470861613e+00 1.8939196551303898e+00 1.6824598451586622e-02 1.0369760000000000e-02 8.3479791999999997e-01
2.2547524795220925e-01 -4.9425079648539054e+01 8.9567136398268499e-01 8.4817995625966844e+00 -5.8587163230108252e-01 -2.9928391467611553e+00 1.8719409024458620e+00 2.0318019437732347e-02 1.0113159000000000e-02 8.4504013000000000e-01
2.3199768425867068e-01 -5.1571915143254131e+01 9.0239129582945421e-01 8.4218891443627193e+00 -4.3528463857779176e-01 -3.1966810687847413e+00 1.8509841690143860e+00 2.3663959745203730e-02 9.8476710000000005e-03 8.5502127999999999e-01
2.3834378021985142e-01 -5.3918181799256104e+01 9.0892954784886371e-01 8.3552853228963837e+00 -2.8997309455364723e-01 -3.4151508956690799e+00 1.8310084422894515e+00 2.6861480099733836e-02 9.5735140000000000e-03 8.6473257999999997e-01
2.4450795515556362e-01 -5.6485704654567463e+01 9.1528037038100774e-01 8.2830582846361267e+00 -1.5058318305824259e-01 -3.6498283664177249e+00 1.8119771434200151e+00 2.9909921007209669e-02 9.2909130999999992e-03 8.7416548999999999e-01
2.5048475908070572e-01 -5.9299428334062462e+01 9.2143814841843663e-01 8.2062523189722665e+00 -1.7604180038738045e-02 -3.9024998066146948e+00 1.7938577580203057e+00 3.2808921116844601e-02 9.0001030000000006e-03 8.8331166999999999e-01
2.5626891191378848e-01 -6.2387974901701426e+01 9.2739744200189533e-01 8.1258714309271109e+00 1.0861369251962129e-01 -4.1751943299653718e+00 1.7766212324844508e+00 3.5558686898088922e-02 8.7013270999999996e-03 8.9216304000000002e-01
2.6185528387267204e-01 -6.5784292442885175e+01 9.3315296602245357e-01 8.0428793880073464e+00 2.2784245164655564e-01 -4.4702253298565822e+00 1.7602417875925123e+00 3.8158923692326319e-02 8.3948374000000006e-03 9.0071175000000003e-01
2.6723892814833733e-01 -6.9526479848111592e+01 9.3869962388462080e-01 7.9581792609723285e+00 3.3996041210344624e-01 -4.7902436910637665e+00 1.7446959145260952e+00 4.0613880463857388e-02 8.0808944000000001e-03 9.0895022999999997e-01
2.7241505476586908e-01 -7.3658763452259677e+01 9.4403248057585509e-01 7.8726200684800487e+00 4.4493682427320563e-01 -5.1382996963969472e+00 1.7299629363740470e+00 4.2922304610235766e-02 7.7597663000000001e-03 9.1687114999999997e-01
2.7737905672347291e-01 -7.8232748913677739e+01 9.4914678959705312e-01 7.7869907974207493e+00 5.4281850543592980e-01 -5.5179233836799328e+00 1.7160240643099467e+00 4.5087569622337509e-02 7.4317293999999999e-03 9.2446746000000002e-01
2.8212651652722937e-01 -8.3308980390744168e+01 9.5403799969517489e-01 7.7020170201537912e+00 6.3371460098996812e-01 -5.9332239461565432e+00 1.7028624800402286e+00 4.7112409055851436e-02 7.0970672000000004e-03 9.3173240000000002e-01
2.8665319312158605e-01 -8.8958895119385829e+01 9.5870174139799658e-01 7.6183634846740071e+00 7.1778439945646766e-01 -6.3890142154515530e+00 1.6904628155612706e+00 4.9000044041356439e-02 6.7560703000000000e-03 9.3865947999999999e-01
2.9095505456312848e-01 -9.5267388954181925e+01 9.6313386067722528e-01 7.5366332420100379e+00 7.9524039728517437e-01 -6.8909747422323981e+00 1.6788111520843696e+00 5.0753588197592021e-02 6.4090362999999996e-03 9.4524253000000003e-01
2.9502823881205448e-01 -1.0233604925040299e+02 9.6733037855276227e-01 7.4573728412535019e+00 8.6630525820758297e-01 -7.4458591443773043e+00 1.6678949116060280e+00 5.2377221524384343e-02 6.0562691999999996e-03 9.5147563999999996e-01
2.9886911907971753e-01 -1.1028760084563851e+02 9.7128755841893089e-01 7.3810728146312758e+00 9.3123627156490496e-01 -8.0617794691240103e+00 1.6577025014837452e+00 5.3874699134736984e-02 5.6980790999999996e-03 9.5735325999999998e-01
3.0247423848108296e-01 -1.1927162620565791e+02 9.7500183871824797e-01 7.3081646103956412e+00 9.9030204615470208e-01 -8.7485702516977391e+00 1.6482235687915168e+00 5.5250087438941206e-02 5.3347821999999998e-03 9.6287009999999995e-01
3.0584037538227199e-01 -1.2947269430452914e+02 9.7846990026765357e-01 7.2390313769582963e+00 1.0437780511142767e+00 -9.5183107638693478e+00 1.6394484445455566e+00 5.6507497565870132e-02 4.9667000000000001e-03 9.6802122999999995e-01
3.0896449765728090e-01 -1.4112145819605288e+02 9.8168861913014904e-01 7.1740233150443311e+00 1.0919399562491272e+00 -1.0386035724135230e+01 1.6313684758492091e+00 5.7650984063694073e-02 4.5941591999999996e-03 9.7280200999999999e-01
3.1184381496601571e-01 -1.5451096389026813e+02 9.8465512047578163e-01 7.1134288793531804e+00 1.1350597645392484e+00 -1.1370785830056509e+01 1.6239756891971981e+00 5.8684614124125949e-02 4.2174915999999996e-03 9.7720817000000004e-01
3.1447572647625771e-01 -1.7002040960807187e+02 9.8736672472066078e-01 7.0575073681136855e+00 1.1733987227336546e+00 -1.2497137324701123e+01 1.6172629859473149e+00 5.9612212617406908e-02 3.8370333000000002e-03 9.8123572999999997e-01
3.1685787314169794e-01 -1.8815230423608790e+02 9.8982100138794049e-01 7.0064815272322196e+00 1.2072062251195337e+00 -1.3797604967190175e+01 1.6112238036283897e+00 6.0437472616904638e-02 3.4531249000000000e-03 9.8488107999999996e-01
3.1898811809767452e-01 -2.0959196493251815e+02 9.9201574890995237e-01 6.9605361181764254e+00 1.2367147772140075e+00 -1.5316495409202393e+01 1.6058523301052130e+00 6.1163876086806679e-02 3.0661112999999999e-03 9.8814095000000002e-01
3.2086453359166317e-01 -2.3530881548895388e+02 9.9394898116295782e-01 6.9198356735900530e+00 1.2621386721818477e+00 -1.7116483602565609e+01 1.6011435344640295e+00 6.1794589209004019e-02 2.6763420000000000e-03 9.9101238999999997e-01
3.2248544019180442e-01 -2.6674253955771991e+02 9.9561896786288728e-01 6.8845120873290071e+00 1.2836698544726888e+00 -1.9290729346551849e+01 1.5970928527379569e+00 6.2332491270422334e-02 2.2841723000000002e-03 9.9349282999999999e-01
3.2384939371739369e-01 -3.0617669552739426e+02 9.9702422110009259e-01 6.8546749647799912e+00 1.3014774150104134e+00 -2.1987240693360015e+01 1.5936963942595641e+00 6.2780122741185912e-02 1.8899688000000000e-03 9.9558005999999999e-01
3.2495517870412799e-01 -3.5759531196145394e+02 9.9816348860672566e-01 6.8304126151398945e+00 1.3157057387166364e+00 -2.5464834205912215e+01 1.5909508846480704e+00 6.3139662430790749e-02 1.4941295000000000e-03 9.9727222000000004e-01
3.2580189989066538e-01 -4.2909482769699935e+02 9.9903584801345691e-01 6.8117918427025570e+00 1.3264738163585503e+00 -3.0250950763000947e+01 1.5888534628058042e+00 6.3412941834412789e-02 1.0971916000000000e-03 9.9856794000000004e-01
3.2638923053929020e-01 -5.4274967939790906e+02 9.9964096268914449e-01 6.7988544139329896e+00 1.3338788988340224e+00 -3.7787957462192942e+01 1.5874010580008502e+00 6.3601450092178671e-02 7.0085733000000002e-04 9.9946672000000003e-01
