-4.7592851427220523e-01 -4.9131381995889996e+02 4.7593002428769449e-01 -5.1633775006051223e+02 -1.3174947690225639e+02 3.1893891804233110e+01 -3.3506838091791685e+01 -8.4916895473095835e+00 5.5301730000000003e-06 1.0230946000000001e-06
-4.7591052334713085e-01 -3.6683240188362470e+02 4.7593992965555731e-01 -3.9180236432916593e+02 -1.3174344424951585e+02 2.3870023108823386e+01 -2.5480498797928909e+01 -8.4914185272898557e+00 3.5894988000000002e-05 1.9923924999999999e-05
-4.7585407911881106e-01 -3.0903303417651438e+02 4.7597100648139740e-01 -3.3386223517255894e+02 -1.3172451897882729e+02 2.0143031355513330e+01 -2.1747038282256742e+01 -8.4905682866747423e+00 8.5619985000000003e-05 7.9222864999999994e-05
-4.7574233786640607e-01 -2.7106494361425899e+02 4.7603252851019490e-01 -2.9565100647501390e+02 -1.3168705937536581e+02 1.7693075179537960e+01 -1.9285872450208512e+01 -8.4888853101262800e+00 1.5173507999999999e-04 1.9661552000000001e-04
-4.7556055786439333e-01 -2.4282319792823222e+02 4.7613261217918856e-01 -2.6705538844374814e+02 -1.3162613817102866e+02 1.5868787768906847e+01 -1.7445221710041196e+01 -8.4861480895420680e+00 2.3255418000000001e-04 3.8758918999999998e-04
-4.7529533186973860e-01 -2.2039818923411082e+02 4.7627863919186120e-01 -2.4416144354593175e+02 -1.3153729078841369e+02 1.4418156687642268e+01 -1.5972845819463350e+01 -8.4821557615767098e+00 3.2689763000000001e-04 6.6622920000000002e-04
-4.7493423788483730e-01 -2.0186074770122354e+02 4.7647744879941051e-01 -2.2503831840838257e+02 -1.3141640445565164e+02 1.3216844015438674e+01 -1.4744301057847682e+01 -8.4767230677095800e+00 4.3385032000000002e-04 1.0455858000000000e-03
-4.7446564370755179e-01 -1.8611521836451308e+02 4.7673544541076779e-01 -2.0859055784862534e+02 -1.3125965934580242e+02 1.2194254297622336e+01 -1.3688973099607587e+01 -8.4696776498283715e+00 5.5265518999999999e-04 1.5378795000000000e-03
-4.7387858611175165e-01 -1.7247861646224152e+02 4.7705866511286771e-01 -1.9413678855545078e+02 -1.3106349507041858e+02 1.1306403226456979e+01 -1.2762925238697076e+01 -8.4608584769726445e+00 6.8265765000000004e-04 2.1546280000000000e-03
-4.7316268926348060e-01 -1.6049577930751076e+02 4.7745282058873217e-01 -1.8122454714853782e+02 -1.3082459057150768e+02 1.0523999962388935e+01 -1.1936964860274056e+01 -8.4501148776795798e+00 8.2327310000000005e-04 2.9067318999999999e-03
-4.7230810913239235e-01 -1.4984767343991368e+02 4.7792333172318807e-01 -1.6953835764840966e+02 -1.3053985275726706e+02 9.8265339396042712e+00 -1.1190720762898895e+01 -8.4373059614653503e+00 9.7396649000000004e-04 3.8045331000000002e-03
-4.7130549284737244e-01 -1.4030162752703666e+02 4.7847534798067809e-01 -1.5884978859945812e+02 -1.3020641028876605e+02 9.1990654132194614e+00 -1.0509424893206434e+01 -8.4223002729455931e+00 1.1342389000000000e-03 4.8578574999999999e-03
-4.7014594899853795e-01 -1.3168242180046909e+02 4.7911376475626088e-01 -1.4898840867931901e+02 -1.2982161088319211e+02 8.6303601261619853e+00 -9.8820415687651764e+00 -8.4049756025456084e+00 1.3036180000000001e-03 6.0760461999999999e-03
-4.6882102612522492e-01 -1.2385455850264519e+02 4.7984323521960431e-01 -1.3982394895062205e+02 -1.2938302113447179e+02 8.1117453069480252e+00 -9.3001183774113656e+00 -8.3852189195050659e+00 1.4816515000000000e-03 7.4679780999999997e-03
-4.6732269529696879e-01 -1.1671088688102446e+02 4.8066817990547628e-01 -1.3125483797646967e+02 -1.2888842751065917e+02 7.6363755112427105e+00 -8.7570478614213467e+00 -8.3629263551267936e+00 1.6679024999999999e-03 9.0420881999999994e-03
-4.6564333831045340e-01 -1.1016504776046361e+02 4.8159279321221860e-01 -1.2320057375333137e+02 -1.2833583886356112e+02 7.1987446928055157e+00 -8.2475764224747685e+00 -8.3380032570656777e+00 1.8619452999999999e-03 1.0806380000000001e-02
-4.6377573674313249e-01 -1.0414628088427339e+02 4.8262104942855810e-01 -1.1559646657587074e+02 -1.2772348890289595e+02 6.7943510650934087e+00 -7.7674660927417767e+00 -8.3103642540626605e+00 2.0633631000000000e-03 1.2768437000000001e-02
-4.6171306690837727e-01 -9.8595779373153064e+01 4.8375670551118050e-01 -1.0838994250786740e+02 -1.2704983923268483e+02 6.4194613962922737e+00 -7.3132566804150638e+00 -8.2799333482577051e+00 2.2717459999999998e-03 1.4935428000000001e-02
-4.5944889138393152e-01 -9.3464046593888483e+01 4.8500330574895767e-01 -1.0153784968141434e+02 -1.2631358290047352e+02 6.0709403760561296e+00 -6.8820927264747063e+00 -8.2466440179219340e+00 2.4866887000000002e-03 1.7314116000000001e-02
-4.5697715920228332e-01 -8.8708969006342997e+01 4.8636418165813355e-01 -9.5004956549277466e+01 -1.2551364711237466e+02 5.7461260082991723e+00 -6.4715973047897517e+00 -8.2104393457588714e+00 2.7077901999999999e-03 1.9910858000000000e-02
-4.5429219538021648e-01 -8.4294349782119951e+01 4.8784245774710011e-01 -8.8760130429588855e+01 -1.2464919402374979e+02 5.4427348576524928e+00 -6.0797752834038761e+00 -8.1712720034297419e+00 2.9346520999999999e-03 2.2731616000000000e-02
-4.5138870662996416e-01 -8.0188820409636833e+01 4.8944104837197400e-01 -8.2779847048037070e+01 -1.2371962500683294e+02 5.1587917553262548e+00 -5.7049418391296935e+00 -8.1291044303754685e+00 3.1668782999999998e-03 2.5781951000000001e-02
-4.4826177564805514e-01 -7.6364979071699281e+01 4.9116266088101945e-01 -7.7042671037338920e+01 -1.2272458061505353e+02 4.8925741151771849e+00 -5.3456653024687224e+00 -8.0839088618886592e+00 3.4040742000000001e-03 2.9067029000000001e-02
-4.4490685730787793e-01 -7.2798721726720117e+01 4.9300979771093084e-01 -7.1530872770590577e+01 -1.2166394014686807e+02 4.6425687173001196e+00 -5.0007226526920139e+00 -8.0356672682234116e+00 3.6458464000000000e-03 3.2591624999999999e-02
-4.4131978437083463e-01 -6.9468721190253007e+01 4.9498475324240920e-01 -6.6229420386782792e+01 -1.2053782353476718e+02 4.4074381429771794e+00 -4.6690650449814566e+00 -7.9843714865345419e+00 3.8918026000000000e-03 3.6360116999999997e-02
-4.3749675987146908e-01 -6.6355997007894288e+01 4.9708961799272644e-01 -6.1125526942970353e+01 -1.1934658766516959e+02 4.1859929659396924e+00 -4.3497887782211526e+00 -7.9300230515826957e+00 4.1415510999999999e-03 4.0376493999999999e-02
-4.3343435997304380e-01 -6.3443576537686049e+01 4.9932627704351379e-01 -5.6208290355569247e+01 -1.1809082536149057e+02 3.9771699878671276e+00 -4.0421127244965085e+00 -7.8726332361326321e+00 4.3947007000000003e-03 4.4644352999999998e-02
-4.2912953396753989e-01 -6.0716216161266416e+01 5.0169641004076182e-01 -5.1468396016085030e+01 -1.1677136215695286e+02 3.7800142715255913e+00 -3.7453595043784937e+00 -7.8122229133506407e+00 4.6508610999999997e-03 4.9166899000000000e-02
-4.2457960046822141e-01 -5.8160168694713889e+01 5.0420149329110264e-01 -4.6897864916154774e+01 -1.1538925126093909e+02 3.5936642061416073e+00 -3.4589396939671548e+00 -7.7488223959186033e+00 4.9096423000000002e-03 5.3946949000000001e-02
-4.1978225216892995e-01 -5.5762995612100760e+01 5.0684279714145686e-01 -4.2489851793376566e+01 -1.1394576971701866e+02 3.4173394804309210e+00 -3.1823391945734318e+00 -7.6824713345771594e+00 5.1706551000000002e-03 5.8986927000000001e-02
-4.1473554727735396e-01 -5.3513402731868410e+01 5.0962139069566892e-01 -3.8238462157844374e+01 -1.1244240962554881e+02 3.2503305377161604e+00 -2.9151078521183651e+00 -7.6132185470416962e+00 5.4335110000000002e-03 6.4288872999999996e-02
-4.0943791808175967e-01 -5.1401109954983241e+01 5.1253813709787177e-01 -3.4138611725344710e+01 -1.1088087387259681e+02 3.0919903128889268e+00 -2.6568507943829078e+00 -7.5411212041545932e+00 5.6978226000000002e-03 6.9854434000000007e-02
-4.0388816143240103e-01 -4.9416732755964226e+01 5.1559369877319239e-01 -3.0185891947459741e+01 -1.0926306527434159e+02 2.9417266306268930e+00 -2.4072200680140163e+00 -7.4662457691969761e+00 5.9632034000000004e-03 7.5684873999999999e-02
-3.9808544350081498e-01 -4.7551686869853782e+01 5.1878853480739939e-01 -2.6376465262703896e+01 -1.0759107877940176e+02 2.7989961948063358e+00 -2.1659082615158081e+00 -7.3886666008319475e+00 6.2292681999999997e-03 8.1781068999999998e-02
-3.9202929597238517e-01 -4.5798103052749461e+01 5.2212290304318443e-01 -2.2706968333235206e+01 -1.0586719089206936e+02 2.6632991585250831e+00 -1.9326425246393273e+00 -7.3084659969641601e+00 6.4956331999999999e-03 8.8143510999999994e-02
-3.8571961604634214e-01 -4.4148754803259713e+01 5.2559686008016293e-01 -1.9174431028336333e+01 -1.0409384889013457e+02 2.5341745699321425e+00 -1.7071797247098497e+00 -7.2257336828645418e+00 6.7619166000000000e-03 9.4772308000000000e-02
-3.7915666072460952e-01 -4.2596994023821473e+01 5.2921026441929664e-01 -1.5776202509535063e+01 -1.0227365810624642e+02 2.4111963232103806e+00 -1.4893018458848948e+00 -7.1405666338811455e+00 7.0277381999999996e-03 1.0166719000000000e-01
-3.7234104585994487e-01 -4.1136696404302199e+01 5.3296277698696437e-01 -1.2509890201597923e+01 -1.0040936969439080e+02 2.2939697020747984e+00 -1.2788123437304164e+00 -7.0530684369019943e+00 7.2927204000000001e-03 1.0882751000000000e-01
-3.6527375948196555e-01 -3.9762215946417300e+01 5.3685385379797468e-01 -9.3733121566534052e+00 -9.8503871686156202e+01 2.1821285955380638e+00 -1.0755332352724092e+00 -6.9633490861751000e+00 7.5564877000000004e-03 1.1625223000000000e-01
-3.5795613419323830e-01 -3.8468336546263899e+01 5.4088276115361100e-01 -6.3644371591935345e+00 -9.6560168419397968e+01 2.0753323739369440e+00 -8.7930142570484238e-01 -6.8715241716222577e+00 7.8186677999999999e-03 1.2393994999999999e-01
-3.5038984526556122e-01 -3.7250235514151413e+01 5.4504857668977247e-01 -3.4813465848495713e+00 -9.4581366868740247e+01 1.9732636166852151e+00 -6.8996638180005765e-01 -6.7777143875710486e+00 8.0788911000000008e-03 1.3188891000000000e-01
-3.4257693919573329e-01 -3.6103455007203401e+01 5.4935017365485850e-01 -7.2220695153019765e-01 -9.2570670405151134e+01 1.8756264500162492e+00 -5.0738851070474289e-01 -6.6820454188026632e+00 8.3367917000000003e-03 1.4009695999999999e-01
-3.3451979563119494e-01 -3.5023866095626616e+01 5.5378624187258940e-01 1.9147706034451282e+00 -9.0531354816443312e+01 1.7821441544928496e+00 -3.3143646381689040e-01 -6.5846469590536501e+00 8.5920070000000005e-03 1.4856159999999999e-01
-3.2622114640720812e-01 -3.4007645523458720e+01 5.5835527726059597e-01 4.4313519929736245e+00 -8.8466759123594287e+01 1.6925578131322245e+00 -1.6198588053434804e-01 -6.4856524565582605e+00 8.8441787999999997e-03 1.5727996000000000e-01
-3.1768405650967613e-01 -3.3051249428141510e+01 5.6305559231183000e-01 6.8293078624037618e+00 -8.6380266901122226e+01 1.6066246159261222e+00 1.0823923889032860e-03 -6.3851983693068295e+00 9.0929527999999999e-03 1.6624881999999999e-01
-3.0891192407514417e-01 -3.2151392522287736e+01 5.6788531609456394e-01 9.1104315356021015e+00 -8.4275291983180054e+01 1.5241165663153791e+00 1.5788351789899957e-01 -6.2834236523594198e+00 9.3379794999999995e-03 1.7546460999999999e-01
-2.9990847087220929e-01 -3.1305028388818620e+01 5.7284239949309657e-01 1.1276556294643411e+01 -8.2155262726097220e+01 1.4448192159441695e+00 3.0852991267431329e-01 -6.1804691816888084e+00 9.5789143999999993e-03 1.8492342000000001e-01
-2.9067777085728980e-01 -3.0509334262608085e+01 5.7792459948563679e-01 1.3329561937347194e+01 -8.0023614667439062e+01 1.3685308419169129e+00 4.5313161623192777e-01 -6.0764775061806020e+00 9.8154178999999998e-03 1.9462097000000000e-01
-2.8122420258167624e-01 -2.9761691505144324e+01 5.8312950534783003e-01 1.5271395711079286e+01 -7.7883765817213003e+01 1.2950610069985027e+00 5.9179803511022944e-01 -5.9715919043142129e+00 1.0047156000000000e-02 2.0455266000000000e-01
-2.7155243967294196e-01 -2.9059671172605654e+01 5.8845454389346286e-01 1.7104080504902608e+01 -7.5739104348960112e+01 1.2242297153757375e+00 7.2463833222817597e-01 -5.8659556604945884e+00 1.0273801000000001e-02 2.1471357999999999e-01
-2.6166749842789166e-01 -2.8401024960710078e+01 5.9389695327093772e-01 1.8829710847632409e+01 -7.3592982931733843e+01 1.1558669045379806e+00 8.5176157033398947e-01 -5.7597123362392573e+00 1.0495031000000000e-02 2.2509846000000000e-01
-2.5157468070102296e-01 -2.7783669343424798e+01 5.9945381440750334e-01 2.0450467138174311e+01 -7.1448696310472641e+01 1.0898112872906227e+00 9.7327784249813432e-01 -5.6530045031323750e+00 1.0710529999999999e-02 2.3570173000000000e-01
-2.4127958342311603e-01 -2.7205676098642446e+01 6.0512204576854989e-01 2.1968615279985983e+01 -6.9309474090791014e+01 1.0259097490358844e+00 1.0892982972870724e+00 -5.5459734740645574e+00 1.0919989999999999e-02 2.4651751000000000e-01
-2.3078810811982353e-01 -2.6665263299889116e+01 6.1089839811690361e-01 2.3386504915196085e+01 -6.7178469405744991e+01 9.6401680151609681e-01 1.1999355624607351e+00 -5.4387590204327623e+00 1.1123108000000000e-02 2.5753959999999998e-01
-2.2010643235590110e-01 -2.6160785140575157e+01 6.1677947023494251e-01 2.4706571387316686e+01 -6.5058743950498197e+01 9.0399380357999859e-01 1.3053039770305190e+00 -5.3314986672322737e+00 1.1319591000000000e-02 2.6876150999999998e-01
-2.0924100021661790e-01 -2.5690723860582491e+01 6.2276171416530091e-01 2.5931334645885560e+01 -6.2953258948784217e+01 8.4570838849833263e-01 1.4055197733751941e+00 -5.2243272253446591e+00 1.1509152000000000e-02 2.8017647000000001e-01
-1.9819853182634606e-01 -2.5253683337666985e+01 6.2884142997016501e-01 2.7063393270522958e+01 -6.0864868305935282e+01 7.8903401388997707e-01 1.5007011749892754e+00 -5.1173765858401268e+00 1.1691511000000000e-02 2.9177742000000001e-01
-1.8698603286715060e-01 -2.4848382788979354e+01 6.3501476049056726e-01 2.8105418794660242e+01 -5.8796312794221315e+01 7.3384953671146147e-01 1.5909681943960465e+00 -5.0107754678957201e+00 1.1866398000000000e-02 3.0355700000000002e-01
-1.7561071843007142e-01 -2.4473648337542734e+01 6.4127773327202764e-01 2.9060157439956456e+01 -5.6750199982675078e+01 6.8003839066793648e-01 1.6764432085662271e+00 -4.9046484133461474e+00 1.2033550000000000e-02 3.1550762999999998e-01
-1.6408007964525129e-01 -2.4128410407553776e+01 6.4762622387961755e-01 2.9930416135118659e+01 -5.4729011648729077e+01 6.2748851098020064e-01 1.7572502850048257e+00 -4.7991162214244740e+00 1.2192715000000000e-02 3.2762143999999999e-01
-1.5240183608898750e-01 -2.3811697447923894e+01 6.5405598210148563e-01 3.0719059947648411e+01 -5.2735090534599429e+01 5.7609170978431434e-01 1.8335154118248025e+00 -4.6942952251284984e+00 1.2343646000000000e-02 3.3989032000000002e-01
-1.4058394530232132e-01 -2.3522632254144753e+01 6.6056262670815258e-01 3.1429003499952962e+01 -5.0770638700920223e+01 5.2574334802250988e-01 1.9053662369806890e+00 -4.5902972277664595e+00 1.2486109000000000e-02 3.5230591000000000e-01
-1.2863456471667900e-01 -2.3260427254609329e+01 6.6714166641533135e-01 3.2063204752837805e+01 -4.8837708884994520e+01 4.7634181832193800e-01 1.9729320871358493e+00 -4.4872290198486802e+00 1.2619877000000000e-02 3.6485963999999999e-01
-1.1656208020964109e-01 -2.3024382443086260e+01 6.7378848416181247e-01 3.2624654905867715e+01 -4.6938207562709223e+01 4.2778832814990364e-01 2.0363435493685644e+00 -4.3851925063172086e+00 1.2744734000000001e-02 3.7754270000000001e-01
-1.0437507754917325e-01 -2.2813881807557230e+01 6.8049835283157845e-01 3.3116372672577349e+01 -4.5073889716332687e+01 3.7998644724572650e-01 2.0957323887632771e+00 -4.2842843573119369e+00 1.2860473000000001e-02 3.9034606999999999e-01
-9.2082323356446394e-02 -2.2628390845302800e+01 6.8726644573521511e-01 3.3541389055564572e+01 -4.3246356355521272e+01 3.3284171821407071e-01 2.1512313650336736e+00 -4.1845958211360026e+00 1.2966896000000000e-02 4.0326054000000000e-01
-7.9692784143016782e-02 -2.2467455273606671e+01 6.9408782612850028e-01 3.3902752058213331e+01 -4.1457058282106416e+01 2.8626141122244453e-01 2.2029738408907562e+00 -4.0862128314651835e+00 1.3063819000000001e-02 4.1627669000000000e-01
-6.7215569199286729e-02 -2.2330698512597571e+01 7.0095747865663527e-01 3.4203505537527640e+01 -3.9707289696202842e+01 2.4015400924971164e-01 2.2510937790294103e+00 -3.9892155772541535e+00 1.3151064000000001e-02 4.2938494999999999e-01
-5.4659987706043911e-02 -2.2217821692440054e+01 7.0787027791001389e-01 3.4446686310976261e+01 -3.7998199015346820e+01 1.9442910826574322e-01 2.2957251572481634e+00 -3.8936789735427428e+00 1.3228465999999999e-02 4.4257553999999999e-01
-4.2035472585742584e-02 -2.2128601902449645e+01 7.1482103034986322e-01 3.4635315992597540e+01 -3.6330781631191989e+01 1.4899683838134381e-01 2.3370020438328911e+00 -3.7996721302692626e+00 1.3295871000000001e-02 4.5583855000000001e-01
-2.9351618576863192e-02 -2.2062892782030556e+01 7.2180445334542354e-01 3.4772392412428211e+01 -3.4705888975265097e+01 1.0376769118615470e-01 2.3750580492617157e+00 -3.7072587513339652e+00 1.3353135000000000e-02 4.6916390000000002e-01
-1.6618134640963345e-02 -2.2020624210012489e+01 7.2881520137747358e-01 3.4860882253671285e+01 -3.3124227014454029e+01 5.8652042617590938e-02 2.4100262902938185e+00 -3.6164968653648049e+00 1.3400123999999999e-02 4.8254139000000001e-01
-3.8448629998571460e-03 -2.2001802971401819e+01 7.3584785555692056e-01 3.4903714983666241e+01 -3.1586364237744426e+01 1.3559903676524820e-02 2.4420390120191868e+00 -3.5274391227568187e+00 1.3436718000000000e-02 4.9596067999999999e-01
8.9582589387435796e-03 -2.2006514043365069e+01 7.4289694458762012e-01 3.4903773371925801e+01 -3.0092731258186671e+01 -3.1599539576855795e-02 2.4712274521978541e+00 -3.4401326853504726e+00 1.3462807000000000e-02 5.0941133000000005e-01
2.1781160506870290e-02 -2.2034921842850466e+01 7.4995692380355683e-01 3.4863889559670902e+01 -2.8643633359911565e+01 -7.6918126811559739e-02 2.4977214211917471e+00 -3.3546196491981175e+00 1.3478291000000000e-02 5.2288276000000000e-01
3.4613723443605748e-02 -2.2087272847341517e+01 7.5702222233518901e-01 3.4786838525714835e+01 -2.7239245936605862e+01 -1.2248937857844377e-01 2.5216491988018550e+00 -3.2709366754466154e+00 1.3483083000000000e-02 5.3636434000000000e-01
4.7445734302134890e-02 -2.2163897361803471e+01 7.6408721690592440e-01 3.4675332200715708e+01 -2.5879627045126135e+01 -1.6840869378184697e-01 2.5431373413558518e+00 -3.1891155103557098e+00 1.3477108000000000e-02 5.4984533999999996e-01
6.0266903486924928e-02 -2.2265213269803347e+01 7.7114624231352935e-01 3.4532015070367606e+01 -2.4564722132465366e+01 -2.1477380827962789e-01 2.5623103949050376e+00 -3.1091831072981440e+00 1.3460300999999999e-02 5.6331494999999998e-01
7.3066893809493882e-02 -2.2391729599372379e+01 7.7819360715224506e-01 3.4359459463681461e+01 -2.3294368654949309e+01 -2.6168530450241023e-01 2.5792907504696343e+00 -3.0311616594362851e+00 1.3432611000000001e-02 5.7676231000000000e-01
8.5835339525590582e-02 -2.2544051392832461e+01 7.8522360429419669e-01 3.4160161532235819e+01 -2.2068301545360196e+01 -3.0924713088877331e-01 2.5941984657249466e+00 -2.9550687504962854e+00 1.3393997000000000e-02 5.9017653000000003e-01
9.8561817779425465e-02 -2.2722884108266225e+01 7.9223049516727917e-01 3.3936538369300528e+01 -2.0886163859451912e+01 -3.5756696677768007e-01 2.6071510636818971e+00 -2.8809177928169678e+00 1.3344429999999999e-02 6.0354666000000001e-01
1.1123588667802914e-01 -2.2929040108136402e+01 7.9920853071797726e-01 3.3690924850431465e+01 -1.9747510126064817e+01 -4.0675687528924154e-01 2.6182634084381173e+00 -2.8087180338373687e+00 1.3283893999999999e-02 6.1686173000000000e-01
1.2384712336561216e-01 -2.3163445752812400e+01 8.0615197237418590e-01 3.3425570632849144e+01 -1.8651811496344727e+01 -4.5693400843995635e-01 2.6276475754082380e+00 -2.7384746243651761e+00 1.3212384000000001e-02 6.3011079000000003e-01
1.3638506691202540e-01 -2.3427148476479701e+01 8.1305506060097921e-01 3.3142639788405333e+01 -1.7598467779820187e+01 -5.0822099231433915e-01 2.6354127477084757e+00 -2.6701894032297537e+00 1.3129907000000000e-02 6.4328284999999996e-01
1.4883928494288984e-01 -2.3721326315420612e+01 8.1991205158554703e-01 3.2844208292302973e+01 -1.6586809529962125e+01 -5.6074685271787161e-01 2.6416650669800745e+00 -2.6038603514727443e+00 1.3036481000000001e-02 6.5636695000000000e-01
1.6119938315818477e-01 -2.4047298278989398e+01 8.2671722247789958e-01 3.2532262815171279e+01 -1.5616104771816303e+01 -6.1464779167979400e-01 2.6465075898491062e+00 -2.5394823007621441e+00 1.2932137999999999e-02 6.6935217000000002e-01
1.7345497677647964e-01 -2.4406535005400986e+01 8.3346485566875217e-01 3.2208701207256532e+01 -1.4685568674043047e+01 -6.7006787577572713e-01 2.6500401686351367e+00 -2.4770471385860424e+00 1.2816919000000000e-02 6.8222760000000005e-01
1.8559574764647208e-01 -2.4800672793659757e+01 8.4014927023375585e-01 3.1875332479040033e+01 -1.3794365839481333e+01 -7.2716017692541801e-01 2.6523594685258391e+00 -2.4165438140922761e+00 1.2690879000000000e-02 6.9498240000000000e-01
1.9761142520980862e-01 -2.5231527780621988e+01 8.4676481145208760e-01 3.1533875585117787e+01 -1.2941620721071358e+01 -7.8608768790811212e-01 2.6535588378801829e+00 -2.3579587401963971e+00 1.2554085000000000e-02 7.0760577999999996e-01
2.0949179601967444e-01 -2.5701112511378486e+01 8.5330585604715470e-01 3.1185962347849461e+01 -1.2126420544519027e+01 -8.4702447398764302e-01 2.6537282770229247e+00 -2.3012760168167401e+00 1.2406611999999999e-02 7.2008700999999997e-01
2.2122675133374187e-01 -2.6211656539093855e+01 8.5976683839012091e-01 3.0833136333653904e+01 -1.1347820683089411e+01 -9.1015715608798786e-01 2.6529546912550197e+00 -2.2464774397947940e+00 1.2248551000000000e-02 7.3241546999999996e-01
2.3280625855840159e-01 -2.6765626638232337e+01 8.6614223477779118e-01 3.0476855167610548e+01 -1.0604852287724382e+01 -9.7568618096610604e-01 2.6513213034985430e+00 -2.1935429451333577e+00 1.2080001999999999e-02 7.4458062000000003e-01
2.4422038028594167e-01 -2.7365751893602035e+01 8.7242657391402112e-01 3.0118493060031046e+01 -9.8965272456975253e+00 -1.0438274913735559e+00 2.6489082513457034e+00 -2.1424507518044908e+00 1.1901076999999999e-02 7.5657202000000001e-01
2.5545929333172740e-01 -2.8015052219872139e+01 8.7861444739112826e-01 2.9759341528931650e+01 -9.2218424270591388e+00 -1.1148144287386910e+00 2.6457923057059851e+00 -2.0931775359997875e+00 1.1711898000000000e-02 7.6837935000000002e-01
2.6651331728997069e-01 -2.8716871947776504e+01 8.8470052541200661e-01 2.9400611140536064e+01 -8.5797835499506885e+00 -1.1888999553897455e+00 2.6420469484205760e+00 -2.0456986878718966e+00 1.1512599000000000e-02 7.7999244000000001e-01
2.7737286694078073e-01 -2.9474913357850241e+01 8.9067953058660154e-01 2.9043435704905754e+01 -7.9693330769663948e+00 -1.2663587014984214e+00 2.6377424342193168e+00 -1.9999881727717030e+00 1.1303326000000001e-02 7.9140122000000002e-01
2.8802854743606227e-01 -3.0293285007180849e+01 8.9654629033896072e-01 2.8688872034394919e+01 -7.3894698795524043e+00 -1.3474902234475343e+00 2.6329457938957055e+00 -1.9560192397528744e+00 1.1084235000000000e-02 8.0259581999999996e-01
2.9847106863220746e-01 -3.1176544134839673e+01 9.0229568974088825e-01 2.8337905762647718e+01 -6.8391781231128848e+00 -1.4326215286825663e+00 2.6277209363848359e+00 -1.9137642617815147e+00 1.0855490000000001e-02 8.1356647999999998e-01
3.0869133075740335e-01 -3.2129759234140977e+01 9.0792271867829033e-01 2.7991451663479982e+01 -6.3174469386385557e+00 -1.5221112185955503e+00 2.6221286685233940e+00 -1.8731952844980682e+00 1.0617270000000000e-02 8.2430364000000000e-01
3.1868040537445291e-01 -3.3158574585488005e+01 9.1342246136976546e-01 2.7650357259141352e+01 -5.8232757233145538e+00 -1.6163535014629329e+00 2.6162267742346681e+00 -1.8342835085978468e+00 1.0369760000000000e-02 8.3479791999999997e-01
3.2842954489936488e-01 -3.4269287125930987e+01 9.1879010160730945e-01 2.7315406069675955e+01 -5.3556771562945045e+00 -1.7157830882059000e+00 2.6100700845452218e+00 -1.7969999574317077e+00 1.0113159000000000e-02 8.4504013000000000e-01
3.3793019211994263e-01 -3.5468937850724252e+01 9.2402092799702062e-01 2.6987320381530559e+01 -4.9136799610313959e+00 -1.8208808891536936e+00 2.6037105522516124e+00 -1.7613155051729010e+00 9.8476710000000005e-03 8.5502127999999999e-01
3.4717398019578521e-01 -3.6765417214997022e+01 9.2911033395909937e-01 2.6666764688151879e+01 -4.4963322429843702e+00 -1.9321808058696490e+00 2.5971973314517318e+00 -1.7272010556697797e+00 9.5735140000000000e-03 8.6473257999999997e-01
3.5615278025123581e-01 -3.8167597589391711e+01 9.3405384393137403e-01 2.6354347501995026e+01 -4.1027021428345849e+00 -2.0502778795224685e+00 2.5905768495173391e+00 -1.6946274953116855e+00 9.2909130999999992e-03 8.7416548999999999e-01
3.6485865378243248e-01 -3.9685476800385906e+01 9.3884708716577570e-01 2.6050625982666261e+01 -3.7318818361951105e+00 -2.1758374437285140e+00 2.5838928984205847e+00 -1.6635660525691629e+00 9.0001030000000006e-03 8.8331166999999999e-01
3.7328390976884746e-01 -4.1330367327721262e+01 9.4348582917256818e-01 2.5756107712695240e+01 -3.3829889758563407e+00 -2.3096070661493018e+00 2.5771867163350728e+00 -1.6339882349803205e+00 8.7013270999999996e-03 8.9216304000000002e-01
3.8142107611751735e-01 -4.3115109825651494e+01 9.4796595599823330e-01 2.5471254783385060e+01 -3.0551683927688851e+00 -2.4524298714407013e+00 2.5704970807225189e+00 -1.6058660392963995e+00 8.3948374000000006e-03 9.0071175000000003e-01
3.8926294725599181e-01 -4.5054349277813515e+01 9.5228350042899601e-01 2.5196485273928943e+01 -2.7475929958398626e+00 -2.6052620949037086e+00 2.5638603763913679e+00 -1.5791719362359997e+00 8.0808944000000001e-03 9.0895022999999997e-01
3.9680254605797544e-01 -4.7164854395284856e+01 9.5643462102800414e-01 2.4932177781772566e+01 -2.4594665497278445e+00 -2.7691930324259486e+00 2.5573107006924234e+00 -1.5538791238032765e+00 7.7597663000000001e-03 9.1687114999999997e-01
4.0403316191768573e-01 -4.9465932814782938e+01 9.6041562309814910e-01 2.4678673268062326e+01 -2.1900239487338689e+00 -2.9454713697151607e+00 2.5508799491807324e+00 -1.5299614866723752e+00 7.4317293999999999e-03 9.2446746000000002e-01
4.1094836026844345e-01 -5.1979945728680811e+01 9.6422296392277018e-01 2.4436277497710805e+01 -1.9385320348247663e+00 -3.1355377093552432e+00 2.5445978741796145e+00 -1.5073936816649098e+00 7.0970672000000004e-03 9.3173240000000002e-01
4.1754196354549261e-01 -5.4732948898319201e+01 9.6785324228424563e-01 2.4205264588369591e+01 -1.7042915247550185e+00 -3.3410649836675179e+00 2.5384922028449215e+00 -1.4861513072071582e+00 6.7560703000000000e-03 9.3865947999999999e-01
4.2380809877895015e-01 -5.7755543909946020e+01 9.7130322466751684e-01 2.3985878346889731e+01 -1.4866366115698375e+00 -3.5640125836407472e+00 2.5325886760635044e+00 -1.4662107855945470e+00 6.4090362999999996e-03 9.4524253000000003e-01
4.2974114048226636e-01 -6.1083936959085968e+01 9.7456981381585872e-01 2.3778336595870563e+01 -1.2849362784946985e+00 -3.8066932227425045e+00 2.5269111860632516e+00 -1.4475496911023187e+00 6.0562691999999996e-03 9.5147563999999996e-01
4.3533580583812342e-01 -6.4761424376034739e+01 9.7765010113793016e-01 2.3582830512947144e+01 -1.0985949275260078e+00 -4.0718677597820498e+00 2.5214817725880430e+00 -1.4301465068210930e+00 5.6980790999999996e-03 9.5735325999999998e-01
4.4058705951253690e-01 -6.8840275545719123e+01 9.8054131430072333e-01 2.3399530286264813e+01 -9.2705297912270190e-01 -4.3628644730694894e+00 2.5163207818558786e+00 -1.4139809585382483e+00 5.3347821999999998e-03 9.6287009999999995e-01
4.4549020884075413e-01 -7.3384457985026870e+01 9.8324086963661483e-01 2.3228584058070467e+01 -7.6978601669886959e-01 -4.6837532164185385e+00 2.5114468640857668e+00 -1.3990338079698070e+00 4.9667000000000001e-03 9.6802122999999995e-01
4.5004083719712523e-01 -7.8473336736846889e+01 9.8574633545842927e-01 2.3070122120821726e+01 -6.2630670424525137e-01 -5.0395811098861394e+00 2.5068770884937583e+00 -1.3852871173231469e+00 4.5941591999999996e-03 9.7280200999999999e-01
4.5423488014382191e-01 -8.4207175226623164e+01 9.8805547398508109e-01 2.2924257473590654e+01 -4.9616323272486823e-01 -5.4367245101684691e+00 2.5026269316812959e+00 -1.3727240324025216e+00 4.2174915999999996e-03 9.7720817000000004e-01
4.5806854928211854e-01 -9.0715141381162894e+01 9.9016619941593254e-01 2.2791087807319308e+01 -3.7894167276479329e-01 -5.8834008604162724e+00 2.4987105150918141e+00 -1.3613291147359117e+00 3.8370333000000002e-03 9.8123572999999997e-01
4.6153840840111121e-01 -9.8167943001800708e+01 9.9207661985643636e-01 2.2670696965605959e+01 -2.7426332179508589e-01 -6.3904787919690200e+00 2.4951403775129073e+00 -1.3510881054905064e+00 3.4531249000000000e-03 9.8488107999999996e-01
4.6464134492194747e-01 -1.0679812167013465e+02 9.9378502159601823e-01 2.2563156309037435e+01 -1.8178873250730454e-01 -6.9727797688268476e+00 2.4919277487396299e+00 -1.3419881041291126e+00 3.0661112999999999e-03 9.8814095000000002e-01
4.6737455086064755e-01 -1.1693476892633714e+02 9.9528985862666808e-01 2.2468526980319410e+01 -1.0121255947210665e-01 -7.6513071095512641e+00 2.4890825747946703e+00 -1.3340175999041575e+00 2.6763420000000000e-03 9.9101238999999997e-01
4.6973557993964238e-01 -1.2906764973361192e+02 9.9658978408717069e-01 2.2386859148637470e+01 -3.2267482333993333e-02 -8.4573679409765106e+00 2.4866134082576687e+00 -1.3271663017835669e+00 2.2841723000000002e-03 9.9349282999999999e-01
4.7172232855059476e-01 -1.4397636896119204e+02 9.9768363978169461e-01 2.2318193810761226e+01 2.5276894355994090e-02 -9.4408818259497327e+00 2.4845275936180045e+00 -1.3214253642525775e+00 1.8899688000000000e-03 9.9558005999999999e-01
4.7333302623580870e-01 -1.6302755407737700e+02 9.9857045093908758e-01 2.2262563937889489e+01 7.1614790888635330e-02 -1.0689509576948614e+01 2.4828312252939102e+00 -1.3167872820652546e+00 1.4941295000000000e-03 9.9727222000000004e-01
4.7456636894848675e-01 -1.8901421633496710e+02 9.9924949958274856e-01 2.2219990819589739e+01 1.0690704259124953e-01 -1.2382714072202862e+01 2.4815290804007777e+00 -1.3132456382128541e+00 1.0971916000000000e-03 9.9856794000000004e-01
4.7542188075914099e-01 -2.2959699403027739e+02 9.9972052367742159e-01 2.2190472119072698e+01 1.3129127145167410e-01 -1.5013496577159028e+01 2.4806242184896350e+00 -1.3107939172407748e+00 7.0085733000000002e-04 9.9946672000000003e-01
