-1.5908574428427369e-01 -2.1310418968197760e+03 1.5908693013897265e-01 -1.9442236824521176e+03 -6.0365318285590070e+02 1.4178974998914413e+02 -1.2961450786554292e+02 -3.9345333032333997e+01 5.5301730000000003e-06 1.0230946000000001e-06
-1.5907973056662494e-01 -1.5607850186664798e+03 1.5910282411054827e-01 -1.3730853965631698e+03 -6.0341544342726422e+02 1.0461647665276394e+02 -9.2400207068602441e+01 -3.9334596878964298e+01 3.5894988000000002e-05 1.9923924999999999e-05
-1.5906086329600860e-01 -1.2962196024866855e+03 1.5915268941524011e-01 -1.1063063539410780e+03 -6.0267004895735738e+02 8.7360161259794452e+01 -7.5040089874650107e+01 -3.9300930688721316e+01 8.5619985000000003e-05 7.9222864999999994e-05
-1.5902351222379288e-01 -1.1226973866396536e+03 1.5925140653413222e-01 -9.2909128492499417e+02 -6.0119659294563769e+02 7.6029492456694570e+01 -6.3535045071542832e+01 -3.9234359148143447e+01 1.5173507999999999e-04 1.9661552000000001e-04
-1.5896274972259999e-01 -9.9392231408156624e+02 1.5941199895353581e-01 -7.9512239372514011e+02 -5.9880566097526980e+02 6.7606730184212381e+01 -5.4865231852881536e+01 -3.9126278034837974e+01 2.3255418000000001e-04 3.8758918999999998e-04
-1.5887409423443763e-01 -8.9197741152360948e+02 1.5964631121945461e-01 -6.8653284305560726e+02 -5.9533072898932608e+02 6.0924116317685545e+01 -4.7864210054711620e+01 -3.8969063610319637e+01 3.2689763000000001e-04 6.6622920000000002e-04
-1.5875339353334086e-01 -8.0801552290162510e+02 1.5996531746890624e-01 -5.9457470085065700e+02 -5.9062551455691244e+02 5.5405319499160576e+01 -4.1959126768326733e+01 -3.8755937844259961e+01 4.3385032000000002e-04 1.0455858000000000e-03
-1.5859675939349588e-01 -7.3700586424463120e+02 1.6037929409898374e-01 -5.1435293216049911e+02 -5.8456355104515285e+02 5.0722857396626701e+01 -3.6827667606620366e+01 -3.8480929043995268e+01 5.5265518999999999e-04 1.5378795000000000e-03
-1.5840052720365025e-01 -6.7580678966645644e+02 1.6089792650406093e-01 -4.4289000962503025e+02 -5.7703884809372391e+02 4.6672461606077533e+01 -3.2272022074871074e+01 -3.8138878187849379e+01 6.8265765000000004e-04 2.1546280000000000e-03
-1.5816122869657903e-01 -6.2231953274990440e+02 1.6153038115052532e-01 -3.7827357951087288e+02 -5.6796679124892171e+02 4.3117888256257125e+01 -2.8163465983092159e+01 -3.7725467349401342e+01 8.2327310000000005e-04 2.9067318999999999e-03
-1.5787557336783156e-01 -5.7506858427363306e+02 1.6228535468615157e-01 -3.1923192528423169e+02 -5.5728547083963019e+02 3.9963540365288885e+01 -2.4414714709261716e+01 -3.7237259855494209e+01 9.7396649000000004e-04 3.8045331000000002e-03
-1.5754043488978126e-01 -5.3297402534435980e+02 1.6317110984712643e-01 -2.6490169973032113e+02 -5.4495688741392973e+02 3.7139615220428865e+01 -2.0964928332985593e+01 -3.6671743255422889e+01 1.1342389000000000e-03 4.8578574999999999e-03
-1.5715284118465481e-01 -4.9521933242993578e+02 1.6419550169456321e-01 -2.1469166398417130e+02 -5.3096804176618173e+02 3.4593464480550494e+01 -1.7770905284642275e+01 -3.6027370658229096e+01 1.3036180000000001e-03 6.0760461999999999e-03
-1.5670996723384187e-01 -4.6117034156264401e+02 1.6536599661915674e-01 -1.6819748277374157e+02 -5.1533177965116658e+02 3.2284345344455879e+01 -1.4801633179631732e+01 -3.5303593820453344e+01 1.4816515000000000e-03 7.4679780999999997e-03
-1.5620912925534483e-01 -4.3032327631371118e+02 1.6668968772990822e-01 -1.2514567264074583e+02 -4.9808727877106827e+02 3.0179961315272546e+01 -1.2034739494750127e+01 -3.4500890029787200e+01 1.6679024999999999e-03 9.0420881999999994e-03
-1.5564778075844429e-01 -4.0227023346124122e+02 1.6817330528145796e-01 -8.5355039587334289e+01 -4.7930013831254843e+02 2.8254251576718765e+01 -9.4540851935213457e+00 -3.3620774532412653e+01 1.8619452999999999e-03 1.0806380000000001e-02
-1.5502350888471961e-01 -3.7667546774066898e+02 1.6982322634459560e-01 -4.8708951189182351e+01 -4.5906197194034002e+02 2.6485830212362963e+01 -7.0480648814994948e+00 -3.2665796057364126e+01 2.0633631000000000e-03 1.2768437000000001e-02
-1.5433403272173629e-01 -3.5325873265414964e+02 1.7164547926310394e-01 -1.5134764057311642e+01 -4.3748952835815538e+02 2.4856898091116221e+01 -4.8083720230398441e+00 -3.1639521806649526e+01 2.2717459999999998e-03 1.4935428000000001e-02
-1.5357720047131415e-01 -3.3178324341017031e+02 1.7364575113789288e-01 1.5412061957761336e+01 -4.1472319525336542e+02 2.3352453679886466e+01 -2.7290657820181732e+00 -3.0546497734274439e+01 2.4866887000000002e-03 1.7314116000000001e-02
-1.5275098951316177e-01 -3.1204663476266614e+02 1.7582938765881667e-01 4.2960233196051291e+01 -3.9092519300612565e+02 2.1959717442826918e+01 -8.0586089277922635e-01 -2.9392200671014681e+01 2.7077901999999999e-03 1.9910858000000000e-02
-1.5185350290498270e-01 -2.9387468751372023e+02 1.7820140235472715e-01 6.7532721593951663e+01 -3.6627682228584530e+02 2.0667693498480894e+01 9.6444092549103300e-01 -2.8182961105147744e+01 2.9346520999999999e-03 2.2731616000000000e-02
-1.5088297129150866e-01 -2.7711587491085254e+02 1.8076647154799014e-01 8.9154451933197535e+01 -3.4097568991699825e+02 1.9466844082139534e+01 2.5843914025870860e+00 -2.6925881251410296e+01 3.1668782999999998e-03 2.5781951000000001e-02
-1.4983775099546640e-01 -2.6163762888046574e+02 1.8352893939996900e-01 1.0785870383738418e+02 -3.1523222240217598e+02 1.8348831492269763e+01 4.0562560129962026e+00 -2.5628726199362216e+01 3.4040742000000001e-03 2.9067029000000001e-02
-1.4871632274488927e-01 -2.4732319748663775e+02 1.8649282127468042e-01 1.2369200507843554e+02 -2.8926587171620616e+02 1.7306317442048783e+01 5.3823047223083869e+00 -2.4299806730246232e+01 3.6458464000000000e-03 3.2591624999999999e-02
-1.4751729358215010e-01 -2.3406922538012216e+02 1.8966179869331085e-01 1.3671775822315027e+02 -2.6330111592020620e+02 1.6332806599997006e+01 6.5650334393910832e+00 -2.2947851518353954e+01 3.8918026000000000e-03 3.6360116999999997e-02
-1.4623939431858393e-01 -2.2178374933709779e+02 1.9303922606152776e-01 1.4701881064696474e+02 -2.3756317052519512e+02 1.5422517117789404e+01 7.6073441620325344e+00 -2.1581864816967745e+01 4.1415510999999999e-03 4.0376493999999999e-02
-1.4488148048900465e-01 -2.1038460972097792e+02 1.9662812814673813e-01 1.5469892079254745e+02 -2.1227371152467023e+02 1.4570278503283600e+01 8.5126743118106809e+00 -2.0210982791913882e+01 4.3947007000000003e-03 4.4644352999999998e-02
-1.4344253235170479e-01 -1.9979813225764437e+02 2.0043120007808818e-01 1.5988327505326944e+02 -1.8764661228174754e+02 1.3771447235175668e+01 9.2850862682226705e+00 -1.8844325148417902e+01 4.6508610999999997e-03 4.9166899000000000e-02
-1.4192165361576706e-01 -1.8995802420154195e+02 2.0445081071011934e-01 1.6271810463655370e+02 -1.6388380196924649e+02 1.3021836395823186e+01 9.9293210074964389e+00 -1.7490846187415297e+01 4.9096423000000002e-03 5.3946949000000001e-02
-1.4031807303192506e-01 -1.8080447498908907e+02 2.0868899841819832e-01 1.6336947315167893e+02 -1.4117152161439600e+02 1.2317658459075394e+01 1.0450816385005348e+01 -1.6159192830058693e+01 5.1706551000000002e-03 5.8986927000000001e-02
-1.3863114152901398e-01 -1.7228336505907620e+02 2.1314747866674277e-01 1.6202133943585750e+02 -1.1967670928234990e+02 1.1655475334907415e+01 1.0855697000168528e+01 -1.4857567417180586e+01 5.4335110000000002e-03 6.4288872999999996e-02
-1.3686033507751988e-01 -1.6434563007707843e+02 2.1782763644099576e-01 1.5887298002724944e+02 -9.9544164894545858e+01 1.1032158322572652e+01 1.1150734952317512e+01 -1.3593602657559600e+01 5.6978226000000002e-03 6.9854434000000007e-02
-1.3500525150785833e-01 -1.5694668299133605e+02 2.2273053465616496e-01 1.5413589818090728e+02 -8.0894030764168107e+01 1.0444852369340385e+01 1.1343289192354876e+01 -1.2374250173296186e+01 5.9632034000000004e-03 7.5684873999999999e-02
-1.3306561210123499e-01 -1.5004594167165843e+02 2.2785690995285329e-01 1.4803031986438288e+02 -6.3820014316512044e+01 9.8909457031112247e+00 1.1441223290269603e+01 -1.1205685707199965e+01 6.2292681999999997e-03 8.1781068999999998e-02
-1.3104126031695718e-01 -1.4360640528643268e+02 2.3320717606071439e-01 1.4078142293091807e+02 -4.8388230804063333e+01 9.3680444936016016e+00 1.1452808293444845e+01 -1.0093232249501892e+01 6.4956331999999999e-03 8.8143510999999994e-02
-1.2893216179243383e-01 -1.3759429096810530e+02 2.3878142379845271e-01 1.3261541041696907e+02 -3.4636756861378196e+01 8.8739499668357684e+00 1.1386613067356818e+01 -9.0413027106526318e+00 6.7619166000000000e-03 9.4772308000000000e-02
-1.2673840243414264e-01 -1.3197871107655641e+02 2.4457942611930711e-01 1.2375556927343622e+02 -2.2575850003913459e+01 8.4066385731217590e+00 1.1251386515227100e+01 -8.0533640511070423e+00 7.0277381999999996e-03 1.0166719000000000e-01
-1.2446018809945794e-01 -1.2673139397784955e+02 2.5060063895196477e-01 1.1441843975499724e+02 -1.2188857824340982e+01 7.9642448837492461e+00 1.1055936222712448e+01 -7.1319223053936458e+00 7.2927204000000001e-03 1.0882751000000000e-01
-1.2209784905106062e-01 -1.2182644578860487e+02 2.5684418942776610e-01 1.0481022669228832e+02 -3.4337715715592827e+00 7.5450473655667860e+00 1.0809005918475505e+01 -6.2785304975369458e+00 7.5564877000000004e-03 1.1625223000000000e-01
-1.1965183072994616e-01 -1.1724011363800506e+02 2.6330890026720888e-01 9.5123503276069172e+01 3.7547226499750748e+00 7.1474533008916046e+00 1.0519160537134729e+01 -5.4938110076840925e+00 7.8186677999999999e-03 1.2393994999999999e-01
-1.1712269311908025e-01 -1.1295059031968906e+02 2.6999329146177592e-01 8.5534334941205387e+01 9.4626440741235420e+00 6.7699872052944290e+00 1.0194666767730087e+01 -4.7775008498234239e+00 8.0788911000000008e-03 1.3188891000000000e-01
-1.1451112028856307e-01 -1.0893786038186063e+02 2.7689555504651731e-01 7.6199990587835686e+01 1.3793716893404005e+01 6.4112817792093839e+00 9.8434002688831921e+00 -4.1285149375891734e+00 8.3367917000000003e-03 1.4009695999999999e-01
-1.1181790766874362e-01 -1.0518352225658822e+02 2.8401358873660759e-01 6.7257073783836560e+01 1.6866133682032299e+01 6.0700665967921470e+00 9.4727490708442836e+00 -3.5450182265253503e+00 8.5920070000000005e-03 1.4856159999999999e-01
-1.0904396841366260e-01 -1.0167066031539095e+02 2.9134497910906709e-01 5.8820322146934174e+01 1.8809082657561696e+01 5.7451606458132805e+00 9.0895430060604454e+00 -3.0245133158369968e+00 8.8441787999999997e-03 1.5727996000000000e-01
-1.0619032703760953e-01 -9.8383712047467498e+01 2.9888701842104060e-01 5.0981956704020241e+01 1.9759219843594011e+01 5.4354640009460375e+00 8.6999893858167265e+00 -2.5639345918463459e+00 9.0929527999999999e-03 1.6624881999999999e-01
-1.0325811941512283e-01 -9.5308356714425244e+01 3.0663670460979719e-01 4.3811633200030698e+01 1.9857169639819915e+01 5.1399510748454666e+00 8.3096310424213886e+00 -2.1597490264716508e+00 9.3379794999999995e-03 1.7546460999999999e-01
-1.0024858959926836e-01 -9.2431412030907666e+01 3.1459074970186995e-01 3.7356935729964519e+01 1.9244148820574885e+01 4.8576642028885253e+00 7.9233181357460865e+00 -1.8080591528615344e+00 9.5789143999999993e-03 1.8492342000000001e-01
-9.7163099366803646e-02 -8.9740751457908530e+01 3.2274555458563764e-01 3.1644415008717324e+01 1.8058817344999898e+01 4.5877089509131501e+00 7.5451983678516470e+00 -1.5047074495860391e+00 9.8154178999999998e-03 1.9462097000000000e-01
-9.4003112309570910e-02 -8.7225206882856227e+01 3.3109725105702126e-01 2.6681017824002478e+01 1.6434430070978529e+01 4.3292474989673950e+00 7.1787194097559270e+00 -1.2453741333626578e+00 1.0047156000000000e-02 2.0455266000000000e-01
-9.0770190652775612e-02 -8.4874493821568024e+01 3.3964171022862355e-01 2.2455912585842160e+01 1.4496337008656438e+01 4.0814939581582994e+00 6.8266471758502840e+00 -1.0256727613350274e+00 1.0273801000000001e-02 2.1471357999999999e-01
-8.7466011163593482e-02 -8.2679156226814996e+01 3.4837450048403251e-01 1.8942663125175091e+01 1.2359924412509892e+01 3.8437114151142331e+00 6.4910991728322980e+00 -8.4123867290540266e-01 1.0495031000000000e-02 2.2509846000000000e-01
-8.4092346060842163e-02 -8.0630491221650090e+01 3.5729093793265687e-01 1.6101542637280527e+01 1.0128945259577096e+01 3.6152065477650619e+00 6.1735840900324703e+00 -6.8780610481052906e-01 1.0710529999999999e-02 2.3570173000000000e-01
-8.0651066196702551e-02 -7.8720497134318052e+01 3.6638607800058709e-01 1.3882021650528186e+01 7.8943586211048791e+00 3.3953264269180781e+00 5.8750538524364906e+00 -5.6127697829536161e-01 1.0919989999999999e-02 2.4651751000000000e-01
-7.7144144238440224e-02 -7.6941825386902195e+01 3.7565470702145587e-01 1.2225284484390807e+01 5.7335847093866761e+00 3.1834554274528175e+00 5.5959609225293887e+00 -4.5777793423407104e-01 1.1123108000000000e-02 2.5753959999999998e-01
-7.3573645123241216e-02 -7.5287729854609722e+01 3.8509136746385642e-01 1.1066716491538090e+01 3.7102048803164895e+00 2.9790116585960638e+00 5.3363204070991710e+00 -3.7370569558140548e-01 1.1319591000000000e-02 2.6876150999999998e-01
-6.9941722876490711e-02 -7.3752025394904251e+01 3.9469036634048116e-01 1.0338284088954302e+01 1.8740700518303168e+00 2.7814439332885303e+00 5.0957739280668903e+00 -3.0576101896340740e-01 1.1509152000000000e-02 2.8017647000000001e-01
-6.6250623793494334e-02 -7.2329052598362949e+01 4.0444576679898298e-01 9.9707538633497617e+00 2.6173372601282141e-01 2.5902295705291976e+00 4.8736557795873718e+00 -2.5097166276531024e-01 1.1691511000000000e-02 2.9177742000000001e-01
-6.2502689621199620e-02 -7.1013645104012099e+01 4.1435137971283564e-01 9.8956928656213030e+00 -1.1027023612293785e+00 2.4048719988363905e+00 4.6690565717331918e+00 -2.0670396458151488e-01 1.1866398000000000e-02 3.0355700000000002e-01
-5.8700332104424810e-02 -6.9801090605842560e+01 4.2440083095444819e-01 1.0047213370149917e+01 -2.2066293010653499e+00 2.2248972905398525e+00 4.4808833556228400e+00 -1.7066603588750393e-01 1.2033550000000000e-02 3.1550762999999998e-01
-5.4846055257908602e-02 -6.8687112492406314e+01 4.3458750253119011e-01 1.0363450580125479e+01 -3.0476501500312358e+00 2.0498532019515143e+00 4.3079174009467938e+00 -1.4090052534604469e-01 1.2192715000000000e-02 3.2762143999999999e-01
-5.0942439457703215e-02 -6.7667840062903409e+01 4.4490457463108740e-01 1.0787726698107239e+01 -3.6322279866291494e+00 1.8793064287045134e+00 4.1488656315852923e+00 -1.1577173789774675e-01 1.2343646000000000e-02 3.3989032000000002e-01
-4.6992144622895818e-02 -6.6739785967543668e+01 4.5534501721368370e-01 1.1269433528807772e+01 -3.9742194599668892e+00 1.7128409021156106e+00 4.0024063564529406e+00 -9.3945722809639642e-02 1.2486109000000000e-02 3.5230591000000000e-01
-4.2997897488722847e-02 -6.5899836628031608e+01 4.6590162364659721e-01 1.1764625664446523e+01 -4.0934012942369886e+00 1.5500554808703111e+00 3.8672284836379993e+00 -7.4365689561588025e-02 1.2619877000000000e-02 3.6485963999999999e-01
-3.8962501151734233e-02 -6.5145213410924356e+01 4.7656698547810294e-01 1.2236332990569654e+01 -4.0140100805119596e+00 1.3905627666936513e+00 3.7420645652445139e+00 -5.6224243888147778e-02 1.2744734000000001e-02 3.7754270000000001e-01
-3.4888825524629283e-02 -6.4473480887771785e+01 4.8733351766455041e-01 1.2654631592218490e+01 -3.7633395501542624e+00 1.2339869711624534e+00 3.6257168580194077e+00 -3.8934787540267982e-02 1.2860473000000001e-02 3.9034606999999999e-01
-3.0779800972813770e-02 -6.3882521450219365e+01 4.9819347538864267e-01 1.2996493219684206e+01 -3.3704499332096240e+00 1.0799622331282315e+00 3.5170768864337294e+00 -2.2098000995146583e-02 1.2966896000000000e-02 4.0326054000000000e-01
-2.6638424677842831e-02 -6.3370528454702061e+01 5.0913893724115722e-01 1.3245446188304985e+01 -2.8649963909919869e+00 9.2813132670038723e-01 3.4151395085126284e+00 -5.4736340909455235e-03 1.3063819000000001e-02 4.1627669000000000e-01
-2.2467741547092496e-02 -6.2935995659834461e+01 5.2016185567578210e-01 1.3391091014195521e+01 -2.2762133924656180e+00 7.7814351082932287e-01 3.3190107724906750e+00 1.1050027790919022e-02 1.3151064000000001e-02 4.2938494999999999e-01
-1.8270863304088170e-02 -6.2577713449132624e+01 5.3125400655427990e-01 1.3428491483284670e+01 -1.6320455062126444e+00 6.2965378037413089e-01 3.2279115061420613e+00 2.7484385369002079e-02 1.3228465999999999e-02 4.4257553999999999e-01
-1.4050943034733365e-02 -6.2294761339493242e+01 5.4240705641960241e-01 1.3357492628197832e+01 -9.5845333470510463e-01 4.8232052222524890e-01 3.1411768452102344e+00 4.3766255384425815e-02 1.3295871000000001e-02 4.5583855000000001e-01
-9.8111879141953295e-03 -6.2086506968610927e+01 5.5361252885933343e-01 1.3181991552261653e+01 -2.7888832224362586e-01 3.3580455750080018e-01 3.0582517568720724e+00 5.9780556011018615e-02 1.3353135000000000e-02 4.6916390000000002e-01
-5.5548432982980844e-03 -6.1952604491913156e+01 5.6486184655138483e-01 1.2909185952830660e+01 3.8609057344187536e-01 1.8976715184747661e-01 2.9786840078506085e+00 7.5380591911581682e-02 1.3400123999999999e-02 4.8254139000000001e-01
-1.2851990869651997e-03 -6.1892996200474400e+01 5.7614631444571840e-01 1.2548838062443718e+01 1.0190304867112514e+00 4.3868821490558929e-02 2.9021154577621271e+00 9.0405414181545282e-02 1.3436718000000000e-02 4.9596067999999999e-01
2.9944230026658636e-03 -6.1907915623723326e+01 5.8745715340090299e-01 1.2112565209421687e+01 1.6056988738497282e+00 -1.0223268719120515e-01 2.8282717613038826e+00 1.0469297466340259e-01 1.3462807000000000e-02 5.0941133000000005e-01
7.2806567093579300e-03 -6.1997892831859474e+01 5.9878546654755682e-01 1.1613185284090520e+01 2.1350420086727144e+00 -2.4888336981700654e-01 2.7569506306359219e+00 1.1809168912351485e-01 1.3478291000000000e-02 5.2288276000000000e-01
1.1570119863267087e-02 -6.2163762143658040e+01 6.1012231497060232e-01 1.1064118990102312e+01 2.5990771397457664e+00 -3.9643565878914222e-01 2.6880115889896046e+00 1.3046866555052636e-01 1.3483083000000000e-02 5.3636434000000000e-01
1.5859398477335224e-02 -6.2406672140573164e+01 6.2145867566356816e-01 1.0478878600613466e+01 2.9926907076984754e+00 -5.4524939185231602e-01 2.6213635486588527e+00 1.4171511554384306e-01 1.3477108000000000e-02 5.4984533999999996e-01
2.0145053110733252e-02 -6.2728097645872204e+01 6.3278545834686917e-01 9.8706111779839798e+00 3.3133814054591575e+00 -6.9569395498743924e-01 2.5569550583830369e+00 1.5174986839400717e-01 1.3460300999999999e-02 5.6331494999999998e-01
2.4423628414024984e-02 -6.3129855395638380e+01 6.4409353069522335e-01 9.2517518200116680e+00 3.5609582314638213e+00 -8.4815036315301784e-01 2.4947634079805461e+00 1.6052088115918278e-01 1.3432611000000001e-02 5.7676231000000000e-01
2.8691659492610072e-02 -6.3614122447612381e+01 6.5537373515593078e-01 8.6337348447719542e+00 3.7372181771876032e+00 -1.0030135514562790e+00 2.4347863940100041e+00 1.6800507331950490e-01 1.3393997000000000e-02 5.9017653000000003e-01
3.2945662361559769e-02 -6.4183456434959510e+01 6.6661686372145590e-01 8.0267887237900997e+00 3.8456062079865556e+00 -1.1606941599703582e+00 2.3770344797602196e+00 1.7420708950983538e-01 1.3344429999999999e-02 6.0354666000000001e-01
3.7182146672502636e-02 -6.4840820934289027e+01 6.7781369156598448e-01 7.4398016067810193e+00 3.8908789507082560e+00 -1.3216213194345641e+00 2.3215235874973397e+00 1.7915660898473459e-01 1.3283893999999999e-02 6.1686173000000000e-01
4.1397628440509898e-02 -6.5589616131285908e+01 6.8895501068198084e-01 6.8802455484711622e+00 3.8787866487229370e+00 -1.4862456780612470e+00 2.2682700676430763e+00 1.8290554612266910e-01 1.3212384000000001e-02 6.3011079000000003e-01
4.5588610953767261e-02 -6.6433708109832452e+01 7.0003157942535210e-01 6.3541616037600397e+00 3.8157603740901629e+00 -1.6550414671428544e+00 2.2172865449142840e+00 1.8552451407574019e-01 1.3129907000000000e-02 6.4328284999999996e-01
4.9751607045624646e-02 -6.7377470256494846e+01 7.1103418137942354e-01 5.8661906647984576e+00 3.7086469807136444e+00 -1.8285103075524383e+00 2.1685780319376082e+00 1.8709889933326951e-01 1.3036481000000001e-02 6.5636695000000000e-01
5.3883142276317492e-02 -6.8425826886825902e+01 7.2195363376407706e-01 5.4196409084983603e+00 3.5644581933357782e+00 -2.0071848562732888e+00 2.1221402709388029e+00 1.8772534031036428e-01 1.2932137999999999e-02 6.6935217000000002e-01
5.7979745387802678e-02 -6.9584300193758651e+01 7.3278076220833455e-01 5.0165732973652473e+00 3.3901621313231152e+00 -2.1916320445073318e+00 2.0779585467530390e+00 1.8750799322169645e-01 1.2816919000000000e-02 6.8222760000000005e-01
6.2037967394086818e-02 -7.0859070971045313e+01 7.4350645120519243e-01 4.6579340281005344e+00 3.1925057758653068e+00 -2.3824580578297065e+00 2.0360062861694295e+00 1.8655520741194498e-01 1.2690879000000000e-02 6.9498240000000000e-01
6.6054375217783540e-02 -7.2257041119680636e+01 7.5412162729334398e-01 4.3436777106816384e+00 2.9778726608459638e+00 -2.5803127007139097e+00 1.9962459649398143e+00 1.8497630172343352e-01 1.2554085000000000e-02 7.0760577999999996e-01
7.0025554871834872e-02 -7.3785907187802721e+01 7.6461726746631831e-01 4.0729107050625242e+00 2.7521763388663589e+00 -2.7858946891470882e+00 1.9586291362363828e+00 1.8287910523736045e-01 1.2406611999999999e-02 7.2008700999999997e-01
7.3948127368118122e-02 -7.5454250122740248e+01 7.7498444121817667e-01 3.8440285900504105e+00 2.5207798808273933e+00 -2.9999583007160133e+00 1.9230972818081793e+00 1.8036754737322919e-01 1.2248551000000000e-02 7.3241546999999996e-01
7.7818739172281881e-02 -7.7271627654091773e+01 7.8521428531609483e-01 3.6548569425020241e+00 2.2884468948878989e+00 -3.2233194635983033e+00 1.8895841997730407e+00 1.7753982275087973e-01 1.2080001999999999e-02 7.4458062000000003e-01
8.1634068567188578e-02 -7.9248686262752202e+01 7.9529802061864152e-01 3.5027850082698788e+00 2.0593149590167843e+00 -3.4568636223327149e+00 1.8580151410677859e+00 1.7448705662880890e-01 1.1901076999999999e-02 7.5657202000000001e-01
8.5390832016357443e-02 -8.1397290321614648e+01 8.0522696889405709e-01 3.3848836538258285e+00 1.8368909780944684e+00 -3.7015544016467303e+00 1.8283104937165200e+00 1.7129210690157473e-01 1.1711898000000000e-02 7.6837935000000002e-01
8.9085793709128641e-02 -8.3730673160409239e+01 8.1499257804767145e-01 3.2980217138026373e+00 1.6240633316735564e+00 -3.9584440336994935e+00 1.8003861706481297e+00 1.6802918851206122e-01 1.1512599000000000e-02 7.7999244000000001e-01
9.2715749652056367e-02 -8.6263595100916390e+01 8.2458638007620766e-01 3.2389626256110637e+00 1.4231306790967759e+00 -4.2286833037883511e+00 1.7741555580668775e+00 1.6476314999609301e-01 1.1303326000000001e-02 7.9140122000000002e-01
9.6277559486122655e-02 -8.9012558061367130e+01 8.3400007515917440e-01 3.2044491901456311e+00 1.2358350142867716e+00 -4.5135365200622228e+00 1.7495303905318631e+00 1.6154972324301137e-01 1.1084235000000000e-02 8.0259581999999996e-01
9.9768117851244897e-02 -9.1996010808970624e+01 8.4322545597661336e-01 3.1912771053169298e+00 1.0634125294824761e+00 -4.8143940202064108e+00 1.7264238890597641e+00 1.5843550498892836e-01 1.0855490000000001e-02 8.1356647999999998e-01
1.0318438302176847e-01 -9.5234631732314114e+01 8.5225448339135157e-01 3.1963520261670313e+00 9.0664163602822623e-01 -5.1327913607506428e+00 1.7047453613373653e+00 1.5545843925993869e-01 1.0617270000000000e-02 8.2430364000000000e-01
1.0652337054302380e-01 -9.8751632135039259e+01 8.6107926963072390e-01 3.2167386847899846e+00 7.6589641091159377e-01 -5.4704286392461317e+00 1.6844135616314748e+00 1.5264825557625186e-01 1.0369760000000000e-02 8.3479791999999997e-01
1.0978215641304789e-01 -1.0257311806155950e+02 8.6969208669571185e-01 3.2496928113184023e+00 6.4119738742212473e-01 -5.8291938663848857e+00 1.6653451545680511e+00 1.5002722793904635e-01 1.0113159000000000e-02 8.4504013000000000e-01
1.1295788026430570e-01 -1.0672851740844361e+02 8.7808537477008297e-01 3.2926890470002537e+00 5.3227702974053570e-01 -6.2111903751383784e+00 1.6474618591911740e+00 1.4761067452480064e-01 9.8476710000000005e-03 8.5502127999999999e-01
1.1604774536369006e-01 -1.1125107949339508e+02 8.8625174222039071e-01 3.3434318617671588e+00 4.3861738215131896e-01 -6.6187686750074217e+00 1.6306893865329881e+00 1.4540785419957422e-01 9.5735140000000000e-03 8.6473257999999997e-01
1.1904903452112864e-01 -1.1617849537305806e+02 8.9418400764167150e-01 3.3998662450836648e+00 3.5950118747109872e-01 -7.0545665370603805e+00 1.6149580257627920e+00 1.4342169152660597e-01 9.2909130999999992e-03 8.7416548999999999e-01
1.2195909418097717e-01 -1.2155358688514426e+02 9.0187515781174721e-01 3.4601781473373996e+00 2.9406480865635914e-01 -7.5215521996794834e+00 1.6002029162355516e+00 1.4165446409066973e-01 9.0001030000000006e-03 8.8331166999999999e-01
1.2477535351234759e-01 -1.2742519753501813e+02 9.0931839814606208e-01 3.5227859286412908e+00 2.4132991320383609e-01 -8.0230815501395263e+00 1.5863637225891964e+00 1.4009870371137512e-01 8.7013270999999996e-03 8.9216304000000002e-01
1.2749531486394394e-01 -1.3384921278997899e+02 9.1650712747026386e-01 3.5863387973994429e+00 2.0024237199531733e-01 -8.5629626082892472e+00 1.5733855516957642e+00 1.3874768154434228e-01 8.3948374000000006e-03 9.0071175000000003e-01
1.3011656967266944e-01 -1.4088986938804194e+02 9.2343498006590108e-01 3.6496945005346988e+00 1.6970370404468438e-01 -9.1455389408874694e+00 1.5612179662197032e+00 1.3759108871154449e-01 8.0808944000000001e-03 9.0895022999999997e-01
1.3263678573674070e-01 -1.4862128571570400e+02 9.3009579203386539e-01 3.7119106488694906e+00 1.4859838598817801e-01 -9.7757862074284994e+00 1.5498154471866301e+00 1.3661682315188031e-01 7.7597663000000001e-03 9.1687114999999997e-01
1.3505371994257354e-01 -1.5712943244690499e+02 9.3648363493094910e-01 3.7722252492849115e+00 1.3581369826962816e-01 -1.0459437466026928e+01 1.5391370011150869e+00 1.3581130648397202e-01 7.4317293999999999e-03 9.2446746000000002e-01
1.3736522144650409e-01 -1.6651458113106031e+02 9.4259282417898371e-01 3.8300408175626153e+00 1.3025979840932714e-01 -1.1203138632437385e+01 1.5291460003739368e+00 1.3515999781257587e-01 7.0970672000000004e-03 9.3173240000000002e-01
1.3956922531134641e-01 -1.7689436255305071e+02 9.4841790224656253e-01 3.8849040309031473e+00 1.3088525623017710e-01 -1.2014642493403226e+01 1.5198097342345323e+00 1.3464785155678563e-01 6.7560703000000000e-03 9.3865947999999999e-01
1.4166376841499911e-01 -1.8840779502356179e+02 9.5395368069473629e-01 3.9364887694992738e+00 1.3668693600183351e-01 -1.2903064771708237e+01 1.5110993692359778e+00 1.3425954977886798e-01 6.4090362999999996e-03 9.4524253000000003e-01
1.4364697036011698e-01 -2.0122033172123923e+02 9.5919518972217732e-01 3.9845788087522056e+00 1.4671795095953200e-01 -1.3879204620008981e+01 1.5029855550857190e+00 1.3398000454051326e-01 6.0562691999999996e-03 9.5147563999999996e-01
1.4551706529132530e-01 -2.1553084830882216e+02 9.6413776225657311e-01 4.0290509395232794e+00 1.6009452926803497e-01 -1.4955991904245479e+01 1.4954585160664504e+00 1.3379600047928636e-01 5.6980790999999996e-03 9.5735325999999998e-01
1.4727237007800548e-01 -2.3158058356360078e+02 9.6877694986323304e-01 4.0698592577458621e+00 1.7599921744050540e-01 -1.6149055122866997e+01 1.4884864674999578e+00 1.3368825821683483e-01 5.3347821999999998e-03 9.6287009999999995e-01
1.4891131613150932e-01 -2.4966591918698728e+02 9.7310860683648115e-01 4.1070172754913568e+00 1.9368292680304605e-01 -1.7477541604833537e+01 1.4820570985932309e+00 1.3364830321681648e-01 4.9667000000000001e-03 9.6802122999999995e-01
1.5043242713310895e-01 -2.7015579257793530e+02 9.7712883133568129e-01 4.1405933972586970e+00 2.1246241766402399e-01 -1.8965231114563998e+01 1.4761560561469707e+00 1.3366158919293120e-01 4.5941591999999996e-03 9.7280200999999999e-01
1.5183434448776834e-01 -2.9351739471051866e+02 9.8083403265835167e-01 4.1706892277506684e+00 2.3172492958019386e-01 -2.0642188785610625e+01 1.4707711145478002e+00 1.3371622095368746e-01 4.2174915999999996e-03 9.7720817000000004e-01
1.5311580187037166e-01 -3.2035359428391627e+02 9.8422086396704989e-01 4.1974330298249960e+00 2.5092135612862548e-01 -2.2547170527555437e+01 1.4658919671471886e+00 1.3380130135669177e-01 3.8370333000000002e-03 9.8123572999999997e-01
1.5427565067949517e-01 -3.5146168779044251e+02 9.8728628956248821e-01 4.2209693705342604e+00 2.6956340142336027e-01 -2.4731413955792604e+01 1.4615098571868836e+00 1.3390684656449472e-01 3.4531249000000000e-03 9.8488107999999996e-01
1.5531285049224214e-01 -3.8792757820547700e+02 9.9002755965611478e-01 4.2414515341284051e+00 2.8722626500679399e-01 -2.7264723114147216e+01 1.4576174504737458e+00 1.3402394807178847e-01 3.0661112999999999e-03 9.8814095000000002e-01
1.5622646270080087e-01 -4.3128648059378042e+02 9.9244219355183538e-01 4.2590345470967561e+00 3.0353865439995092e-01 -3.0245868787808316e+01 1.4542087299946322e+00 1.3414455322781113e-01 2.6763420000000000e-03 9.9101238999999997e-01
1.5701566960277247e-01 -4.8381890801416131e+02 9.9452803010084956e-01 4.2738647001715249e+00 3.1818273829543481e-01 -3.3821782742359204e+01 1.4512787456100376e+00 1.3426176381322658e-01 2.2841723000000002e-03 9.9349282999999999e-01
1.5767976803772843e-01 -5.4914574800576429e+02 9.9628321088337157e-01 4.2860795139489607e+00 3.3090027229445379e-01 -3.8226209092358665e+01 1.4488233437428977e+00 1.3436968395324475e-01 1.8899688000000000e-03 9.9558005999999999e-01
1.5821816620548912e-01 -6.3359485193071635e+02 9.9770617179949128e-01 4.2958017215175675e+00 3.4146530842245743e-01 -4.3868509868936663e+01 1.4468389766939573e+00 1.3446334117035441e-01 1.4941295000000000e-03 9.9727222000000004e-01
1.5863042821022322e-01 -7.5005460199137042e+02 9.9879576079712418e-01 4.3031350027813602e+00 3.4970815133254368e-01 -5.1584553936901074e+01 1.4453241190618948e+00 1.3453878300579550e-01 1.0971916000000000e-03 9.9856794000000004e-01
1.5891639496586096e-01 -9.3375374954655035e+02 9.9955155741930535e-01 4.3081642878356705e+00 3.5550279324733131e-01 -6.3664618817373345e+01 1.4442750626972714e+00 1.3459296250838226e-01 7.0085733000000002e-04 9.9946672000000003e-01
