-3.1133797310493250e-01 -1.3788697823026264e+03 3.1133931472838333e-01 -1.3658713698461561e+03 -4.0426819357445459e+02 9.2922102201796747e+01 -9.2070208138984071e+01 -2.6517418959057064e+01 5.5301730000000003e-06 1.0230946000000001e-06
-3.1132620398839717e-01 -9.9703628826345266e+02 3.1135233100051568e-01 -9.8353255478708809e+02 -4.0417273701979906e+02 6.7871796934585419e+01 -6.6996295379785025e+01 -2.6513098524167791e+01 3.5894988000000002e-05 1.9923924999999999e-05
-3.1128927988926974e-01 -8.2002043036384816e+02 3.1139316789095195e-01 -8.0523697315982372e+02 -4.0387337150050564e+02 5.6249368238265376e+01 -5.5313634760838198e+01 -2.6499547854882280e+01 8.5619985000000003e-05 7.9222864999999994e-05
-3.1121618215716773e-01 -7.0408133069175324e+02 3.1147401167990096e-01 -6.8714508723419010e+02 -4.0328124906577420e+02 4.8625687214048440e+01 -4.7587940556374171e+01 -2.6472740445449865e+01 1.5173507999999999e-04 1.9661552000000001e-04
-3.1109726720317682e-01 -6.1821441201862785e+02 3.1160552787290546e-01 -5.9822315093317548e+02 -4.0231947437827137e+02 4.2966978037696840e+01 -4.1783510091193612e+01 -2.6429183040461403e+01 2.3255418000000001e-04 3.8758918999999998e-04
-3.1092376441627861e-01 -5.5041614410948898e+02 3.1179741648945636e-01 -5.2647709044002181e+02 -4.0091949532595510e+02 3.8486114606492286e+01 -3.7113090750360143e+01 -2.6365746902925732e+01 3.2689763000000001e-04 6.6622920000000002e-04
-3.1068754770307855e-01 -4.9475460394611065e+02 3.1205866473285637e-01 -4.6600976908830319e+02 -3.9901975101740948e+02 3.4794403695787011e+01 -3.3189049355922414e+01 -2.6279603187323019e+01 4.3385032000000002e-04 1.0455858000000000e-03
-3.1038100763037896e-01 -4.4785229293205049e+02 3.1239768839650656e-01 -4.1349655641640334e+02 -3.9656520390172369e+02 3.1670810035562365e+01 -2.9792257358870639e+01 -2.6168194351596640e+01 5.5265518999999999e-04 1.5378795000000000e-03
-3.0999697238875917e-01 -4.0759614428962800e+02 3.1282241927569665e-01 -3.6689076069984083e+02 -3.9350720332168322e+02 2.8977295655541610e+01 -2.6787227530035732e+01 -2.6029225045565390e+01 6.8265765000000004e-04 2.1546280000000000e-03
-3.0952865442291133e-01 -3.7257123077016962e+02 3.1334036419277272e-01 -3.2485416557093805e+02 -3.8980363595426007e+02 2.6621644472458712e+01 -2.4084785952109399e+01 -2.5860662494608306e+01 8.2327310000000005e-04 2.9067318999999999e-03
-3.0896961406729068e-01 -3.4178004391551190e+02 3.1395864521496242e-01 -2.8647393384073780e+02 -3.8541915960089347e+02 2.4539027736800740e+01 -2.1623534425569972e+01 -2.5660742000677430e+01 9.7396649000000004e-04 3.8045331000000002e-03
-3.0831373295779790e-01 -3.1449024119311559e+02 3.1468402906021603e-01 -2.5110845329849346e+02 -3.8032549532513764e+02 2.2682002186131587e+01 -1.9359764191286246e+01 -2.5427976840935035e+01 1.1342389000000000e-03 4.8578574999999999e-03
-3.0755519460425024e-01 -2.9014626464754906e+02 3.1552294858344221e-01 -2.1829734849782750e+02 -3.7450173455485884e+02 2.1014701957047002e+01 -1.7261577139870859e+01 -2.5161167832329053e+01 1.3036180000000001e-03 6.0760461999999999e-03
-3.0668847031787616e-01 -2.6831517181333004e+02 3.1648151834025517e-01 -1.8770589909163061e+02 -3.6793463249150818e+02 1.9509277941387719e+01 -1.5305266222638741e+01 -2.4859413974401185e+01 1.4816515000000000e-03 7.4679780999999997e-03
-3.0570830781632224e-01 -2.4865189713369031e+02 3.1756554718947821e-01 -1.5908899821632201e+02 -3.6061885403473269e+02 1.8143613701751075e+01 -1.3472977176329239e+01 -2.4522121747799389e+01 1.6679024999999999e-03 9.0420881999999994e-03
-3.0460972350245558e-01 -2.3087617493966320e+02 3.1878054683254486e-01 -1.3226686816535971e+02 -3.5255716666601222e+02 1.6899809012660974e+01 -1.1751142471822533e+01 -2.4149013184342063e+01 1.8619452999999999e-03 1.0806380000000001e-02
-3.0338799530357585e-01 -2.1475667702571172e+02 3.2013173973310499e-01 -1.0710802820285822e+02 -3.4376054534264870e+02 1.5763136470324897e+01 -1.0129392129359871e+01 -2.3740131282595218e+01 2.0633631000000000e-03 1.2768437000000001e-02
-3.0203865937122598e-01 -2.0009985637192989e+02 3.2162406276693006e-01 -8.3517049014133448e+01 -3.3424820552125959e+02 1.4721309347600398e+01 -8.5997780864073050e+00 -2.3295843414080764e+01 2.2717459999999998e-03 1.4935428000000001e-02
-3.0055750453936492e-01 -1.8674184794850856e+02 3.2326217335099949e-01 -6.1425356782167142e+01 -3.2404750981615803e+02 1.3763950230354423e+01 -7.1561998092315449e+00 -2.2816840512853776e+01 2.4866887000000002e-03 1.7314116000000001e-02
-2.9894057244890304e-01 -1.7454254001202148e+02 3.2505044930576860e-01 -4.0784300262343493e+01 -3.1319380283371254e+02 1.2882202675701238e+01 -5.7939768816296127e+00 -2.2304134773800932e+01 2.7077901999999999e-03 1.9910858000000000e-02
-2.9718415069825277e-01 -1.6338105119647025e+02 3.2699299643044344e-01 -2.1559616344811761e+01 -3.0173007598394628e+02 1.2068435623529458e+01 -4.5095139112624159e+00 -2.1759050490115321e+01 2.9346520999999999e-03 2.2731616000000000e-02
-2.9528477657939189e-01 -1.5315234817759131e+02 3.2909364437101302e-01 -3.7271646218018213e+00 -2.8970659138650080e+02 1.1316022956204552e+01 -3.3000450155908805e+00 -2.1183214573216720e+01 3.1668782999999998e-03 2.5781951000000001e-02
-2.9323923334180019e-01 -1.4376455662643036e+02 3.3135595075221719e-01 1.2730657667224174e+01 -2.7718033575084291e+02 1.0619168805571912e+01 -2.1634240272233662e+00 -2.0578541754057024e+01 3.4040742000000001e-03 2.9067029000000001e-02
-2.9104454770175064e-01 -1.3513685448904903e+02 3.3378320393219241e-01 2.7827782042281967e+01 -2.6421437565041492e+02 9.9727713245421175e+00 -1.0979565979285586e+00 -1.9947215001140798e+01 3.6458464000000000e-03 3.2591624999999999e-02
-2.8869799357837261e-01 -1.2719781439882549e+02 3.3637841887050335e-01 4.1576824488400575e+01 -2.5087714387129898e+02 9.3723159434323797e+00 -1.0226479934891097e-01 -1.9291664808255973e+01 3.8918026000000000e-03 3.6360116999999997e-02
-2.8619708711223429e-01 -1.1988402655822796e+02 3.3914434263743420e-01 5.3991034537280996e+01 -2.3724158438189647e+02 8.8137869380271674e+00 8.2482745092273602e-01 -1.8614542343284057e+01 4.1415510999999999e-03 4.0376493999999999e-02
-2.8353958853337408e-01 -1.1313899597369146e+02 3.4208345234800414e-01 6.5085878158989516e+01 -2.2338425602759258e+02 8.2935974167615676e+00 1.6843864065223455e+00 -1.7918691811066125e+01 4.3947007000000003e-03 4.4644352999999998e-02
-2.8072350216130093e-01 -1.0691222741433766e+02 3.4519795516196755e-01 7.4880299614473074e+01 -2.0938435585719452e+02 7.8085311148338370e+00 2.4774450115896980e+00 -1.7207119088808110e+01 4.6508610999999997e-03 4.9166899000000000e-02
-2.7774707391428510e-01 -1.0115845460570829e+02 3.4848979103845962e-01 8.3397711764357439e+01 -1.9532268887216125e+02 7.3556937454526823e+00 3.2050663680255664e+00 -1.6482957687128241e+01 4.9096423000000002e-03 5.3946949000000001e-02
-2.7460879442274461e-01 -9.5837001642483941e+01 3.5196062929268940e-01 9.0666709954629539e+01 -1.8128062862628960e+02 6.9324732695295914e+00 3.8683926650361045e+00 -1.5749435169635252e+01 5.1706551000000002e-03 5.8986927000000001e-02
-2.7130739342514998e-01 -9.0911229485437303e+01 3.5561187479389206e-01 9.6721572406865263e+01 -1.6733902910518069e+02 6.5365050722892688e+00 4.4686862493853186e+00 -1.5009834659094249e+01 5.4335110000000002e-03 6.4288872999999996e-02
-2.6784184537211925e-01 -8.6348077360503240e+01 3.5944466176737672e-01 1.0160251473651134e+02 -1.5357719343557287e+02 6.1656438877445456e+00 5.0073579750843127e+00 -1.4267460078250053e+01 5.6978226000000002e-03 6.9854434000000007e-02
-2.6421136319964600e-01 -8.2117654288525003e+01 3.6345986068114006e-01 1.0535576960889736e+02 -1.4007182434278459e+02 5.8179383721150568e+00 5.4859894151774196e+00 -1.3525597854386760e+01 5.9632034000000004e-03 7.5684873999999999e-02
-2.6041540144248521e-01 -7.8192896928906165e+01 3.6765807480255969e-01 1.0803345627148173e+02 -1.2689605430347540e+02 5.4916102353207359e+00 5.9063452014812414e+00 -1.2787482058784612e+01 6.2292681999999997e-03 8.1781068999999998e-02
-2.5645365374344442e-01 -7.4549265428470790e+01 3.7203964295303926e-01 1.0969330127205873e+02 -1.1411854041175877e+02 5.1850356573746961e+00 6.2703792666408544e+00 -1.2056258565685713e+01 6.4956331999999999e-03 8.8143510999999994e-02
-2.5232605285338394e-01 -7.1164480733429599e+01 3.7660463950800904e-01 1.1039820066921351e+02 -1.0180260502777209e+02 4.8967292843133645e+00 6.5802341145038286e+00 -1.1334952481429431e+01 6.7619166000000000e-03 9.4772308000000000e-02
-2.4803276689515324e-01 -6.8018290829984338e+01 3.8135287852889371e-01 1.1021565350698269e+02 -9.0005526688086491e+01 4.6253300087424414e+00 6.8382345232562196e+00 -1.0626436978757187e+01 7.0277381999999996e-03 1.0166719000000000e-01
-2.4357419874091379e-01 -6.5092267955811835e+01 3.8628391445177401e-01 1.0921708708945776e+02 -7.8777906803354824e+01 4.3695887425255879e+00 7.0468760789715486e+00 -9.9334055711898710e+00 7.2927204000000001e-03 1.0882751000000000e-01
-2.3895099472962039e-01 -6.2369634170697204e+01 3.9139703244612728e-01 1.0747709376222500e+02 -6.8163193300324210e+01 4.1283580046986970e+00 7.2088088858324237e+00 -9.2583486511213593e+00 7.5564877000000004e-03 1.1625223000000000e-01
-2.3416402660938140e-01 -5.9835090714554845e+01 3.9669126838600777e-01 1.0507260144104774e+02 -5.8197270611813657e+01 3.9005813450157305e+00 7.3268186815023526e+00 -8.6035302295042744e+00 7.8186677999999999e-03 1.2393994999999999e-01
-2.2921439029210466e-01 -5.7474677974603814e+01 4.0216541022736940e-01 1.0208199298599881e+02 -4.8908225528482518e+01 3.6852849290734264e+00 7.4038039520993371e+00 -7.9709708232548149e+00 8.0788911000000008e-03 1.3188891000000000e-01
-2.2410342453381385e-01 -5.5275659310172223e+01 4.0781797734822400e-01 9.8584222960928017e+01 -4.0316284295304037e+01 3.4815707805539886e+00 7.4427507625811300e+00 -7.3624368486872180e+00 8.3367917000000003e-03 1.4009695999999999e-01
-2.1883268602755979e-01 -5.3226395513477243e+01 4.1364724809509695e-01 9.4657905066441757e+01 -3.2433797703050935e+01 3.2886088815806191e+00 7.4467068241165926e+00 -6.7794285278223638e+00 8.5920070000000005e-03 1.4856159999999999e-01
-2.1340396185696475e-01 -5.1316250721412025e+01 4.1965124600979947e-01 9.0380444633199474e+01 -2.5265418078089333e+01 3.1056316322769986e+00 7.4187539989651139e+00 -6.2231767142906946e+00 8.8441787999999997e-03 1.5727996000000000e-01
-2.0781925704267828e-01 -4.9535497529675204e+01 4.2582775360265623e-01 8.5827187129520084e+01 -1.8808364824944384e+01 2.9319279344670264e+00 7.3619806942042993e+00 -5.6946408345821595e+00 9.0929527999999999e-03 1.6624881999999999e-01
-2.0208079454237687e-01 -4.7875236783495509e+01 4.3217431235250553e-01 8.1070649651141991e+01 -1.3052815286989304e+01 2.7668383008220276e+00 7.2794545328761844e+00 -5.1945113175040163e+00 9.3379794999999995e-03 1.7546460999999999e-01
-1.9619100902399200e-01 -4.6327323083940499e+01 4.3868822959331311e-01 7.6179756178021506e+01 -7.9823904878870797e+00 2.6097502753931172e+00 7.1741963814278602e+00 -4.7232178831330316e+00 9.5789143999999993e-03 1.8492342000000001e-01
-1.9015256554602672e-01 -4.4884306765005668e+01 4.4536655785433044e-01 7.1219283747159437e+01 -3.5747423731015506e+00 2.4600948729097141e+00 7.0491552005413132e+00 -4.2809391034416482e+00 9.8154178999999998e-03 1.9462097000000000e-01
-1.8396832842369445e-01 -4.3539361871833265e+01 4.5220612929316428e-01 6.6249248959960170e+01 1.9783251955124209e-01 2.3173420818929342e+00 6.9071847935169197e+00 -3.8676142469400867e+00 1.0047156000000000e-02 2.0455266000000000e-01
-1.7764135500214703e-01 -4.2286238227854192e+01 4.5920356258239059e-01 6.1324479241403019e+01 3.3676907632562356e+00 2.1809975176757659e+00 6.7510228716610774e+00 -3.4829583669340667e+00 1.0273801000000001e-02 2.1471357999999999e-01
-1.7117492679033555e-01 -4.1119217744295625e+01 4.6635522847648486e-01 5.6494296276053475e+01 5.9710928604193834e+00 2.0506000877497876e+00 6.5832731190053755e+00 -3.1264829234860398e+00 1.0495031000000000e-02 2.2509846000000000e-01
-1.6457251210037724e-01 -4.0033064433276671e+01 4.7365729113150568e-01 5.1802256585265141e+01 8.0474690351661966e+00 1.9257183998799974e+00 6.4063887254004372e+00 -2.7975127668065149e+00 1.0710529999999999e-02 2.3570173000000000e-01
-1.5783777227432763e-01 -3.9022987432575128e+01 4.8110570121848090e-01 4.7286026744814841e+01 9.6386543234236477e+00 1.8059484330059679e+00 6.2226602630936618e+00 -2.4952079320835820e+00 1.0919989999999999e-02 2.4651751000000000e-01
-1.5097456791095268e-01 -3.8084607014334843e+01 4.8869618903679340e-01 4.2977360125788458e+01 1.0788137541621996e+01 1.6909113220072081e+00 6.0342054360969364e+00 -2.2185858316348881e+00 1.1123108000000000e-02 2.5753959999999998e-01
-1.4398694018541236e-01 -3.7213920395230282e+01 4.9642428517402326e-01 3.8902153200681319e+01 1.1540341603265922e+01 1.5802509025884581e+00 5.8429618764669877e+00 -1.9665428331652541e+00 1.1319591000000000e-02 2.6876150999999998e-01
-1.3687910462248823e-01 -3.6407273145365039e+01 5.0428532739256116e-01 3.5080598867325229e+01 1.1939930208179772e+01 1.4736317063949300e+00 5.6506829263121361e+00 -1.7378764805768578e+00 1.1509152000000000e-02 2.8017647000000001e-01
-1.2965545732335579e-01 -3.5661334610537374e+01 5.1227445374299496e-01 3.1527428137000740e+01 1.2031182412363220e+01 1.3707372558972279e+00 5.4589363646162203e+00 -1.5313079040297650e+00 1.1691511000000000e-02 2.9177742000000001e-01
-1.2232058119235667e-01 -3.4973075399363665e+01 5.2038659567749546e-01 2.8252214219852785e+01 1.1857382300715480e+01 1.2712684679490547e+00 5.2691061964465096e+00 -1.3455028278941363e+00 1.1866398000000000e-02 3.0355700000000002e-01
-1.1487919612282094e-01 -3.4339742204743551e+01 5.2861653314272750e-01 2.5259723074947686e+01 1.1460324045168932e+01 1.1749414305404720e+00 5.0823943143965984e+00 -1.1790909320372756e+00 1.2033550000000000e-02 3.1550762999999998e-01
-1.0733620258447249e-01 -3.3758843847938017e+01 5.3695884637355329e-01 2.2550335331578346e+01 1.0879848491597510e+01 1.0814866169169077e+00 4.8998279254642787e+00 -1.0306859000288839e+00 1.2192715000000000e-02 3.2762143999999999e-01
-9.9696650489568189e-02 -3.3228132133056754e+01 5.4540795032610123e-01 2.0120480446395018e+01 1.0153466131849527e+01 9.9064693208725063e-01 4.7222662188986089e+00 -8.9890189454212721e-01 1.2343646000000000e-02 3.3989032000000002e-01
-9.1965745419670009e-02 -3.2745587787696437e+01 5.5395808779115208e-01 1.7963117746690784e+01 9.3160521210621283e+00 9.0217691204917716e-01 4.5504093477855259e+00 -7.8236939802213579e-01 1.2486109000000000e-02 3.5230591000000000e-01
-8.4148823718556087e-02 -3.2309406401550007e+01 5.6260335694059505e-01 1.6068208394186190e+01 8.3996118655171763e+00 8.1584088348778572e-01 4.3848088185235268e+00 -6.7974922469433297e-01 1.2619877000000000e-02 3.6485963999999999e-01
-7.6251371172537469e-02 -3.1917988082780539e+01 5.7133769066758577e-01 1.4423207850182745e+01 7.4331197522406640e+00 7.3141224642614211e-01 4.2258783268324258e+00 -5.8974425038648237e-01 1.2744734000000001e-02 3.7754270000000001e-01
-6.8279004330141557e-02 -3.1569926996942300e+01 5.8015487724638781e-01 1.3013539662128357e+01 6.4424230789722596e+00 6.4867215549164792e-01 4.0739069748377013e+00 -5.1111054904265607e-01 1.2860473000000001e-02 3.9034606999999999e-01
-6.0237458048567505e-02 -3.1264002435662036e+01 5.8904857410560085e-01 1.1823056910340929e+01 5.4502107966263100e+00 5.6740837696433744e-01 3.9290700946189121e+00 -4.4266414467649551e-01 1.2966896000000000e-02 4.0326054000000000e-01
-5.2132597947230741e-02 -3.0999172322713491e+01 5.9801229405493239e-01 1.0834486266233606e+01 4.4760392301272907e+00 4.8741443455336952e-01 3.7914428289478352e+00 -3.8328876617937524e-01 1.3063819000000001e-02 4.1627669000000000e-01
-4.3970383047129857e-02 -3.0774566381920454e+01 6.0703944660488207e-01 1.0029836221040634e+01 3.5364050052975906e+00 4.0848828205679655e-01 3.6610121069850594e+00 -3.3194001420921726e-01 1.3151064000000001e-02 4.2938494999999999e-01
-3.5756903131479556e-02 -3.0589482823828515e+01 6.1612329664705690e-01 9.3907648156804537e+00 2.6448698700156386e+00 3.3043173946929127e-01 3.5376892711338677e+00 -2.8764892145243670e-01 1.3228465999999999e-02 4.4257553999999999e-01
-2.7498328931533311e-02 -3.0443383650415182e+01 6.2525701954708368e-01 8.8989398756934222e+00 1.8122128513007549e+00 2.5304909086805272e-01 3.4213216013999062e+00 -2.4952317381245431e-01 1.3295871000000001e-02 4.5583855000000001e-01
-1.9200937033671983e-02 -3.0335893346811442e+01 6.3443367359815306e-01 8.5363155552440197e+00 1.0466176269470224e+00 1.7614640934183545e-01 3.3117039814774918e+00 -2.1674791397959514e-01 1.3353135000000000e-02 4.6916390000000002e-01
-1.0871078745542939e-02 -3.0266797424191896e+01 6.4364623445408853e-01 8.2854004226598228e+00 3.5389516808324628e-01 9.9530356891552429e-02 3.2085887079948296e+00 -1.8858456204650506e-01 1.3400123999999999e-02 4.8254139000000001e-01
-2.5151925496042504e-03 -3.0236043011118877e+01 6.5288758135611924e-01 8.1294717532543288e+00 -2.6231991142358441e-01 2.3007370187332787e-02 3.1116958374455397e+00 -1.6436930087305446e-01 1.3436718000000000e-02 4.9596067999999999e-01
5.8602208039638115e-03 -3.0243740313533827e+01 6.6215052467933522e-01 8.0527500668837693e+00 -8.0030498425073104e-01 -5.3617512252538857e-02 3.0207215989405842e+00 -1.4350990779526435e-01 1.3462807000000000e-02 5.0941133000000005e-01
1.4248573390170216e-02 -3.0290165410777892e+01 6.7142777838623191e-01 8.0405356452044838e+00 -1.2600189247286988e+00 -1.3054138965089201e-01 2.9353469626582642e+00 -1.2548279551750455e-01 1.3478291000000000e-02 5.2288276000000000e-01
2.2643246150162943e-02 -3.0375764624442539e+01 6.8071202200623560e-01 8.0793057710825167e+00 -1.6428728122629135e+00 -2.0796502199436229e-01 2.8552438642120608e+00 -1.0982881401621580e-01 1.3483083000000000e-02 5.3636434000000000e-01
3.1037557757367884e-02 -3.0501160152706834e+01 6.8999586620263309e-01 8.1567801583378063e+00 -1.9514861281795493e+00 -2.8609359532001810e-01 2.7800817311930106e+00 -9.6148901206913426e-02 1.3477108000000000e-02 5.4984533999999996e-01
3.9424777071033312e-02 -3.0667157149974397e+01 6.9927186654580042e-01 8.2619533257300297e+00 -2.1894683380032758e+00 -3.6513795751117351e-01 2.7095328224887845e+00 -8.4099310722910187e-02 1.3460300999999999e-02 5.6331494999999998e-01
4.7798141816546569e-02 -3.0874752738599263e+01 7.0853254417304390e-01 8.3851007125648511e+00 -2.3612102819807355e+00 -4.4531596838324861e-01 2.6432765343253828e+00 -7.3387240120966118e-02 1.3432611000000001e-02 5.7676231000000000e-01
5.6150871038978201e-02 -3.1125147131407211e+01 7.1777039956182809e-01 8.5177582324456438e+00 -2.4716867600300629e+00 -5.2685389348852851e-01 2.5810026993360240e+00 -6.3765694329064232e-02 1.3393997000000000e-02 5.9017653000000003e-01
6.4476146422765668e-02 -3.1419755511238524e+01 7.2697789186993433e-01 8.6526848904104128e+00 -2.5262798246325544e+00 -6.0998758943640774e-01 2.5224145941898830e+00 -5.5028488986336548e-02 1.3344429999999999e-02 6.0354666000000001e-01
7.2767137198802012e-02 -3.1760223430828539e+01 7.3614746648191609e-01 8.7838065468626265e+00 -2.5306188825373392e+00 -6.9496422289768311e-01 2.4672311603633053e+00 -4.7006177582475391e-02 1.3283893999999999e-02 6.1686173000000000e-01
8.1017025051524749e-02 -3.2148444990485622e+01 7.4527158255555470e-01 8.9061451303923445e+00 -2.4904393454451061e+00 -7.8204415346629075e-01 2.4151879206959892e+00 -3.9561093456742816e-02 1.3212384000000001e-02 6.3011079000000003e-01
8.9218966758282336e-02 -3.2586581065239542e+01 7.5434267170217595e-01 9.0157407039429120e+00 -2.4114609831179972e+00 -8.7150231959046565e-01 2.3660387947178658e+00 -3.2583182269957954e-02 1.3129907000000000e-02 6.4328284999999996e-01
9.7366137776740191e-02 -3.3077084197376216e+01 7.6335318619294701e-01 9.1095637968397511e+00 -2.2992848611607575e+00 -9.6363064486154482e-01 2.3195561413756165e+00 -2.5986336001652614e-02 1.3036481000000001e-02 6.5636695000000000e-01
1.0545173847165229e-01 -3.3622725219053137e+01 7.7229560584549106e-01 9.1854273704341960e+00 -2.1593066625881692e+00 -1.0587403265668365e+00 2.2755305905894470e+00 -1.9704479259529898e-02 1.2932137999999999e-02 6.6935217000000002e-01
1.1346897543454487e-01 -3.4226622695086348e+01 7.8116241736404479e-01 9.2418818103617220e+00 -1.9966488673179856e+00 -1.1571638506651032e+00 2.2337711616353997e+00 -1.3688403073452489e-02 1.2816919000000000e-02 6.8222760000000005e-01
1.2141109884434959e-01 -3.4892279844749837e+01 7.8994615565914228e-01 9.2781487276907555e+00 -1.8161088976846789e+00 -1.2592584781657394e+00 2.1941044984066327e+00 -7.9025984537868764e-03 1.2690879000000000e-02 6.9498240000000000e-01
1.2927139001385918e-01 -3.5623623884639777e+01 7.9863939007438756e-01 9.2940039857497041e+00 -1.6221182040914701e+00 -1.3654087573276072e+00 2.1563742902918275e+00 -2.3229863982304330e-03 1.2554085000000000e-02 7.0760577999999996e-01
1.3704316761649948e-01 -3.6425051963451317e+01 8.0723473127306733e-01 9.2897056840129100e+00 -1.4187202121527933e+00 -1.4760301597452401e+00 2.1204400714399805e+00 3.0659774588776877e-03 1.2406611999999999e-02 7.2008700999999997e-01
1.4471981882019075e-01 -3.7301487074779608e+01 8.1572486567122171e-01 9.2659046703387471e+00 -1.2095533424097329e+00 -1.5915733109805008e+00 2.0861764539479832e+00 8.2729107095461732e-03 1.2248551000000000e-02 7.3241546999999996e-01
1.5229478060703072e-01 -3.8258436950846388e+01 8.2410253477780171e-01 9.2235758625756663e+00 -9.9784848434331674e-01 -1.7125280805850918e+00 2.0534719612258394e+00 1.3301464017163521e-02 1.2080001999999999e-02 7.4458062000000003e-01
1.5976155222683913e-01 -3.9302065054235413e+01 8.3236054896789757e-01 9.1639454110350691e+00 -7.8643326504788780e-01 -1.8394286717672150e+00 2.0222277060591547e+00 1.8151551657778684e-02 1.1901076999999999e-02 7.5657202000000001e-01
1.6711370765070233e-01 -4.0439272785326445e+01 8.4049180125596590e-01 9.0884245952278455e+00 -5.7774391806861236e-01 -1.9728594510986599e+00 1.9923564345359821e+00 2.2820893728803446e-02 1.1711898000000000e-02 7.6837935000000002e-01
1.7434491425128945e-01 -4.1677796167598245e+01 8.4848928795567247e-01 8.9985561202344311e+00 -3.7383960065636285e-01 -2.1134617369957476e+00 1.9637812118078366e+00 2.7305961939227071e-02 1.1512599000000000e-02 7.7999244000000001e-01
1.8144890166899197e-01 -4.3026308831019570e+01 8.5634607424682119e-01 8.8959650722934995e+00 -1.7642744631902008e-01 -2.2619406112038196e+00 1.9364341313720586e+00 3.1602496319487673e-02 1.1303326000000001e-02 7.9140122000000002e-01
1.8841952407964518e-01 -4.4494559310258758e+01 8.6405536304149444e-01 8.7823157821343951e+00 1.3115965170792641e-02 -2.4190746788837250e+00 1.9102567145087701e+00 3.5706222960808567e-02 1.1084235000000000e-02 8.0259581999999996e-01
1.9525070415357887e-01 -4.6093506637483699e+01 8.7161043300452778e-01 8.6592759742293239e+00 1.9371621802245392e-01 -2.5857247643897674e+00 1.8851963054717000e+00 3.9613579324715077e-02 1.0855490000000001e-02 8.1356647999999998e-01
2.0193648909656653e-01 -4.7835506140483240e+01 8.7900470053303392e-01 8.5284799463564465e+00 3.6457374207269405e-01 -2.7628465887540585e+00 1.8612069119535568e+00 4.3321745310195392e-02 1.0617270000000000e-02 8.2430364000000000e-01
2.0847103819628149e-01 -4.9734504570772941e+01 8.8623170598317635e-01 8.3915148251130223e+00 5.2513550744471271e-01 -2.9515039121269702e+00 1.8382483745351441e+00 4.6829183519191818e-02 1.0369760000000000e-02 8.3479791999999997e-01
2.1484862904906926e-01 -5.1806284792282170e+01 8.9328512055678244e-01 8.2498948387103503e+00 6.7506708059857778e-01 -3.1528843695623934e+00 1.8162853174512070e+00 5.0135350968073041e-02 1.0113159000000000e-02 8.4504013000000000e-01
2.2106366378671877e-01 -5.4068746854206488e+01 9.0015875318795779e-01 8.1050472918079119e+00 8.1422294329601042e-01 -3.3683181017550083e+00 1.7952861351570777e+00 5.3241025168720160e-02 9.8476710000000005e-03 8.5502127999999999e-01
2.2711066907646354e-01 -5.6542242770991294e+01 9.0684655054308538e-01 7.9583026416336908e+00 9.4262248038687069e-01 -3.5992995145392297e+00 1.7752228277636586e+00 5.6148266757779314e-02 9.5735140000000000e-03 8.6473257999999997e-01
2.3298432725484192e-01 -5.9249989726339457e+01 9.1334263145389616e-01 7.8108868401051810e+00 1.0604241397069487e+00 -3.8475144264483059e+00 1.7560702258831362e+00 5.8860344001534844e-02 9.2909130999999992e-03 8.7416548999999999e-01
2.3867944519383649e-01 -6.2218537303104632e+01 9.1964125248439887e-01 7.6639189427929875e+00 1.1679008599674288e+00 -4.1148699405552058e+00 1.7378057150837987e+00 6.1381618184931673e-02 9.0001030000000006e-03 8.8331166999999999e-01
2.4419099166150698e-01 -6.5478365809877062e+01 9.2573684925056354e-01 7.5184082055418715e+00 1.2654201611309446e+00 -4.4035333781972898e+00 1.7204086959199141e+00 6.3717454134586182e-02 8.7013270999999996e-03 8.9216304000000002e-01
2.4951407864167380e-01 -6.9064582060590993e+01 9.3162401576048026e-01 7.3752616877268027e+00 1.3534249111474850e+00 -4.7159767342847099e+00 1.7038603660380853e+00 6.5874062276914350e-02 8.3948374000000006e-03 9.0071175000000003e-01
2.5464399246777908e-01 -7.3017803274605185e+01 9.3729753884742761e-01 7.2352654803446121e+00 1.4324076173248772e+00 -5.0550337818051574e+00 1.6881433732406643e+00 6.7858404177913126e-02 8.0808944000000001e-03 9.0895022999999997e-01
2.5957616891579799e-01 -7.7385205976161657e+01 9.4275237062341821e-01 7.0991291070460276e+00 1.5029082378564542e+00 -5.4239667237904605e+00 1.6732415836732206e+00 6.9678015303511878e-02 7.7597663000000001e-03 9.1687114999999997e-01
2.6430621811132698e-01 -8.2221868586694129e+01 9.4798365602565360e-01 6.9674519364059426e+00 1.5654879624366724e+00 -5.8265523478819112e+00 1.6591399938356779e+00 7.1340852456267395e-02 7.4317293999999999e-03 9.2446746000000002e-01
2.6882993075635692e-01 -8.7592445722781719e+01 9.5298673970313863e-01 6.8407497807488191e+00 1.6207246301809233e+00 -6.2671889507224749e+00 1.6458244843045005e+00 7.2855230607572069e-02 7.0970672000000004e-03 9.3173240000000002e-01
2.7314326567572761e-01 -9.3573266651148501e+01 9.5775715224345337e-01 6.7194569875261561e+00 1.6692159468249363e+00 -6.7510299238474012e+00 1.6332817250196106e+00 7.4229571847227671e-02 6.7560703000000000e-03 9.3865947999999999e-01
2.7724238095098991e-01 -1.0025508991666310e+02 9.6229064460582214e-01 6.6039327779610524e+00 1.7115212355623364e+00 -7.2841600565578721e+00 1.6214992467325713e+00 7.5472471216233489e-02 6.4090362999999996e-03 9.4524253000000003e-01
2.8112359655977143e-01 -1.0774657456444933e+02 9.6658314680143143e-01 6.4944734809882085e+00 1.7482116583901455e+00 -7.8738161763063967e+00 1.6104650757185559e+00 7.6592396863289475e-02 6.0562691999999996e-03 9.5147563999999996e-01
2.8478345664349974e-01 -1.1617905551190586e+02 9.7063083675956729e-01 6.3913120187375441e+00 1.7798337706089560e+00 -8.5286935786390288e+00 1.6001679542957272e+00 7.7597710788373839e-02 5.6980790999999996e-03 9.5735325999999998e-01
2.8821866723967898e-01 -1.2571268518707251e+02 9.7443007146147753e-01 6.2946326092341334e+00 1.8069110974042983e+00 -9.2593371849741821e+00 1.5905972577929661e+00 7.8496475005571650e-02 5.3347821999999998e-03 9.6287009999999995e-01
2.9142615854961301e-01 -1.3654516636467099e+02 9.7797745580651063e-01 6.2045733690177860e+00 1.8299399625610073e+00 -1.0078702312309634e+01 1.5817429391593705e+00 7.9296534174763997e-02 4.9667000000000001e-03 9.6802122999999995e-01
2.9440304135099965e-01 -1.4892366310097449e+02 9.8126979440581730e-01 6.1212346265999686e+00 1.8493862861285171e+00 -1.1002917986670685e+01 1.5735955600908085e+00 8.0005340634185726e-02 4.5941591999999996e-03 9.7280200999999999e-01
2.9714665681210811e-01 -1.6316231268273049e+02 9.8430414667526311e-01 6.0446839483958188e+00 1.8656837781997719e+00 -1.2052414841551862e+01 1.5661462579690837e+00 8.0629950078507345e-02 4.2174915999999996e-03 9.7720817000000004e-01
2.9965452667760134e-01 -1.7966773284789954e+02 9.8707777174251654e-01 5.9749638320027385e+00 1.8792319400227464e+00 -1.3253567329499861e+01 1.5593868519261989e+00 8.1176877450850171e-02 3.8370333000000002e-03 9.8123572999999997e-01
3.0192440308271401e-01 -1.9897889936455678e+02 9.8958818353996003e-01 5.9120950911094461e+00 1.8903961993072669e+00 -1.4641273077590174e+01 1.5533097642758615e+00 8.1652192986072014e-02 3.4531249000000000e-03 9.8488107999999996e-01
3.0395424987293579e-01 -2.2183099724577932e+02 9.9183313014484931e-01 5.8560827184577340e+00 1.8995026578634917e+00 -1.6263088625873753e+01 1.5479080541302634e+00 8.2061492018679613e-02 3.0661112999999999e-03 9.8814095000000002e-01
3.0574223015046659e-01 -2.4926409824075012e+02 9.9381058000608391e-01 5.8069205209347121e+00 1.9068464263519875e+00 -1.8186286652036298e+01 1.5431755325202079e+00 8.2409697341970137e-02 2.6763420000000000e-03 9.9101238999999997e-01
3.0728674363485015e-01 -2.8282284348049643e+02 9.9551876326389199e-01 5.7645938145938471e+00 1.9126832110432901e+00 -2.0510856688606726e+01 1.5391066381078797e+00 8.2701260623870634e-02 2.2841723000000002e-03 9.9349282999999999e-01
3.0858641420942962e-01 -3.2495713839132463e+02 9.9695615797660220e-01 5.7290835869693000e+00 1.9172334800938138e+00 -2.3395642113120491e+01 1.5356965100071243e+00 8.2940015421320873e-02 1.8899688000000000e-03 9.9558005999999999e-01
3.0964008369457535e-01 -3.7994068650616987e+02 9.9812148323402949e-01 5.7003690079044560e+00 1.9206818024604559e+00 -2.7118369354771069e+01 1.5329410792521709e+00 8.3129134067624275e-02 1.4941295000000000e-03 9.9727222000000004e-01
3.1044689902249517e-01 -4.5645694909572859e+02 9.9901379557006953e-01 5.6784281738502767e+00 1.9231773767737042e+00 -3.2244921568560748e+01 1.5308367625031918e+00 8.3271275015385768e-02 1.0971916000000000e-03 9.9856794000000004e-01
3.1100654885457907e-01 -5.7817533753858402e+02 9.9963275065402768e-01 5.6632331144230763e+00 1.9248349409805365e+00 -4.0322505744025733e+01 1.5293799333288991e+00 8.3368511981618806e-02 7.0085733000000002e-04 9.9946672000000003e-01
