-1.9833066481139482e-02 -2.3024830745377447e+04 1.9834109866884220e-02 -1.6064550856010730e+04 -6.8096618186406149e+03 1.5563917620463080e+03 -1.0992384756388783e+03 -4.4741875675407363e+02 5.5301730000000003e-06 1.0230946000000001e-06
-1.9832316756753662e-02 -1.6591482104393799e+04 1.9852635835091309e-02 -9.5581405853227425e+03 -6.7703173177336394e+03 1.1336557411655228e+03 -6.7302342207509355e+02 -4.4563624468266306e+02 3.5894988000000002e-05 1.9923924999999999e-05
-1.9829964592302126e-02 -1.3609711780126056e+04 1.9910758692865543e-02 -6.4178228712094296e+03 -6.6480618006584527e+03 9.3755440008511880e+02 -4.6919320001114738e+02 -4.4008561813041757e+02 8.5619985000000003e-05 7.9222864999999994e-05
-1.9825308070111975e-02 -1.1657597532372321e+04 2.0025823086770467e-02 -4.2431890073233035e+03 -6.4112557924685625e+03 8.0896274782660157e+02 -3.2939555808991082e+02 -4.2928195773389939e+02 1.5173507999999999e-04 1.9661552000000001e-04
-1.9817732867625164e-02 -1.0212719766391578e+04 2.0213009155527061e-02 -2.5482680408983169e+03 -6.0404717004049189e+03 7.1355861801237927e+02 -2.2075738309086694e+02 -4.1222023382037008e+02 2.3255418000000001e-04 3.8758918999999998e-04
-1.9806680273324193e-02 -9.0727947196319365e+03 2.0486122868376578e-02 -1.1752310205005972e+03 -5.5303115284727182e+03 6.3805738937712329e+02 -1.3182927883405208e+02 -3.8842950460153276e+02 3.2689763000000001e-04 6.6622920000000002e-04
-1.9791632633198157e-02 -8.1378298915615860e+03 2.0857955648313557e-02 -7.0767736802916318e+01 -4.8911911040750783e+03 5.7589783536831521e+02 -5.8057062870469721e+01 -3.5804269663661591e+02 4.3385032000000002e-04 1.0455858000000000e-03
-1.9772105205880654e-02 -7.3508672847079397e+03 2.1340485634654807e-02 7.7933255301103634e+02 -4.1497071011144490e+03 5.2334779454110810e+02 2.3321701034479236e+00 -3.2182981836742891e+02 5.5265518999999999e-04 1.5378795000000000e-03
-1.9747641127817236e-02 -6.6762511053089474e+03 2.1945002095623098e-02 1.3781719851259274e+03 -3.3468042006959754e+03 4.7807558844418151e+02 4.9985903487910804e+01 -2.8116525571622009e+02 6.8265765000000004e-04 2.1546280000000000e-03
-1.9717808013474190e-02 -6.0900883518932360e+03 2.2682189438451576e-02 1.7327180656054518e+03 -2.5334499892324147e+03 4.3852275155044953e+02 8.5265447380422287e+01 -2.3791470632706299e+02 8.2327310000000005e-04 2.9067318999999999e-03
-1.9682195638831640e-02 -5.5755204731096264e+03 2.3562184451130300e-02 1.8620153062440625e+03 -1.7641209708596361e+03 4.0359300452421797e+02 1.0872045269254579e+02 -1.9424391808236570e+02 9.7396649000000004e-04 3.8045331000000002e-03
-1.9640414247636198e-02 -5.1201589365092441e+03 2.4594618155532579e-02 1.8002971119229928e+03 -1.0890098056720251e+03 3.7248351052282169e+02 1.2133967063917110e+02 -1.5236950723482042e+02 1.1342389000000000e-03 4.8578574999999999e-03
-1.9592093313815076e-02 -4.7145968264165995e+03 2.5788646388622018e-02 1.5955846668808260e+03 -5.4636371867370428e+02 3.4458689815983013e+02 1.2462697964189030e+02 -1.1428842327578479e+02 1.3036180000000001e-03 6.0760461999999999e-03
-1.9536880645019673e-02 -4.3514965433729321e+03 2.7152971954224316e-02 1.3045015622842525e+03 -1.5656956260471554e+02 3.1943119349318681e+02 1.2053071120339847e+02 -8.1532553966814589e+01 1.4816515000000000e-03 7.4679780999999997e-03
-1.9474441656733822e-02 -4.0250047381133268e+03 2.8695862560081390e-02 9.8458859444815198e+02 8.0598674582215267e+01 2.9664129575645330e+02 1.1126064000495658e+02 -5.4994880748924245e+01 1.6679024999999999e-03 9.0420881999999994e-03
-1.9404458880412763e-02 -3.7303635991645319e+03 3.0425162971920862e-02 6.8593970059062337e+02 1.8477543094673297e+02 2.7591338432702634e+02 9.9040237463439823e+01 -3.4862232353339131e+01 1.8619452999999999e-03 1.0806380000000001e-02
-1.9326631507321664e-02 -3.4636435619081390e+03 3.2348306285375314e-02 4.4418626548292684e+02 1.8997858041875006e+02 2.5699733000666703e+02 8.5851579136222526e+01 -2.0667887620478869e+01 2.0633631000000000e-03 1.2768437000000001e-02
-1.9240675178304689e-02 -3.2215552488467802e+03 3.4472319120866825e-02 2.7656987841261753e+02 1.3688915671742143e+02 2.3968433368633274e+02 7.3229882164520944e+01 -1.1450865166833221e+01 2.2717459999999998e-03 1.4935428000000001e-02
-1.9146321630755702e-02 -3.0013128847817993e+03 3.6803830347092330e-02 1.8205594658225789e+02 6.4311428160617027e+01 2.2379795629560175e+02 6.2150808426406570e+01 -5.9838584012705285e+00 2.4866887000000002e-03 1.7314116000000001e-02
-1.9043318706551498e-02 -2.8005341947605070e+03 3.9349070884990227e-02 1.4534500784693731e+02 1.9345062704567146e+00 2.0918756357760839e+02 5.3029595276901404e+01 -3.0165495160405134e+00 2.7077901999999999e-03 1.9910858000000000e-02
-1.8931429915723448e-02 -2.6171640375005377e+03 4.2113884489576203e-02 1.4355090840302591e+02 -3.3863197668128322e+01 1.9572333213108936e+02 4.5821844908847680e+01 -1.4797073651569008e+00 2.9346520999999999e-03 2.2731616000000000e-02
-1.8810434674454802e-02 -2.4494171161511140e+03 4.5103721868941876e-02 1.5359190282851426e+02 -4.0335279149216291e+01 1.8329252300233972e+02 4.0190834300630655e+01 -6.0943635730080215e-01 3.1668782999999998e-03 2.5781951000000001e-02
-1.8680128067083371e-02 -2.2957324755214404e+03 4.8323646565256166e-02 1.5823079076693665e+02 -2.5160985634458044e+01 1.7179652547062679e+02 3.5691694393968035e+01 2.4610660657381277e-02 3.4040742000000001e-03 2.9067029000000001e-02
-1.8540320687436704e-02 -2.1547377901078726e+03 5.1778338875432831e-02 1.4925251358206688e+02 -1.0747966613983475e+00 1.6114854958112636e+02 3.1924532957105878e+01 5.7532525201290630e-01 3.6458464000000000e-03 3.2591624999999999e-02
-1.8390838876829352e-02 -2.0252211593981447e+03 5.5472089970129153e-02 1.2728794877276445e+02 1.9757173661380541e+01 1.5127182156565993e+02 2.8623721952299761e+01 1.0252730829753296e+00 3.8918026000000000e-03 3.6360116999999997e-02
-1.8231524406733167e-02 -1.9061076960999362e+03 5.9408809735081058e-02 9.8912262924703612e+01 2.9840817960294260e+01 1.4209807617698957e+02 2.5674703051398918e+01 1.3022617520708377e+00 4.1415510999999999e-03 4.0376493999999999e-02
-1.8062234597775926e-02 -1.7964407633739006e+03 6.3592023830602445e-02 7.2460243436377908e+01 2.7892709833034264e+01 1.3356637206156492e+02 2.3073192500979992e+01 1.3662304416554871e+00 4.3947007000000003e-03 4.4644352999999998e-02
-1.7882842319741361e-02 -1.6953663064912673e+03 6.8024873691585164e-02 5.4230530611420633e+01 1.7790004980957072e+01 1.2562209937940823e+02 2.0857059362884598e+01 1.2472563175362470e+00 4.6508610999999997e-03 4.9166899000000000e-02
-1.7693235832904275e-02 -1.6021196828925004e+03 7.2710120448166618e-02 4.6350288456312349e+01 5.8314204469480524e+00 1.1821615384921250e+02 1.9043664566189165e+01 1.0354743656620122e+00 4.9096423000000002e-03 5.3946949000000001e-02
-1.7493318986361622e-02 -1.5160147523842072e+03 7.7650140024895287e-02 4.6752884360679936e+01 -2.3314437762838187e+00 1.1130425631395406e+02 1.7595959460256360e+01 8.4079356383482107e-01 5.1706551000000002e-03 5.8986927000000001e-02
-1.7283010861036584e-02 -1.4364343605575455e+03 8.2846931962232764e-02 5.0842561821483166e+01 -3.8404363041486476e+00 1.0484636032240915e+02 1.6424298631519829e+01 7.4763779862538660e-01 5.4335110000000002e-03 6.4288872999999996e-02
-1.7062246126674493e-02 -1.3628224914205218e+03 8.8302110595051733e-02 5.3840167358250326e+01 8.0679284092049708e-01 9.8806171105542290e+01 1.5415051125766841e+01 7.8620420072332586e-01 5.6978226000000002e-03 6.9854434000000007e-02
-1.6830974645180699e-02 -1.2946772333052459e+03 9.4016914854304828e-02 5.2718381634554625e+01 8.6837131847146072e+00 9.3150710898275051e+01 1.4467867739591275e+01 9.3013095763731635e-01 5.9632034000000004e-03 7.5684873999999999e-02
-1.6589161668951618e-02 -1.2315449007104992e+03 9.9992203366190288e-02 4.7011823428571581e+01 1.6163443477810361e+01 8.7849961929504559e+01 1.3523506050717451e+01 1.1172038393327519e+00 6.2292681999999997e-03 8.1781068999999998e-02
-1.6336787682209902e-02 -1.1730148059216417e+03 1.0622845837281943e-01 3.8397078052583524e+01 2.0560263270410729e+01 8.2876546405674389e+01 1.2571743512195461e+01 1.2803488015875990e+00 6.4956331999999999e-03 8.8143510999999994e-02
-1.6073848401004429e-02 -1.1187147254589963e+03 1.1272578573221669e-01 2.9481467338638165e+01 2.1010502198862461e+01 7.8205453261151234e+01 1.1639547553351361e+01 1.3742106490656889e+00 6.7619166000000000e-03 9.4772308000000000e-02
-1.5800354535213012e-02 -1.0683068873721329e+03 1.1948392079932099e-01 2.2489840104143507e+01 1.8385883835946327e+01 7.3813793392236789e+01 1.0768131392379015e+01 1.3873241185333249e+00 7.0277381999999996e-03 1.0166719000000000e-01
-1.5516331748876188e-02 -1.0214844891882041e+03 1.2650222940615258e-01 1.8435715213869244e+01 1.4498433490677426e+01 6.9680589978235659e+01 9.9905368483777490e+00 1.3380901363554327e+00 7.2927204000000001e-03 1.0882751000000000e-01
-1.5221821215524223e-02 -9.7796867051695710e+02 1.3377969413947660e-01 1.7019339043662580e+01 1.1111144627414845e+01 6.5786598535621110e+01 9.3186587427057965e+00 1.2600108691260226e+00 7.5564877000000004e-03 1.1625223000000000e-01
-1.4916878467856895e-02 -9.3750559712177915e+02 1.4131494276564291e-01 1.7113414447974890e+01 9.2357536656646939e+00 6.2114126762841842e+01 8.7425473485541012e+00 1.1849850498354562e+00 7.8186677999999999e-03 1.2393994999999999e-01
-1.4601573318411066e-02 -8.9986406840312839e+02 1.4910625019092000e-01 1.7468929478274347e+01 8.9527345165702901e+00 5.8646889430977751e+01 8.2389162931694866e+00 1.1320723852053833e+00 8.0788911000000008e-03 1.3188891000000000e-01
-1.4275991049547111e-02 -8.6483348650773769e+02 1.5715150905648800e-01 1.7259401199227923e+01 9.6893925508986438e+00 5.5369891223108326e+01 7.7825776114849052e+00 1.1048449285685140e+00 8.3367917000000003e-03 1.4009695999999999e-01
-1.3940230826800345e-02 -8.3222173254940594e+02 1.6544826894511461e-01 1.6266036438874941e+01 1.0695418213854646e+01 5.2269290787200660e+01 7.3550432545934203e+00 1.0958858912279272e+00 8.5920070000000005e-03 1.4856159999999999e-01
-1.3594406492205311e-02 -8.0185354229484062e+02 1.7399371677781711e-01 1.4725828269508225e+01 1.1433713254509096e+01 4.9332311429830106e+01 6.9474806463634442e+00 1.0940494001097203e+00 8.8441787999999997e-03 1.5727996000000000e-01
-1.3238645770971500e-02 -7.7356888337919884e+02 1.8278469641720019e-01 1.3025162593489899e+01 1.1726924180781925e+01 4.6547126623589790e+01 6.5586643107551605e+00 1.0904428969633131e+00 9.0929527999999999e-03 1.6624881999999999e-01
-1.2873090271483343e-02 -7.4722158629613932e+02 1.9181770866745612e-01 1.1443600689466745e+01 1.1669832502681086e+01 4.3902791064283583e+01 6.1907032060763587e+00 1.0808343656313788e+00 9.3379794999999995e-03 1.7546460999999999e-01
-1.2497895088638078e-02 -7.2267808174446077e+02 2.0108892107603349e-01 1.0063516207127952e+01 1.1436551158488820e+01 4.1389152544948786e+01 5.8454326680002193e+00 1.0648023871016372e+00 9.5789143999999993e-03 1.8492342000000001e-01
-1.2113229993832169e-02 -6.9981636202511834e+02 2.1059413852863057e-01 8.8359719703431097e+00 1.1128036654231837e+01 3.8996793958309652e+01 5.5230021386096668e+00 1.0434544488450175e+00 9.8154178999999998e-03 1.9462097000000000e-01
-1.1719277451650594e-02 -6.7852484881270482e+02 2.2032885225753979e-01 7.7066534527645887e+00 1.0737806230969792e+01 3.6716955809950093e+01 5.2224339169503269e+00 1.0176400669000474e+00 1.0047156000000000e-02 2.0455266000000000e-01
-1.1316232223204721e-02 -6.5870149416008087e+02 2.3028824964331684e-01 6.6981631543573528e+00 1.0219667978076485e+01 3.4541480280807988e+01 4.9428507968700108e+00 9.8758108816455314e-01 1.0273801000000001e-02 2.1471357999999999e-01
-1.0904303349442998e-02 -6.4025307520567617e+02 2.4046716520643596e-01 5.9002386022223741e+00 9.5807180736303934e+00 3.2462769950269546e+01 4.6841586746552029e+00 9.5362290076286083e-01 1.0495031000000000e-02 2.2509846000000000e-01
-1.0483711771178109e-02 -6.2309434204755803e+02 2.5086013941730351e-01 5.3910491602447825e+00 8.9231092955158626e+00 3.0473727157221443e+01 4.4466293210858083e+00 9.1710331091330766e-01 1.0710529999999999e-02 2.3570173000000000e-01
-1.0054690725749120e-02 -6.0714739439375001e+02 2.6146140889458902e-01 5.1566259580523637e+00 8.4062511490005143e+00 2.8567714610848551e+01 4.2298787276637295e+00 8.8049728331495025e-01 1.0919989999999999e-02 2.4651751000000000e-01
-9.6174861436836220e-03 -5.9234110444046973e+02 2.7226489660355624e-01 5.0668339151509327e+00 8.1576258400473236e+00 2.6738517262317465e+01 4.0320133049720051e+00 8.4660203661399014e-01 1.1123108000000000e-02 2.5753959999999998e-01
-9.1723554587112947e-03 -5.7861054373820446e+02 2.8326424126107008e-01 4.9263153668510666e+00 8.1933521844570230e+00 2.4980300808252160e+01 3.8496931973536488e+00 8.1732030214891038e-01 1.1319591000000000e-02 2.6876150999999998e-01
-8.7195672111017742e-03 -5.6589649632765145e+02 2.9445280713726535e-01 4.5686373144629631e+00 8.3974024514461014e+00 2.3287578290991686e+01 3.6790366979150519e+00 7.9274936630409154e-01 1.1509152000000000e-02 2.8017647000000001e-01
-8.2594014443268023e-03 -5.5414506088959592e+02 3.0582367425387785e-01 3.9392086721350466e+00 8.5723331342820419e+00 2.1655179909250052e+01 3.5169564566860925e+00 7.7120526558729374e-01 1.1691511000000000e-02 2.9177742000000001e-01
-7.7921501017223487e-03 -5.4330724560882311e+02 3.1736962858257567e-01 3.1217119914064071e+00 8.5323153719997364e+00 2.0078227576513733e+01 3.3621426495592504e+00 7.5012119828000567e-01 1.1866398000000000e-02 3.0355700000000002e-01
-7.3181138531914994e-03 -5.3333857298442342e+02 3.2908324045831017e-01 2.2968542689011939e+00 8.1884838691136768e+00 1.8552096386195263e+01 3.2151390513979878e+00 7.2736970669805134e-01 1.2033550000000000e-02 3.1550762999999998e-01
-6.8376048718394259e-03 -5.2419883138882346e+02 3.4095679596763417e-01 1.6576277178791015e+00 7.5850134656999550e+00 1.7072401448866231e+01 3.0776340785084919e+00 7.0230496214491622e-01 1.2192715000000000e-02 3.2762143999999999e-01
-6.3509448506626990e-03 -5.1585175833186997e+02 3.5298234595704581e-01 1.3249946265663073e+00 6.8740320186754174e+00 1.5634967783812574e+01 2.9511726108940559e+00 6.7604863773112023e-01 1.2343646000000000e-02 3.3989032000000002e-01
-5.8584653992114245e-03 -5.0826480809745971e+02 3.6515169623132016e-01 1.3016789690821609e+00 6.2437504913329249e+00 1.4235810853591165e+01 2.8361166965410334e+00 6.5092798453654965e-01 1.2486109000000000e-02 3.5230591000000000e-01
-5.3605064569406651e-03 -5.0140890991360408e+02 3.7745644676018475e-01 1.4807837929144778e+00 5.8410123908182880e+00 1.2871111912694378e+01 2.7311572378849727e+00 6.2940394677819600e-01 1.2619877000000000e-02 3.6485963999999999e-01
-4.8574174831968776e-03 -4.9525830540713281e+02 3.8988796227331290e-01 1.6973400526125049e+00 5.7187325397539936e+00 1.1537201930805914e+01 2.6336373406614850e+00 6.1300559459338866e-01 1.2744734000000001e-02 3.7754270000000001e-01
-4.3495562672314896e-03 -4.8979036511867133e+02 4.0243740166533021e-01 1.7962015697155491e+00 5.8267749171444416e+00 1.0230546296285443e+01 2.5404175382694740e+00 6.0169615928579778e-01 1.2860473000000001e-02 3.9034606999999999e-01
-3.8372881348766076e-03 -4.8498544342508859e+02 4.1509573759915275e-01 1.6859708359670944e+00 6.0441428724636292e+00 8.9477123402392387e+00 2.4488724574606486e+00 5.9393304178559703e-01 1.2966896000000000e-02 4.0326054000000000e-01
-3.3209867418693036e-03 -4.8082677006899485e+02 4.2785373690264911e-01 1.3606780346355243e+00 6.2310368553692239e+00 7.6853697389332289e+00 2.3576253530346385e+00 5.8724603896167926e-01 1.3063819000000001e-02 4.1627669000000000e-01
-2.8010316938787798e-03 -4.7730033490502768e+02 4.4070201937865383e-01 8.8752739462965513e-01 6.2789132026662751e+00 6.4402608967267909e+00 2.2667584641584302e+00 5.7908855229585043e-01 1.3151064000000001e-02 4.2938494999999999e-01
-2.2778109264791867e-03 -4.7439483134720939e+02 4.5363099899495402e-01 3.7197666508618543e-01 6.1396354331310823e+00 5.2091925398201120e+00 2.1775795390925667e+00 5.6761238749684650e-01 1.3228465999999999e-02 4.4257553999999999e-01
-1.7517175318525306e-03 -4.7210157970812037e+02 4.6663096229764073e-01 -8.3051656107987162e-02 5.8285331247115275e+00 3.9890139629675083e+00 2.0919696954681237e+00 5.5206873178942317e-01 1.3295871000000001e-02 4.5583855000000001e-01
-1.2231513454372019e-03 -4.7041450144431997e+02 4.7969202920443305e-01 -4.0652307676582383e-01 5.4071390956980352e+00 2.7766045491284856e+00 2.0117414110180860e+00 5.3287015585510988e-01 1.3353135000000000e-02 4.6916390000000002e-01
-6.9251696261730250e-04 -4.6933009386668664e+02 4.9280420201302311e-01 -5.7360114273226226e-01 4.9549356701237084e+00 1.5688541822569277e+00 1.9381172740682149e+00 5.1127009623964259e-01 1.3400123999999999e-02 4.8254139000000001e-01
-1.6022453204690007e-04 -4.6884744293623640e+02 5.0595734579773788e-01 -6.0149087949181179e-01 4.5438805318150424e+00 3.6265028932715282e-01 1.8714861711060875e+00 4.8889095950215122e-01 1.3436718000000000e-02 4.9596067999999999e-01
3.7331183099852464e-04 -4.6896824072069626e+02 5.1914122761621528e-01 -5.3475669430165995e-01 4.2212890326443135e+00 -8.4514105669381578e-01 1.8114433101530141e+00 4.6725248373919165e-01 1.3462807000000000e-02 5.0941133000000005e-01
9.0767245797349766e-04 -4.6969683020071648e+02 5.3234547730272774e-01 -4.2757343053620678e-01 4.0047003502066731e+00 -2.0576888173158601e+00 1.7570074443052328e+00 4.4746391610308822e-01 1.3478291000000000e-02 5.2288276000000000e-01
1.4424356970218627e-03 -4.7104027320898365e+02 5.4555967568320352e-01 -3.2868171170315452e-01 3.8850205641883377e+00 -3.2782203716876239e+00 1.7069554363243116e+00 4.3013232810508611e-01 1.3483083000000000e-02 5.3636434000000000e-01
1.9771759296660328e-03 -4.7300844339620244e+02 5.5877330556688143e-01 -2.7212435548191266e-01 3.8362980821242596e+00 -4.5100353463943570e+00 1.6600744288471283e+00 4.1523324006939649e-01 1.3477108000000000e-02 5.4984533999999996e-01
2.5114643641313029e-03 -4.7561414361928439e+02 5.7197577134964883e-01 -2.7434853371368623e-01 3.8252943166749538e+00 -5.7565254077640233e+00 1.6153929975479908e+00 4.0241077989136648e-01 1.3460300999999999e-02 5.6331494999999998e-01
3.0448702253322475e-03 -4.7887324799682750e+02 5.8515642841904836e-01 -3.3582162174584224e-01 3.8197853791958059e+00 -7.0211963128161798e+00 1.5722532423511566e+00 3.9107492123167065e-01 1.3432611000000001e-02 5.7676231000000000e-01
3.5769615481970295e-03 -4.8280488055373104e+02 5.9830460275761599e-01 -4.4529226200566313e-01 3.7941276843286840e+00 -8.3076911017581985e+00 1.5304164553454549e+00 3.8057385944347355e-01 1.3393997000000000e-02 5.9017653000000003e-01
4.1073039876809540e-03 -4.8743161225786281e+02 6.1140956153787407e-01 -5.8386491824508213e-01 3.7315557586836072e+00 -9.6198099573931302e+00 1.4897984134713540e+00 3.7035341559618906e-01 1.3344429999999999e-02 6.0354666000000001e-01
4.6354624054150556e-03 -4.9277970812129405e+02 6.2446055232900699e-01 -7.3075715447620671e-01 3.6253175393296622e+00 -1.0961537504614075e+01 1.4505754320130841e+00 3.6000464560320711e-01 1.3283893999999999e-02 6.1686173000000000e-01
5.1610024563546464e-03 -4.9887942507543079e+02 6.3744684230353721e-01 -8.6552777049960072e-01 3.4774307037074790e+00 -1.2337074015083154e+01 1.4130342280936348e+00 3.4931573819525796e-01 1.3212384000000001e-02 6.3011079000000003e-01
5.6834882088064621e-03 -5.0576530947741225e+02 6.5035765942731127e-01 -9.7175800034686988e-01 3.2969996453010357e+00 -1.3750864421919285e+01 1.3774408634635411e+00 3.3825858476925263e-01 1.3129907000000000e-02 6.4328284999999996e-01
6.2024849210636848e-03 -5.1347660034976286e+02 6.6318226107118261e-01 -1.0388104514792189e+00 3.0981318087621963e+00 -1.5207623958145870e+01 1.3440242745015010e+00 3.2696388818886485e-01 1.3036481000000001e-02 6.5636695000000000e-01
6.7175594380680451e-03 -5.2205766961945824e+02 6.7590994381268055e-01 -1.0623668174976180e+00 2.8969254229921360e+00 -1.6712389486462900e+01 1.3129180114264245e+00 3.1564476613804449e-01 1.2932137999999999e-02 6.6935217000000002e-01
7.2282790014234141e-03 -5.3155850105124500e+02 6.8853001403100278e-01 -1.0453846665473592e+00 2.7093311712902519e+00 -1.8270549416835923e+01 1.2840696907554761e+00 3.0459197418300293e-01 1.2816919000000000e-02 6.8222760000000005e-01
7.7342136293686616e-03 -5.4203529558138098e+02 7.0103184671703012e-01 -9.9587711835963444e-01 2.5484173397103898e+00 -1.9887896547895007e+01 1.2575158416696057e+00 2.9416863123358533e-01 1.2690879000000000e-02 6.9498240000000000e-01
8.2349353234533566e-03 -5.5355111771031193e+02 7.1340486586998775e-01 -9.2599696100402940e-01 2.4217421054479860e+00 -2.1570676025049384e+01 1.2329169562530811e+00 2.8430881401159513e-01 1.2554085000000000e-02 7.0760577999999996e-01
8.7300184651999194e-03 -5.6617664952637222e+02 7.2563855429911450e-01 -8.4966146780770713e-01 2.3329830497279676e+00 -2.3325643117115412e+01 1.2100373024470499e+00 2.7544780788057183e-01 1.2406611999999999e-02 7.2008700999999997e-01
9.2190417994143202e-03 -5.7999111905519362e+02 7.3772250263200734e-01 -7.7953426604555787e-01 2.2789818404043651e+00 -2.5160133238734751e+01 1.1885905321281993e+00 2.6756057511751791e-01 1.2248551000000000e-02 7.3241546999999996e-01
9.7015872441996685e-03 -5.9508325076571862e+02 7.4964637990961469e-01 -7.2653135323521878e-01 2.2528949538055425e+00 -2.7082131601020254e+01 1.1682842976747760e+00 2.6059400187123116e-01 1.2080001999999999e-02 7.4458062000000003e-01
1.0177240684280473e-02 -6.1155246341268378e+02 7.6139995318957432e-01 -6.9685870220500279e-01 2.2447195043320201e+00 -2.9100357434407496e+01 1.1488821018497752e+00 2.5445511639320423e-01 1.1901076999999999e-02 7.5657202000000001e-01
1.0645592764326948e-02 -6.2951021352144983e+02 7.7297310714955103e-01 -6.9271455838885165e-01 2.2438647232589739e+00 -3.1224361269467039e+01 1.1301885186663538e+00 2.4900427290886792e-01 1.1711898000000000e-02 7.6837935000000002e-01
1.1106240078941419e-02 -6.4908159885694408e+02 7.8435587349224378e-01 -7.1237310256916320e-01 2.2401883518342176e+00 -3.3464638750446582e+01 1.1120943482956782e+00 2.4404451228713644e-01 1.1512599000000000e-02 7.7999244000000001e-01
1.1558783189347631e-02 -6.7040707201690498e+02 7.9553838193704074e-01 -7.5082067877005798e-01 2.2256665542087606e+00 -3.5832745537429432e+01 1.0945427450139888e+00 2.3942088415664045e-01 1.1303326000000001e-02 7.9140122000000002e-01
1.2002830590012156e-02 -6.9364471200271271e+02 8.0651095823670838e-01 -8.0093228816193995e-01 2.1952414264478421e+00 -3.8341460209554320e+01 1.0775538540447744e+00 2.3497728599618231e-01 1.1084235000000000e-02 8.0259581999999996e-01
1.2437995138685112e-02 -7.1897250108676826e+02 8.1726403596237196e-01 -8.5519363705047469e-01 2.1469034977113068e+00 -4.1004930602133186e+01 1.0611634738445281e+00 2.3060832809216303e-01 1.0855490000000001e-02 8.1356647999999998e-01
1.2863897626359443e-02 -7.4659136831576359e+02 8.2778824471853474e-01 -9.0605889660786976e-01 2.0814930404166776e+00 -4.3838887019351802e+01 1.0454319145551978e+00 2.2625008575122516e-01 1.0617270000000000e-02 8.2430364000000000e-01
1.3280165983946643e-02 -7.7672853405497983e+02 8.3807439053974109e-01 -9.4784772048505805e-01 2.0019037258378019e+00 -4.6860864091685556e+01 1.0304331092440968e+00 2.2187788136372125e-01 1.0369760000000000e-02 8.3479791999999997e-01
1.3686435678938895e-02 -8.0964151696795204e+02 8.4811346569224499e-01 -9.7644759346818810e-01 1.9124220716072973e+00 -5.0090465600950367e+01 1.0162219762077287e+00 2.1750507634054037e-01 1.0113159000000000e-02 8.4504013000000000e-01
1.4082350112071179e-02 -8.4562288028090563e+02 8.5789665847567886e-01 -9.8982026317387972e-01 1.8185641868357976e+00 -5.3549684052870816e+01 1.0028392914697295e+00 2.1315359073128268e-01 9.8476710000000005e-03 8.5502127999999999e-01
1.4467560617321337e-02 -8.8500584232654762e+02 8.6741535322305374e-01 -9.8753680459343374e-01 1.7251141353559407e+00 -5.7263258758101145e+01 9.9029426171158097e-01 2.0893444317223345e-01 9.5735140000000000e-03 8.6473257999999997e-01
1.4841728445220713e-02 -9.2817119579611892e+02 8.7666117930910414e-01 -9.7085630101629239e-01 1.6364571459981605e+00 -6.1259144050300264e+01 9.7858617683776750e-01 2.0483119861360605e-01 9.2909130999999992e-03 8.7416548999999999e-01
1.5204522779543497e-02 -9.7555519195760883e+02 8.8562596214194278e-01 -9.4212234250809967e-01 1.5558894192420860e+00 -6.5569009823911728e+01 9.6768186057564143e-01 2.0093470495037397e-01 9.0001030000000006e-03 8.8331166999999999e-01
1.5555623117279545e-02 -1.0276595806723612e+03 8.9430178197307475e-01 -9.0441589875942119e-01 1.4861178502208749e+00 -7.0228900695439563e+01 9.5753673417015905e-01 1.9728995188873216e-01 8.7013270999999996e-03 8.9216304000000002e-01
1.5894718078647958e-02 -1.0850633729026961e+03 9.0268094449239056e-01 -8.6081665749222880e-01 1.4280492505615541e+00 -7.5279989965483935e+01 9.4809168630183094e-01 1.9391858770068826e-01 8.3948374000000006e-03 9.0071175000000003e-01
1.6221507390407792e-02 -1.1484377018349337e+03 9.1075602983651061e-01 -8.1420927108031349e-01 1.3819444152991944e+00 -8.0769546328502685e+01 9.3929319443905746e-01 1.9086079396615679e-01 8.0808944000000001e-03 9.0895022999999997e-01
1.6535700299209505e-02 -1.2185636484439442e+03 9.1851985338210973e-01 -7.6746059381384901e-01 1.3472719756103306e+00 -8.6752064623722987e+01 9.3108640687344513e-01 1.8806670313551743e-01 7.7597663000000001e-03 9.1687114999999997e-01
1.6837017158243497e-02 -1.2963547761762541e+03 9.2596550495259278e-01 -7.2271485980885108e-01 1.3228721052918198e+00 -9.3290726355808232e+01 9.2340869869168085e-01 1.8557459905049031e-01 7.4317293999999999e-03 9.2446746000000002e-01
1.7125189823902272e-02 -1.3828856030007885e+03 9.3308635861976341e-01 -6.8168995685171452e-01 1.3073258413755504e+00 -1.0045921353682968e+02 9.1621464481920911e-01 1.8336204487948027e-01 7.0970672000000004e-03 9.3173240000000002e-01
1.7399960862456147e-02 -1.4794270777907582e+03 9.3987605310048639e-01 -6.4517159748819686e-01 1.2991572129591813e+00 -1.0834397489095258e+02 9.0946265795060166e-01 1.8140454577739898e-01 6.7560703000000000e-03 9.3865947999999999e-01
1.7661085533363964e-02 -1.5874932251692985e+03 9.4632854076503248e-01 -6.1409057573376002e-01 1.2963800826356624e+00 -1.1704721836082399e+02 9.0311314988547531e-01 1.7966837094316607e-01 6.4090362999999996e-03 9.4524253000000003e-01
1.7908329409300219e-02 -1.7089000430968420e+03 9.5243802882706430e-01 -5.8843050891837512e-01 1.2977331728555395e+00 -1.2669065589469096e+02 8.9716159997775158e-01 1.7813650963623431e-01 6.0562691999999996e-03 9.5147563999999996e-01
1.8141472342776521e-02 -1.8458463315355034e+03 9.5819907736032617e-01 -5.6809998686768048e-01 1.3018571682789803e+00 -1.3742069886837274e+02 8.9157756148116718e-01 1.7678003638452880e-01 5.6980790999999996e-03 9.5735325999999998e-01
1.8360304499520134e-02 -2.0010179573491578e+03 9.6360650128195435e-01 -5.5260162222726827e-01 1.3075423769704622e+00 -1.4941509899740225e+02 8.8635780898481653e-01 1.7557654932902619e-01 5.3347821999999998e-03 9.6287009999999995e-01
1.8564630325095414e-02 -2.1777356837223265e+03 9.6865546836916672e-01 -5.4140641067215090e-01 1.3139105501929649e+00 -1.6289245210606344e+02 8.8146998516942277e-01 1.7450569847716260e-01 4.9667000000000001e-03 9.6802122999999995e-01
1.8754265768268816e-02 -2.3801572256119243e+03 9.7334143064758005e-01 -5.3395818865372013e-01 1.3204028090488473e+00 -1.7812514597238254e+02 8.7695983308953018e-01 1.7354957455374315e-01 4.5941591999999996e-03 9.7280200999999999e-01
1.8929041454306017e-02 -2.6135737339194961e+03 9.7766020280456156e-01 -5.2909213149336809e-01 1.3264930304236839e+00 -1.9545846045470131e+02 8.7278957976861715e-01 1.7269981717474470e-01 4.2174915999999996e-03 9.7720817000000004e-01
1.9088799511674782e-02 -2.8848418287918221e+03 9.8160788377587704e-01 -5.2756033284513459e-01 1.3319243592158898e+00 -2.1533839948636302e+02 8.6899334192046940e-01 1.7191403342407827e-01 3.8370333000000002e-03 9.8123572999999997e-01
1.9233396745342121e-02 -3.2030583504765182e+03 9.8518093515904337e-01 -5.2710730451169796e-01 1.3364815366964364e+00 -2.3835534398782161e+02 8.6554390486080635e-01 1.7124699321593162e-01 3.4531249000000000e-03 9.8488107999999996e-01
1.9362703446787845e-02 -3.5806401870612463e+03 9.8837615180832061e-01 -5.2829722348436547e-01 1.3402672976861401e+00 -2.6531403658697837e+02 8.6245942081636273e-01 1.7064999235212291e-01 3.0661112999999999e-03 9.8814095000000002e-01
1.9476602600680265e-02 -4.0351612268091858e+03 9.9119064223137432e-01 -5.3018265887866844e-01 1.3433892157728766e+00 -2.9735293692173235e+02 8.5973587108225058e-01 1.7012063111102510e-01 2.6763420000000000e-03 9.9101238999999997e-01
1.9574992264849093e-02 -4.5927247417179533e+03 9.9362188739928992e-01 -5.3213663606667971e-01 1.3455627403772890e+00 -3.3616397156780636e+02 8.5738405175512789e-01 1.6966472670598889e-01 2.2841723000000002e-03 9.9349282999999999e-01
1.9657784776961097e-02 -5.2947268097557117e+03 9.9566772114323387e-01 -5.3448061132030855e-01 1.3471723748162823e+00 -3.8443416539011696e+02 8.5538710694852593e-01 1.6929335348110419e-01 1.8899688000000000e-03 9.9558005999999999e-01
1.9724906357858001e-02 -6.2133514518248585e+03 9.9732632035278557e-01 -5.3671297494828307e-01 1.3482524313953719e+00 -4.4685948791523214e+02 8.5378325055822102e-01 1.6897196491612967e-01 1.4941295000000000e-03 9.9727222000000004e-01
1.9776302664826453e-02 -7.4951717802051435e+03 9.9859634219930127e-01 -5.3856227884803509e-01 1.3489999155132175e+00 -5.3300281948733698e+02 8.5257380341787514e-01 1.6872288323330467e-01 1.0971916000000000e-03 9.9856794000000004e-01
1.9811953864759389e-02 -9.5394005644070949e+03 9.9947729659933482e-01 -5.3983546891375900e-01 1.3494461963319651e+00 -6.6899397965982882e+02 8.5171982573421379e-01 1.6855745754381582e-01 7.0085733000000002e-04 9.9946672000000003e-01
