-5.4208528762650332e-01 -7.1190061505906294e+02 5.4208686532676864e-01 -7.6827025271002049e+02 -2.0550737823937101e+02 4.7710325170662735e+01 -5.1397668015395993e+01 -1.3442211390093663e+01 5.5301730000000003e-06 1.0230946000000001e-06
-5.4206479586040579e-01 -5.1778314501097634e+02 5.4209552027411989e-01 -5.7399712422011999e+02 -2.0549160838535749e+02 3.5011140228401452e+01 -3.8691236163565947e+01 -1.3441498292961930e+01 3.5894988000000002e-05 1.9923924999999999e-05
-5.4200050556296397e-01 -4.2775867814705413e+02 5.4212267406539894e-01 -4.8357351202220025e+02 -2.0544213875433724e+02 2.9117642737286104e+01 -3.2779037122000972e+01 -1.3439261263811073e+01 8.5619985000000003e-05 7.9222864999999994e-05
-5.4187323164023560e-01 -3.6875608053476265e+02 5.4217642975903479e-01 -4.2389161777349580e+02 -2.0534423298094427e+02 2.5249933249336742e+01 -2.8879320921738046e+01 -1.3434833664638647e+01 1.5173507999999999e-04 1.9661552000000001e-04
-5.4166618318291315e-01 -3.2501468866832369e+02 5.4226387920037356e-01 -3.7917497679094629e+02 -2.0518504005488577e+02 2.2377042818801804e+01 -2.5960238642247504e+01 -1.3427633690897554e+01 2.3255418000000001e-04 3.8758918999999998e-04
-5.4136408926484170e-01 -2.9043389402512480e+02 5.4239147225133788e-01 -3.4331855596930262e+02 -2.0495294648368346e+02 2.0100001661799688e+01 -2.3622473724033089e+01 -1.3417134832071882e+01 3.2689763000000001e-04 6.6622920000000002e-04
-5.4095280116002042e-01 -2.6200010968202861e+02 5.4256518479892724e-01 -3.1331160301430111e+02 -2.0463729783454269e+02 1.8221841815535885e+01 -2.1669055371102104e+01 -1.3402853010408325e+01 4.3385032000000002e-04 1.0455858000000000e-03
-5.4041906972398246e-01 -2.3799859085256682e+02 5.4279061278090823e-01 -2.8744719590487529e+02 -2.0422825700290812e+02 1.6630601508406244e+01 -1.9988258010289531e+01 -1.3384339881142250e+01 5.5265518999999999e-04 1.5378795000000000e-03
-5.3975040777974215e-01 -2.1735751297873216e+02 5.4307303030878806e-01 -2.6466490743971241e+02 -2.0371672930102642e+02 1.5256401760043982e+01 -1.8510613037349938e+01 -1.3361179149412575e+01 6.8265765000000004e-04 2.1546280000000000e-03
-5.3893499719334481e-01 -1.9935999293703247e+02 5.4341742891558942e-01 -2.4426186369560543e+02 -2.0309432265417396e+02 1.4052596380998208e+01 -1.7190014302653218e+01 -1.3332984460794400e+01 8.2327310000000005e-04 2.9067318999999999e-03
-5.3796162555817539e-01 -1.8350132292304946e+02 5.4382854429800476e-01 -2.2574928475229868e+02 -2.0235333094429174e+02 1.2986423760010192e+01 -1.5994338408561084e+01 -1.3299398342912365e+01 9.7396649000000004e-04 3.8045331000000002e-03
-5.3681963990078074e-01 -1.6941147746256377e+02 5.4431087586930738e-01 -2.0877452351492829e+02 -2.0148673022181842e+02 1.2033934160723323e+01 -1.4900348220855083e+01 -1.3260091735173340e+01 1.1342389000000000e-03 4.8578574999999999e-03
-5.3549891285467754e-01 -1.5681023858623402e+02 5.4486870104625573e-01 -1.9307571005121935e+02 -2.0048818366092996e+02 1.1177043703166698e+01 -1.3890728624551972e+01 -1.3214763927094193e+01 1.3036180000000001e-03 6.0760461999999999e-03
-5.3398981815804825e-01 -1.4547954738141794e+02 5.4550608559794111e-01 -1.7845388494035595e+02 -1.9935205278130056e+02 1.0401728325978031e+01 -1.2952265957404196e+01 -1.3163142787035346e+01 1.4816515000000000e-03 7.4679780999999997e-03
-5.3228321081337815e-01 -1.3524587457890831e+02 5.4622689202560615e-01 -1.6475507424679600e+02 -1.9807341017592614e+02 9.6968648307688063e+00 -1.2074677580546522e+01 -1.3104985099078792e+01 1.6679024999999999e-03 9.0420881999999994e-03
-5.3037041364371318e-01 -1.2596847382006797e+02 5.4703478524077354e-01 -1.5185835248233420e+02 -1.9664805546046938e+02 9.0534615030760381e+00 -1.1249832905425231e+01 -1.3040077055112290e+01 1.8619452999999999e-03 1.0806380000000001e-02
-5.2824320482467224e-01 -1.1753131379965312e+02 5.4793323783125314e-01 -1.3966760629483954e+02 -1.9507252910712040e+02 8.4641292118738161e+00 -1.0471216454270337e+01 -1.2968234699198630e+01 2.0633631000000000e-03 1.2768437000000001e-02
-5.2589381213833220e-01 -1.0983740968625909e+02 5.4892553248808307e-01 -1.2810572651997003e+02 -1.9334412874509954e+02 7.9227098921186432e+00 -9.7335499367828842e+00 -1.2889304504034126e+01 2.2717459999999998e-03 1.4935428000000001e-02
-5.2331490332408936e-01 -1.0280470928815170e+02 5.5001476608096167e-01 -1.1711037541552518e+02 -1.9146091838655323e+02 7.4240071293052514e+00 -9.0325167481980380e+00 -1.2803163704839815e+01 2.4866887000000002e-03 1.7314116000000001e-02
-5.2049958629549442e-01 -9.6363085589998988e+01 5.5120384956666424e-01 -1.0663087944125763e+02 -1.8942174328816634e+02 6.9635894915919483e+00 -8.3645611031414564e+00 -1.2709720849009210e+01 2.7077901999999999e-03 1.9910858000000000e-02
-5.1744139721435145e-01 -9.0452046203637721e+01 5.5249551302609279e-01 -9.6625839927489423e+01 -1.8722622874706747e+02 6.5376408252309242e+00 -7.7267330278534132e+00 -1.2608915811157852e+01 2.9346520999999999e-03 2.2731616000000000e-02
-5.1413430699575480e-01 -8.5019021599711792e+01 5.5389230291679437e-01 -8.7061355249749099e+01 -1.8487479131876611e+02 6.1428485986271184e+00 -7.1165741195908314e+00 -1.2500720264272601e+01 3.1668782999999998e-03 2.5781951000000001e-02
-5.1057271480305233e-01 -8.0018007870646002e+01 5.5539658482044318e-01 -7.7909587701184478e+01 -1.8236863402439678e+02 5.7763159086658398e+00 -6.5320255184782754e+00 -1.2385137596883235e+01 3.4040742000000001e-03 2.9067029000000001e-02
-5.0675144371115421e-01 -7.5408506626416852e+01 5.5701054527449412e-01 -6.9147637265322743e+01 -1.7970973918657944e+02 5.4354924981923443e+00 -5.9713560687649530e+00 -1.2262202704530354e+01 3.6458464000000000e-03 3.2591624999999999e-02
-5.0266574721156987e-01 -7.1154690058743313e+01 5.5873618902470190e-01 -6.0756660781369909e+01 -1.7690086400591406e+02 5.1181210608020136e+00 -5.4331063942817241e+00 -1.2131982014076941e+01 3.8918026000000000e-03 3.6360116999999997e-02
-4.9831130053902517e-01 -6.7224713315944783e+01 5.6057534268842957e-01 -5.2721121217157808e+01 -1.7394552046711081e+02 4.8221927252317673e+00 -4.9160424006831702e+00 -1.1994572834464776e+01 4.1415510999999999e-03 4.0376493999999999e-02
-4.9368420392398132e-01 -6.3590161677480907e+01 5.6252965338090766e-01 -4.5028195668444980e+01 -1.7084795518387978e+02 4.5459118962945722e+00 -4.4191139561266972e+00 -1.1850102916271499e+01 4.3947007000000003e-03 4.4644352999999998e-02
-4.8878098259263458e-01 -6.0225594516734418e+01 5.6460058871523433e-01 -3.7667275818732080e+01 -1.6761314467672472e+02 4.2876670924304445e+00 -3.9414323780018927e+00 -1.1698729726880481e+01 4.6508610999999997e-03 4.9166899000000000e-02
-4.8359858243022519e-01 -5.7108161851294312e+01 5.6678943863402964e-01 -3.0629543234072564e+01 -1.6424672562889285e+02 4.0460066326639668e+00 -3.4822354332841541e+00 -1.1540639470212543e+01 4.9096423000000002e-03 5.3946949000000001e-02
-4.7813437540190129e-01 -5.4217288715120588e+01 5.6909731311986766e-01 -2.3907624461687540e+01 -1.6075500388567593e+02 3.8196187691812100e+00 -3.0408708094828061e+00 -1.1376046183501785e+01 5.1706551000000002e-03 5.8986927000000001e-02
-4.7238614979516380e-01 -5.1534399924404312e+01 5.7152514631649887e-01 -1.7495277758624589e+01 -1.5714489108464025e+02 3.6073143227108884e+00 -2.6167758796152780e+00 -1.1205190280280199e+01 5.4335110000000002e-03 6.4288872999999996e-02
-4.6635211997742143e-01 -4.9042695296854077e+01 5.7407369240762773e-01 -1.1387149505602540e+01 -1.5342387335743180e+02 3.4080128037068946e+00 -2.2094630141676062e+00 -1.1028337487876415e+01 5.6978226000000002e-03 6.9854434000000007e-02
-4.6003091555426306e-01 -4.6726947176740318e+01 5.7674353019604852e-01 -5.5785424203930249e+00 -1.4959995894287599e+02 3.2207297334197440e+00 -1.8185054698990517e+00 -1.0845777029335521e+01 5.9632034000000004e-03 7.5684873999999999e-02
-4.5342158679032141e-01 -4.4573332962576664e+01 5.7953506081407768e-01 -6.5233024137918455e-02 -1.4568162424798402e+02 3.0445663374033605e+00 -1.4435264040751115e+00 -1.0657820193657075e+01 6.2292681999999997e-03 8.1781068999999998e-02
-4.4652360027258203e-01 -4.2569285404751206e+01 5.8244850955520799e-01 5.1566939318418310e+00 -1.4167779310609012e+02 2.8787003465942780e+00 -1.0841887645542445e+00 -1.0464798460816978e+01 6.4956331999999999e-03 8.8143510999999994e-02
-4.3933683891038311e-01 -4.0703363893156791e+01 5.8548392587410858e-01 1.0090983858528872e+01 -1.3759773084439740e+02 2.7223781095510371e+00 -7.4018689852441288e-01 -1.0267061664693225e+01 6.7619166000000000e-03 9.4772308000000000e-02
-4.3186159543037905e-01 -3.8965139641093181e+01 5.8864118613410654e-01 1.4741334561402514e+01 -1.3345101837809364e+02 2.5749075741891518e+00 -4.1123891882912805e-01 -1.0064975902301162e+01 7.0277381999999996e-03 1.0166719000000000e-01
-4.2409857129236728e-01 -3.7345096569624246e+01 5.9191999406510065e-01 1.9111495967823963e+01 -1.2924748508228080e+02 2.4356522576184623e+00 -9.7080485244346981e-02 -9.8589215050102901e+00 7.2927204000000001e-03 1.0882751000000000e-01
-4.1604889186770766e-01 -3.5834546112389752e+01 5.9531987435277089e-01 2.3205345775799074e+01 -1.2499715709657129e+02 2.3040261773847819e+00 2.0254005526840335e-01 -9.6492913681908128e+00 7.5564877000000004e-03 1.1625223000000000e-01
-4.0771407499831136e-01 -3.4425543713527539e+01 5.9884018591807264e-01 2.7026976547919070e+01 -1.2071018056915919e+02 2.1794885778224269e+00 4.8786746034335482e-01 -9.4364880214169151e+00 7.8186677999999999e-03 1.2393994999999999e-01
-3.9909602882829526e-01 -3.3110817105861763e+01 6.0248012283306462e-01 3.0580748515801979e+01 -1.1639676141335448e+02 2.0615398235110174e+00 7.5914345608184441e-01 -9.2209214947401392e+00 8.0788911000000008e-03 1.3188891000000000e-01
-3.9019708432916567e-01 -3.1883714795316454e+01 6.0623870058349982e-01 3.3871319439479173e+01 -1.1206712240709794e+02 1.9497181184590575e+00 1.0166089042424993e+00 -9.0030079573074726e+00 8.3367917000000003e-03 1.4009695999999999e-01
-3.8101995193290689e-01 -3.0738139791443782e+01 6.1011477438537043e-01 3.6903696179385555e+01 -1.0773142254295512e+02 1.8435955715163210e+00 1.2605079484461805e+00 -8.7831665947896873e+00 8.5920070000000005e-03 1.4856159999999999e-01
-3.7156774321543667e-01 -2.9668507069977203e+01 6.1410703002663536e-01 3.9683247673654357e+01 -1.0339971144815016e+02 1.7427755030242067e+00 1.4910895556630057e+00 -8.5618179413028823e+00 8.8441787999999997e-03 1.5727996000000000e-01
-3.6184394921315077e-01 -2.8669692657049261e+01 6.1821399302549240e-01 4.2215725517437434e+01 -9.9081864509153618e+01 1.6468895300070503e+00 1.7086098151982627e+00 -8.3393814079681263e+00 9.0929527999999999e-03 1.6624881999999999e-01
-3.5185244042292246e-01 -2.7736996774259143e+01 6.2243402863037822e-01 4.4507267033647494e+01 -9.4787530817607617e+01 1.5555951252307589e+00 1.9133332930352334e+00 -8.1162732597164062e+00 9.3379794999999995e-03 1.7546460999999999e-01
-3.4159745596037511e-01 -2.6866106546656496e+01 6.2676534639910453e-01 4.6564396363241386e+01 -9.0526079516933223e+01 1.4685734115912776e+00 2.1055340491817027e+00 -7.8929044878681678e+00 9.5789143999999993e-03 1.8492342000000001e-01
-3.3108363608506564e-01 -2.6053066303799927e+01 6.3120598646144976e-01 4.8394004842137456e+01 -8.6306567761057138e+01 1.3855274066442673e+00 2.2854958161263483e+00 -7.6696796912649914e+00 9.8154178999999998e-03 1.9462097000000000e-01
-3.2031596799184492e-01 -2.5294243862110594e+01 6.3575384241483945e-01 5.0003350428632700e+01 -8.2137675156200586e+01 1.3061797608280621e+00 2.4535132833160360e+00 -7.4469941446856822e+00 1.0047156000000000e-02 2.0455266000000000e-01
-3.0929977496912997e-01 -2.4586305046093784e+01 6.4040666590348194e-01 5.1400033757559555e+01 -7.8027663218385484e+01 1.2302711027310664e+00 2.6098922243573437e+00 -7.2252320399617389e+00 1.0273801000000001e-02 2.1471357999999999e-01
-2.9804077060754341e-01 -2.3926189908846258e+01 6.4516204372268871e-01 5.2591964788787507e+01 -7.3984357256736331e+01 1.1575589282894658e+00 2.7549484381131948e+00 -7.0047660945098809e+00 1.0495031000000000e-02 2.2509846000000000e-01
-2.8654499374954601e-01 -2.3311091114627075e+01 6.5001742529369000e-01 5.3587342831186923e+01 -7.0015108913724688e+01 1.0878157763341427e+00 2.8890083620098301e+00 -6.7859548964782670e+00 1.0710529999999999e-02 2.3570173000000000e-01
-2.7481881933116459e-01 -2.2738438690907106e+01 6.5497011808449934e-01 5.4394620171978865e+01 -6.6126751543016738e+01 1.0208280749558556e+00 3.0124082393974589e+00 -6.5691419134181501e+00 1.0919989999999999e-02 2.4651751000000000e-01
-2.6286896922371994e-01 -2.2205871709021206e+01 6.6001728303077689e-01 5.5022465962274133e+01 -6.2325599238032446e+01 9.5639505464153607e-01 3.1254931301742577e+00 -6.3546546551987895e+00 1.1123108000000000e-02 2.5753959999999998e-01
-2.5070247970864301e-01 -2.1711231530011826e+01 6.6515594827323854e-01 5.5479730506868599e+01 -5.8617416013941927e+01 8.9432750520862891e-01 3.2286166738049897e+00 -6.1428031170750321e+00 1.1319591000000000e-02 2.6876150999999998e-01
-2.3832669063574702e-01 -2.1252542869196457e+01 6.7038301373679055e-01 5.5775406109257965e+01 -5.5007402746934339e+01 8.3444676555173447e-01 3.3221398064768035e+00 -5.9338789023698233e+00 1.1509152000000000e-02 2.8017647000000001e-01
-2.2574925626495529e-01 -2.0828002255169640e+01 6.7569524655139468e-01 5.5918585191176462e+01 -5.1500193724463102e+01 7.7658387465419154e-01 3.4064297658547762e+00 -5.7281547735008287e+00 1.1691511000000000e-02 2.9177742000000001e-01
-2.1297815610802923e-01 -2.0435966582887332e+01 6.8108927647293160e-01 5.5918421579527667e+01 -4.8099857298986734e+01 7.2057878682818488e-01 3.4818584218429414e+00 -5.5258843600641825e+00 1.1866398000000000e-02 3.0355700000000002e-01
-2.0002160819474502e-01 -2.0074940057172597e+01 6.8656163251628954e-01 5.5784089381975619e+01 -4.4809940520905222e+01 6.6627920077768055e-01 3.5488025386186459e+00 -5.3273004653294347e+00 1.2033550000000000e-02 3.1550762999999998e-01
-1.8688814496498879e-01 -1.9743567392239861e+01 6.9210871090141135e-01 5.5524743432741694e+01 -4.1633166595041516e+01 6.1354018236302421e-01 3.6076410423918843e+00 -5.1326161488202100e+00 1.2192715000000000e-02 3.2762143999999999e-01
-1.7358655906011722e-01 -1.9440623860486902e+01 6.9772679794897563e-01 5.5149479702404058e+01 -3.8572091170111328e+01 5.6222324946853930e-01 3.6587545406885358e+00 -4.9420238359773530e+00 1.2343646000000000e-02 3.3989032000000002e-01
-1.6012591416468552e-01 -1.9165008270762513e+01 7.0341206550125979e-01 5.4667298878362807e+01 -3.5628458751335423e+01 5.1219577936188432e-01 3.7025239173916988e+00 -4.7556956144737450e+00 1.2486109000000000e-02 3.5230591000000000e-01
-1.4651550163953553e-01 -1.8915735509902433e+01 7.0916058923868475e-01 5.4087069255161936e+01 -3.2803540700114624e+01 4.6333024421441593e-01 3.7393292041339610e+00 -4.5737828994062486e+00 1.2619877000000000e-02 3.6485963999999999e-01
-1.3276487304697937e-01 -1.8691931585045939e+01 7.1496833494240675e-01 5.3417493979201460e+01 -3.0098096585778269e+01 4.1550376304091208e-01 3.7695482143974726e+00 -4.3964181678344296e+00 1.2744734000000001e-02 3.7754270000000001e-01
-1.1888380762561618e-01 -1.8492828057319201e+01 7.2083117223172510e-01 5.2667079000189084e+01 -2.7512391065107092e+01 3.6859748868788622e-01 3.7935554960774334e+00 -4.2237103479998446e+00 1.2860473000000001e-02 3.9034606999999999e-01
-1.0488229060687554e-01 -1.8317757486852127e+01 7.2674488372235480e-01 5.1844103652154246e+01 -2.5046214476701643e+01 3.2249574045124529e-01 3.8117211770217274e+00 -4.0557544944605608e+00 1.2966896000000000e-02 4.0326054000000000e-01
-9.0770534898473976e-02 -1.8166150234095436e+01 7.3270515586815399e-01 5.0956595254853241e+01 -2.2698915113477096e+01 2.7708611561177077e-01 3.8244098718018162e+00 -3.8926233812067172e+00 1.3063819000000001e-02 4.1627669000000000e-01
-7.6558916034047020e-02 -1.8037530877460558e+01 7.3870760643594047e-01 5.0012303834852148e+01 -2.0469420513590112e+01 2.3225824095251513e-01 3.8319797556960595e+00 -3.7343721770504303e+00 1.3151064000000001e-02 4.2938494999999999e-01
-6.2258037223516638e-02 -1.7931516585736521e+01 7.4474775703067531e-01 4.9018682629587119e+01 -1.8356264136212584e+01 1.8790376960727140e-01 3.8347815188776502e+00 -3.5810391507665926e+00 1.3228465999999999e-02 4.4257553999999999e-01
-4.7878642619268330e-02 -1.7847814821954593e+01 7.5082106972855112e-01 4.7982870754591389e+01 -1.6357625983812813e+01 1.4391557581633163e-01 3.8331576122526450e+00 -3.4326455545519572e+00 1.3295871000000001e-02 4.5583855000000001e-01
-3.3431660683062248e-02 -1.7786222645250458e+01 7.5692292876044820e-01 4.6911677078299668e+01 -1.4471355822049761e+01 1.0018741616365923e-01 3.8274414314914700e+00 -3.2891970893576121e+00 1.3353135000000000e-02 4.6916390000000002e-01
-1.8928149977393893e-02 -1.7746626147661555e+01 7.6304866340761401e-01 4.5811567322093595e+01 -1.2695002070968764e+01 5.6613286131384055e-02 3.8179566242563987e+00 -3.1506843420176942e+00 1.3400123999999999e-02 4.8254139000000001e-01
-4.3793208489499857e-03 -1.7729000695218886e+01 7.6919353884339192e-01 4.4688657336252916e+01 -1.1025847766866447e+01 1.3087003386163421e-02 3.8050164922764744e+00 -3.0170840599209394e+00 1.3436718000000000e-02 4.9596067999999999e-01
1.0203507938303713e-02 -1.7733412098931581e+01 7.7535277444976525e-01 4.3548703787761454e+01 -9.4609374987219290e+00 -3.0498416081475743e-02 3.7889235473422009e+00 -2.8883598027769226e+00 1.3462807000000000e-02 5.0941133000000005e-01
2.4808865836209781e-02 -1.7760017933279205e+01 7.8152152550081211e-01 4.2397105148285995e+01 -7.9971144082912806e+00 -7.4251137283392943e-02 3.7699686156837218e+00 -2.7644633930256619e+00 1.3478291000000000e-02 5.2288276000000000e-01
3.9425228087971886e-02 -1.7809069948945652e+01 7.8769492437493105e-01 4.1238893350370041e+01 -6.6310402518283347e+00 -1.1828132420882698e-01 3.7484314169865245e+00 -2.6453351483839902e+00 1.3483083000000000e-02 5.3636434000000000e-01
5.4040961519513431e-02 -1.7880917438919003e+01 7.9386805765916024e-01 4.0078741262177658e+01 -5.3592328509492502e+00 -1.6270153344606253e-01 3.7245793881218097e+00 -2.5309054735161070e+00 1.3477108000000000e-02 5.4984533999999996e-01
6.8644346222935249e-02 -1.7976010778524770e+01 8.0003597530744930e-01 3.8920960960814512e+01 -4.1780919234738398e+00 -2.0762735927954989e-01 3.6986678022911388e+00 -2.4210957059246034e+00 1.3460300999999999e-02 5.6331494999999998e-01
8.3223608081697709e-02 -1.8094906508440118e+01 8.0619370437806814e-01 3.7769515912102626e+01 -3.0839244740495166e+00 -2.5317815504435137e-01 3.6709398072730992e+00 -2.3158189276893744e+00 1.3432611000000001e-02 5.7676231000000000e-01
9.7766940454077744e-02 -1.8238273243443615e+01 8.1233625819187816e-01 3.6628019278895714e+01 -2.0729700461079270e+00 -2.9947776463631315e-01 3.6416261103293830e+00 -2.2149808508960431e+00 1.3393997000000000e-02 5.9017653000000003e-01
1.1226247164798453e-01 -1.8406898138874300e+01 8.1845862259492475e-01 3.5499750336637028e+01 -1.1414279783894885e+00 -3.4665513493007960e-01 3.6109453871077535e+00 -2.1184810714745010e+00 1.3344429999999999e-02 6.0354666000000001e-01
1.2669830828787165e-01 -1.8601695065153912e+01 8.2455577427498117e-01 3.4387661670540240e+01 -2.8547760667550565e-01 -3.9484522641039466e-01 3.5791036468527189e+00 -2.0262137075204043e+00 1.3283893999999999e-02 6.1686173000000000e-01
1.4106257868164818e-01 -1.8823714473090018e+01 8.3062269907809294e-01 3.3294388697883072e+01 4.9870227404808776e-01 -4.4419000472431691e-01 3.5462952878628666e+00 -1.9380680862124282e+00 1.3212384000000001e-02 6.3011079000000003e-01
1.5534336777031166e-01 -1.9074153005025870e+01 8.3665436453376119e-01 3.2222267712470973e+01 1.2149098490020671e+00 -4.9483914533543394e-01 3.5127025921270971e+00 -1.8539300119784996e+00 1.3129907000000000e-02 6.4328284999999996e-01
1.6952879302004353e-01 -1.9354366779387458e+01 8.4264575190889524e-01 3.1173345492766998e+01 1.8669063087752356e+00 -5.4695130702458539e-01 3.4784962415546610e+00 -1.7736821963231002e+00 1.3036481000000001e-02 6.5636695000000000e-01
1.8360701526393663e-01 -1.9665885744618215e+01 8.4859186078694870e-01 3.0149393374320010e+01 2.4583988646326724e+00 -6.0069530596431597e-01 3.4438355098202793e+00 -1.6972049732752545e+00 1.2932137999999999e-02 6.6935217000000002e-01
1.9756620617681220e-01 -2.0010428987602445e+01 8.5448769533051094e-01 2.9151925840403663e+01 2.9930258347690386e+00 -6.5625124144327274e-01 3.4088687012778505e+00 -1.6243772639632943e+00 1.2816919000000000e-02 6.8222760000000005e-01
2.1139461332558651e-01 -2.0389924566889199e+01 8.6032829175612369e-01 2.8182211638906278e+01 3.4743457019248170e+00 -7.1381213552732459e-01 3.3737333676010093e+00 -1.5550769047270261e+00 1.2690879000000000e-02 6.9498240000000000e-01
2.2508053848581611e-01 -2.0806530101074060e+01 8.6610870917600891e-01 2.7241292154292466e+01 3.9058216221814912e+00 -7.7358541081119603e-01 3.3385567571245014e+00 -1.4891814742898168e+00 1.2554085000000000e-02 7.0760577999999996e-01
2.3861234848342461e-01 -2.1262657042070874e+01 8.7182403417720467e-01 2.6329997009996841e+01 4.2908194697941981e+00 -8.3579467398622131e-01 3.3034562594036125e+00 -1.4265687386430010e+00 1.2406611999999999e-02 7.2008700999999997e-01
2.5197852940334331e-01 -2.1761000122359757e+01 8.7746940371724524e-01 2.5448956965679834e+01 4.6325932775729761e+00 -9.0068192909692013e-01 3.2685396869304668e+00 -1.3671171267148383e+00 1.2248551000000000e-02 7.3241546999999996e-01
2.6516765406432696e-01 -2.2304568140241763e+01 8.8303999138675349e-01 2.4598622372416436e+01 4.9342819008769006e+00 -9.6850967773139485e-01 3.2339058060910335e+00 -1.3107062225960560e+00 1.2080001999999999e-02 7.4458062000000003e-01
2.7816840370240936e-01 -2.2896721168105760e+01 8.8853101656771227e-01 2.3779277972662577e+01 5.1989021693694637e+00 -1.0395635247917741e+00 3.1996447901686427e+00 -1.2572172546152902e+00 1.1901076999999999e-02 7.5657202000000001e-01
2.9096958965435993e-01 -2.3541212685602023e+01 8.9393775359173699e-01 2.2991056813434273e+01 5.4293463572918448e+00 -1.1141551750115131e+00 3.1658386440797255e+00 -1.2065333644734977e+00 1.1711898000000000e-02 7.6837935000000002e-01
3.0356018588286682e-01 -2.4242244564512337e+01 8.9925554547748354e-01 2.2233954057067042e+01 5.6283789338519972e+00 -1.1926259238159078e+00 3.1325615813894303e+00 -1.1585398694310749e+00 1.1512599000000000e-02 7.7999244000000001e-01
3.1592927476789801e-01 -2.5004509437048476e+01 9.0447978103496807e-01 2.1507844510209654e+01 5.7986343910556153e+00 -1.2753500982135741e+00 3.0998806575134354e+00 -1.1131248312023063e+00 1.1303326000000001e-02 7.9140122000000002e-01
3.2806615552397955e-01 -2.5833273701242813e+01 9.0960594065692724e-01 2.0812490679597584e+01 5.9426171284944047e+00 -1.3627400877072691e+00 3.0678559647901995e+00 -1.0701789057298556e+00 1.1084235000000000e-02 8.0259581999999996e-01
3.3996024662464541e-01 -2.6734444352173405e+01 9.1462955510659427e-01 2.0147561834648979e+01 6.0627011619051281e+00 -1.4552507096832747e+00 3.0365413558167114e+00 -1.0295959685682483e+00 1.0855490000000001e-02 8.1356647999999998e-01
3.5160118337798807e-01 -2.7714659393470505e+01 9.1954624672992291e-01 1.9512641468336746e+01 6.1611313952797877e+00 -1.5533857004463192e+00 3.0059846705161384e+00 -9.9127300604672408e-01 1.0617270000000000e-02 8.2430364000000000e-01
3.6297879624320273e-01 -2.8781394493287038e+01 9.2435172029731560e-01 1.8907240203709250e+01 6.2400252826258482e+00 -1.6577043668277718e+00 2.9762281929032386e+00 -9.5511035869422012e-01 1.0369760000000000e-02 8.3479791999999997e-01
3.7408312167231561e-01 -2.9943085051726946e+01 9.2904176758275914e-01 1.8330808338310707e+01 6.3013721415638964e+00 -1.7688296006284645e+00 2.9473091618244953e+00 -9.2101184913301826e-01 1.0113159000000000e-02 8.4504013000000000e-01
3.8490441295191158e-01 -3.1209271191203655e+01 9.3361227194296115e-01 1.7782743546838208e+01 6.3470476501808530e+00 -1.8874573418330627e+00 2.9192601080189231e+00 -8.8888489233468793e-01 9.8476710000000005e-03 8.5502127999999999e-01
3.9543314020313403e-01 -3.2590769021171553e+01 9.3805920831735001e-01 1.7262403243399898e+01 6.3787998917770583e+00 -2.0143675024873864e+00 2.8921090993557081e+00 -8.5864056782328357e-01 9.5735140000000000e-03 8.6473257999999997e-01
4.0566004459032523e-01 -3.4099878822181850e+01 9.4237866612375432e-01 1.6769110537784844e+01 6.3982646825385352e+00 -2.1504377456853780e+00 2.8658804410011625e+00 -8.3019355407976059e-01 9.2909130999999992e-03 8.7416548999999999e-01
4.1557608411238578e-01 -3.5750625285296522e+01 9.4656682636272405e-01 1.6302165146256673e+01 6.4069663903408065e+00 -2.2966584731136321e+00 2.8405947372527813e+00 -8.0346232705891074e-01 9.0001030000000006e-03 8.8331166999999999e-01
4.2517249865314277e-01 -3.7559062196796297e+01 9.5061998909234569e-01 1.5860849232168052e+01 6.4063223129557088e+00 -2.4541524824591980e+00 2.8162693109900934e+00 -7.7836904627995540e-01 8.7013270999999996e-03 8.9216304000000002e-01
4.3444077745616594e-01 -3.9543620254514060e+01 9.5453455969083412e-01 1.5444433896436379e+01 6.3976476908342761e+00 -2.6241973022421967e+00 2.7929185970558454e+00 -7.5483961927620291e-01 8.3948374000000006e-03 9.0071175000000003e-01
4.4337271333340689e-01 -4.1725557923328040e+01 9.5830707175221352e-01 1.5052188864190317e+01 6.3821594037411673e+00 -2.8082539377479381e+00 2.7705543169387332e+00 -7.3280360572556658e-01 8.0808944000000001e-03 9.0895022999999997e-01
4.5196035929828837e-01 -4.4129489520075083e+01 9.6193416876977278e-01 1.4683384806633146e+01 6.3609813224782226e+00 -3.0080003193289060e+00 2.7491859024716954e+00 -7.1219428406087371e-01 7.7597663000000001e-03 9.1687114999999997e-01
4.6019607193261480e-01 -4.6784063000920590e+01 9.6541262245260961e-01 1.4337299479748971e+01 6.3351486982365639e+00 -3.2253745939666176e+00 2.7288206935267487e+00 -6.9294854636966396e-01 7.4317293999999999e-03 9.2446746000000002e-01
4.6807252222830109e-01 -4.9722803742646995e+01 9.6873933730476658e-01 1.4013222577384839e+01 6.3056128774201667e+00 -3.4626288542895143e+00 2.7094641328127409e+00 -6.7500681433742571e-01 7.0970672000000004e-03 9.3173240000000002e-01
4.7558267390391573e-01 -5.2985170376264534e+01 9.7191134146695912e-01 1.3710461016109818e+01 6.2732459625069001e+00 -3.7223961333384086e+00 2.6911201621239043e+00 -6.5831310048006964e-01 6.7560703000000000e-03 9.3865947999999999e-01
4.8271983761332238e-01 -5.6617942219026219e+01 9.7492580961225572e-01 1.3428340412593096e+01 6.2388452842379190e+00 -4.0077790534106272e+00 2.6737912384938305e+00 -6.4281478863195929e-01 6.4090362999999996e-03 9.4524253000000003e-01
4.8947760589531009e-01 -6.0676963519405355e+01 9.7778003547126191e-01 1.3166211534689328e+01 6.2031381531113690e+00 -4.3224604542969001e+00 2.6574787741481471e+00 -6.2846275518580541e-01 6.0562691999999996e-03 9.5147563999999996e-01
4.9584996159087402e-01 -6.5229548277148737e+01 9.8047147762347997e-01 1.2923449261960290e+01 6.1667854102049899e+00 -4.6708575675436341e+00 2.6421831018420119e+00 -6.1521107540844366e-01 5.6980790999999996e-03 9.5735325999999998e-01
5.0183116942593586e-01 -7.0357566647085505e+01 9.8299771370594913e-01 1.2699459599881235e+01 6.1303866161542615e+00 -5.0583183257632314e+00 2.6279036924717016e+00 -6.0301719527050235e-01 5.3347821999999998e-03 9.6287009999999995e-01
5.0741588442862229e-01 -7.6161841905562227e+01 9.8535648620460581e-01 1.2493683552249230e+01 6.0944820189593694e+00 -5.4914036848834726e+00 2.6146395415401256e+00 -5.9184166122911375e-01 4.9667000000000001e-03 9.6802122999999995e-01
5.1259907603717103e-01 -8.2768145404401821e+01 9.8754567040033137e-01 1.2305580195894310e+01 6.0595596395769782e+00 -5.9782714392268232e+00 2.6023890467825521e+00 -5.8164818332138069e-01 4.5941591999999996e-03 9.7280200999999999e-01
5.1737611483375323e-01 -9.0336027071989832e+01 9.8956331100204054e-01 1.2134652996888647e+01 6.0260544954505653e+00 -6.5292445739533669e+00 2.5911501747933912e+00 -5.7240344593511527e-01 4.2174915999999996e-03 9.7720817000000004e-01
5.2174268581064953e-01 -9.9071670722913353e+01 9.9140758551359220e-01 1.1980454037046581e+01 5.9943556667982199e+00 -7.1576384962171469e+00 2.5809207588575074e+00 -5.6407719555923785e-01 3.8370333000000002e-03 9.8123572999999997e-01
5.2569487510407509e-01 -1.0924803416248656e+02 9.9307684086687953e-01 1.1842555329645984e+01 5.9648069298183932e+00 -7.8810627148651484e+00 2.5716984095387163e+00 -5.5664203262215706e-01 3.4531249000000000e-03 9.8488107999999996e-01
5.2922913746899458e-01 -1.2123711468999852e+02 9.9456957968441972e-01 1.1720573381978324e+01 5.9377104141875918e+00 -8.7235083070886983e+00 2.5634807000366555e+00 -5.5007341028259271e-01 3.0661112999999999e-03 9.8814095000000002e-01
5.3234227459566652e-01 -1.3556493091081725e+02 9.9588445112108359e-01 1.1614165037773153e+01 5.9133290284695814e+00 -9.7189136858295075e+00 2.5562653074050128e+00 -5.4434964489584514e-01 2.6763420000000000e-03 9.9101238999999997e-01
5.3503150016001144e-01 -1.5301266253360407e+02 9.9702027833891127e-01 1.1523026061582879e+01 5.8918886901846665e+00 -1.0917738517203460e+01 2.5500499563088015e+00 -5.3945173189606654e-01 2.2841723000000002e-03 9.9349282999999999e-01
5.3729441814015511e-01 -1.7481979176578582e+02 9.9797604934883943e-01 1.1446892768100335e+01 5.8735800603835475e+00 -1.2400189434991841e+01 2.5448325312309019e+00 -5.3536335946607694e-01 1.8899688000000000e-03 9.9558005999999999e-01
5.3912901197470142e-01 -2.0315019120696618e+02 9.9875091243156633e-01 1.1385543120450849e+01 5.8585605210703191e+00 -1.4306612196428622e+01 2.5406111612871918e+00 -5.3207089309964251e-01 1.4941295000000000e-03 9.9727222000000004e-01
5.4053379634692278e-01 -2.4240534429240887e+02 9.9934424024545554e-01 1.1338791771685321e+01 5.8469543708035800e+00 -1.6923242476300700e+01 2.5373839403617300e+00 -5.2956307086200982e-01 1.0971916000000000e-03 9.9856794000000004e-01
5.4150822917042274e-01 -3.0459849799351372e+02 9.9975580383370577e-01 1.1306477108667359e+01 5.8388505693025259e+00 -2.1033490640494790e+01 2.5351480106038138e+00 -5.2783025116658666e-01 7.0085733000000002e-04 9.9946672000000003e-01
