-1.5363396562890960e-01 -3.0071028898608465e+03 1.5363514590591182e-01 -2.7195364468227544e+03 -8.9111794097972313e+02 2.0338329044853401e+02 -1.8448838505530057e+02 -5.8561716169186766e+01 5.5301730000000003e-06 1.0230946000000001e-06
-1.5362815799797003e-01 -2.1654726495443083e+03 1.5365114292084203e-01 -1.8758926747013625e+03 -8.9053272280227941e+02 1.4806326155493505e+02 -1.2907387880308025e+02 -5.8535214132274071e+01 3.5894988000000002e-05 1.9923924999999999e-05
-1.5360993729806743e-01 -1.7754062424378330e+03 1.5370133151089074e-01 -1.4808540677659455e+03 -8.8869867963969557e+02 1.2240191464704417e+02 -1.0317699496795748e+02 -5.8452138078722193e+01 8.5619985000000003e-05 7.9222864999999994e-05
-1.5357386622601249e-01 -1.5200579216440503e+03 1.5380068862986329e-01 -1.2173455749595371e+03 -8.8507682084387602e+02 1.0557575249353364e+02 -8.5960646072749455e+01 -5.8287990304038111e+01 1.5173507999999999e-04 1.9661552000000001e-04
-1.5351518602143607e-01 -1.3310821986163555e+03 1.5396232219757508e-01 -1.0170869570857212e+03 -8.7921014412662657e+02 9.3093278273854551e+01 -7.2933371130236651e+01 -5.8021850274188004e+01 2.3255418000000001e-04 3.8758918999999998e-04
-1.5342956870680849e-01 -1.1820145847928381e+03 1.5419815355026129e-01 -8.5384943832373210e+02 -8.7070642490735713e+02 8.3216001387853908e+01 -6.2364527819338846e+01 -5.7635518983813412e+01 3.2689763000000001e-04 6.6622920000000002e-04
-1.5331300435060477e-01 -1.0597724799031121e+03 1.5451922797215942e-01 -7.1490325060439102e+02 -8.5923518856892247e+02 7.5085255038032969e+01 -5.3408686715841348e+01 -5.7113301658792643e+01 4.3385032000000002e-04 1.0455858000000000e-03
-1.5316173797431487e-01 -9.5690309651585085e+02 1.5493588848401446e-01 -5.9323510827590633e+02 -8.4452985015418801e+02 6.8212593807095061e+01 -4.5594608319116318e+01 -5.6442025720274003e+01 5.5265518999999999e-04 1.5378795000000000e-03
-1.5297223055084547e-01 -8.6874043419282339e+02 1.5545788327227977e-01 -4.8468353575381349e+02 -8.2639202696171799e+02 6.2292827564624226e+01 -3.8637369845842066e+01 -5.5611164233600498e+01 6.8265765000000004e-04 2.1546280000000000e-03
-1.5274113266853154e-01 -7.9215729904875457e+02 1.5609443823112282e-01 -3.8667359505883957e+02 -8.0469641911812539e+02 5.7121953204552113e+01 -3.2355554080966719e+01 -5.4612999665428440e+01 8.2327310000000005e-04 2.9067318999999999e-03
-1.5246526658665255e-01 -7.2494695690898413e+02 1.5685430639018333e-01 -2.9758241286142288e+02 -7.7939580543366299e+02 5.2556450805808794e+01 -2.6629918665622199e+01 -5.3442791235378792e+01 9.7396649000000004e-04 3.8045331000000002e-03
-1.5214161311506494e-01 -6.6548737235564897e+02 1.5774580405438951e-01 -2.1638827465194043e+02 -7.5052432955410450e+02 4.8491203683368724e+01 -2.1380726413797241e+01 -5.2098943363580631e+01 1.1342389000000000e-03 4.8578574999999999e-03
-1.5176730202742297e-01 -6.1254667989988741e+02 1.5877683721056854e-01 -1.4246055745588487e+02 -7.1820009771737614e+02 4.4846672285404019e+01 -1.6554350275014212e+01 -5.0583079460331362e+01 1.3036180000000001e-03 6.0760461999999999e-03
-1.5133960511690941e-01 -5.6516389946413494e+02 1.5995492065531175e-01 -7.5424952833670545e+01 -6.8262520775515134e+02 4.1561043468185900e+01 -1.2114845305134020e+01 -4.8900131496830795e+01 1.4816515000000000e-03 7.4679780999999997e-03
-1.5085593057322075e-01 -5.2257224876011946e+02 1.6128719348346740e-01 -1.5071626304337729e+01 -6.4408416467218672e+02 3.8585182734880661e+01 -8.0383423012787940e+00 -4.7058308863373448e+01 1.6679024999999999e-03 9.0420881999999994e-03
-1.5031381917243714e-01 -4.8414840279374590e+02 1.6278042958307559e-01 3.8710551105508891e+01 -6.0293928293138981e+02 3.5879287156846686e+01 -4.3091448906050047e+00 -4.5069012312504071e+01 1.8619452999999999e-03 1.0806380000000001e-02
-1.4971094074343388e-01 -4.4937745218720858e+02 1.6444104736857396e-01 8.5983030981380651e+01 -5.5962379140330950e+02 3.3410583637762990e+01 -9.1689455698499134e-01 -4.2946661119021485e+01 2.0633631000000000e-03 1.2768437000000001e-02
-1.4904509253935816e-01 -4.1782837468782435e+02 1.6627511426653610e-01 1.2679497875528111e+02 -5.1463244905220847e+02 3.1151711759924158e+01 2.1458782617008794e+00 -4.0708437844940001e+01 2.2717459999999998e-03 1.4935428000000001e-02
-1.4831419650293878e-01 -3.8913610709397267e+02 1.6828835424832642e-01 1.6121215694310385e+02 -4.6850964579430530e+02 2.9079549150111571e+01 4.8837309138605338e+00 -3.8373949058592828e+01 2.4866887000000002e-03 1.7314116000000001e-02
-1.4751629932793991e-01 -3.6298846337910965e+02 1.7048614766082698e-01 1.8933874806092768e+02 -4.2183573043056140e+02 2.7174354070892726e+01 7.3028656244644097e+00 -3.5964816529558128e+01 2.7077901999999999e-03 1.9910858000000000e-02
-1.4664956907920690e-01 -3.3911612153472066e+02 1.7287354053646048e-01 2.1133348788920406e+02 -3.7521118927512612e+02 2.5419111524057062e+01 9.4087799424860599e+00 -3.3504191231534236e+01 2.9346520999999999e-03 2.2731616000000000e-02
-1.4571229703627764e-01 -3.1728514948104828e+02 1.7545523951499586e-01 2.2742001093173627e+02 -3.2924030695447135e+02 2.3799045471753374e+01 1.1208651725158921e+01 -3.1016229957395673e+01 3.1668782999999998e-03 2.5781951000000001e-02
-1.4470289584977125e-01 -2.9729102585805390e+02 1.7823561692174267e-01 2.3789290881798385e+02 -2.8451379880669026e+02 2.2301231762871048e+01 1.2711515323921205e+01 -2.8525523236988896e+01 3.4040742000000001e-03 2.9067029000000001e-02
-1.4361989831231381e-01 -2.7895396793227798e+02 1.8121871415301394e-01 2.4311863110530879e+02 -2.4159164361220519e+02 2.0914296173072067e+01 1.3928592670877020e+01 -2.6056507928427976e+01 3.6458464000000000e-03 3.2591624999999999e-02
-1.4246195920214966e-01 -2.6211523453805182e+02 1.8440823659793187e-01 2.4353256430296281e+02 -2.0098716660003996e+02 1.9628177218068299e+01 1.4873446638925241e+01 -2.3632887772479787e+01 3.8918026000000000e-03 3.6360116999999997e-02
-1.4122785282499303e-01 -2.4663405709782268e+02 1.8780756040935354e-01 2.3963192443780747e+02 -1.6315202638914954e+02 1.8433930251206160e+01 1.5561992539813360e+01 -2.1277066317684103e+01 4.1415510999999999e-03 4.0376493999999999e-02
-1.3991647393583365e-01 -2.3238518311516489e+02 1.9141972996477385e-01 2.3196568226385401e+02 -1.2846361078593679e+02 1.7323569931327121e+01 1.6012368070076246e+01 -1.9009630951237806e+01 4.3947007000000003e-03 4.4644352999999998e-02
-1.3852683773893676e-01 -2.1925681272482257e+02 1.9524745786632541e-01 2.2112169485718110e+02 -9.7215103100789307e+01 1.6289942541032257e+01 1.6244688459352627e+01 -1.6848892738066112e+01 4.6508610999999997e-03 4.9166899000000000e-02
-1.3705807865876884e-01 -2.0714888131729265e+02 1.9929312832624146e-01 2.0771176267177663e+02 -6.9608727114964864e+01 1.5326616151944252e+01 1.6280703741023498e+01 -1.4810504308470328e+01 4.9096423000000002e-03 5.3946949000000001e-02
-1.3550945187634053e-01 -1.9597161856569628e+02 2.0355879293502729e-01 1.9235554268110107e+02 -4.5751970421779596e+01 1.4427791951725672e+01 1.6143380236040446e+01 -1.2907171719189140e+01 5.1706551000000002e-03 5.8986927000000001e-02
-1.3388033056378942e-01 -1.8564430376809085e+02 2.0804617827875174e-01 1.7566394100735832e+02 -2.5657914279891440e+01 1.3588226374681957e+01 1.5856428697829635e+01 -1.1148458821803178e+01 5.4335110000000002e-03 6.4288872999999996e-02
-1.3217020864979723e-01 -1.7609423511970803e+02 2.1275667832175565e-01 1.5822290136719303e+02 -9.2486367089521817e+00 1.2803168052248841e+01 1.5443803009797955e+01 -9.5407054483891507e+00 5.6978226000000002e-03 6.9854434000000007e-02
-1.3037869774690414e-01 -1.6725580564120756e+02 2.1769136287030910e-01 1.4057824078526889e+02 3.6379921034187479e+00 1.2068300778150899e+01 1.4929196635954991e+01 -8.0870434703565852e+00 5.9632034000000004e-03 7.5684873999999999e-02
-1.2850552868785156e-01 -1.5906973124626495e+02 2.2285097334078280e-01 1.2322230630710629e+02 1.3238570720234188e+01 1.1379696644954254e+01 1.4335538985031352e+01 -6.7875177116603016e+00 6.2292681999999997e-03 8.1781068999999998e-02
-1.2655055029650802e-01 -1.5148236209908239e+02 2.2823592614511107e-01 1.0658296487501508e+02 1.9852046551921145e+01 1.0733774019403766e+01 1.3684563595782823e+01 -5.6392976145123566e+00 6.4956331999999999e-03 8.8143510999999994e-02
-1.2451372938786906e-01 -1.4444509400767407e+02 2.3384631269079156e-01 9.1015399719856859e+01 2.3825779477075244e+01 1.0127261891660996e+01 1.2996390113749447e+01 -4.6369704322084866e+00 6.7619166000000000e-03 9.4772308000000000e-02
-1.2239514892444581e-01 -1.3791383194013255e+02 2.3968190445907994e-01 7.6796975468778811e+01 2.5540485044770449e+01 9.5571673297924029e+00 1.2289202297820347e+01 -3.7728980343692746e+00 7.0277381999999996e-03 1.0166719000000000e-01
-1.2019500770899663e-01 -1.3184853727758875e+02 2.4574215385135534e-01 6.4125321707807004e+01 2.5394768180040803e+01 9.0207481603984299e+00 1.1578996917750462e+01 -3.0376227730529264e+00 7.2927204000000001e-03 1.0882751000000000e-01
-1.1791362468628677e-01 -1.2621283207711053e+02 2.5202618234000040e-01 5.3119574226893377e+01 2.3789967703596975e+01 8.5154894532688665e+00 1.0879419173412884e+01 -2.4203025655742740e+00 7.5564877000000004e-03 1.1625223000000000e-01
-1.1555143003230023e-01 -1.2097361462665977e+02 2.5853280501300713e-01 4.3824494149186926e+01 2.1115962055080846e+01 8.0390796795485535e+00 1.0201684537720704e+01 -1.9091515164211750e+00 7.8186677999999999e-03 1.2393994999999999e-01
-1.1310896453970257e-01 -1.1610074107466045e+02 2.6526053226670832e-01 3.6217228034691551e+01 1.7738542776843687e+01 7.5893917273673939e+00 9.5545826755005248e+00 -1.4918760679355594e+00 8.0788911000000008e-03 1.3188891000000000e-01
-1.1058688883589775e-01 -1.1156676610573005e+02 2.7220754441480588e-01 3.0216210750637181e+01 1.3988798340359109e+01 7.1644675222284553e+00 8.9445677308599958e+00 -1.1560857658575925e+00 8.3367917000000003e-03 1.4009695999999999e-01
-1.0798597109228578e-01 -1.0734666008031121e+02 2.7937172554299994e-01 2.5691567335092842e+01 1.0154953446576259e+01 6.7625003817383433e+00 8.3759086599247397e+00 -8.8966106047070059e-01 8.5920070000000005e-03 1.4856159999999999e-01
-1.0530709316963377e-01 -1.0341759575290043e+02 2.8675064658167393e-01 2.2476551715977187e+01 6.4765933301364411e+00 6.3818223937700029e+00 7.8508989344453814e+00 -6.8107157497880522e-01 8.8441787999999997e-03 1.5727996000000000e-01
-1.0255124447270493e-01 -9.9758736925883682e+01 2.9434158223320950e-01 2.0379324963932582e+01 3.1417695027083994e+00 6.0208910154092399e+00 7.3701094293029144e+00 -5.1963619098896574e-01 9.0929527999999999e-03 1.6624881999999999e-01
-9.9719521950258377e-02 -9.6351057895926644e+01 3.0214151097198622e-01 1.9194520568689416e+01 2.8646650200717094e-01 5.6782784164200386e+00 6.9326691598413195e+00 -3.9571699654522435e-01 9.3379794999999995e-03 1.7546460999999999e-01
-9.6813127022363693e-02 -9.3177177451187944e+01 3.1014712350803886e-01 1.8714102648215906e+01 -2.0035258116517367e+00 5.3526611292461421e+00 6.5365591412030266e+00 -3.0084980482316892e-01 9.5789143999999993e-03 1.8492342000000001e-01
-9.3833374798457617e-02 -9.0221225764732026e+01 3.1835479739608585e-01 1.8736993945315422e+01 -3.6887285206337848e+00 5.0428112034186281e+00 6.1789070175498919e+00 -2.2781501643500024e-01 9.8154178999999998e-03 1.9462097000000000e-01
-9.0781678713916084e-02 -8.7468691610311183e+01 3.2676063935381505e-01 1.9077195720339382e+01 -4.7704870808757258e+00 4.7475872566113502e+00 5.8562657372300340e+00 -1.7063687294667321e-01 1.0047156000000000e-02 2.0455266000000000e-01
-8.7659547457368620e-02 -8.4906307536820663e+01 3.3536049372554133e-01 1.9570161810233223e+01 -5.2842863916262415e+00 4.4659265521232818e+00 5.5648712910291733e+00 -1.2455197986134031e-01 1.0273801000000001e-02 2.1471357999999999e-01
-8.4468600334126370e-02 -8.2521956227518388e+01 3.4414990016392022e-01 2.0077278489341197e+01 -5.2923529528025588e+00 4.1968393283680836e+00 5.3008702997385928e+00 -8.5920141885517873e-02 1.0495031000000000e-02 2.2509846000000000e-01
-8.1210548830068480e-02 -8.0304560310236937e+01 3.5312414441189127e-01 2.0488480320345548e+01 -4.8759993795026846e+00 3.9394015249681371e+00 5.0605065297450134e+00 -5.2108852516957307e-02 1.0710529999999999e-02 2.3570173000000000e-01
-7.7887199684327654e-02 -7.8243999040840350e+01 3.6227824983902085e-01 2.0723081351569096e+01 -4.1281187509223098e+00 3.6927491231910090e+00 4.8402714944339573e+00 -2.1354902383848424e-02 1.0919989999999999e-02 2.4651751000000000e-01
-7.4500457961975824e-02 -7.6331034392564320e+01 3.7160696897784495e-01 2.0729011032402916e+01 -3.1462062337551102e+00 3.4560733022091137e+00 4.6370131945182393e+00 7.3866854189283421e-03 1.1123108000000000e-02 2.5753959999999998e-01
-7.1052317835967313e-02 -7.4557234684222692e+01 3.8110480891484066e-01 2.0480705890590521e+01 -2.0261825796476067e+00 3.2286150074306801e+00 4.4480030733891081e+00 3.4596424918862598e-02 1.1319591000000000e-02 2.6876150999999998e-01
-6.7544859514453201e-02 -7.2914913310248508e+01 3.9076603975408364e-01 1.9975945035539748e+01 -8.5724580316558119e-01 3.0096605280898978e+00 4.2709707840870523e+00 6.0340077233673246e-02 1.1509152000000000e-02 2.8017647000000001e-01
-6.3980252313467045e-02 -7.1397071998744451e+01 4.0058468615359055e-01 1.9231914238416337e+01 2.8212671036363579e-01 2.7985376820947323e+00 4.1041056512095508e+00 8.4405458792921578e-02 1.1691511000000000e-02 2.9177742000000001e-01
-6.0360757729610345e-02 -6.9997353780014706e+01 4.1055451886166228e-01 1.8280933477064856e+01 1.3269552525321260e+00 2.5946121017894224e+00 3.9460327381078959e+00 1.0642417847120705e-01 1.1866398000000000e-02 3.0355700000000002e-01
-5.6688704858567793e-02 -6.8709987304232399e+01 4.2066912242614096e-01 1.7165902531363443e+01 2.2273886182158797e+00 2.3972829688484225e+00 3.7957700509102548e+00 1.2597350211911509e-01 1.2033550000000000e-02 3.1550762999999998e-01
-5.2966511903906485e-02 -6.7529755459429509e+01 4.3092183594881028e-01 1.5936030530477410e+01 2.9492127001052402e+00 2.2059805917100173e+00 3.6526703280054651e+00 1.4265530617226257e-01 1.2192715000000000e-02 3.2762143999999999e-01
-4.9196670813647911e-02 -6.6451954717794862e+01 4.4130579540368098e-01 1.4642799549012881e+01 3.4734193224149879e+00 2.0201625198200412e+00 3.5163569790635876e+00 1.5615596643776208e-01 1.2343646000000000e-02 3.3989032000000002e-01
-4.5381750352953609e-02 -6.5472363664180179e+01 4.5181392517333385e-01 1.3336508249212557e+01 3.7949857019549342e+00 1.8393114375179467e+00 3.3866569745922126e+00 1.6628308177093359e-01 1.2486109000000000e-02 3.5230591000000000e-01
-4.1524383813382637e-02 -6.4587212416013699e+01 4.6243897190354832e-01 1.2063406878194614e+01 3.9210601613317126e+00 1.6629311126232822e+00 3.2635347207683734e+00 1.7298569243138681e-01 1.2619877000000000e-02 3.6485963999999999e-01
-3.7627278230948483e-02 -6.3793160691596071e+01 4.7317347911233132e-01 1.0863558730655337e+01 3.8687544207792040e+00 1.4905456025565575e+00 3.1470331681015233e+00 1.7635613055526125e-01 1.2744734000000001e-02 3.7754270000000001e-01
-3.3693205168062249e-02 -6.3087274171689820e+01 4.8400981258088815e-01 9.7693517129637382e+00 3.6626856070608147e+00 1.3216957181095541e+00 3.0372215743216477e+00 1.7662116426517785e-01 1.2860473000000001e-02 3.9034606999999999e-01
-2.9724994568161411e-02 -6.2467005640427857e+01 4.9494017728093775e-01 8.8047248755208525e+00 3.3325701856405505e+00 1.1559365858563582e+00 2.9341533199112995e+00 1.7412243882133749e-01 1.2966896000000000e-02 4.0326054000000000e-01
-2.5725540901081034e-02 -6.1930180634654469e+01 5.0595660044739754e-01 7.9849819123594488e+00 2.9108032453414379e+00 9.9283593726944153e-01 2.8378347931284482e+00 1.6929111242893044e-01 1.3063819000000001e-02 4.1627669000000000e-01
-2.1697784726940228e-02 -6.1474982470145484e+01 5.1705098236032720e-01 7.3171118397269881e+00 2.4303439741352757e+00 8.3197115162191926e-01 2.7482034902439372e+00 1.6261823739779419e-01 1.3151064000000001e-02 4.2938494999999999e-01
-1.7644731132255675e-02 -6.1099944856848936e+01 5.2821504556298482e-01 6.8005398368181798e+00 1.9228804394670198e+00 6.7292813904610549e-01 2.6651172836752890e+00 1.5462609788257070e-01 1.3228465999999999e-02 4.4257553999999999e-01
-1.3569425148456798e-02 -6.0803941923724366e+01 5.3944040257108550e-01 6.4281704857841531e+00 1.4173448743228667e+00 5.1529825399857820e-01 2.5883506703314905e+00 1.4583932667845326e-01 1.3295871000000001e-02 4.5583855000000001e-01
-9.4749640426283199e-03 -6.0586184711624568e+01 5.5071852201817129e-01 6.1876332949863979e+00 9.3882705707164527e-01 3.5867681252292671e-01 2.5175978221175299e+00 1.3675996932593887e-01 1.3353135000000000e-02 4.6916390000000002e-01
-5.3644819540820954e-03 -6.0446218143511651e+01 5.6204077097389815e-01 6.0626079289731196e+00 5.0785381881257574e-01 2.0266062780747474e-01 2.4524894318565789e+00 1.2784678725468379e-01 1.3400123999999999e-02 4.8254139000000001e-01
-1.2411560397284360e-03 -6.0383921928347320e+01 5.7339839801672121e-01 6.0341592513047759e+00 1.4002289412269769e-01 4.6846157171325231e-02 2.3925927831912146e+00 1.1949913947868528e-01 1.3436718000000000e-02 4.9596067999999999e-01
2.8918058166665095e-03 -6.0399513466385649e+01 5.8478256708852383e-01 6.0820019628068209e+00 -1.5403019633848944e-01 -1.0917301615475239e-01 2.3374410440568054e+00 1.1204647809982023e-01 1.3462807000000000e-02 5.0941133000000005e-01
7.0311527137379148e-03 -6.0493553430756748e+01 5.9618432363998808e-01 6.1856333238294328e+00 -3.6843401044665813e-01 -2.6580757616957351e-01 2.2865432954565335e+00 1.0574230253834536e-01 1.3478291000000000e-02 5.2288276000000000e-01
1.1173618386693229e-02 -6.0666954970831199e+01 6.0759467080351048e-01 6.3252952965314435e+00 -5.0163574143068945e-01 -4.2347605102444330e-01 2.2394022465317343e+00 1.0076265944891898e-01 1.3483083000000000e-02 5.3636434000000000e-01
1.5315905843883731e-02 -6.0920995285507480e+01 6.1900452707491516e-01 6.4827537859283417e+00 -5.5584936160960852e-01 -5.8260619462181928e-01 2.1955302090793301e+00 9.7208786107945214e-02 1.3477108000000000e-02 5.4984533999999996e-01
1.9454693512176019e-02 -6.1257330639229053e+01 6.3040474324076901e-01 6.6418723549529899e+00 -5.3637787664713010e-01 -7.4363778123131974e-01 2.1544602340213328e+00 9.5113843922178323e-02 1.3460300999999999e-02 5.6331494999999998e-01
2.3586644455008549e-02 -6.1678015149676803e+01 6.4178612776935273e-01 6.7889901755458810e+00 -4.5091042617989924e-01 -9.0702542294965349e-01 2.1157604887194821e+00 9.4449593642176727e-02 1.3432611000000001e-02 5.7676231000000000e-01
2.7708412517763126e-02 -6.2185524258846321e+01 6.5313946373797549e-01 6.9131307096628962e+00 -3.0881885557714955e-01 -1.0732415499753367e+00 2.0790392356020244e+00 9.5136571321866384e-02 1.3393997000000000e-02 5.9017653000000003e-01
3.1816633109707837e-02 -6.2782779222491889e+01 6.6445548344200311e-01 7.0060376255880303e+00 -1.2049160761107640e-01 -1.2427790305245736e+00 2.0439516911296094e+00 9.7055118362344053e-02 1.3344429999999999e-02 6.0354666000000001e-01
3.5907935494739640e-02 -6.3473181156439907e+01 6.7572490224948722e-01 7.0620874347471494e+00 1.0326758565385902e-01 -1.4161548237853685e+00 2.0102027790784316e+00 1.0005534843462241e-01 1.3283893999999999e-02 6.1686173000000000e-01
3.9978955082126677e-02 -6.4260647703508369e+01 6.8693845245579377e-01 7.0780940698145107e+00 3.5175779868168749e-01 -1.5939140252955384e+00 1.9775478766584942e+00 1.0396773821966636e-01 1.3212384000000001e-02 6.3011079000000003e-01
4.4026314990394666e-02 -6.5149652927616899e+01 6.9808683250165970e-01 7.0530414637407022e+00 6.1480616133312715e-01 -1.7766327365403631e+00 1.9457910593177588e+00 1.0861263662538902e-01 1.3129907000000000e-02 6.4328284999999996e-01
4.8046647556126171e-02 -6.6145279343443221e+01 7.0916076621879398e-01 6.9877734835129317e+00 8.8309305954539419e-01 -1.9649234830826350e+00 1.9147830747804293e+00 1.1380829443805825e-01 1.3036481000000001e-02 6.5636695000000000e-01
5.2036597406646123e-02 -6.7253275224431036e+01 7.2015101129353398e-01 6.8846184577865586e+00 1.1483885922970769e+00 -2.1594397134374921e+00 1.8844151326884004e+00 1.1937814515610255e-01 1.2932137999999999e-02 6.6935217000000002e-01
5.5992812241965062e-02 -6.8480116771656824e+01 7.3104833387587453e-01 6.7470920381383364e+00 1.4036940525340682e+00 -2.3608814831629599e+00 1.8546177240199899e+00 1.2515642416720360e-01 1.2816919000000000e-02 6.8222760000000005e-01
5.9911961270892711e-02 -6.9833087270491546e+01 7.4184355936141066e-01 6.5795248298641296e+00 1.6433113344432300e+00 -2.5700011418755135e+00 1.8253514221856835e+00 1.3099245235805199e-01 1.2690879000000000e-02 6.9498240000000000e-01
6.3790729065666796e-02 -7.1320360510429452e+01 7.5252755546402361e-01 6.3867697066188391e+00 1.8628434340496480e+00 -2.7876093082832623e+00 1.7966032031658088e+00 1.3675320355547071e-01 1.2554085000000000e-02 7.0760577999999996e-01
6.7625818634638679e-02 -7.2951100118238116e+01 7.6309124067953771e-01 6.1739280573867612e+00 2.0591388459828628e+00 -3.0145838961116493e+00 1.7683806795484340e+00 1.4232568575180490e-01 1.2406611999999999e-02 7.2008700999999997e-01
7.1413966785701305e-02 -7.4735578297871072e+01 7.7352562660400637e-01 5.9461190568522424e+00 2.2302000937486981e+00 -3.2518782042486873e+00 1.7407068944745987e+00 1.4761713464397924e-01 1.2248551000000000e-02 7.3241546999999996e-01
7.5151934908232382e-02 -7.6685302957912086e+01 7.8382179254274087e-01 5.7082797492423962e+00 2.3750597651201302e+00 -3.5005301160864026e+00 1.7136155148869416e+00 1.5255519990175617e-01 1.2080001999999999e-02 7.4458062000000003e-01
7.8836515118465622e-02 -7.8813170381067181e+01 7.9397090243762425e-01 5.4650431267275419e+00 2.4936412432817372e+00 -3.7616732728562599e+00 1.6871471330857135e+00 1.5708537584844698e-01 1.1901076999999999e-02 7.5657202000000001e-01
8.2464536404861982e-02 -8.1133642349297716e+01 8.0396422179442606e-01 5.2205815572343193e+00 2.5866130255976230e+00 -4.0365497224341098e+00 1.6613453671536718e+00 1.6117300485556757e-01 1.1711898000000000e-02 7.6837935000000002e-01
8.6032873846166369e-02 -8.3662954415796094e+01 8.1379314307377382e-01 4.9786056199871487e+00 2.6552220178876449e+00 -4.3265248043834124e+00 1.6362525791913956e+00 1.6479798308500943e-01 1.1512599000000000e-02 7.7999244000000001e-01
8.9538433247979748e-02 -8.6419339719269459e+01 8.2344914337286712e-01 4.7422684761856155e+00 2.7011860126214020e+00 -4.6331019857077802e+00 1.6119112968113187e+00 1.6795426425141982e-01 1.1303326000000001e-02 7.9140122000000002e-01
9.2978181869614984e-02 -8.9423324604110562e+01 8.3292386906204952e-01 4.5141790624285019e+00 2.7265367485975966e+00 -4.9579445080168068e+00 1.5883585896377355e+00 1.7064791566269674e-01 1.1084235000000000e-02 8.0259581999999996e-01
9.6349120769926688e-02 -9.2698027603902801e+01 8.4220905961189363e-01 4.2964129929286070e+00 2.7334975672861703e+00 -5.3028942500395679e+00 1.5656264615847957e+00 1.7289441856879254e-01 1.0855490000000001e-02 8.1356647999999998e-01
9.9648312461481287e-02 -9.6269554215021131e+01 8.5129662376611637e-01 4.0905314727998583e+00 2.7243993404305398e+00 -5.6699995233932601e+00 1.5437415000647254e+00 1.7471655207802320e-01 1.0617270000000000e-02 8.2430364000000000e-01
1.0287287476518617e-01 -1.0016743873684749e+02 8.6017862261426392e-01 3.8976566895344757e+00 2.7015810032735699e+00 -6.0615447207074498e+00 1.5227238557257956e+00 1.7614295815086245e-01 1.0369760000000000e-02 8.3479791999999997e-01
1.0601998388297498e-01 -1.0442514431014425e+02 8.6884727805536954e-01 3.7184147482550713e+00 2.6673275343056320e+00 -6.4800836902841823e+00 1.5025873487520447e+00 1.7720633653299700e-01 1.0113159000000000e-02 8.4504013000000000e-01
1.0908687747049353e-01 -1.0908073590923557e+02 8.7729498126161032e-01 3.5531747055213403e+00 2.6238131149914721e+00 -6.9284824816662800e+00 1.4833395623965964e+00 1.7794158236282101e-01 9.8476710000000005e-03 8.5502127999999999e-01
1.1207085463709940e-01 -1.1417754763435663e+02 8.8551429267830728e-01 3.4019234924648645e+00 2.5730676978108771e+00 -7.4099672050013252e+00 1.4649830040783307e+00 1.7838437807074931e-01 9.5735140000000000e-03 8.6473257999999997e-01
1.1496929130929043e-01 -1.1976514054806792e+02 8.9349798434221184e-01 3.2644128337007920e+00 2.5169394702172521e+00 -7.9281825926765936e+00 1.4475141059839509e+00 1.7857196197594449e-01 9.2909130999999992e-03 8.7416548999999999e-01
1.1777962486727625e-01 -1.2590030047330600e+02 9.0123899756321890e-01 3.1401875142086983e+00 2.4570824495757990e+00 -8.4872599470120491e+00 1.4309256924964915e+00 1.7853842347627283e-01 9.0001030000000006e-03 8.8331166999999999e-01
1.2049937258109220e-01 -1.3264836870054961e+02 9.0873049370631098e-01 3.0286376762605416e+00 2.3949570659957682e+00 -9.0919023971929001e+00 1.4152059532586523e+00 1.7831790055922236e-01 8.7013270999999996e-03 8.9216304000000002e-01
1.2312612239254231e-01 -1.4008477086125274e+02 9.1596582880058586e-01 2.9290376419002766e+00 2.3318265024536560e+00 -9.7474838442367631e+00 1.4003402783371828e+00 1.7794229768904007e-01 8.3948374000000006e-03 9.0071175000000003e-01
1.2565754827862755e-01 -1.4829696809438380e+02 9.2293859585754323e-01 2.8405875554136095e+00 2.2687637674038799e+00 -1.0460175365571553e+01 1.3863114778284793e+00 1.7744098444036704e-01 8.0808944000000001e-03 9.0895022999999997e-01
1.2809139796080313e-01 -1.5738678135774990e+02 9.2964259101645541e-01 2.7624405897775541e+00 2.2066517174680733e+00 -1.1237093726805375e+01 1.3731002125255038e+00 1.7684087916385227e-01 7.7597663000000001e-03 9.1687114999999997e-01
1.3042550519572124e-01 -1.6747335380451551e+02 9.3607184739899640e-01 2.6937352317516883e+00 2.1462222524465533e+00 -1.2086492053138794e+01 1.3606859333573142e+00 1.7616674660999260e-01 7.4317293999999999e-03 9.2446746000000002e-01
1.3265779284791632e-01 -1.7869686724131043e+02 9.4222064357289892e-01 2.6336120639118605e+00 2.0880482146420443e+00 -1.3017997962595453e+01 1.3490473032610972e+00 1.7543909436471963e-01 7.0970672000000004e-03 9.3173240000000002e-01
1.3478626674443403e-01 -1.9122319205398463e+02 9.4808348662464004e-01 2.5812390884106429e+00 2.0325698193340491e+00 -1.4042910336010868e+01 1.3381612821049229e+00 1.7467823820852771e-01 6.7560703000000000e-03 9.3865947999999999e-01
1.3680903103825928e-01 -2.0524999352492858e+02 9.5365515447772742e-01 2.5358092126829823e+00 1.9801124901010370e+00 -1.5174591033493023e+01 1.3280081912792316e+00 1.7390040852298289e-01 6.4090362999999996e-03 9.4524253000000003e-01
1.3872426977220251e-01 -2.2101444883724989e+02 9.5893064511075576e-01 2.4965743610185664e+00 1.9309016350108057e+00 -1.6428955762431887e+01 1.3185654080958962e+00 1.7312018708168042e-01 6.0562691999999996e-03 9.5147563999999996e-01
1.4053027760575579e-01 -2.3880382445678717e+02 9.6390526119397912e-01 2.4628275491834373e+00 1.8850778851157848e+00 -1.7825154398765019e+01 1.3098118193019050e+00 1.7234985078121667e-01 5.6980790999999996e-03 9.5735325999999998e-01
1.4222542908823685e-01 -2.5896914448800624e+02 9.6857452545273859e-01 2.4339191646746845e+00 1.8427127822122464e+00 -1.9386440771716373e+01 1.3017278349882904e+00 1.7159969614928491e-01 5.3347821999999998e-03 9.6287009999999995e-01
1.4380820938564490e-01 -2.8194453955044611e+02 9.7293426530403460e-01 2.4092580044651468e+00 1.8038243158670246e+00 -2.1141418737265873e+01 1.2942937441921765e+00 1.7087849072555444e-01 4.9667000000000001e-03 9.6802122999999995e-01
1.4527719277186160e-01 -3.0827371961740630e+02 9.7698055361092628e-01 2.3883101713429573e+00 1.7683871717914965e+00 -2.3125735827859902e+01 1.2874918774095101e+00 1.7019347414541730e-01 4.5941591999999996e-03 9.7280200999999999e-01
1.4663106721013583e-01 -3.3864879459579862e+02 9.8070977639178913e-01 2.3705984529826947e+00 1.7363391649604947e+00 -2.5384586981907709e+01 1.2813064152795417e+00 1.6955045944698841e-01 4.2174915999999996e-03 9.7720817000000004e-01
1.4786860977159874e-01 -3.7396685326432885e+02 9.8411856511105766e-01 2.3556984597706432e+00 1.7076026493820144e+00 -2.7976357794034623e+01 1.2757200100166015e+00 1.6895419706792952e-01 3.8370333000000002e-03 9.8123572999999997e-01
1.4898871121674892e-01 -4.1541830140932871e+02 9.8720386438848251e-01 2.3432389063127603e+00 1.6820801609909850e+00 -3.0978341225093530e+01 1.2707195654543120e+00 1.6840855369619986e-01 3.4531249000000000e-03 9.8488107999999996e-01
1.4999036677739516e-01 -4.6462825796649497e+02 9.8996290660815944e-01 2.3328952710960102e+00 1.6596677685925922e+00 -3.4495900597296355e+01 1.2662923328867222e+00 1.6791645262109098e-01 3.0661112999999999e-03 9.8814095000000002e-01
1.5087267001128543e-01 -5.2389697151699602e+02 9.9239319499121426e-01 2.3243903355324798e+00 1.6402606179262411e+00 -3.8678095493239503e+01 1.2624270131407918e+00 1.6748012973923529e-01 2.6763420000000000e-03 9.9101238999999997e-01
1.5163483123822066e-01 -5.9664128871417995e+02 9.9449255437774664e-01 2.3174876110570404e+00 1.6237560511192115e+00 -4.3746447676683296e+01 1.2591139213322562e+00 1.6710146804556394e-01 2.2841723000000002e-03 9.9349282999999999e-01
1.5227617139468322e-01 -6.8827972926306143e+02 9.9625911429951541e-01 2.3119897740926234e+00 1.6100607540170164e+00 -5.0052748392352221e+01 1.2563443810152066e+00 1.6678173632064644e-01 1.8899688000000000e-03 9.9558005999999999e-01
1.5279611896115156e-01 -8.0826006407536943e+02 9.9769130051628130e-01 2.3077373761198947e+00 1.5990845754306122e+00 -5.8211751744699569e+01 1.2541112579591152e+00 1.6652187261869716e-01 1.4941295000000000e-03 9.9727222000000004e-01
1.5319425297969849e-01 -9.7576434140540221e+02 9.9878795350700789e-01 2.3046023124686701e+00 1.5907667563884125e+00 -6.9475217365432613e+01 1.2524078488080483e+00 1.6632250527886952e-01 1.0971916000000000e-03 9.9856794000000004e-01
1.5347041981604401e-01 -1.2430293350213663e+03 9.9954865008883509e-01 2.3024883222034545e+00 1.5850351020147704e+00 -8.7263055923092352e+01 1.2512305798023506e+00 1.6618409353538238e-01 7.0085733000000002e-04 9.9946672000000003e-01
