-3.6396412550584001e-01 -4.8255824621491615e+02 3.6396552097093332e-01 -4.8787558269437801e+02 -1.2384996565902182e+02 3.0562527304144901e+01 -3.0901802854411940e+01 -7.9010934044249241e+00 5.5301730000000003e-06 1.0230946000000001e-06
-3.6395036702927180e-01 -3.6552956396628963e+02 3.6397754256304926e-01 -3.7080725774527417e+02 -1.2384435468005783e+02 2.3096212765155371e+01 -2.3433704239748504e+01 -7.9008425839137653e+00 3.5894988000000002e-05 1.9923924999999999e-05
-3.6390720156726603e-01 -3.1116778246583056e+02 3.6401525877204638e-01 -3.1634133052536458e+02 -1.2382675222930374e+02 1.9627134606829909e+01 -1.9959932901379318e+01 -7.9000557121740531e+00 8.5619985000000003e-05 7.9222864999999994e-05
-3.6382174796237604e-01 -2.7542889671220667e+02 3.6408992462460138e-01 -2.8042145391609006e+02 -1.2379191080726548e+02 1.7345359463480101e+01 -1.7669992392000918e+01 -7.8984981652989292e+00 1.5173507999999999e-04 1.9661552000000001e-04
-3.6368273254833183e-01 -2.4881298576017358e+02 3.6421139058757923e-01 -2.5354065321911648e+02 -1.2373524722720995e+02 1.5644768192448872e+01 -1.5957439062460093e+01 -7.8959649358103690e+00 2.3255418000000001e-04 3.8758918999999998e-04
-3.6347990219816140e-01 -2.2764477735730941e+02 3.6438861542249401e-01 -2.3201961926941576e+02 -1.2365260832915484e+02 1.4290857787406324e+01 -1.4587580079354469e+01 -7.8922701139799001e+00 3.2689763000000001e-04 6.6622920000000002e-04
-3.6320375724676884e-01 -2.1011118466834273e+02 3.6462989954679775e-01 -2.1404320167393033e+02 -1.2354016772319252e+02 1.3167943308517430e+01 -1.3444630364878803e+01 -7.8872422205771802e+00 4.3385032000000002e-04 1.0455858000000000e-03
-3.6284540202148113e-01 -1.9518298458480905e+02 3.6494301563415393e-01 -1.9858156047406356e+02 -1.2339437091931144e+02 1.2210359833144192e+01 -1.2462890074852293e+01 -7.8807216986336295e+00 5.5265518999999999e-04 1.5378795000000000e-03
-3.6239645244592633e-01 -1.8221910311009032e+02 3.6533528934637649e-01 -1.8499410695136177e+02 -1.2321190394996344e+02 1.1377214234778073e+01 -1.1601480827504504e+01 -7.8725594565578909e+00 6.8265765000000004e-04 2.1546280000000000e-03
-3.6184897364917507e-01 -1.7079277820982884e+02 3.6581365384800085e-01 -1.7285543548150355e+02 -1.2298967463283020e+02 1.0641292398900781e+01 -1.0833242878693241e+01 -7.8626159713212624e+00 8.2327310000000005e-04 2.9067318999999999e-03
-3.6119543745464416e-01 -1.6060531470688855e+02 3.6638468695073539e-01 -1.6186891295554642e+02 -1.2272480178335891e+02 9.9835557428096546e+00 -1.0139223871282201e+01 -7.8507607294609629e+00 9.7396649000000004e-04 3.8045331000000002e-03
-3.6042869129749650e-01 -1.5143926150000576e+02 3.6705463827216162e-01 -1.5181973136226279e+02 -1.2241460930070988e+02 9.3901524271362398e+00 -9.5056850396782835e+00 -7.8368719347409161e+00 1.1342389000000000e-03 4.8578574999999999e-03
-3.5954193551323321e-01 -1.4313120594391961e+02 3.6782944908002996e-01 -1.4254760458051649e+02 -1.2205662347122750e+02 8.8506809106027848e+00 -8.9223594887585733e+00 -7.8208363080508612e+00 1.3036180000000001e-03 6.0760461999999999e-03
-3.5852870688648136e-01 -1.3555508493762306e+02 3.6871476666665404e-01 -1.3393000086580622e+02 -1.2164857276392975e+02 8.3571244596492793e+00 -8.3813840596861180e+00 -7.8025490250251268e+00 1.4816515000000000e-03 7.4679780999999997e-03
-3.5738286532987995e-01 -1.2861147347594172e+02 3.6971595598835333e-01 -1.2587136589769521e+02 -1.2118838854951969e+02 7.9031667659526095e+00 -7.8766118711781621e+00 -7.7819137005711685e+00 1.6679024999999999e-03 9.0420881999999994e-03
-3.5609858485775087e-01 -1.2222046870353928e+02 3.7083810755228874e-01 -1.1829595186315282e+02 -1.2067420736628337e+02 7.4837380053448976e+00 -7.4031555036887235e+00 -7.7588424341947695e+00 1.8619452999999999e-03 1.0806380000000001e-02
-3.5467034521490709e-01 -1.1631679778808838e+02 3.7208604473086687e-01 -1.1114287712663082e+02 -1.2010437299927938e+02 7.0947018696432096e+00 -6.9570722714089523e+00 -7.7332558611817834e+00 2.0633631000000000e-03 1.2768437000000001e-02
-3.5309292801862502e-01 -1.1084638245592963e+02 3.7346432713272587e-01 -1.0436265047128416e+02 -1.1947743986524308e+02 6.7326361497325324e+00 -6.5351429306447786e+00 -7.7050832635780715e+00 2.2717459999999998e-03 1.4935428000000001e-02
-3.5136141028006967e-01 -1.0576384756084562e+02 3.7497725626344813e-01 -9.7914640035714356e+01 -1.1879217484461586e+02 6.3946734390449258e+00 -6.1347106807303948e+00 -7.6742626174968587e+00 2.4866887000000002e-03 1.7314116000000001e-02
-3.4947116454988070e-01 -1.0103070584854044e+02 3.7662887539835366e-01 -9.1765226950163111e+01 -1.1804756122855507e+02 6.0783850742287768e+00 -5.7535637484929643e+00 -7.6407407427121985e+00 2.7077901999999999e-03 1.9910858000000000e-02
-3.4741785091094529e-01 -9.6613974832037187e+01 3.7842297657888596e-01 -8.5886387314062517e+01 -1.1724279865005661e+02 5.7816926458560829e+00 -5.3898453780186797e+00 -7.6044732828085264e+00 2.9346520999999999e-03 2.2731616000000000e-02
-3.4519742134597659e-01 -9.2485152369513543e+01 3.8036309679640162e-01 -8.0254643882707398e+01 -1.1637730725933166e+02 5.5028025237014146e+00 -5.0419872834084574e+00 -7.5654248699534143e+00 3.1668782999999998e-03 2.5781951000000001e-02
-3.4280611536993516e-01 -8.8619405489993454e+01 3.8245252180838091e-01 -7.4850226425523843e+01 -1.1545072767131381e+02 5.2401538889117489e+00 -4.7086566597904014e+00 -7.5235691290045317e+00 3.4040742000000001e-03 2.9067029000000001e-02
-3.4024045711831019e-01 -8.4994940789531952e+01 3.8469428868256844e-01 -6.9656416416931080e+01 -1.1446292065059340e+02 4.9923784461866196e+00 -4.3887144886451921e+00 -7.4788886614568195e+00 3.6458464000000000e-03 3.2591624999999999e-02
-3.3749725971469779e-01 -8.1592515656481396e+01 3.8709118198076220e-01 -6.4659035742074593e+01 -1.1341396881779529e+02 4.7582691838454068e+00 -4.0811837075794379e+00 -7.4313751347586336e+00 3.8918026000000000e-03 3.6360116999999997e-02
-3.3457361944736314e-01 -7.8395033809696315e+01 3.8964573884709491e-01 -5.9846021845913825e+01 -1.1230417352526607e+02 4.5367544417396664e+00 -3.7852221127492287e+00 -7.3810291674139137e+00 4.1415510999999999e-03 4.0376493999999999e-02
-3.3146691795302963e-01 -7.5387229023367610e+01 3.9236024709992812e-01 -5.5207088981565491e+01 -1.1113405379307424e+02 4.3268776754000520e+00 -3.5001013812725104e+00 -7.3278603136716400e+00 4.3947007000000003e-03 4.4644352999999998e-02
-3.2817482221687899e-01 -7.2555404227099189e+01 3.9523674523185282e-01 -5.0733448981017105e+01 -1.0990434375534142e+02 4.1277807874846513e+00 -3.2251896168832559e+00 -7.2718869851112720e+00 4.6508610999999997e-03 4.9166899000000000e-02
-3.2469528166083234e-01 -6.9887214929361221e+01 3.9827702495382949e-01 -4.6417574474578529e+01 -1.0861598778436931e+02 3.9386906621549409e+00 -2.9599365873726349e+00 -7.2131362893256110e+00 4.9096423000000002e-03 5.3946949000000001e-02
-3.2102653178319862e-01 -6.7371494876745444e+01 4.0148262801501261e-01 -4.2253009653123101e+01 -1.0727013735383882e+02 3.7589058964673976e+00 -2.7038620474819126e+00 -7.1516439375361891e+00 5.1706551000000002e-03 5.8986927000000001e-02
-3.1716708760730722e-01 -6.4998103862409451e+01 4.0485485192706694e-01 -3.8234198618649899e+01 -1.0586814318721433e+02 3.5877913446890481e+00 -2.4565451708920292e+00 -7.0874539692622065e+00 5.4335110000000002e-03 6.4288872999999996e-02
-3.1311575023287563e-01 -6.2757808027925556e+01 4.0839474423985117e-01 -3.4356353380813111e+01 -1.0441155129885112e+02 3.4247662033907034e+00 -2.2176163978495715e+00 -7.0206186487398989e+00 5.6978226000000002e-03 6.9854434000000007e-02
-3.0887159955671184e-01 -6.0642170738055775e+01 4.1210310890176927e-01 -3.0615327261070725e+01 -1.0290209295614864e+02 3.2692991520266776e+00 -1.9867498469800586e+00 -6.9511981064057835e+00 5.9632034000000004e-03 7.5684873999999999e-02
-3.0443399791236314e-01 -5.8643465767498995e+01 4.1598050307959489e-01 -2.7007517184414628e+01 -1.0134167832125237e+02 3.1209024191615860e+00 -1.7636572392361693e+00 -6.8792601243304281e+00 6.2292681999999997e-03 8.1781068999999998e-02
-2.9980258715839719e-01 -5.6754599683953700e+01 4.2002723970261191e-01 -2.3529772114172381e+01 -9.9732386416132329e+01 2.9791268239361592e+00 -1.5480824633386518e+00 -6.8048797988843432e+00 6.4956331999999999e-03 8.8143510999999994e-02
-2.9497728867840206e-01 -5.4969046628350043e+01 4.2424338746261436e-01 -2.0179317127177278e+01 -9.8076455511733400e+01 2.8435576162815459e+00 -1.3397969721450504e+00 -6.7281392086349978e+00 6.7619166000000000e-03 9.4772308000000000e-02
-2.8995829901340775e-01 -5.3280790268893071e+01 4.2862877463011717e-01 -1.6953683956834453e+01 -9.6376271645211176e+01 2.7138107651931143e+00 -1.1385956189668427e+00 -6.6491270116823644e+00 7.0277381999999996e-03 1.0166719000000000e-01
-2.8474608913395622e-01 -5.1684274929891131e+01 4.3318298969039143e-01 -1.3850654146823757e+01 -9.4634357405263358e+01 2.5895298739391475e+00 -9.4429321136461020e-01 -6.5679380511198007e+00 7.2927204000000001e-03 1.0882751000000000e-01
-2.7934141463111817e-01 -5.0174365862644741e+01 4.3790537243897243e-01 -1.0868212663723950e+01 -9.2853364065188345e+01 2.4703836755035269e+00 -7.5672187209015296e-01 -6.4846732007826802e+00 7.5564877000000004e-03 1.1625223000000000e-01
-2.7374529460653030e-01 -4.8746305338028698e+01 4.4279503242667850e-01 -8.0044929654243155e+00 -9.1036052739246003e+01 2.3560631816537634e+00 -5.7572758456534234e-01 -6.3994383178073040e+00 7.8186677999999999e-03 1.2393994999999999e-01
-2.6795901021653590e-01 -4.7395680707821832e+01 4.4785085023168125e-01 -5.2577391827587512e+00 -8.9185281850954965e+01 2.2462796264769893e+00 -4.0116801335994112e-01 -6.3123442620337551e+00 8.0788911000000008e-03 1.3188891000000000e-01
-2.6198412651007696e-01 -4.6118400623756578e+01 4.5307145837845181e-01 -2.6262830936212183e+00 -8.7304001755492436e+01 2.1407630868453191e+00 -2.3291116187950545e-01 -6.2235064829224864e+00 8.3367917000000003e-03 1.4009695999999999e-01
-2.5582246331150477e-01 -4.4910662696094150e+01 4.5845526677916570e-01 -1.0850374647033940e-01 -8.5395232663730638e+01 2.0392602662798982e+00 -7.0832677853217452e-02 -6.1330442105392793e+00 8.5920070000000005e-03 1.4856159999999999e-01
-2.4947610977917450e-01 -4.3768932938823184e+01 4.6400045001300061e-01 2.2971946788295332e+00 -8.3462056357854564e+01 1.9415333464329185e+00 8.5185246358217670e-02 -6.0410802114642559e+00 8.8441787999999997e-03 1.5727996000000000e-01
-2.4294740984685059e-01 -4.2689924679924189e+01 4.6970496004683859e-01 4.5924067719646295e+00 -8.1507598937377239e+01 1.8473584545827795e+00 2.3525538617302288e-01 -5.9477400503285986e+00 9.0929527999999999e-03 1.6624881999999999e-01
-2.3623896222370658e-01 -4.1670579392996373e+01 4.7556652623526663e-01 6.7787441239406858e+00 -7.9535018100859091e+01 1.7565245481117873e+00 3.7948679719098710e-01 -5.8531517965078859e+00 9.3379794999999995e-03 1.7546460999999999e-01
-2.2935361311502780e-01 -4.0708050105534298e+01 4.8158266168092723e-01 8.8578519193564844e+00 -7.7547488232772650e+01 1.6688322797328294e+00 5.1798585725563151e-01 -5.7574452994705174e+00 9.5789143999999993e-03 1.8492342000000001e-01
-2.2229447806010358e-01 -3.9799689684626046e+01 4.8775064415346514e-01 1.0831415146527354e+01 -7.5548194344820786e+01 1.5840933600661233e+00 6.5085610026137308e-01 -5.6607520227734529e+00 9.8154178999999998e-03 1.9462097000000000e-01
-2.1506490553574018e-01 -3.8943032853764471e+01 4.9406754789128338e-01 1.2701179361793246e+01 -7.3540309342690989e+01 1.5021292171989855e+00 7.7820257748065780e-01 -5.5632043350385647e+00 1.0047156000000000e-02 2.0455266000000000e-01
-2.0766846967696340e-01 -3.8135783657759411e+01 5.0053024996189499e-01 1.4468958616672932e+01 -7.1526980422491803e+01 1.4227699161844454e+00 9.0012670922754678e-01 -5.4649346175012985e+00 1.0273801000000001e-02 2.1471357999999999e-01
-2.0010900667350567e-01 -3.7375810000929910e+01 5.0713539846016620e-01 1.6136631965022065e+01 -6.9511327208754480e+01 1.3458550952094435e+00 1.0167319181135992e+00 -5.3660755612244948e+00 1.0495031000000000e-02 2.2509846000000000e-01
-1.9239057109402152e-01 -3.6661128504248701e+01 5.1387945067042406e-01 1.7706157754004202e+01 -6.7496419935737137e+01 1.2712313095384515e+00 1.1281219079667371e+00 -5.2667590868169771e+00 1.0710529999999999e-02 2.3570173000000000e-01
-1.8451744316538507e-01 -3.5989897164053573e+01 5.2075866670610593e-01 1.9179573253224074e+01 -6.5485270718742399e+01 1.1987515177987991e+00 1.2344013606496569e+00 -5.1671160979413919e+00 1.0919989999999999e-02 2.4651751000000000e-01
-1.7649413605198741e-01 -3.5360408109275753e+01 5.2776910314940695e-01 2.0558993555055693e+01 -6.3480825498563796e+01 1.1282762035860421e+00 1.3356760807488532e+00 -5.0672761293272641e+00 1.1123108000000000e-02 2.5753959999999998e-01
-1.6832537401784425e-01 -3.4771078811815407e+01 5.3490663213233547e-01 2.1846614872625260e+01 -6.1485950420277355e+01 1.0596714181447198e+00 1.4320534738239714e+00 -4.9673667737266411e+00 1.1319591000000000e-02 2.6876150999999998e-01
-1.6001608514729881e-01 -3.4220445377361621e+01 5.4216694769706275e-01 2.3044712819359123e+01 -5.9503419975650047e+01 9.9280858830867946e-01 1.5236426466160224e+00 -4.8675131837127967e+00 1.1509152000000000e-02 2.8017647000000001e-01
-1.5157140862431898e-01 -3.3707157514566880e+01 5.4954555943557282e-01 2.4155637609899550e+01 -5.7535914071060937e+01 9.2756415934764491e-01 1.6105543951059031e+00 -4.7678379529237773e+00 1.1691511000000000e-02 2.9177742000000001e-01
-1.4299670201179474e-01 -3.3229973585197222e+01 5.5703778612931076e-01 2.5181808225200758e+01 -5.5586009901996619e+01 8.6381924137153199e-01 1.6929011215729930e+00 -4.6684608061459567e+00 1.1866398000000000e-02 3.0355700000000002e-01
-1.3429748301715907e-01 -3.2787752761359201e+01 5.6463880663199284e-01 2.6125719082618637e+01 -5.3656166745609852e+01 8.0145880051497698e-01 1.7707973562200765e+00 -4.5694977445303486e+00 1.2033550000000000e-02 3.1550762999999998e-01
-1.2547948044746965e-01 -3.2379453917920472e+01 5.7234361534714817e-01 2.6989920286781977e+01 -5.1748728153763174e+01 7.4037169796534008e-01 1.8443591238108485e+00 -4.4710613583406698e+00 1.2192715000000000e-02 3.2762143999999999e-01
-1.1654859781292187e-01 -3.2004130038206945e+01 5.8014705402987432e-01 2.7777020389352103e+01 -4.9865912268631732e+01 6.8045008252291872e-01 1.9137041842526044e+00 -4.3732602247048762e+00 1.2343646000000000e-02 3.3989032000000002e-01
-1.0751092060614625e-01 -3.1660925389826701e+01 5.8804380542648649e-01 2.8489677207745412e+01 -4.8009809470850946e+01 6.2158913528882809e-01 1.9789517743549616e+00 -4.2761988133403088e+00 1.2486109000000000e-02 3.5230591000000000e-01
-9.8372687185018903e-02 -3.1349071641121952e+01 5.9602841871592283e-01 2.9130592823318178e+01 -4.6182373827076589e+01 5.6368656940734407e-01 2.0402226404274244e+00 -4.1799770223289974e+00 1.2619877000000000e-02 3.6485963999999999e-01
-8.9140310610553442e-02 -3.1067886397479487e+01 6.0409529042869003e-01 2.9702503870217420e+01 -4.4385426144561038e+01 5.0664248899991260e-01 2.0976386602297663e+00 -4.0846903188245802e+00 1.2744734000000001e-02 3.7754270000000001e-01
-7.9820356809009230e-02 -3.0816770324817433e+01 6.1223868352791788e-01 3.0208175592154561e+01 -4.2620648515268442e+01 4.5035895982092367e-01 2.1513227697224693e+00 -3.9904293952666503e+00 1.2860473000000001e-02 3.9034606999999999e-01
-7.0419530013296150e-02 -3.0595205234729082e+01 6.2045274013006146e-01 3.0650394125271593e+01 -4.0889581586141759e+01 3.9473965214392104e-01 2.2013987926889302e+00 -3.8972799814501413e+00 1.2966896000000000e-02 4.0326054000000000e-01
-6.0944687321569713e-02 -3.0402753149533627e+01 6.2873146878419817e-01 3.1031957988806035e+01 -3.9193628154982441e+01 3.3968965892110758e-01 2.2479911096583329e+00 -3.8053229558877257e+00 1.3063819000000001e-02 4.1627669000000000e-01
-5.1402795021446346e-02 -3.0239054506371971e+01 6.3706878263413658e-01 3.1355671562776788e+01 -3.7534046659639031e+01 2.8511496314228624e-01 2.2912246034635615e+00 -3.7146339194130302e+00 1.3151064000000001e-02 4.2938494999999999e-01
-4.1800972265788161e-02 -3.0103828432863331e+01 6.4545846125630746e-01 3.1624335869490313e+01 -3.5911961104696076e+01 2.3092244275844420e-01 2.3312242197587310e+00 -3.6252836439063465e+00 1.3228465999999999e-02 4.4257553999999999e-01
-3.2146432838323413e-02 -2.9996871502563071e+01 6.5389420154257505e-01 3.1840742596874097e+01 -3.4328353780507804e+01 1.7701925855246214e-01 2.3681148416358502e+00 -3.5373375643107838e+00 1.3295871000000001e-02 4.5583855000000001e-01
-2.2446514270836326e-02 -2.9918058437536459e+01 6.6236959225883152e-01 3.2007665983725389e+01 -3.2784073728762813e+01 1.2331275622379789e-01 2.4020211238480762e+00 -3.4508561300034013e+00 1.3353135000000000e-02 4.6916390000000002e-01
-1.2708641446679880e-02 -2.9867342094382916e+01 6.7087814584675332e-01 3.2127856045487924e+01 -3.1279834781424352e+01 6.9709977806557966e-02 2.4330671195996008e+00 -3.3658945697183933e+00 1.3400123999999999e-02 4.8254139000000001e-01
-2.9403411593708073e-03 -2.9844754649298874e+01 6.7941328570309878e-01 3.2204031442504224e+01 -2.9816222481881496e+01 1.6117506881969001e-02 2.4613761412347688e+00 -3.2825031468643506e+00 1.3436718000000000e-02 4.9596067999999999e-01
6.8507870046001784e-03 -2.9850408690699911e+01 6.8796837162111335e-01 3.2238873723394313e+01 -2.8393694667769783e+01 -3.7559054362871658e-02 2.4870705007023370e+00 -3.2007270434717157e+00 1.3462807000000000e-02 5.0941133000000005e-01
1.6657041548578555e-02 -2.9884498953750640e+01 6.9653667434912414e-01 3.2235020815620203e+01 -2.7012591191967910e+01 -9.1415156593644742e-02 2.5102712508416736e+00 -3.1206067645884024e+00 1.3478291000000000e-02 5.2288276000000000e-01
2.6470684579422976e-02 -2.9947304507384679e+01 7.0511143283370181e-01 3.2195061500459893e+01 -2.5673130201121833e+01 -1.4554800631862941e-01 2.5310980828781893e+00 -3.0421777355144224e+00 1.3483083000000000e-02 5.3636434000000000e-01
3.6283905411017892e-02 -3.0039191397198426e+01 7.1368582241790435e-01 3.2121530280025290e+01 -2.4375419837643896e+01 -2.0005669208404009e-01 2.5496690290438502e+00 -2.9654709217780137e+00 1.3477108000000000e-02 5.4984533999999996e-01
4.6088835122868599e-02 -3.0160615717175027e+01 7.2225296756197899e-01 3.2016902662441098e+01 -2.3119462013089962e+01 -2.5504260813799529e-01 2.5661002836366436e+00 -2.8905127351605682e+00 1.3460300999999999e-02 5.6331494999999998e-01
5.5877568397993349e-02 -3.0312127354338859e+01 7.3080596092441663e-01 3.1883590734528433e+01 -2.1905156685832477e+01 -3.1060994830766475e-01 2.5805061249907970e+00 -2.8173251856158261e+00 1.3432611000000001e-02 5.7676231000000000e-01
6.5642178081518177e-02 -3.0494374683523940e+01 7.3933787608265433e-01 3.1723939375307570e+01 -2.0732306612138281e+01 -3.6686618280885464e-01 2.5929985180020214e+00 -2.7459259917681940e+00 1.3393997000000000e-02 5.9017653000000003e-01
7.5374693342784571e-02 -3.0708108952523038e+01 7.4784174845202100e-01 3.1540223005610322e+01 -1.9600627054125621e+01 -4.2392237278151668e-01 2.6036872347542093e+00 -2.6763289665479411e+00 1.3344429999999999e-02 6.0354666000000001e-01
8.5067128792539359e-02 -3.0954190341416730e+01 7.5631060072714362e-01 3.1334642711370417e+01 -1.8509749410905311e+01 -4.8189377516895404e-01 2.6126795854443903e+00 -2.6085440518204925e+00 1.3283893999999999e-02 6.1686173000000000e-01
9.4711513600124253e-02 -3.1233595071643059e+01 7.6473746832335121e-01 3.1109322928818067e+01 -1.7459224561239171e+01 -5.4090053594466747e-01 2.6200802062871293e+00 -2.5425773633415405e+00 1.3212384000000001e-02 6.3011079000000003e-01
1.0429984781769103e-01 -3.1547421524976372e+01 7.7311536121456781e-01 3.0866311687034095e+01 -1.6448535238034506e+01 -6.0106796737928114e-01 2.6259912909022942e+00 -2.4784317485946450e+00 1.3129907000000000e-02 6.4328284999999996e-01
1.1382415333528406e-01 -3.1896899699106218e+01 7.8143730845577131e-01 3.0607576571069828e+01 -1.5477097167378838e+01 -6.6252745451034456e-01 2.6305119667243764e+00 -2.4161067000275236e+00 1.3036481000000001e-02 6.5636695000000000e-01
1.2327648116013706e-01 -3.2283400954377221e+01 7.8969636454334480e-01 3.0335004701553924e+01 -1.4544265477963128e+01 -7.2541716690276403e-01 2.6337386392371140e+00 -2.3555985465104352e+00 1.2932137999999999e-02 6.6935217000000002e-01
1.3264888957878129e-01 -3.2708447606903761e+01 7.9788559033402273e-01 3.0050402442094494e+01 -1.3649343678430354e+01 -7.8988264183048562e-01 2.6357647409229639e+00 -2.2969009130530122e+00 1.2816919000000000e-02 6.8222760000000005e-01
1.4193348783282966e-01 -3.3173726495687148e+01 8.0599809120699850e-01 2.9755494310700904e+01 -1.2791585992487729e+01 -8.5607787805036750e-01 2.6366807212649661e+00 -2.2400046084971299e+00 1.2690879000000000e-02 6.9498240000000000e-01
1.5112242156038247e-01 -3.3681101876173237e+01 8.1402700434322206e-01 2.9451923595992643e+01 -1.1970205321971074e+01 -9.2416614198547009e-01 2.6365740124297248e+00 -2.1848980540208571e+00 1.2554085000000000e-02 7.0760577999999996e-01
1.6020788007532405e-01 -3.4232630695877830e+01 8.2196550508575128e-01 2.9141252643377552e+01 -1.1184379126084121e+01 -9.9432100110356814e-01 2.6355289565222053e+00 -2.1315674920105092e+00 1.2406611999999999e-02 7.2008700999999997e-01
1.6918213276381044e-01 -3.4830582015282999e+01 8.2980683874150807e-01 2.8824963381790369e+01 -1.0433251870134624e+01 -1.0667277291752899e+00 2.6336268094802660e+00 -2.0799969717466498e+00 1.2248551000000000e-02 7.3241546999999996e-01
1.7803750724637690e-01 -3.5477455316905761e+01 8.3754430150022485e-01 2.8504457709437776e+01 -9.7159430302173764e+00 -1.1415844057133271e+00 2.6309457693373668e+00 -2.0301686630975775e+00 1.2080001999999999e-02 7.4458062000000003e-01
1.8676640393653243e-01 -3.6176003528746172e+01 8.4517125315514718e-01 2.8181061246542104e+01 -9.0315508873557810e+00 -1.2191034428288641e+00 2.6275609234601829e+00 -1.9820632125044231e+00 1.1901076999999999e-02 7.5657202000000001e-01
1.9536131059935535e-01 -3.6929259328440018e+01 8.5268112982373567e-01 2.7856022105076967e+01 -8.3791600706654812e+00 -1.2995129949893718e+00 2.6235442975140892e+00 -1.9356597015070782e+00 1.1711898000000000e-02 7.6837935000000002e-01
2.0381482418938479e-01 -3.7740566298977441e+01 8.6006746302872095e-01 2.7530513530530758e+01 -7.7578397030445485e+00 -1.3830602910869632e+00 2.6189648634231957e+00 -1.8909358795108173e+00 1.1512599000000000e-02 7.7999244000000001e-01
2.1211961445413396e-01 -3.8613608595242624e+01 8.6732384789634631e-01 2.7205637183321741e+01 -7.1666547700077574e+00 -1.4700117549105198e+00 2.6138885666709730e+00 -1.8478685013651888e+00 1.1303326000000001e-02 7.9140122000000002e-01
2.2026849672706417e-01 -3.9552456406724254e+01 8.7444400675988121e-01 2.6882423384007058e+01 -6.6046643209568439e+00 -1.5606561804886958e+00 2.6083783885150149e+00 -1.8064331836830321e+00 1.1084235000000000e-02 8.0259581999999996e-01
2.2825436641390828e-01 -4.0561602831734355e+01 8.8142173191645912e-01 2.6561833992697409e+01 -6.0709306969681389e+00 -1.6553083505630732e+00 2.6024943402247138e+00 -1.7666049598919182e+00 1.0855490000000001e-02 8.1356647999999998e-01
2.3607026450634716e-01 -4.1646023071466871e+01 8.8825094287023976e-01 2.6244766144418520e+01 -5.5645189540239839e+00 -1.7543116990418492e+00 2.5962937056002269e+00 -1.7283581341466945e+00 1.0617270000000000e-02 8.2430364000000000e-01
2.4370936302341484e-01 -4.2811231286111855e+01 8.9492567361170583e-01 2.5932053103384959e+01 -5.0845014784393436e+00 -1.8580421726834075e+00 2.5898306646306608e+00 -1.6916665160184945e+00 1.0369760000000000e-02 8.3479791999999997e-01
2.5116497229079637e-01 -4.4063351685223445e+01 9.0144007897801515e-01 2.5624467626395418e+01 -4.6299616720957006e+00 -1.9669126845080735e+00 2.5831569298739439e+00 -1.6565036376826705e+00 1.0113159000000000e-02 8.4504013000000000e-01
2.5843054822012468e-01 -4.5409200766113699e+01 9.0778844101335099e-01 2.5322724314306718e+01 -4.1999961031241124e+00 -2.0813782747814846e+00 2.5763213513818077e+00 -1.6228427956366314e+00 9.8476710000000005e-03 8.5502127999999999e-01
2.6549969230898063e-01 -4.6856384227866066e+01 9.1396516896892299e-01 2.5027483535835650e+01 -3.7937179639220320e+00 -2.2019421080904662e+00 2.5693702414566104e+00 -1.5906573076525674e+00 9.5735140000000000e-03 8.6473257999999997e-01
2.7236618803738066e-01 -4.8413416831174970e+01 9.1996483110472305e-01 2.4739352138222564e+01 -3.4102576381650764e+00 -2.3291632124783264e+00 2.5623472685438786e+00 -1.5599203975248632e+00 9.2909130999999992e-03 8.7416548999999999e-01
2.7902396447128885e-01 -5.0089852580410565e+01 9.2578212288776884e-01 2.4458887769191364e+01 -3.0487672547202780e+00 -2.4636643856250515e+00 2.5552937540003482e+00 -1.5306056357299085e+00 9.0001030000000006e-03 8.8331166999999999e-01
2.8546713993840223e-01 -5.1896458112508697e+01 9.3141190515421224e-01 2.4186600709463715e+01 -2.7084215924279489e+00 -2.6061432636994653e+00 2.5482485511044635e+00 -1.5026867654264120e+00 8.7013270999999996e-03 8.9216304000000002e-01
2.9169000019025770e-01 -5.3845406241730579e+01 9.3684918502828451e-01 2.3922957450717078e+01 -2.3884176253630502e+00 -2.7573843091110710e+00 2.5412482318594023e+00 -1.4761379190909578e+00 8.3948374000000006e-03 9.0071175000000003e-01
2.9768703479871983e-01 -5.5950529344291013e+01 9.4208914772405339e-01 2.3668382311423784e+01 -2.0879801518762870e+00 -2.9182748847005673e+00 2.5343271140006083e+00 -1.4509337051069411e+00 8.0808944000000001e-03 9.0895022999999997e-01
3.0345290803879077e-01 -5.8227609450124945e+01 9.4712713110401792e-01 2.3423261290947547e+01 -1.8063612276291034e+00 -3.0898232982657143e+00 2.5275173760090510e+00 -1.4270493463576439e+00 7.7597663000000001e-03 9.1687114999999997e-01
3.0898248800580019e-01 -6.0694759188647659e+01 9.5195865112051326e-01 2.3187943873083945e+01 -1.5428411336563057e+00 -3.2731828832412257e+00 2.5208491333939302e+00 -1.4044606879553190e+00 7.4317293999999999e-03 9.2446746000000002e-01
3.1427085389470211e-01 -6.3372893790684849e+01 9.5657940817606224e-01 2.2962745258183855e+01 -1.2967296162787525e+00 -3.4696817119062713e+00 2.5143504767444469e+00 -1.3831442664700733e+00 7.0970672000000004e-03 9.3173240000000002e-01
3.1931328144148086e-01 -6.6286318168866657e+01 9.6098527440267290e-01 2.2747949781877978e+01 -1.0673675095796775e+00 -3.6808594983538545e+00 2.5080475975975745e+00 -1.3630774587225769e+00 6.7560703000000000e-03 9.3865947999999999e-01
3.2410527931963773e-01 -6.9463512061467156e+01 9.6517232546359455e-01 2.2543811806281404e+01 -8.5412597507723209e-01 -3.9085177325207154e+00 2.5019648105505441e+00 -1.3442384256755957e+00 6.4090362999999996e-03 9.4524253000000003e-01
3.2864254546440608e-01 -7.2938101805657126e+01 9.6913680239121025e-01 2.2350559995378568e+01 -6.5641044751574762e-01 -4.1547786025281823e+00 2.4961247085479545e+00 -1.3266063531772201e+00 6.0562691999999996e-03 9.5147563999999996e-01
3.3292103986572630e-01 -7.6750237444770789e+01 9.7287517519055011e-01 2.2168397018720235e+01 -4.7365638078424532e-01 -4.4221767979853572e+00 2.4905481227832040e+00 -1.3101612469205801e+00 5.6980790999999996e-03 9.5735325999999998e-01
3.3693691177527130e-01 -8.0948327395549725e+01 9.7638407923577764e-01 2.1997503765268767e+01 -3.0533481700234538e-01 -4.7137644712675151e+00 2.4852542966665339e+00 -1.2948842787929746e+00 5.3347821999999998e-03 9.6287009999999995e-01
3.4068657249942036e-01 -8.5591570108004987e+01 9.7966037887370305e-01 2.1838039558048163e+01 -1.5094899436778081e-01 -5.0332742614862731e+00 2.4802608669783628e+00 -1.2807575647985856e+00 4.9667000000000001e-03 9.6802122999999995e-01
3.4416664444417766e-01 -9.0753383452462060e+01 9.8270112290132450e-01 2.1690145653879341e+01 -1.0037256297519500e-02 -5.3853359316977674e+00 2.4755839893466716e+00 -1.2677644167609428e+00 4.5941591999999996e-03 9.7280200999999999e-01
3.4737401934955126e-01 -9.6526526154130806e+01 9.8550359544863775e-01 2.1553944657197579e+01 1.1782903300270699e-01 -5.7758018349081031e+00 2.4712383295980644e+00 -1.2558891646426991e+00 4.2174915999999996e-03 9.7720817000000004e-01
3.5030580005517375e-01 -1.0303054988398267e+02 9.8806526509582637e-01 2.1429544521226784e+01 2.3304262108431237e-01 -6.2122198406661173e+00 2.4672371942739906e+00 -1.2451174339352156e+00 3.8370333000000002e-03 9.8123572999999997e-01
3.5295935873468232e-01 -1.1042359654030012e+02 9.9038383575607214e-01 2.1317039106335663e+01 3.3596268630099724e-01 -6.7045836756466404e+00 2.4635925107041512e+00 -1.2354359568319937e+00 3.4531249000000000e-03 9.8488107999999996e-01
3.5533231505782537e-01 -1.1892135800063116e+02 9.9245722759450061e-01 2.1216507439668142e+01 4.2691342628131845e-01 -7.2665389900159205e+00 2.4603149031697584e+00 -1.2268326873102093e+00 3.0661112999999999e-03 9.8814095000000002e-01
3.5742252163186850e-01 -1.2882955688518251e+02 9.9428356430747911e-01 2.1128018798839232e+01 5.0618370094864829e-01 -7.9174506500762734e+00 2.4574137645535834e+00 -1.2192968992401603e+00 2.6763420000000000e-03 9.9101238999999997e-01
3.5922810767737856e-01 -1.4060402071685522e+02 9.9586121128472405e-01 2.1051630575972297e+01 5.7402725100008034e-01 -8.6862292792990079e+00 2.4548972290671234e+00 -1.2128190440211140e+00 2.2841723000000002e-03 9.9349282999999999e-01
3.6074746446962913e-01 -1.5497179978502555e+02 9.9718876288859870e-01 2.0987389925255894e+01 6.3066460980606320e-01 -9.6190486208625465e+00 2.4527722329428001e+00 -1.2073908321514393e+00 1.8899688000000000e-03 9.9558005999999999e-01
3.6197923805930288e-01 -1.7321006766225958e+02 9.9826503609376194e-01 2.0935335234023597e+01 6.7628011204542671e-01 -1.0797124486312203e+01 2.4510445556727198e+00 -1.2030052785447554e+00 1.4941295000000000e-03 9.9727222000000004e-01
3.6292243118265533e-01 -1.9793443843103634e+02 9.9908915953208566e-01 2.0895492405819937e+01 7.1102690095095511e-01 -1.2386983631629725e+01 2.4497187027295455e+00 -1.1996563561224947e+00 1.0971916000000000e-03 9.9856794000000004e-01
3.6357667987481623e-01 -2.3633272354241765e+02 9.9966081518600525e-01 2.0867863862646676e+01 7.3503670796355580e-01 -1.4846729165276148e+01 2.4487975352946232e+00 -1.1973380343857158e+00 7.0085733000000002e-04 9.9946672000000003e-01
