-4.3353992675214359e-01 -8.6922425591150102e+02 4.3354139340000913e-01 -9.0309485176269834e+02 -2.5005428476874087e+02 5.8179149515631941e+01 -6.0393496460399810e+01 -1.6345579394227251e+01 5.5301730000000003e-06 1.0230946000000001e-06
-4.3352353818935513e-01 -6.3302425018864915e+02 4.3355209994901489e-01 -6.6668369143315772e+02 -2.5002566073498508e+02 4.2736870311917116e+01 -4.4941389563396974e+01 -1.6344285334281153e+01 3.5894988000000002e-05 1.9923924999999999e-05
-4.3347212116793804e-01 -5.2347525373629730e+02 4.3358569037830635e-01 -5.5659394961350313e+02 -2.4993587345275139e+02 3.5569958221574531e+01 -3.7749148074423786e+01 -1.6340225987338059e+01 8.5619985000000003e-05 7.9222864999999994e-05
-4.3337033215355858e-01 -4.5166612512635425e+02 4.3365218852611659e-01 -4.8386574260108807e+02 -2.4975819962946503e+02 3.0866070289647709e+01 -3.3001962881056045e+01 -1.6332192485075602e+01 1.5173507999999999e-04 1.9661552000000001e-04
-4.3320474239292378e-01 -3.9841981133284605e+02 4.3376036731579926e-01 -4.2930175192782337e+02 -2.4946937620680501e+02 2.7371553140717143e+01 -2.9445038167768349e+01 -1.6319131255363299e+01 2.3255418000000001e-04 3.8758918999999998e-04
-4.3296313875950582e-01 -3.5631356493404712e+02 4.3391820550909022e-01 -3.8547466913778135e+02 -2.4904844656044185e+02 2.4601270981399303e+01 -2.6592828472802484e+01 -1.6300091207264789e+01 3.2689763000000001e-04 6.6622920000000002e-04
-4.3263420562129251e-01 -3.2168098248850748e+02 4.3413309553998358e-01 -3.4872365911290910e+02 -2.4847627937756971e+02 2.2315728118485445e+01 -2.4205905163137597e+01 -1.6274201252076061e+01 4.3385032000000002e-04 1.0455858000000000e-03
-4.3220734679858153e-01 -2.9243613638350388e+02 4.3441195982862807e-01 -3.1697545328819001e+02 -2.4773533725530478e+02 2.0378800148763393e+01 -2.2148547341428699e+01 -1.6240659074308542e+01 5.5265518999999999e-04 1.5378795000000000e-03
-4.3167257550530930e-01 -2.6727542881817959e+02 4.3476132268199197e-01 -2.8894430655096551e+02 -2.4680956733511181e+02 1.8705537621373630e+01 -2.0336458077067629e+01 -1.6198725382489172e+01 6.8265765000000004e-04 2.1546280000000000e-03
-4.3102044003148471e-01 -2.4532716111613297e+02 4.3518735884507970e-01 -2.6378027480995394e+02 -2.4568435597760069e+02 1.7239242955328518e+01 -1.8713782320476650e+01 -1.6147721068563317e+01 8.2327310000000005e-04 2.9067318999999999e-03
-4.3024197310562212e-01 -2.2597779231547599e+02 4.3569592658214840e-01 -2.4089453692916928e+02 -2.4434652484854749e+02 1.5940104325061654e+01 -1.7241695893355836e+01 -1.6087026231765357e+01 9.7396649000000004e-04 3.8045331000000002e-03
-4.2932865487035571e-01 -2.0877768289231344e+02 4.3629259186451519e-01 -2.1986445259564076e+02 -2.4278434927802769e+02 1.4779022497230784e+01 -1.5892204235367023e+01 -1.6016080249352640e+01 1.1342389000000000e-03 4.8578574999999999e-03
-4.2827238582949284e-01 -1.9338638454297703e+02 4.3698264604408377e-01 -2.0037828211654761e+02 -2.4098759123259836e+02 1.3734032250311147e+01 -1.4644534420811764e+01 -1.5934382543687404e+01 1.3036180000000001e-03 6.0760461999999999e-03
-4.2706546725196914e-01 -1.7953909363534910e+02 4.3777111865532192e-01 -1.8220120212359251e+02 -2.3894754053661174e+02 1.2788103578324625e+01 -1.3482917809215497e+01 -1.5841493808905737e+01 1.4816515000000000e-03 7.4679780999999997e-03
-4.2570058530425481e-01 -1.6702514244610339e+02 4.3866278778146472e-01 -1.6515342042152548e+02 -2.3665705688543966e+02 1.1927732965338929e+01 -1.2395164457821712e+01 -1.5737037326078164e+01 1.6679024999999999e-03 9.0420881999999994e-03
-4.2417080029854243e-01 -1.5567372072670443e+02 4.3966218707860855e-01 -1.4909558018403669e+02 -2.3411061386114625e+02 1.1142007436380059e+01 -1.1371712302622731e+01 -1.5620700475925473e+01 1.8619452999999999e-03 1.0806380000000001e-02
-4.2246953672130821e-01 -1.4534404592093162e+02 4.4077361228999146e-01 -1.3391864620287907e+02 -2.3130433465078929e+02 1.0421961347803215e+01 -1.0404971671230122e+01 -1.5492236019079304e+01 2.0633631000000000e-03 1.2768437000000001e-02
-4.2059057863777938e-01 -1.3591847563360423e+02 4.4200112424822702e-01 -1.1953678017057278e+02 -2.2823602820654978e+02 9.7601248246659100e+00 -9.4888626969865193e+00 -1.5351463477101621e+01 2.2717459999999998e-03 1.4935428000000001e-02
-4.1852806197490766e-01 -1.2729750245444825e+02 4.4334855391679118e-01 -1.0588209463021204e+02 -2.2490520890997601e+02 9.1501950086323678e+00 -8.6184775547534525e+00 -1.5198269943894779e+01 2.4866887000000002e-03 1.7314116000000001e-02
-4.1627647469478563e-01 -1.1939608795160717e+02 4.4481950227673017e-01 -9.2900803065184306e+01 -2.2131311725203099e+02 8.5867991048646530e+00 -7.7898328486004651e+00 -1.5032611067862025e+01 2.7077901999999999e-03 1.9910858000000000e-02
-4.1383064725674890e-01 -1.1214088522182082e+02 4.4641734655771176e-01 -8.0550226130215023e+01 -2.1746271218247398e+02 8.0653101255636859e+00 -6.9996785258741516e+00 -1.4854510940852018e+01 2.9346520999999999e-03 2.2731616000000000e-02
-4.1118575781986572e-01 -1.0546815368244263e+02 4.4814523683927021e-01 -6.8796549047602227e+01 -2.1335867363683647e+02 7.5817125218678569e+00 -6.2453558661088771e+00 -1.4664062574106964e+01 3.1668782999999998e-03 2.5781951000000001e-02
-4.0833732704044728e-01 -9.9322111130216356e+01 4.5000609944956094e-01 -5.7612998590868798e+01 -2.0900737479902526e+02 7.1324946149021580e+00 -5.5246825840038110e+00 -1.4461427209841510e+01 3.4040742000000001e-03 2.9067029000000001e-02
-4.0528121460372118e-01 -9.3653645316220803e+01 4.5200263923119793e-01 -4.6978394343985663e+01 -2.0441684247664850e+02 6.7145650503176517e+00 -4.8358624785789903e+00 -1.4246833242574745e+01 3.6458464000000000e-03 3.2591624999999999e-02
-4.0201362442632138e-01 -8.8419301804895696e+01 4.5413733614249802e-01 -3.6876001992397384e+01 -1.9959671676896036e+02 6.3251875075394617e+00 -4.1774147644724389e+00 -1.4020575266964414e+01 3.8918026000000000e-03 3.6360116999999997e-02
-3.9853109771963485e-01 -8.3580446370374574e+01 4.5641244978915474e-01 -2.7292547627848020e+01 -1.9455817634633331e+02 5.9619266686748631e+00 -3.5481136731517400e+00 -1.3783011834366583e+01 4.1415510999999999e-03 4.0376493999999999e-02
-3.9483051559104676e-01 -7.9102597937169918e+01 4.5883001772486071e-01 -1.8217431242281563e+01 -1.8931387112183018e+02 5.6226054492266559e+00 -2.9469406891976413e+00 -1.3534563323048229e+01 4.3947007000000003e-03 4.4644352999999998e-02
-3.9090909904394011e-01 -7.4954874094622483e+01 4.6139185545130740e-01 -9.6420569546400294e+00 -1.8387782671349507e+02 5.3052697518648992e+00 -2.3730444576416621e+00 -1.3275709213290257e+01 4.6508610999999997e-03 4.9166899000000000e-02
-3.8676440550936980e-01 -7.1109526745874078e+01 4.6409955868402225e-01 -1.5592628469021041e+00 -1.7826532837384715e+02 5.0081588702573265e+00 -1.8257066295628512e+00 -1.3006984623613370e+01 4.9096423000000002e-03 5.3946949000000001e-02
-3.8239433318147020e-01 -6.7541560376871985e+01 4.6695450052007242e-01 6.0371481787759036e+00 -1.7249283780901777e+02 4.7296814388710189e+00 -1.3043138715815865e+00 -1.2728976983954581e+01 5.1706551000000002e-03 5.8986927000000001e-02
-3.7779711321372073e-01 -6.4228398603229877e+01 4.6995783653619766e-01 1.3152826799078913e+01 -1.6657782977814452e+02 4.4683944474443926e+00 -8.0833320058772307e-01 -1.2442321505703392e+01 5.4335110000000002e-03 6.4288872999999996e-02
-3.7297131752268048e-01 -6.1149612640363081e+01 4.7311049969067759e-01 1.9793204871210719e+01 -1.6053868153580609e+02 4.2229863319742753e+00 -3.3729218864075339e-01 -1.2147697260483531e+01 5.6978226000000002e-03 6.9854434000000007e-02
-3.6791585011717215e-01 -5.8286676640167322e+01 4.7641320598792342e-01 2.5963797540880989e+01 -1.5439451502927096e+02 3.9922616755453602e+00 1.0923917797224453e-01 -1.1845821955754516e+01 5.9632034000000004e-03 7.5684873999999999e-02
-3.6262995143368981e-01 -5.5622764821207056e+01 4.7986645164618225e-01 3.1670437749070377e+01 -1.4816505364471712e+02 3.7751287508751972e+00 5.3166284220077831e-01 -1.1537447173082986e+01 6.2292681999999997e-03 8.1781068999999998e-02
-3.5711319486807258e-01 -5.3142571673507788e+01 4.8347051536337360e-01 3.6919477575140370e+01 -1.4187046334241268e+02 3.5705883221106980e+00 9.3036553319338489e-01 -1.1223352986026910e+01 6.4956331999999999e-03 8.8143510999999994e-02
-3.5136548677550472e-01 -5.0832154584562595e+01 4.8722545831708969e-01 4.1717948669641743e+01 -1.3553119576731791e+02 3.3777242118082103e+00 1.3057292255526374e+00 -1.0904342515655820e+01 6.7619166000000000e-03 9.4772308000000000e-02
-3.4538706126802565e-01 -4.8678797818546002e+01 4.9113112756335014e-01 4.6073689457904727e+01 -1.2916782388731312e+02 3.1956947370902711e+00 1.6581403117570521e+00 -1.0581236168048306e+01 7.0277381999999996e-03 1.0166719000000000e-01
-3.3917847934744855e-01 -4.6670891163745068e+01 4.9518715660306162e-01 4.9995439576616505e+01 -1.2280088126306235e+02 3.0237254666183611e+00 1.9879967373949170e+00 -1.0254866020286224e+01 7.2927204000000001e-03 1.0882751000000000e-01
-3.3274064104450296e-01 -4.4797827695727015e+01 4.9939295745158885e-01 5.3492895644914661e+01 -1.1645072252050761e+02 2.8611030624214986e+00 2.2957132373591893e+00 -9.9260708751584925e+00 7.5564877000000004e-03 1.1625223000000000e-01
-3.2607476027346777e-01 -4.3049901963394689e+01 5.0374773706607123e-01 5.6576763421146694e+01 -1.1013734334398863e+02 2.7071689276571091e+00 2.5817272386772663e+00 -9.5956894128134156e+00 7.8186677999999999e-03 1.2393994999999999e-01
-3.1918236309800768e-01 -4.1418227187942513e+01 5.0825049847834114e-01 5.9258778264820734e+01 -1.0388023568098539e+02 2.5613142452690676e+00 2.8465020644807861e+00 -9.2645546841616930e+00 8.0788911000000008e-03 1.3188891000000000e-01
-3.1206531374362229e-01 -3.9894667310848902e+01 5.1290002380114841e-01 6.1551628342067382e+01 -9.7698273333180694e+01 2.4229760309519155e+00 3.0905279510798840e+00 -8.9334902372099432e+00 8.3367917000000003e-03 1.4009695999999999e-01
-3.0472577991438088e-01 -3.8471761908767760e+01 5.1769489688652781e-01 6.3469051201321093e+01 -9.1609551323528265e+01 2.2916323432817731e+00 3.3143255784869470e+00 -8.6033033776952639e+00 8.5920070000000005e-03 1.4856159999999999e-01
-2.9716625013455505e-01 -3.7142670476518923e+01 5.2263349199661491e-01 6.5025665874912605e+01 -8.5631281222287782e+01 2.1667990532159367e+00 3.5184451828883065e+00 -8.2747811117604702e+00 8.8441787999999997e-03 1.5727996000000000e-01
-2.8938951640698607e-01 -3.5901115812987463e+01 5.2771398513283030e-01 6.6236970137284501e+01 -7.9779671094510277e+01 2.0480263526783857e+00 3.7034672980074523e+00 -7.9486850337284327e+00 9.0929527999999999e-03 1.6624881999999999e-01
-2.8139867421308479e-01 -3.4741336214503889e+01 5.3293435403587974e-01 6.7119249890364102e+01 -7.4069829708786926e+01 1.9348958185848881e+00 3.8700016809557156e+00 -7.6257471169501070e+00 9.3379794999999995e-03 1.7546460999999999e-01
-2.7319711384201562e-01 -3.3658041140746001e+01 5.3829238385034517e-01 6.7689489823461784e+01 -6.8515680067297779e+01 1.8270175477972170e+00 4.0186861425816787e+00 -7.3066657243850477e+00 9.5789143999999993e-03 1.8492342000000001e-01
-2.6478854640314525e-01 -3.2646375700446413e+01 5.4378565013090996e-01 6.7965273632790399e+01 -6.3129907146808769e+01 1.7240283600516366e+00 4.1501835143662147e+00 -6.9921032262041791e+00 9.8154178999999998e-03 1.9462097000000000e-01
-2.5617696047196115e-01 -3.1701879290261726e+01 5.4941154716531793e-01 6.7964682878126496e+01 -5.7923876013085710e+01 1.6255888603709945e+00 4.2651808209741020e+00 -6.6826813560154488e+00 1.0047156000000000e-02 2.0455266000000000e-01
-2.4736661341925537e-01 -3.0820454370664574e+01 5.5516729363896500e-01 6.7706176315605148e+01 -5.2907589240454513e+01 1.5313814497444733e+00 4.3643863522859565e+00 -6.3789786043264449e+00 1.0273801000000001e-02 2.1471357999999999e-01
-2.3836207476520602e-01 -2.9998341295496644e+01 5.6104990431194035e-01 6.7208483818268647e+01 -4.8089682665005938e+01 1.4411090387371750e+00 4.4485252511964228e+00 -6.0815297023896511e+00 1.0495031000000000e-02 2.2509846000000000e-01
-2.2916817415447949e-01 -2.9232087924705432e+01 5.6705622400657707e-01 6.6490483982553215e+01 -4.3477404492190068e+01 1.3544928089625676e+00 4.5183375594594555e+00 -5.7908222298444576e+00 1.0710529999999999e-02 2.3570173000000000e-01
-2.1979001002704673e-01 -2.8518526994853922e+01 5.7318292194286069e-01 6.5571088454835277e+01 -3.9076582911162731e+01 1.2712708159995747e+00 4.5745743293120604e+00 -5.5072959927917911e+00 1.0919989999999999e-02 2.4651751000000000e-01
-2.1023295828899963e-01 -2.7854755500771486e+01 5.7942648607383707e-01 6.4469128038146920e+01 -3.4891697114310169e+01 1.1911966818732971e+00 4.6179940100656669e+00 -5.2313424861840732e+00 1.1123108000000000e-02 2.5753959999999998e-01
-2.0050264630010201e-01 -2.7238113946050102e+01 5.8578324007938831e-01 6.3203238118894426e+01 -3.0925854882293482e+01 1.1140380923540778e+00 4.6493589734577858e+00 -4.9633039568197299e+00 1.1319591000000000e-02 2.6876150999999998e-01
-1.9060494420297355e-01 -2.6666168308046217e+01 5.9224934903082405e-01 6.1791756031320183e+01 -2.7180847609922584e+01 1.0395755727489315e+00 4.6694319518473009e+00 -4.7034735355180519e+00 1.1509152000000000e-02 2.8017647000000001e-01
-1.8054597359390595e-01 -2.6136695404354377e+01 5.9882081372629026e-01 6.0252614516690358e+01 -2.3657205754395306e+01 9.6760140643793691e-01 4.6789722209543783e+00 -4.4520960631806270e+00 1.1691511000000000e-02 2.9177742000000001e-01
-1.7033211619367922e-01 -2.5647669013560691e+01 6.0549346502617696e-01 5.8603252629971543e+01 -2.0354248464632281e+01 8.9791877848244628e-01 4.6787325955314216e+00 -4.2093692026387695e+00 1.1866398000000000e-02 3.0355700000000002e-01
-1.5996994448103147e-01 -2.5197243918143489e+01 6.1226300916985310e-01 5.6860525123644742e+01 -1.7270147478638940e+01 8.3034030609792731e-01 4.6694557663850604e+00 -3.9754432393579271e+00 1.2033550000000000e-02 3.1550762999999998e-01
-1.4946628238837278e-01 -2.4783747699569222e+01 6.1912498812352368e-01 5.5040628617679523e+01 -1.4402012445079151e+01 7.6468752698472009e-01 4.6518715022129253e+00 -3.7504241682338937e+00 1.2192715000000000e-02 3.2762143999999999e-01
-1.3882816194770392e-01 -2.4405668633442051e+01 6.2607480790318926e-01 5.3159031236679340e+01 -1.1745961670825459e+01 7.0078989064298236e-01 4.6266929071801401e+00 -3.5343746621532834e+00 1.2343646000000000e-02 3.3989032000000002e-01
-1.2806283196143270e-01 -2.4061647163031129e+01 6.3310773291005362e-01 5.1230415239778438e+01 -9.2972113740713720e+00 6.3848393292380967e-01 4.5946153564842938e+00 -3.3273163594475337e+00 1.2486109000000000e-02 3.5230591000000000e-01
-1.1717772331910858e-01 -2.3750466653300244e+01 6.4021890858889163e-01 4.9268624780721908e+01 -7.0501592702683524e+00 5.7761244276370882e-01 4.5563124105082222e+00 -3.1292318785301423e+00 1.2619877000000000e-02 3.6485963999999999e-01
-1.0618047500987177e-01 -2.3471048930555206e+01 6.4740334443427316e-01 4.7286630601063351e+01 -4.9984806943210787e+00 5.1802384628926568e-01 4.5124345349636661e+00 -2.9400675989175471e+00 1.2744734000000001e-02 3.7754270000000001e-01
-9.5078908110004301e-02 -2.3222441049388642e+01 6.5465593098433938e-01 4.5296499503652214e+01 -3.1352172607640294e+00 4.5957141921439015e-01 4.4636068861743521e+00 -2.7597360395500621e+00 1.2860473000000001e-02 3.9034606999999999e-01
-8.3881008441297422e-02 -2.3003822241333420e+01 6.6197145114998601e-01 4.3309372646289908e+01 -1.4528683461909431e+00 4.0211255323662010e-01 4.4104279330240628e+00 -2.5881185099281976e+00 1.2966896000000000e-02 4.0326054000000000e-01
-7.2594943912684229e-02 -2.2814487732538748e+01 6.6934456888567939e-01 4.1335458010412900e+01 5.6515694010391852e-02 3.4550823288549748e-01 4.3534679420286588e+00 -2.4250679615339612e+00 1.3063819000000001e-02 4.1627669000000000e-01
-6.1229012495342017e-02 -2.2653850214345024e+01 6.7676986317700827e-01 3.9384022603283185e+01 1.4012490643053717e+00 2.8962217905692555e-01 4.2932679289243607e+00 -2.2704116653712494e+00 1.3151064000000001e-02 4.2938494999999999e-01
-4.9791694247589835e-02 -2.2521437091135272e+01 6.8424179405313224e-01 3.7463408388437927e+01 2.5899197262806708e+00 2.3432050499606150e-01 4.2303390073152718e+00 -2.1239553818521260e+00 1.3228465999999999e-02 4.4257553999999999e-01
-3.8291581948358355e-02 -2.2416887447397212e+01 6.9175474790351643e-01 3.5581036624831654e+01 3.6313100934679361e+00 1.7947079794880372e-01 4.1651617889392272e+00 -1.9854804533397434e+00 1.3295871000000001e-02 4.5583855000000001e-01
-2.6737415780454910e-02 -2.2339951507666314e+01 6.9930301481956481e-01 3.3743435795074312e+01 4.5343186627965126e+00 1.2494170278334837e-01 4.0981861025803390e+00 -1.8547574977186221e+00 1.3353135000000000e-02 4.6916390000000002e-01
-1.5138039976482387e-02 -2.2290489471312004e+01 7.0688081691757843e-01 3.1956263079677342e+01 5.3078836439169867e+00 7.0602151344047126e-02 4.0298312236703966e+00 -1.7315381483912380e+00 1.3400123999999999e-02 4.8254139000000001e-01
-3.5024201604712535e-03 -2.2268472338227241e+01 7.1448229700957300e-01 3.0224340354234574e+01 5.9609241861595237e+00 1.6320828936677856e-02 3.9604854650998549e+00 -1.6155631714507341e+00 1.3436718000000000e-02 4.9596067999999999e-01
8.1603913353851532e-03 -2.2273982948177384e+01 7.2210154126164472e-01 2.8551689786676825e+01 6.5022666649544663e+00 -3.8034583040715830e-02 3.8905098699339962e+00 -1.5065637278628634e+00 1.3462807000000000e-02 5.0941133000000005e-01
1.9841220787465474e-02 -2.2307217949230889e+01 7.2973255653560454e-01 2.6941579077113733e+01 6.9405936978524014e+00 -9.2597845591404049e-02 3.8202253281445717e+00 -1.4042640645480242e+00 1.3478291000000000e-02 5.2288276000000000e-01
3.1530851118067083e-02 -2.2368490786384385e+01 7.3736932137030375e-01 2.5396557717946632e+01 7.2843951870713255e+00 -1.4750521053759691e-01 3.7499396951530835e+00 -1.3083830408351391e+00 1.3483083000000000e-02 5.3636434000000000e-01
4.3219978541324644e-02 -2.2458235550555170e+01 7.4500575765867494e-01 2.3918510674974112e+01 7.5419208658975441e+00 -2.0289587289227251e-01 3.6799222816685804e+00 -1.2186369860819488e+00 1.3477108000000000e-02 5.4984533999999996e-01
5.4899229904842584e-02 -2.2577011735007797e+01 7.5263574197691607e-01 2.2508705376161245e+01 7.7211430050559535e+00 -2.5891275642070100e-01 3.6104182355957151e+00 -1.1347409398463844e+00 1.3460300999999999e-02 5.6331494999999998e-01
6.6559188702143779e-02 -2.2725510044804835e+01 7.6025312257826538e-01 2.1167839613155468e+01 7.8297231717427280e+00 -3.1570342979474342e-01 3.5416468608552449e+00 -1.0564108954241860e+00 1.3432611000000001e-02 5.7676231000000000e-01
7.8190412414302413e-02 -2.2904560208159030e+01 7.6785173072218615e-01 1.9896092542534429e+01 7.8749886745040225e+00 -3.7342096368467659e-01 3.4738027665397375e+00 -9.8336493198522057e-01 1.3393997000000000e-02 5.9017653000000003e-01
8.9783406497495000e-02 -2.3115138741081473e+01 7.7542536368058990e-01 1.8693172901656958e+01 7.8639020946063773e+00 -4.3222470426946424e-01 3.4070574649061949e+00 -9.1532509903319415e-01 1.3344429999999999e-02 6.0354666000000001e-01
1.0132865906626537e-01 -2.3358378725151354e+01 7.8296780739620453e-01 1.7558373686015813e+01 7.8030612364462613e+00 -4.9228137291249130e-01 3.3415603741063533e+00 -8.5201839235685151e-01 1.3283893999999999e-02 6.1686173000000000e-01
1.1281667557679026e-01 -2.3635582231091252e+01 7.9047285914094223e-01 1.6490611974073644e+01 7.6986708806152375e+00 -5.5376630542574024e-01 3.2774402261513225e+00 -7.9317781311007973e-01 1.3212384000000001e-02 6.3011079000000003e-01
1.2423792680198081e-01 -2.3948232081656659e+01 7.9793429352834688e-01 1.5488483635860085e+01 7.5565447560006556e+00 -6.1686427979515068e-01 3.2148066346399014e+00 -7.3854361878544350e-01 1.3129907000000000e-02 6.4328284999999996e-01
1.3558290952719737e-01 -2.4298008138575781e+01 8.0534590216573854e-01 1.4550304435715599e+01 7.3821052636374205e+00 -6.8177110383602646e-01 3.1537516074894008e+00 -6.8786384303745529e-01 1.3036481000000001e-02 6.5636695000000000e-01
1.4684215522106531e-01 -2.4686804843841831e+01 8.1270149931880464e-01 1.3674149340777786e+01 7.1803693065260781e+00 -7.4869502233881347e-01 3.0943496075285233e+00 -6.4089505571394456e-01 1.2932137999999999e-02 6.6935217000000002e-01
1.5800620402302606e-01 -2.5116750298001939e+01 8.1999490491782434e-01 1.2857900428750183e+01 6.9559809747479351e+00 -8.1785812963661153e-01 3.0366614207553249e+00 -5.9740298633455402e-01 1.2816919000000000e-02 6.8222760000000005e-01
1.6906565676823532e-01 -2.5590230189917680e+01 8.2721997854521967e-01 1.2099278115585312e+01 6.7131921615795260e+00 -8.8949830324190338e-01 2.9807330555081273e+00 -5.5716275407567328e-01 1.2690879000000000e-02 6.9498240000000000e-01
1.8001115764592984e-01 -2.6109913290998495e+01 8.3437060810637231e-01 1.1395881018413943e+01 6.4558853369134495e+00 -9.6387113892022147e-01 2.9265982260711287e+00 -5.1995947275356202e-01 1.2554085000000000e-02 7.0760577999999996e-01
1.9083340287024447e-01 -2.6678781107360514e+01 8.4144071549421495e-01 1.0745212136488540e+01 6.1875846916475803e+00 -1.0412519577250496e+00 2.8742794206988940e+00 -4.8558805897366875e-01 1.2406611999999999e-02 7.2008700999999997e-01
2.0152318403429276e-01 -2.7300163992540632e+01 8.4842428491219091e-01 1.0144717470157200e+01 5.9114675687525686e+00 -1.1219386145388250e+00 2.8237888330698442e+00 -4.5385363134978729e-01 1.2248551000000000e-02 7.3241546999999996e-01
2.1207136209771854e-01 -2.7977778796811766e+01 8.5531534588047808e-01 9.5918040366153274e+00 5.6303833527098073e+00 -1.2062540785699385e+00 2.7751297359405149e+00 -4.2457152630090239e-01 1.2080001999999999e-02 7.4458062000000003e-01
2.2246888472832832e-01 -2.8715774391297121e+01 8.6210798456517312e-01 9.0838695386089920e+00 5.3468689018714119e+00 -1.2945495147276105e+00 2.7282974969204243e+00 -3.9756694790581287e-01 1.1901076999999999e-02 7.5657202000000001e-01
2.3270680364372426e-01 -2.9518783923704049e+01 8.6879635510747522e-01 8.6183213804647192e+00 5.0631659405095268e+00 -1.3872080058282865e+00 2.6832805702934013e+00 -3.7267520459351056e-01 1.1711898000000000e-02 7.6837935000000002e-01
2.4277630062375227e-01 -3.0391986786887657e+01 8.7537469661746115e-01 8.1925956092128160e+00 4.7812395249573569e+00 -1.4846487769330177e+00 2.6400612661268585e+00 -3.4974135581901677e-01 1.1512599000000000e-02 7.7999244000000001e-01
2.5266864415642137e-01 -3.1341173304399177e+01 8.8183730485112655e-01 7.8041745576495183e+00 4.5027970374040640e+00 -1.5873313974269594e+00 2.5986168264058724e+00 -3.2861971030892673e-01 1.1303326000000001e-02 7.9140122000000002e-01
2.6237527614606598e-01 -3.2372832239830196e+01 8.8817858885630430e-01 7.4505982389699534e+00 4.2293060126434554e+00 -1.6957618945180257e+00 2.5589201953744056e+00 -3.0917431481566082e-01 1.1084235000000000e-02 8.0259581999999996e-01
2.7188773387599968e-01 -3.3494235759794023e+01 8.9439301999133747e-01 7.1294798291330572e+00 3.9620142627118602e+00 -1.8104980712272407e+00 2.5209407583154149e+00 -2.9127788808423077e-01 1.0855490000000001e-02 8.1356647999999998e-01
2.8119772804586124e-01 -3.4713555350254396e+01 9.0047518290640660e-01 6.8385109992684550e+00 3.7019670306405246e+00 -1.9321573753240671e+00 2.4846449221796756e+00 -2.7481175854029061e-01 1.0617270000000000e-02 8.2430364000000000e-01
2.9029712542998293e-01 -3.6039986817320148e+01 9.0641976421434589e-01 6.5754737394140097e+00 3.4500247465469185e+00 -2.0614249700168004e+00 2.4499967544753831e+00 -2.5966558217090435e-01 1.0369760000000000e-02 8.3479791999999997e-01
2.9917795754820581e-01 -3.7483900322539775e+01 9.1222155815523442e-01 6.3382439019751926e+00 3.2068809237959237e+00 -2.1990636539753172e+00 2.4169588727466920e+00 -2.4573691004054363e-01 1.0113159000000000e-02 8.4504013000000000e-01
3.0783242933669680e-01 -3.9057016838979813e+01 9.1787547226098887e-01 6.1247862217923474e+00 2.9730782785149739e+00 -2.3459250614143232e+00 2.3854922416878774e+00 -2.3293081521165265e-01 9.8476710000000005e-03 8.5502127999999999e-01
3.1625291914794834e-01 -4.0772615730185727e+01 9.2337652735536313e-01 5.9332047597029058e+00 2.7490259676509710e+00 -2.5029631263732766e+00 2.3555573731242845e+00 -2.2115941692580146e-01 9.5735140000000000e-03 8.6473257999999997e-01
3.2443202210485961e-01 -4.2645791477917790e+01 9.2871988587690746e-01 5.7616522904122895e+00 2.5350126249792035e+00 -2.6712507834875661e+00 2.3271142456778051e+00 -2.1034171804553589e-01 9.2909130999999992e-03 8.7416548999999999e-01
3.3236250674665541e-01 -4.4693741853605694e+01 9.3390082355600956e-01 5.6084201193704928e+00 2.3312225327311107e+00 -2.8519981487569117e+00 2.3001228943238790e+00 -2.0040300800769148e-01 9.0001030000000006e-03 8.8331166999999999e-01
3.4003736705378401e-01 -4.6936137691791146e+01 9.3891476340244528e-01 5.4718971380896795e+00 2.1377478343196481e+00 -3.0465763831928818e+00 2.2745436055694088e+00 -1.9127453589646379e-01 8.7013270999999996e-03 8.9216304000000002e-01
3.4744979643546753e-01 -4.9395550249577440e+01 9.4375725871160343e-01 5.3505779780016001e+00 1.9546014806272556e+00 -3.2565447957737717e+00 2.2503372424385613e+00 -1.8289320900325012e-01 8.3948374000000006e-03 9.0071175000000003e-01
3.5459323108378432e-01 -5.2097995749288906e+01 9.4842402138744508e-01 5.2430487026597232e+00 1.7817293059811650e+00 -3.4836857528936473e+00 2.2274654001737959e+00 -1.7520122170055108e-01 8.0808944000000001e-03 9.0895022999999997e-01
3.6146131529040321e-01 -5.5073576756861954e+01 9.5291089928413553e-01 5.1479989075394208e+00 1.6190195702706349e+00 -3.7300452260259456e+00 2.2058907635547187e+00 -1.6814563202056837e-01 7.7597663000000001e-03 9.1687114999999997e-01
3.6804793612984893e-01 -5.8357307093551519e+01 9.5721389886441277e-01 5.0642126135609065e+00 1.4663138833744371e+00 -3.9979853411411153e+00 2.1855771452723318e+00 -1.6167810095353355e-01 7.4317293999999999e-03 9.2446746000000002e-01
3.7434723213031779e-01 -6.1990133960569018e+01 9.6132919086417834e-01 4.9905686496754713e+00 1.3234157078676403e+00 -4.2902496324998047e+00 2.1664896131280837e+00 -1.5575455314021258e-01 7.0970672000000004e-03 9.3173240000000002e-01
3.8035357593204605e-01 -6.6020221216663060e+01 9.6525309896331435e-01 4.9260273103328336e+00 1.1900989918490916e+00 -4.6100442244034223e+00 2.1485947389883875e+00 -1.5033487686660726e-01 6.7560703000000000e-03 9.3865947999999999e-01
3.8606161764139074e-01 -7.0504633205393105e+01 9.6898212810864193e-01 4.8696371535890339e+00 1.0661147642982631e+00 -4.9611454783744495e+00 2.1318605187363464e+00 -1.4538263125601700e-01 6.4090362999999996e-03 9.4524253000000003e-01
3.9146623280593201e-01 -7.5511451703266729e+01 9.7251293052637133e-01 4.8205265943096931e+00 9.5119904753160589e-01 -5.3480341427071796e+00 2.1162566780828751e+00 -1.4086481980990359e-01 6.0562691999999996e-03 9.5147563999999996e-01
3.9656260912263602e-01 -8.1122695992975451e+01 9.7584236236801924e-01 4.7778991415474472e+00 8.4507775389269146e-01 -5.7760826526256555e+00 2.1017544616733743e+00 -1.3675155229086905e-01 5.6980790999999996e-03 9.5735325999999998e-01
4.0134615972969218e-01 -8.7438068493187728e+01 9.7896742706449102e-01 4.7410316287639995e+00 7.4747299983466420e-01 -6.2517931817742216e+00 2.0883269640261330e+00 -1.3301592667554807e-01 5.3347821999999998e-03 9.6287009999999995e-01
4.0581260991467588e-01 -9.4580293768765458e+01 9.8188533197199934e-01 4.7092674616263066e+00 6.5810691018106959e-01 -6.7831405578729260e+00 2.0759488819514282e+00 -1.2963370585029543e-01 4.9667000000000001e-03 9.6802122999999995e-01
4.0995793641883443e-01 -1.0270239907415611e+02 9.8459344871991994e-01 4.6820152267254587e+00 5.7670677780950763e-01 -7.3800380761113864e+00 2.0645968549691687e+00 -1.2658318877596045e-01 4.5941591999999996e-03 9.7280200999999999e-01
4.1377843680361753e-01 -1.1199843660260103e+02 9.8708935852752844e-01 4.6587437654833002e+00 5.0300780066464001e-01 -8.0550278163771427e+00 2.0542490498783552e+00 -1.2384498960852033e-01 4.2174915999999996e-03 9.7720817000000004e-01
4.1727066008414676e-01 -1.2271910132265870e+02 9.8937080688726375e-01 4.6389783156700064e+00 4.3675771231510258e-01 -8.8242853059441373e+00 2.0448856699803724e+00 -1.2140188232182400e-01 3.8370333000000002e-03 9.8123572999999997e-01
4.2043147609574621e-01 -1.3519620199359460e+02 9.9143574888146402e-01 4.6222983162472406e+00 3.7771803005427906e-01 -9.7092007741016708e+00 2.0364885806636615e+00 -1.1923866238002388e-01 3.4531249000000000e-03 9.8488107999999996e-01
4.2325804948149320e-01 -1.4988187201915446e+02 9.9328233218859063e-01 4.6083335492657751e+00 3.2566750573820169e-01 -1.0738914670385372e+01 2.0290414550887128e+00 -1.1734195955423690e-01 3.0661112999999999e-03 9.8814095000000002e-01
4.2574782235058589e-01 -1.6741540569641464e+02 9.9490888575404424e-01 4.5967614918704980e+00 2.8040403507426398e-01 -1.1954652483744788e+01 2.0225298134188159e+00 -1.1570020436553220e-01 2.6763420000000000e-03 9.9101238999999997e-01
4.2789856630324113e-01 -1.8874623237346023e+02 9.9631395377771659e-01 4.5873044648460120e+00 2.4174635253010768e-01 -1.3417712610594636e+01 2.0169408892724023e+00 -1.1430344005972710e-01 2.2841723000000002e-03 9.9349282999999999e-01
4.2970836508906157e-01 -2.1538094984580925e+02 9.9749628438480653e-01 4.5797277601819690e+00 2.0953502731297494e-01 -1.5225543680593445e+01 2.0122636685616579e+00 -1.1314324291241382e-01 1.8899688000000000e-03 9.9558005999999999e-01
4.3117560593621990e-01 -2.4995024711194210e+02 9.9845482396122742e-01 4.5738372807022065e+00 1.8363437774648761e-01 -1.7548692176242181e+01 2.0084889200428515e+00 -1.1221267826384326e-01 1.4941295000000000e-03 9.9727222000000004e-01
4.3229910094288576e-01 -2.9780646552408871e+02 9.9918879645789449e-01 4.5694778600766544e+00 1.6393126780207595e-01 -2.0735060039977540e+01 2.0056088718237874e+00 -1.1150613123873679e-01 1.0971916000000000e-03 9.9856794000000004e-01
4.3307841656824558e-01 -3.7356216396284879e+02 9.9969791864521462e-01 4.5665301422641615e+00 1.5033057609317046e-01 -2.5737041211681152e+01 2.0036163715828947e+00 -1.1101906693299972e-01 7.0085733000000002e-04 9.9946672000000003e-01
