-6.3781000331640345e-02 -5.4171390075739591e+03 6.3782088680370885e-02 -4.4404716457270906e+03 -1.5386895443094795e+03 3.6082685623764525e+02 -2.9714241175358501e+02 -1.0034409082126666e+02 5.5301730000000003e-06 1.0230946000000001e-06
-6.3778589298966890e-02 -3.9635353892943313e+03 6.3799783994434159e-02 -2.9822501926802033e+03 -1.5369574730480294e+03 2.6602047345392106e+02 -2.0212003714261897e+02 -1.0026584948233676e+02 3.5894988000000002e-05 1.9923924999999999e-05
-6.3771024992065273e-02 -3.2891847447632481e+03 6.3855300780983351e-02 -2.2967410832193259e+03 -1.5315333809071558e+03 2.2201178772818838e+02 -1.5758392029895819e+02 -1.0002073408314371e+02 8.5619985000000003e-05 7.9222864999999994e-05
-6.3756050119488886e-02 -2.8469376221449347e+03 6.3965205999695157e-02 -1.8365939664134769e+03 -1.5208403269625928e+03 1.9311731659962672e+02 -1.2783398943538063e+02 -9.9537077816733074e+01 1.5173507999999999e-04 1.9661552000000001e-04
-6.3731689086222384e-02 -2.5187826159675442e+03 6.4143999153061904e-02 -1.4843192691241936e+03 -1.5035717559272014e+03 1.7164056330453914e+02 -1.0519011765083468e+02 -9.8754772053957637e+01 2.3255418000000001e-04 3.8758918999999998e-04
-6.3696145136352300e-02 -2.2590472410256498e+03 6.4404867188126866e-02 -1.1952016446402645e+03 -1.4786556968831592e+03 1.5460334756390154e+02 -8.6710145579131506e+01 -9.7623290821618554e+01 3.2689763000000001e-04 6.6622920000000002e-04
-6.3647753550473141e-02 -2.0451778908435451e+03 6.4760027995187291e-02 -9.4795176937253405e+02 -1.4452610485034256e+03 1.4053566935500032e+02 -7.0973937021785289e+01 -9.6101613407995359e+01 4.3385032000000002e-04 1.0455858000000000e-03
-6.3584955452690425e-02 -1.8643487292220636e+03 6.5220922646295934e-02 -7.3123299051444235e+02 -1.4028177770235125e+03 1.2860223953937341e+02 -5.7206365463355226e+01 -9.4158807063683938e+01 5.5265518999999999e-04 1.5378795000000000e-03
-6.3506281619142804e-02 -1.7085492135417180e+03 6.5798334229522110e-02 -5.3868101000783713e+02 -1.3510405668366284e+03 1.1828199957603407e+02 -4.4954113117785184e+01 -9.1774837205783243e+01 6.8265765000000004e-04 2.1546280000000000e-03
-6.3410341544640605e-02 -1.5724270686126506e+03 6.6502468092271019e-02 -3.6668175081423129e+02 -1.2899499952893655e+03 1.0922736963711557e+02 -3.3942440357322688e+01 -8.8941362294481010e+01 8.2327310000000005e-04 2.9067318999999999e-03
-6.3295815993029761e-02 -1.4522187107566326e+03 6.7343006516465589e-02 -2.1323539263748009e+02 -1.2198868252606237e+03 1.0119443716179774e+02 -2.4002934537540671e+01 -8.5662367906743071e+01 9.7396649000000004e-04 3.8045331000000002e-03
-6.3161451550283243e-02 -1.3451689681177420e+03 6.8329148695092337e-02 -7.7307430809710652e+01 -1.1415164026567627e+03 9.4005077236878847e+01 -1.5033138138687601e+01 -8.1954513301901926e+01 1.1342389000000000e-03 4.8578574999999999e-03
-6.3006056644558453e-02 -1.2491941556946297e+03 6.9469639942229947e-02 4.1577916953695990e+01 -1.0558205418021798e+03 8.7524936517868227e+01 -6.9720105152215908e+00 -7.7847101269830262e+01 1.3036180000000001e-03 6.0760461999999999e-03
-6.2828498663290197e-02 -1.1626755338620458e+03 7.0772792851595809e-02 1.4361267658937734e+02 -9.6407546849554512e+02 8.1649954415211113e+01 2.1607817856583500e-01 -7.3381613425702156e+01 1.4816515000000000e-03 7.4679780999999997e-03
-6.2627701618801171e-02 -1.0843268566793613e+03 7.2246504429351308e-02 2.2890150501373120e+02 -8.6781496542179252e+02 7.6297693059962228e+01 6.5524332033652222e+00 -6.8610762490515967e+01 1.6679024999999999e-03 9.0420881999999994e-03
-6.2402644566530045e-02 -1.0131063958478269e+03 7.3898267703215739e-02 2.9760574764364588e+02 -7.6877936264077039e+02 7.1401596093167058e+01 1.2052012918704142e+01 -6.3597067669944977e+01 1.8619452999999999e-03 1.0806380000000001e-02
-6.2152360138065355e-02 -9.4815650544578523e+02 7.5735182488983394e-02 3.5004844274866133e+02 -6.6885160785861615e+02 6.6907035250652839e+01 1.6729312583831163e+01 -5.8410966384310520e+01 2.0633631000000000e-03 1.2768437000000001e-02
-6.1875933865065576e-02 -8.8876115438232262e+02 7.7763960352483508e-02 3.8678663376513271e+02 -5.6998327417665894e+02 6.2768535387884135e+01 2.0602637476031692e+01 -5.3128537769320687e+01 2.2717459999999998e-03 1.4935428000000001e-02
-6.1572503043954972e-02 -8.3431514159991752e+02 7.9990932941928203e-02 4.0865462480083522e+02 -4.7411355341544146e+02 5.8947762026544851e+01 2.3697165354713302e+01 -4.7828898095243481e+01 2.4866887000000002e-03 1.7314116000000001e-02
-6.1241256761436033e-02 -7.8430158688002848e+02 8.2422051800668736e-02 4.1677989579340863e+02 -3.8308611630673096e+02 5.5412053437281024e+01 2.6046818204516587e+01 -4.2591420921796399e+01 2.7077901999999999e-03 1.9910858000000000e-02
-6.0881434491304641e-02 -7.3827483414202197e+02 8.5062898665603029e-02 4.1257382083745779e+02 -2.9856779408367191e+02 5.2133302777769359e+01 2.7695213025249977e+01 -3.7492865995832567e+01 2.9346520999999999e-03 2.2731616000000000e-02
-6.0492326859823579e-02 -6.9584766230700745e+02 8.7918679849862499e-02 3.9769933588183011e+02 -2.2197525054105873e+02 4.9087127524075512e+01 2.8695681141459222e+01 -3.2604625202409323e+01 3.1668782999999998e-03 2.5781951000000001e-02
-6.0073274880349012e-02 -6.5668118259877019e+02 9.0994231860125230e-02 3.7401880984838311e+02 -1.5441284208092756e+02 4.6252211021551169e+01 2.9110514829432809e+01 -2.7990175480138088e+01 3.4040742000000001e-03 2.9067029000000001e-02
-5.9623669443081423e-02 -6.2047695350042727e+02 9.4294025141491433e-02 3.4352618054339501e+02 -9.6627241653824200e+01 4.3609791156268827e+01 2.9009529282399750e+01 -2.3702907306485230e+01 3.6458464000000000e-03 3.2591624999999999e-02
-5.9142952080439182e-02 -5.8697078957967597e+02 9.7822158460170311e-02 3.0826834154608326e+02 -4.8981179100223756e+01 4.1143260643606254e+01 2.8468090327561651e+01 -1.9784456731306733e+01 3.8918026000000000e-03 3.6360116999999997e-02
-5.8630613946560439e-02 -5.5592765486981762e+02 1.0158236639323093e-01 2.7026125787912042e+02 -1.1448323439898219e+01 3.8837835807004936e+01 2.7564756084647136e+01 -1.6263608589752145e+01 4.1415510999999999e-03 4.0376493999999999e-02
-5.8086196199989941e-02 -5.2713760255604586e+02 1.0557801651994568e-01 2.3140688573070130e+02 1.6369881823291220e+01 3.6680298554799379e+01 2.6378707176193224e+01 -1.3155838595050733e+01 4.3947007000000003e-03 4.4644352999999998e-02
-5.7509290003678992e-02 -5.0041240229933919e+02 1.0981210942179020e-01 1.9341653828439129e+02 3.5206936126808721e+01 3.4658777392037955e+01 2.4987138814367178e+01 -1.0463524678761246e+01 4.6508610999999997e-03 4.9166899000000000e-02
-5.6899536014736449e-02 -4.7558270348457251e+02 1.1428728242731895e-01 1.5774602654564097e+02 4.6075948256140769e+01 3.2762570157753572e+01 2.3462780209718026e+01 -8.1767700802799848e+00 4.9096423000000002e-03 5.3946949000000001e-02
-5.6256625022240006e-02 -4.5249582199344712e+02 1.1900580493107071e-01 1.2554704481648244e+02 5.0200208037838337e+01 3.0981995767375803e+01 2.1871709290641146e+01 -6.2747959412814280e+00 5.1706551000000002e-03 5.8986927000000001e-02
-5.5580296799175817e-02 -4.3101355720027243e+02 1.2396958681953862e-01 9.7637632468135507e+01 4.8934588857177651e+01 2.9308268846443596e+01 2.0271573314083760e+01 -4.7277891791768329e+00 5.4335110000000002e-03 6.4288872999999996e-02
-5.4870341250498916e-02 -4.1101070233224374e+02 1.2918017004520016e-01 7.4493547583603657e+01 4.3683448674857743e+01 2.7733396273706148e+01 1.8710327965221879e+01 -3.4990685358479721e+00 5.6978226000000002e-03 6.9854434000000007e-02
-5.4126597137510522e-02 -3.9237350767217964e+02 1.3463873798870596e-01 5.6260225991261770e+01 3.5820714518830528e+01 2.6250084281203574e+01 1.7225535718269192e+01 -2.5474374277561189e+00 5.9632034000000004e-03 7.5684873999999999e-02
-5.3348952715669418e-02 -3.7499847774653193e+02 1.4034611077778542e-01 4.2783876159596275e+01 2.6617461791158554e+01 2.4851663812211370e+01 1.5844246103527578e+01 -1.8295532411548356e+00 6.2292681999999997e-03 8.1781068999999998e-02
-5.2537345224342849e-02 -3.5879128644556937e+02 1.4630274903212215e-01 3.3658445050798989e+01 1.7181814225079247e+01 2.3532023160819278e+01 1.4583421623529652e+01 -1.3021701780785204e+00 6.4956331999999999e-03 8.8143510999999994e-02
-5.1691760886806555e-02 -3.4366584632312413e+02 1.5250875386335400e-01 2.8284353313716384e+01 8.4145470052480871e+00 2.2285550291822023e+01 1.3450846034555758e+01 -9.2413193898481805e-01 6.7619166000000000e-03 9.4772308000000000e-02
-5.0812234144871196e-02 -3.2954347996691524e+02 1.5896387249238630e-01 2.5933975314656870e+01 9.8256479643304762e-01 2.1107082057823355e+01 1.2446413783707911e+01 -6.5800165318059600e-01 7.0277381999999996e-03 1.0166719000000000e-01
-4.9898847531320067e-02 -3.1635220391959132e+02 1.6566749918561074e-01 2.5818730742658754e+01 -4.6892346676800170e+00 1.9991860256272336e+01 1.1563688121881228e+01 -4.7126541463750365e-01 7.2927204000000001e-03 1.0882751000000000e-01
-4.8951733455780799e-02 -3.0402611995766034e+02 1.7261866214784111e-01 2.7152640229265973e+01 -8.4084285752891894e+00 1.8935495020259925e+01 1.0791595548480435e+01 -3.3706973734917489e-01 7.5564877000000004e-03 1.1625223000000000e-01
-4.7971070505419752e-02 -2.9250479966135134e+02 1.7981605067266060e-01 2.9208034079663236e+01 -1.0190435907704757e+01 1.7933926688797015e+01 1.0116125729634163e+01 -2.3450667316408427e-01 7.8186677999999999e-03 1.2393994999999999e-01
-4.6957083189817464e-02 -2.8173279386467971e+02 1.8725801701485945e-01 3.1359894711030439e+01 -1.0221826451367084e+01 1.6983395556599277e+01 9.5219294161755439e+00 -1.4847118946282067e-01 8.0788911000000008e-03 1.3188891000000000e-01
-4.5910045767836555e-02 -2.7165923087214696e+02 1.9494254830386898e-01 3.3116597505022369e+01 -8.8157967559257564e+00 1.6080419066732404e+01 8.9937148006368304e+00 -6.9165551825674937e-02 8.3367917000000003e-03 1.4009695999999999e-01
-4.4830277145131228e-02 -2.6223736203499050e+02 2.0286730399251629e-01 3.4136177780754991e+01 -6.3640839496239128e+00 1.5221762417785325e+01 8.5173662866710700e+00 8.6637944924494691e-03 8.5920070000000005e-03 1.4856159999999999e-01
-4.3718143425392500e-02 -2.5342423302093212e+02 2.1102959713264696e-01 3.4228327221539622e+01 -3.2896058265416284e+00 1.4404419831405342e+01 8.0807534091105317e+00 8.6667316415047310e-02 8.8441787999999997e-03 1.5727996000000000e-01
-4.2574055359102990e-02 -2.4518034256843049e+02 2.1942641309950223e-01 3.3343917448329186e+01 -3.5163704339686288e-03 1.3625593004434766e+01 7.6742104684583161e+00 1.6390739765518911e-01 9.0929527999999999e-03 1.6624881999999999e-01
-4.1398468343536873e-02 -2.3746935797409932e+02 2.2805440959171913e-01 3.1554209823250861e+01 3.1301884663895487e+00 1.2882673756754006e+01 7.2907138511039475e+00 2.3785790270199375e-01 9.3379794999999995e-03 1.7546460999999999e-01
-4.0191881147137343e-02 -2.3025784924628647e+02 2.3690992599351940e-01 2.9023081454221060e+01 5.8207034143394836e+00 1.2173227826851573e+01 6.9257866238994295e+00 3.0531047320188892e-01 9.5789143999999993e-03 1.8492342000000001e-01
-3.8954839736384368e-02 -2.2351507706026840e+02 2.4598895528814291e-01 2.5975369726073868e+01 7.8659700421967207e+00 1.1494982442066750e+01 6.5771887393262167e+00 3.6312912423166727e-01 9.8154178999999998e-03 1.9462097000000000e-01
-3.7687930897681687e-02 -2.1721274311217911e+02 2.5528719086879154e-01 2.2664748237189329e+01 9.1578661825457175e+00 1.0845809627889805e+01 6.2444628020997905e+00 4.0881609189493179e-01 1.0047156000000000e-02 2.0455266000000000e-01
-3.6391780961734149e-02 -2.1132479932821792e+02 2.6480003590081780e-01 1.9343985576761416e+01 9.6780672670028789e+00 1.0223714182356765e+01 5.9283989002784123e+00 4.4087377929686250e-01 1.0273801000000001e-02 2.1471357999999999e-01
-3.5067062181660794e-02 -2.0582729977329944e+02 2.7452255651078111e-01 1.6239891311179559e+01 9.4862375798786864e+00 9.6268260776214589e+00 5.6304861999182751e+00 4.5896905016449102e-01 1.0495031000000000e-02 2.2509846000000000e-01
-3.3714485079259192e-02 -2.0069823048538831e+02 2.8444953795958028e-01 1.3534650055342849e+01 8.7027829769608758e+00 9.0533866410093822e+00 5.3524066176439336e+00 4.6392082553554814e-01 1.0710529999999999e-02 2.3570173000000000e-01
-3.2334799720628013e-02 -1.9591734318329401e+02 2.9457547528026473e-01 1.1354057216460435e+01 7.4884834875449346e+00 8.5017403995395924e+00 5.0956069938121757e+00 4.5754774358784234e-01 1.0919989999999999e-02 2.4651751000000000e-01
-3.0928796991789680e-02 -1.9146605376246683e+02 3.0489456391584552e-01 9.7630133526430392e+00 6.0233840591735595e+00 7.9703270318635031e+00 4.8609856187520313e+00 4.4241653951216714e-01 1.1123108000000000e-02 2.5753959999999998e-01
-2.9497304771822483e-02 -1.8732730789744170e+02 3.1540072780586192e-01 8.7674276121302768e+00 4.4870277782395398e+00 7.4576725721902939e+00 4.6486989477415834e+00 4.2153688247768084e-01 1.1319591000000000e-02 2.6876150999999998e-01
-2.8041186657237996e-02 -1.8348547460263097e+02 3.2608762874856972e-01 8.3214201907225291e+00 3.0416059040239158e+00 6.9623812835163124e+00 4.4580909088665255e+00 3.9804050802739865e-01 1.1509152000000000e-02 2.8017647000000001e-01
-2.6561343237603688e-02 -1.7992625597089307e+02 3.3694865703875260e-01 8.3384088637065616e+00 1.8193216246949420e+00 6.4831301824337997e+00 4.2877247087239292e+00 3.7489062741275753e-01 1.1691511000000000e-02 2.9177742000000001e-01
-2.5058713371165511e-02 -1.7663660312041654e+02 3.4797692210553349e-01 8.7043431632952402e+00 9.1428071941643752e-01 6.0186629081451786e+00 4.1355088670311471e+00 3.5463767940553415e-01 1.1866398000000000e-02 3.0355700000000002e-01
-2.3534263979867014e-02 -1.7360461760540949e+02 3.5916532740988422e-01 9.2916651862157646e+00 3.7918005790073150e-01 5.5677809171335895e+00 3.9988738057369115e+00 3.3922904686970601e-01 1.2033550000000000e-02 3.1550762999999998e-01
-2.1988998978707604e-02 -1.7081950353045528e+02 3.7050650490930453e-01 9.9723434477489619e+00 2.2628654426886805e-01 5.1293413782848640e+00 3.8749838290958500e+00 3.2994232591704326e-01 1.2192715000000000e-02 3.2762143999999999e-01
-2.0423952897629494e-02 -1.6827149188632853e+02 3.8199286186876552e-01 1.0629245638031533e+01 4.3195237613308046e-01 4.7022489478836018e+00 3.7609576163927816e+00 3.2733071162977645e-01 1.2343646000000000e-02 3.3989032000000002e-01
-1.8840192157140355e-02 -1.6595178901371764e+02 3.9361657149852092e-01 1.1164705473377891e+01 9.4371063511479125e-01 4.2854485579969790e+00 3.6540604610197964e+00 3.3127997903644341e-01 1.2486109000000000e-02 3.5230591000000000e-01
-1.7238809965822763e-02 -1.6385252077322494e+02 4.0536961040286207e-01 1.1506174516970797e+01 1.6888950226660795e+00 3.8779386955725847e+00 3.5518760457348035e+00 3.4110373506488334e-01 1.2619877000000000e-02 3.6485963999999999e-01
-1.5620930147202124e-02 -1.6196669634617635e+02 4.1724373049355179e-01 1.1608784121172276e+01 2.5837715956809295e+00 3.4787305214875168e+00 3.4524213701100974e+00 3.5567552961619681e-01 1.2744734000000001e-02 3.7754270000000001e-01
-1.3987703312878789e-02 -1.6028816615271796e+02 4.2923048707639011e-01 1.1455121716525612e+01 3.5422300280823062e+00 3.0868795367180466e+00 3.3542193464125578e+00 3.7358104385513202e-01 1.2860473000000001e-02 3.9034606999999999e-01
-1.2340304311282822e-02 -1.5881158816470997e+02 4.4132125757559215e-01 1.1052635269080866e+01 4.4833873368888675e+00 2.7014628397862515e+00 3.2563154096470077e+00 3.9327262754260545e-01 1.2966896000000000e-02 4.0326054000000000e-01
-1.0679934778919258e-02 -1.5753239948418206e+02 4.5350722280941036e-01 1.0429414270257064e+01 5.3375438713256518e+00 2.3215796267105198e+00 3.1582589888515225e+00 4.1321309183682003e-01 1.3063819000000001e-02 4.1627669000000000e-01
-9.0078154866323618e-03 -1.5644681071090088e+02 4.6577942316326687e-01 9.6287660188606417e+00 6.0502752500998227e+00 1.9463456401722139e+00 3.0600419027752714e+00 4.3199581362372286e-01 1.3151064000000001e-02 4.2938494999999999e-01
-7.3251939933413751e-03 -1.5555176276989312e+02 4.7812870241662142e-01 8.7034557618810275e+00 6.5846116618146562e+00 1.5748913043298733e+00 2.9620159979204619e+00 4.4843829633351506e-01 1.3228465999999999e-02 4.4257553999999999e-01
-5.6333344410595260e-03 -1.5484493051609326e+02 4.9054578264048049e-01 7.7101483192970743e+00 6.9213991809494591e+00 1.2063557762988584e+00 2.8647951955024227e+00 4.6164190443796876e-01 1.3295871000000001e-02 4.5583855000000001e-01
-3.9335226573845652e-03 -1.5432471423274842e+02 5.0302122674864302e-01 6.7041761350227285e+00 7.0581941639396995e+00 8.3988445589692695e-01 2.7691547705927722e+00 4.7102053047195158e-01 1.3353135000000000e-02 4.6916390000000002e-01
-2.2270597773856246e-03 -1.5399023510111363e+02 5.1554548530864353e-01 5.7357503512547527e+00 7.0069593027620165e+00 4.7462405621854131e-01 2.6759335897874017e+00 4.7630050307314087e-01 1.3400123999999999e-02 4.8254139000000001e-01
-5.1526479484846621e-04 -1.5384133955854693e+02 5.2810887781737492e-01 4.8466702733355973e+00 6.7910225861362923e+00 1.0971919165604405e-01 2.5859515956502221e+00 4.7749736658269926e-01 1.3436718000000000e-02 4.9596067999999999e-01
1.2005305402149891e-03 -1.5387860669689388e+02 5.4070163014984329e-01 4.0685882920231258e+00 6.4416529384721803e+00 -2.5569184702160364e-01 2.4999397777219223e+00 4.7487194488900769e-01 1.3462807000000000e-02 5.0941133000000005e-01
2.9189766190761274e-03 -1.5410336158685575e+02 5.5331383711041260e-01 3.4222562615162571e+00 5.9945845998775793e+00 -6.2248089214513680e-01 2.4184911326513316e+00 4.6887955353465816e-01 1.3478291000000000e-02 5.2288276000000000e-01
4.6387174548933180e-03 -1.5451769492744268e+02 5.6593554669250401e-01 2.9177042581867876e+00 5.4868313646812306e+00 -9.9153526280831183e-01 2.3420305266349999e+00 4.6010980311457739e-01 1.3483083000000000e-02 5.3636434000000000e-01
6.3583843045987437e-03 -1.5512448771094012e+02 5.7855671326765135e-01 2.5552239667356234e+00 4.9539307097999554e+00 -1.3637618797016193e+00 2.2708021640535541e+00 4.4922917903886872e-01 1.3477108000000000e-02 5.4984533999999996e-01
8.0765982201436298e-03 -1.5592744227559061e+02 5.9116721630987890e-01 2.3268506782803624e+00 4.4277903461629160e+00 -1.7400904899708678e+00 2.2048725731310430e+00 4.3692682176169700e-01 1.3460300999999999e-02 5.6331494999999998e-01
9.7919738753661500e-03 -1.5693112104857437e+02 6.0375688848226761e-01 2.2182331016727548e+00 3.9351742546261339e+00 -2.1214818586669155e+00 2.1441463790005812e+00 4.2386950945397572e-01 1.3432611000000001e-02 5.7676231000000000e-01
1.1503122117236600e-02 -1.5814099943619212e+02 6.1631553436133246e-01 2.2105870419747862e+00 3.4968226846134951e+00 -2.5089309396736699e+00 2.0883899792792722e+00 4.1066281273001026e-01 1.3393997000000000e-02 5.9017653000000003e-01
1.3208646138989574e-02 -1.5956349411978684e+02 6.2883290235045597e-01 2.2825968787175452e+00 3.1271594750424341e+00 -2.9034727555711406e+00 2.0372618037550927e+00 3.9782874554112913e-01 1.3344429999999999e-02 6.0354666000000001e-01
1.4907146582614467e-02 -1.6120606091513261e+02 6.4129872212864347e-01 2.4121734447974132e+00 2.8344679229456244e+00 -3.3061890902823103e+00 1.9903437977386420e+00 3.8578664396054468e-01 1.3283893999999999e-02 6.1686173000000000e-01
1.6597226641345886e-02 -1.6307724991881116e+02 6.5370274209927781e-01 2.5778705319049209e+00 2.6214598705723722e+00 -3.7182164011400376e+00 1.9471719820535407e+00 3.7484924114387719e-01 1.3212384000000001e-02 6.3011079000000003e-01
1.8277484405927941e-02 -1.6518678619011411e+02 6.6603467321698673e-01 2.7601060093542817e+00 2.4861018055322015e+00 -4.1407506956656874e+00 1.9072666608539990e+00 3.6522247243274003e-01 1.3129907000000000e-02 6.4328284999999996e-01
1.9946521793972646e-02 -1.6754567279753294e+02 6.7828425452296437e-01 2.9418763317457608e+00 2.4225777257782761e+00 -4.5750577238519581e+00 1.8701558203467359e+00 3.5701431763456382e-01 1.3036481000000001e-02 6.5636695000000000e-01
2.1602945825582462e-02 -1.7016630329610786e+02 6.9044126250715954e-01 3.1093333942224319e+00 2.4223189321118608e+00 -5.0224818323258233e+00 1.8353947157002153e+00 3.5024671530891266e-01 1.2932137999999999e-02 6.6935217000000002e-01
2.3245364796482454e-02 -1.7306257988124275e+02 7.0249548302170950e-01 3.2519221126163105e+00 2.4749963283471206e+00 -5.4844533858193500e+00 1.8025807784867971e+00 3.4486940531158272e-01 1.2816919000000000e-02 6.8222760000000005e-01
2.4872395931755997e-02 -1.7625006750719552e+02 7.1443676745407270e-01 3.3622977124606637e+00 2.5694134985401784e+00 -5.9625051634117794e+00 1.7713633920774932e+00 3.4077772296685960e-01 1.2690879000000000e-02 6.9498240000000000e-01
2.6482662834599574e-02 -1.7974615225968731e+02 7.2625501400265091e-01 3.4362294436889251e+00 2.6942816772305629e+00 -6.4582779852958021e+00 1.7414479448352616e+00 3.3782801211984753e-01 1.2554085000000000e-02 7.0760577999999996e-01
2.8074796761945381e-02 -1.8357022875180382e+02 7.3794017703897796e-01 3.4721003444152543e+00 2.8388609556396527e+00 -6.9735377639571574e+00 1.7125973667388683e+00 3.3585136790999492e-01 1.2406611999999999e-02 7.2008700999999997e-01
2.9647443002574367e-02 -1.8774392724103251e+02 7.4948231391866349e-01 3.4705221752166246e+00 2.9933732221961464e+00 -7.5101916073823318e+00 1.6846289248645492e+00 3.3466847764789376e-01 1.2248551000000000e-02 7.3241546999999996e-01
3.1199257050248425e-02 -1.9229134899418787e+02 7.6087155689482655e-01 3.4338622251609832e+00 3.1493550389082734e+00 -8.0703030624133714e+00 1.6574118601780508e+00 3.3410009596648615e-01 1.2080001999999999e-02 7.4458062000000003e-01
3.2728907154955619e-02 -1.9723935034683373e+02 7.7209813184247289e-01 3.3657599743281597e+00 3.2997968250992562e+00 -8.6561131819303689e+00 1.6308580338820562e+00 3.3397515886089546e-01 1.1901076999999999e-02 7.5657202000000001e-01
3.4235076874155404e-02 -2.0261787126766899e+02 7.8315237698287299e-01 3.2706931553662808e+00 3.4392069832377170e+00 -9.2700605214862630e+00 1.6049204288257097e+00 3.3413779689236212e-01 1.1711898000000000e-02 7.6837935000000002e-01
3.5716468899646497e-02 -2.0846031936140420e+02 7.9402477097012747e-01 3.1535818694369997e+00 3.5635685509367221e+00 -9.9148099467882780e+00 1.5795705699222962e+00 3.3445173348630008e-01 1.1512599000000000e-02 7.7999244000000001e-01
3.7171798679453805e-02 -2.1480397937711416e+02 8.0470588608022386e-01 3.0194753353672938e+00 3.6702254394148834e+00 -1.0593276780993740e+01 1.5548200027997929e+00 3.3480146433099472e-01 1.1303326000000001e-02 7.9140122000000002e-01
3.8599807174054521e-02 -2.2169053308605100e+02 8.1518648183292342e-01 2.8732602649710155e+00 3.7577328714002811e+00 -1.1308665235774509e+01 1.5306841411620324e+00 3.3509450591724088e-01 1.1084235000000000e-02 8.0259581999999996e-01
3.9999249375774662e-02 -2.2916661933893408e+02 8.2545742073206341e-01 2.7195059128247734e+00 3.8256658818571858e+00 -1.2064500401463619e+01 1.5071930080396485e+00 3.3525993015000849e-01 1.0855490000000001e-02 8.1356647999999998e-01
4.1368905789392577e-02 -2.3728453061655679e+02 8.3550975252525439e-01 2.5622844461602177e+00 3.8744255432725141e+00 -1.2864677190332596e+01 1.4843836495293421e+00 3.3524737804589827e-01 1.0617270000000000e-02 8.2430364000000000e-01
4.2707579880893701e-02 -2.4610299079921577e+02 8.4533469547950379e-01 2.4051476948136616e+00 3.9050556745772638e+00 -1.3713509597356250e+01 1.4622924587961830e+00 3.3502293375789333e-01 1.0369760000000000e-02 8.3479791999999997e-01
4.4014099353093195e-02 -2.5568807811976893e+02 8.5492364574340407e-01 2.2510372368826781e+00 3.9190574339632951e+00 -1.4615790230161302e+01 1.4409552538146482e+00 3.3457180648619689e-01 1.0113159000000000e-02 8.4504013000000000e-01
4.5287317421258563e-02 -2.6611431391234117e+02 8.6426818670932148e-01 2.1023068091348325e+00 3.9182397839125245e+00 -1.5576860653455761e+01 1.4204048339218738e+00 3.3389027556251288e-01 9.8476710000000005e-03 8.5502127999999999e-01
4.6526112813109630e-02 -2.7746593784988204e+02 8.7336008901339590e-01 1.9607557140143284e+00 3.9045676105453841e+00 -1.6602692463556782e+01 1.4006686209100265e+00 3.3298383358666334e-01 9.5735140000000000e-03 8.6473257999999997e-01
4.7729396146931655e-02 -2.8983848738839004e+02 8.8219135734648491e-01 1.8276921495236214e+00 3.8800675267077733e+00 -1.7699989647340978e+01 1.3817682408216458e+00 3.3186926848778753e-01 9.2909130999999992e-03 8.7416548999999999e-01
4.8896103553462245e-02 -3.0334055943892128e+02 8.9075418364321957e-01 1.7039479303987710e+00 3.8467309965362415e+00 -1.8876299199524063e+01 1.3637188063479302e+00 3.3056744381038300e-01 9.0001030000000006e-03 8.8331166999999999e-01
5.0025204329626996e-02 -3.1809608082648089e+02 8.9904100325513725e-01 1.5899758716981576e+00 3.8064479681281904e+00 -2.0140156971041229e+01 1.3465299328187759e+00 3.2910291148488779e-01 8.7013270999999996e-03 8.9216304000000002e-01
5.1115697111671743e-02 -3.3424692000214816e+02 9.0704446686411488e-01 1.4859113268192623e+00 3.7609658301963647e+00 -2.1501252299784248e+01 1.3302048757803542e+00 3.2750307801946454e-01 8.3948374000000006e-03 9.0071175000000003e-01
5.2166616253275566e-02 -3.5195621865673945e+02 9.1475748729331285e-01 1.3916333093547431e+00 3.7118592194371494e+00 -2.2970641577627120e+01 1.3147416896404251e+00 3.2579650997986637e-01 8.0808944000000001e-03 9.0895022999999997e-01
5.3177026723060350e-02 -3.7141230813852349e+02 9.2217320205842046e-01 1.3068247577321566e+00 3.6605113555409310e+00 -2.4560994268230708e+01 1.3001342214029996e+00 3.2401070469045151e-01 7.7597663000000001e-03 9.1687114999999997e-01
5.4146029207081253e-02 -3.9283373979711774e+02 9.2928501081641013e-01 1.2310037442968755e+00 3.6081251310788103e+00 -2.6286913708655113e+01 1.2863720911313554e+00 3.2217313011052878e-01 7.4317293999999999e-03 9.2446746000000002e-01
5.5072761384449317e-02 -4.1647553734490441e+02 9.3608658472772610e-01 1.1636494701678479e+00 3.5557060731298762e+00 -2.8165333842039466e+01 1.2734419224971685e+00 3.2030847732301981e-01 7.0970672000000004e-03 9.3173240000000002e-01
5.5956395376086251e-02 -4.4263701009912057e+02 9.4257184773190761e-01 1.1040952807092255e+00 3.5040920767160961e+00 -3.0216014383027392e+01 1.2613276839240566e+00 3.1844097402257376e-01 6.7560703000000000e-03 9.3865947999999999e-01
5.6796144122837483e-02 -4.7167203754041685e+02 9.4873502335853199e-01 1.0517055673566249e+00 3.4539527186436612e+00 -3.2462196829876632e+01 1.2500122090202632e+00 3.1659172036205480e-01 6.4090362999999996e-03 9.4524253000000003e-01
5.7591253731736472e-02 -5.0400197659165576e+02 9.5457057855408245e-01 1.0058317543277155e+00 3.4058132583346783e+00 -3.4931420588168457e+01 1.2394771065889245e+00 3.1477974726469243e-01 6.0562691999999996e-03 9.5147563999999996e-01
5.8341016232230911e-02 -5.4013345641889180e+02 9.6007331730383527e-01 9.6582169801625517e-01 3.3600897009193242e+00 -3.7656667882465023e+01 1.2297029398516037e+00 3.1302172084021168e-01 5.6980790999999996e-03 9.5735325999999998e-01
5.9044756819956509e-02 -5.8068127910019962e+02 9.6523828700997238e-01 9.3107403825812729e-01 3.3170739129512778e+00 -4.0677812460288273e+01 1.2206698194194803e+00 3.1133227619476977e-01 5.3347821999999998e-03 9.6287009999999995e-01
5.9701846612963197e-02 -6.2640100194975446e+02 9.7006087211346903e-01 9.0099297419826296e-01 3.2769839723956165e+00 -4.4043713178205607e+01 1.2123606229889985e+00 3.0972409213896129e-01 4.9667000000000001e-03 9.6802122999999995e-01
6.0311693722356771e-02 -6.7823340680961678e+02 9.7453672855877238e-01 8.7510582698188966e-01 3.2399510110790550e+00 -4.7815060400986582e+01 1.2047553523093195e+00 3.0820765801634892e-01 4.5941591999999996e-03 9.7280200999999999e-01
6.0873753457279856e-02 -7.3737009053965608e+02 9.7866185869131084e-01 8.5288086083512860e-01 3.2060615651630364e+00 -5.2068592978228452e+01 1.1978370713859738e+00 3.0679189438560012e-01 4.2174915999999996e-03 9.7720817000000004e-01
6.1387518119930942e-02 -8.0534897675880734e+02 9.8243253635998518e-01 8.3390766642801184e-01 3.1753429972063398e+00 -5.6903239679593334e+01 1.1915891744186697e+00 3.0548395122412175e-01 3.8370333000000002e-03 9.8123572999999997e-01
6.1852527210545419e-02 -8.8420419595939904e+02 9.8584538181467796e-01 8.1780374344632567e-01 3.1477971118312227e+00 -6.2449793472079946e+01 1.1859965113456861e+00 3.0429042726293137e-01 3.4531249000000000e-03 9.8488107999999996e-01
6.2268363600527579e-02 -9.7670644905123459e+02 9.8889733361968690e-01 8.0423367772107412e-01 3.1234034380624864e+00 -6.8886439458363853e+01 1.1810451541316995e+00 3.0321600210327393e-01 3.0661112999999999e-03 9.8814095000000002e-01
6.2634650981205423e-02 -1.0867727761706208e+03 9.9158562992934796e-01 7.9292164541105747e-01 3.1021200709175845e+00 -7.6465292511689100e+01 1.1767227022742177e+00 3.0226483461642767e-01 2.6763420000000000e-03 9.9101238999999997e-01
6.2951061517566478e-02 -1.2202215718577688e+03 9.9390786466116743e-01 7.8361326398314091e-01 3.0839043209528127e+00 -8.5561366797572688e+01 1.1730179437010333e+00 3.0143973873001167e-01 2.2841723000000002e-03 9.9349282999999999e-01
6.3217313297012398e-02 -1.3862899596063860e+03 9.9586196877144451e-01 7.7610581734454087e-01 3.0687048644000470e+00 -9.6771150303510169e+01 1.1699212972623845e+00 3.0074334527671243e-01 1.8899688000000000e-03 9.9558005999999999e-01
6.3433169053736513e-02 -1.6011181860498812e+03 9.9744620089308256e-01 7.7023181173860644e-01 3.0564710156434023e+00 -1.1113923979468655e+02 1.1674255470334924e+00 3.0017747255043969e-01 1.4941295000000000e-03 9.9727222000000004e-01
6.3598454027440257e-02 -1.8975739470772194e+03 9.9865927840623059e-01 7.6586162374719502e-01 3.0471600042299789e+00 -1.3079810822508412e+02 1.1655212990703396e+00 2.9974356696882837e-01 1.0971916000000000e-03 9.9856794000000004e-01
6.3713104436992837e-02 -2.3654784400786466e+03 9.9950073320145438e-01 7.6289798746801873e-01 3.0407289873338343e+00 -1.6158989049537377e+02 1.1642053482964219e+00 2.9944219975260516e-01 7.0085733000000002e-04 9.9946672000000003e-01
