-6.0405629595024202e-01 -4.5125886060847529e+02 6.0405793705284105e-01 -4.9521585751453165e+02 -1.2380192018481885e+02 2.9617298388760670e+01 -3.2464262885838522e+01 -8.0180792460096360e+00 5.5301730000000003e-06 1.0230946000000001e-06
-6.0403346157231497e-01 -3.3429451959967179e+02 6.0406542069427749e-01 -3.7819718472579842e+02 -1.2379761294624852e+02 2.2041311971849424e+01 -2.4885772823720988e+01 -8.0178852884877596e+00 3.5894988000000002e-05 1.9923924999999999e-05
-6.0396182162962575e-01 -2.8000148902630201e+02 6.0408889966293289e-01 -3.2376290146154531e+02 -1.2378410030286503e+02 1.8523106750344947e+01 -2.1361032692786122e+01 -8.0172767988293607e+00 8.5619985000000003e-05 7.9222864999999994e-05
-6.0381999779472517e-01 -2.4435664657985211e+02 6.0413538040048265e-01 -2.8787507798522302e+02 -1.2375735308284915e+02 1.6211346937326873e+01 -1.9037978258011702e+01 -8.0160723088581296e+00 1.5173507999999999e-04 1.9661552000000001e-04
-6.0358927962718378e-01 -2.1786504953645223e+02 6.0421099498671194e-01 -2.6103086220312127e+02 -1.2371385061134677e+02 1.4491023616691182e+01 -1.7301205896236404e+01 -8.0141131980813558e+00 2.3255418000000001e-04 3.8758918999999998e-04
-6.0325265043368848e-01 -1.9685285717670513e+02 6.0432132039996433e-01 -2.3955262158172715e+02 -1.2365040000098661e+02 1.3124183672612292e+01 -1.5912553021045538e+01 -8.0112555282717146e+00 3.2689763000000001e-04 6.6622920000000002e-04
-6.0279434401062626e-01 -1.7950674009357772e+02 6.0447152378843316e-01 -2.2162593659755424e+02 -1.2356405593636288e+02 1.1993411288635075e+01 -1.4754515721421223e+01 -8.0073663990575863e+00 4.3385032000000002e-04 1.0455858000000000e-03
-6.0219959657577715e-01 -1.6479653395728292e+02 6.0466644377100864e-01 -2.0622126121159135e+02 -1.2345207754776466e+02 1.1032024992375941e+01 -1.3760410334528039e+01 -8.0023219709313125e+00 5.5265518999999999e-04 1.5378795000000000e-03
-6.0145449342226942e-01 -1.5207968427750782e+02 6.0491064069425482e-01 -1.9269794405139186e+02 -1.2331190330689036e+02 1.0198463471046626e+01 -1.2888736337964888e+01 -7.9960062985011815e+00 6.8265765000000004e-04 2.1546280000000000e-03
-6.0054586537103705e-01 -1.4092729402286437e+02 6.0520843056863860e-01 -1.8063039033157293e+02 -1.2314113545633492e+02 9.4650344324932867e+00 -1.2111910759385308e+01 -7.9883105932267053e+00 8.2327310000000005e-04 2.9067318999999999e-03
-5.9946121821690035e-01 -1.3103890463871966e+02 6.0556390819157024e-01 -1.6972159663752831e+02 -1.2293753073362225e+02 8.8123332793994855e+00 -1.1410675504606385e+01 -7.9791327672874317e+00 9.7396649000000004e-04 3.8045331000000002e-03
-5.9818868114205270e-01 -1.2219480741759551e+02 6.0598096405414648e-01 -1.5975631818232395e+02 -1.2269899468688570e+02 8.2262134662782351e+00 -1.0771060269822769e+01 -7.9683771402138790e+00 1.1342389000000000e-03 4.8578574999999999e-03
-5.9671696902287041e-01 -1.1422935348705245e+02 6.0646329669455523e-01 -1.5057379513982463e+02 -1.2242357857684948e+02 7.6960264709736892e+00 -1.0182615707818304e+01 -7.9559542605728035e+00 1.3036180000000001e-03 6.0760461999999999e-03
-5.9503535512651229e-01 -1.0701429478909671e+02 6.0701442164637620e-01 -1.4205067950100317e+02 -1.2210947816160466e+02 7.2135421591266375e+00 -9.6373290777429492e+00 -7.9417808708470696e+00 1.4816515000000000e-03 7.4679780999999997e-03
-5.9313364900241405e-01 -1.0044798220637696e+02 6.0763767868432705e-01 -1.3409075033355731e+02 -1.2175503328031283e+02 6.7722564413628339e+00 -9.1289274342154236e+00 -7.9257796460395689e+00 1.6679024999999999e-03 9.0420881999999994e-03
-5.9100218150166139e-01 -9.4448359656871389e+01 6.0833623673395076e-01 -1.2661768933044148e+02 -1.2135872884109423e+02 6.3669306138615269e+00 -8.6524144384423334e+00 -7.9078793995613745e+00 1.8619452999999999e-03 1.0806380000000001e-02
-5.8863179088366724e-01 -8.8948069826455836e+01 6.0911309842495365e-01 -1.1956972611123717e+02 -1.2091919531607810e+02 5.9932753985223970e+00 -8.2037508547525260e+00 -7.8880153163294340e+00 2.0633631000000000e-03 1.2768437000000001e-02
-5.8601381641316119e-01 -8.3891032822431541e+01 6.0997110218970063e-01 -1.1289658633195815e+02 -1.2043521089952237e+02 5.6477287636425402e+00 -7.7796305106965491e+00 -7.8661284123765469e+00 2.2717459999999998e-03 1.4935428000000001e-02
-5.8314008760796576e-01 -7.9229965309463495e+01 6.1091292578710299e-01 -1.0655676559353088e+02 -1.1990570225930767e+02 5.3272948490274352e+00 -7.3773170779388595e+00 -7.8421659847594807e+00 2.4866887000000002e-03 1.7314116000000001e-02
-5.8000292448061963e-01 -7.4924571541547053e+01 6.1194108622342991e-01 -1.0051576698737811e+02 -1.1932974707274920e+02 5.0294265373434808e+00 -6.9945251292108281e+00 -7.8160815987890979e+00 2.7077901999999999e-03 1.9910858000000000e-02
-5.7659512424911152e-01 -7.0940167253507184e+01 6.1305794410767578e-01 -9.4744671392228241e+01 -1.1870657363134322e+02 4.7519358991139775e+00 -6.6293291898222719e+00 -7.7878350519568311e+00 2.9346520999999999e-03 2.2731616000000000e-02
-5.7290996858557108e-01 -6.7246655434809554e+01 6.1426570127590563e-01 -8.9219091098216154e+01 -1.1803556398606368e+02 4.4929286189760074e+00 -6.2800961592959670e+00 -7.7573924997668149e+00 3.1668782999999998e-03 2.5781951000000001e-02
-5.6894121636757788e-01 -6.3817717097151352e+01 6.1556640316690903e-01 -8.3918339673038162e+01 -1.1731616597363148e+02 4.2507499649281382e+00 -5.9454318392817269e+00 -7.7247264494935930e+00 3.4040742000000001e-03 2.9067029000000001e-02
-5.6468309884570167e-01 -6.0630181767372342e+01 6.1696194040597097e-01 -7.8824779651744151e+01 -1.1654824509427614e+02 4.0239454653712627e+00 -5.6241390318205342e+00 -7.6898157518596850e+00 3.6458464000000000e-03 3.2591624999999999e-02
-5.6013032689219266e-01 -5.7663536108236144e+01 6.1845404642921642e-01 -7.3923319253981120e+01 -1.1573155856415639e+02 3.8112284577695950e+00 -5.3151852493058502e+00 -7.6526456813417587e+00 3.8918026000000000e-03 3.6360116999999997e-02
-5.5527808133606071e-01 -5.4899517128818687e+01 6.2004430065115046e-01 -6.9200990054361881e+01 -1.1486610034080228e+02 3.6114539460444774e+00 -5.0176754880173844e+00 -7.6132078526977898e+00 4.1415510999999999e-03 4.0376493999999999e-02
-5.5012201658742088e-01 -5.2321793421251243e+01 6.2173412727683053e-01 -6.4646616240149129e+01 -1.1395202492594149e+02 3.4235979845154421e+00 -4.7308311359390149e+00 -7.5715002419227169e+00 4.3947007000000003e-03 4.4644352999999998e-02
-5.4465826063749334e-01 -4.9915699591389661e+01 6.2352479530186677e-01 -6.0250538835415441e+01 -1.1298963396201270e+02 3.2467406722103527e+00 -4.4539725111225712e+00 -7.5275271410962930e+00 4.6508610999999997e-03 4.9166899000000000e-02
-5.3888341022614283e-01 -4.7668015893581668e+01 6.2541742009619150e-01 -5.6004385806125967e+01 -1.1197937951857719e+02 3.0800519764456906e+00 -4.1865039748697761e+00 -7.4812990669716610e+00 4.9096423000000002e-03 5.3946949000000001e-02
-5.3279453688245459e-01 -4.5566789080080021e+01 6.2741296142434733e-01 -5.1900886542279103e+01 -1.1092186184432154e+02 2.9227802953711102e+00 -3.9279023548880616e+00 -7.4328327424653642e+00 5.1706551000000002e-03 5.8986927000000001e-02
-5.2638917605169799e-01 -4.3601175821521714e+01 6.2951222700896903e-01 -4.7933705294311615e+01 -1.0981782451937792e+02 2.7742424358094029e+00 -3.6777064292285462e+00 -7.3821509095224007e+00 5.4335110000000002e-03 6.4288872999999996e-02
-5.1966533796836289e-01 -4.1761317571038596e+01 6.3171586896730147e-01 -4.4097313726969695e+01 -1.0866815288999604e+02 2.6338157105706665e+00 -3.4355085083675800e+00 -7.3292821943499211e+00 5.6978226000000002e-03 6.9854434000000007e-02
-5.1262149557500836e-01 -4.0038227069420664e+01 6.3402438777062431e-01 -4.0386869088831624e+01 -1.0747386820339288e+02 2.5009306913966598e+00 -3.2009475317934468e+00 -7.2742613488651955e+00 5.9632034000000004e-03 7.5684873999999999e-02
-5.0525659056283856e-01 -3.8423696243024978e+01 6.3643813026453933e-01 -3.6798120025115161e+01 -1.0623612422083340e+02 2.3750654461538656e+00 -2.9737024289100535e+00 -7.2171284433230127e+00 6.2292681999999997e-03 8.1781068999999998e-02
-4.9757002853924187e-01 -3.6910213836521940e+01 6.3895729125274103e-01 -3.3327317709910979e+01 -1.0495620151262501e+02 2.2557403365288375e+00 -2.7534870785256738e+00 -7.1579291352339176e+00 6.4956331999999999e-03 8.8143510999999994e-02
-4.8956167902779141e-01 -3.5490895237029555e+01 6.4158191349701577e-01 -2.9971146441534845e+01 -1.0363550210600881e+02 2.1425136124273192e+00 -2.5400454456757884e+00 -7.0967143814079447e+00 6.7619166000000000e-03 9.4772308000000000e-02
-4.8123186821955449e-01 -3.4159420077215309e+01 6.4431189009289735e-01 -2.6726654141797077e+01 -1.0227554258050245e+02 2.0349775730773976e+00 -2.3331480542322161e+00 -7.0335401657918135e+00 7.0277381999999996e-03 1.0166719000000000e-01
-4.7258137776497749e-01 -3.2909978755120022e+01 6.4714696486560885e-01 -2.3591198982732987e+01 -1.0087794760959304e+02 1.9327551019143985e+00 -2.1325879625751138e+00 -6.9684673101306887e+00 7.2927204000000001e-03 1.0882751000000000e-01
-4.6361146168749673e-01 -3.1737227513307548e+01 6.5008672682686841e-01 -2.0562405025555535e+01 -9.9444446298188637e+01 1.8354970768080030e+00 -1.9381784842072383e+00 -6.9015613407449230e+00 7.5564877000000004e-03 1.1625223000000000e-01
-4.5432381134820177e-01 -3.0636241804625755e+01 6.5313062165722091e-01 -1.7638111829922295e+01 -9.7976859535916532e+01 1.7428793161878202e+00 -1.7497497063390166e+00 -6.8328920060140952e+00 7.8186677999999999e-03 1.2393994999999999e-01
-4.4472055302960500e-01 -2.9602480017376394e+01 6.5627795249792253e-01 -1.4816332046356633e+01 -9.6477093519001144e+01 1.6546003701677359e+00 -1.5671463506420076e+00 -6.7625330204542333e+00 8.0788911000000008e-03 1.3188891000000000e-01
-4.3480428417909400e-01 -2.8631754661843960e+01 6.5952786807266706e-01 -1.2095236185386241e+01 -9.4947134596459946e+01 1.5703798318207154e+00 -1.3902261978550954e+00 -6.6905620357737794e+00 8.3367917000000003e-03 1.4009695999999999e-01
-4.2457802508432857e-01 -2.7720197635247651e+01 6.6287937852528434e-01 -9.4731063102267257e+00 -9.3389038842561064e+01 1.4899561001345598e+00 -1.2188578285316978e+00 -6.6170601175548418e+00 8.5920070000000005e-03 1.4856159999999999e-01
-4.1404524303554219e-01 -2.6864236718979736e+01 6.6633134750089118e-01 -6.9483197156364627e+00 -9.1804926750247063e+01 1.4130849892662605e+00 -1.0529192501102340e+00 -6.5421114364386748e+00 8.8441787999999997e-03 1.5727996000000000e-01
-4.0320982816324075e-01 -2.6060569868815495e+01 6.6988250006474037e-01 -4.5193207169663889e+00 -9.0196968734385493e+01 1.3395380766369134e+00 -8.9229622717738333e-01 -6.4658031448969613e+00 9.0929527999999999e-03 1.6624881999999999e-01
-3.9207609343820243e-01 -2.5306144347269541e+01 6.7353142270222133e-01 -2.1846030584077516e+00 -8.8567380659685313e+01 1.2691014967160406e+00 -7.3688112597669764e-01 -6.3882247685570182e+00 9.3379794999999995e-03 1.7546460999999999e-01
-3.8064876259032721e-01 -2.4598136976599204e+01 6.7727656727828367e-01 5.7308768998720679e-02 -8.6918412831502707e+01 1.2015745926912302e+00 -5.8657173696769127e-01 -6.3094680149109568e+00 9.5789143999999993e-03 1.8492342000000001e-01
-3.6893300635208881e-01 -2.3933938993397550e+01 6.8111623915916453e-01 2.2078660593312849e+00 -8.5252328410964353e+01 1.1367691614619151e+00 -4.4127082234552217e-01 -6.2296267030390657e+00 9.8154178999999998e-03 1.9462097000000000e-01
-3.5693438205278127e-01 -2.3311136777603156e+01 6.8504861700951070e-01 4.2685201007804485e+00 -8.3571482140440665e+01 1.0745080699040856e+00 -3.0088452885427663e-01 -6.1487960572300393e+00 1.0047156000000000e-02 2.0455266000000000e-01
-3.4465882153736843e-01 -2.2727497745899651e+01 6.8907175675180432e-01 6.2407310621553860e+00 -8.1878120755665421e+01 1.0146243591981579e+00 -1.6532166720039188e-01 -6.0670723661921881e+00 1.0273801000000001e-02 2.1471357999999999e-01
-3.3211269157223727e-01 -2.2180960598009971e+01 6.9318357176923873e-01 8.1259724773464868e+00 -8.0174574632418143e+01 9.5696076119252349e-01 -3.4493749192726408e-02 -5.9845530685817616e+00 1.0495031000000000e-02 2.2509846000000000e-01
-3.1930272135829391e-01 -2.1669619977284700e+01 6.9738185666226704e-01 9.9257375933247118e+00 -7.8463144815965848e+01 9.0136861035448657e-01 9.1686269574204060e-02 -5.9013360530382810e+00 1.0710529999999999e-02 2.3570173000000000e-01
-3.0623601461211430e-01 -2.1191717033438653e+01 7.0166428328917718e-01 1.1641554025845476e+01 -7.6746117214707837e+01 8.4770720673800004e-01 2.1330427497100093e-01 -5.8175194406080850e+00 1.0919989999999999e-02 2.4651751000000000e-01
-2.9292006164709478e-01 -2.0745629963269128e+01 7.0602839680666740e-01 1.3274980060874690e+01 -7.5025757114278662e+01 7.9584326344676937e-01 3.3044523617066790e-01 -5.7332014515554182e+00 1.1123108000000000e-02 2.5753959999999998e-01
-2.7936270313000022e-01 -2.0329864534293524e+01 7.1047162754812021e-01 1.4827613255137473e+01 -7.3304298407449934e+01 7.4565017520822741e-01 4.4319378231997369e-01 -5.6484797481050446e+00 1.1319591000000000e-02 2.6876150999999998e-01
-2.6557211799981345e-01 -1.9943045744042610e+01 7.1499129498302683e-01 1.6301092432067311e+01 -7.1583935843171787e+01 6.9700745245318330e-01 5.5163471499480266e-01 -5.5634514962067465e+00 1.1509152000000000e-02 2.8017647000000001e-01
-2.5155683554888597e-01 -1.9583911272040101e+01 7.1958460375756306e-01 1.7697099902580927e+01 -6.9866821212034978e+01 6.4980027309507704e-01 6.5585276485662325e-01 -5.4782128568850350e+00 1.1691511000000000e-02 2.9177742000000001e-01
-2.3732574750408819e-01 -1.9251305244853228e+01 7.2424863973516418e-01 1.9017353984590851e+01 -6.8155059254687984e+01 6.0391904778962113e-01 7.5593285750699302e-01 -5.3928589839352936e+00 1.1866398000000000e-02 3.0355700000000002e-01
-2.2288801137760483e-01 -1.8944170183545296e+01 7.2898040167192246e-01 2.0263623580081973e+01 -6.6450691673186228e+01 5.5925867396909135e-01 8.5196086889142442e-01 -5.3074833100466883e+00 1.2033550000000000e-02 3.1550762999999998e-01
-2.0825313503498888e-01 -1.8661543951164649e+01 7.3377677350061443e-01 2.1437715045247455e+01 -6.4755702663393777e+01 5.1571840756237253e-01 9.4402303566244616e-01 -5.2221777640344245e+00 1.2192715000000000e-02 3.2762143999999999e-01
-1.9343091628940895e-01 -1.8402553745044521e+01 7.3863454412782459e-01 2.2541475980787727e+01 -6.3072008066514009e+01 4.7320128412676898e-01 1.0322063528513674e+00 -5.1370323270091696e+00 1.2343646000000000e-02 3.3989032000000002e-01
-1.7843145498279950e-01 -1.8166412217761522e+01 7.4355040347451984e-01 2.3576791311652951e+01 -6.1401453187150437e+01 4.3161379214729212e-01 1.1165985734658832e+00 -5.0521349275887824e+00 1.2486109000000000e-02 3.5230591000000000e-01
-1.6326510466125843e-01 -1.7952413160312133e+01 7.4852095831374932e-01 2.4545583268191358e+01 -5.9745805845269935e+01 3.9086538574170016e-01 1.1972883708411750e+00 -4.9675710331414766e+00 1.2619877000000000e-02 3.6485963999999999e-01
-1.4794250881849891e-01 -1.7759928900736245e+01 7.5354272039236947e-01 2.5449805126775342e+01 -5.8106755453086031e+01 3.5086827767855233e-01 1.2743650621264444e+00 -4.8834237265104443e+00 1.2744734000000001e-02 3.7754270000000001e-01
-1.3247456465239771e-01 -1.7588407010679997e+01 7.5861211830931885e-01 2.6291439520463001e+01 -5.6485909782195876e+01 3.1153698615507441e-01 1.3479187458515183e+00 -4.7997734782828330e+00 1.2860473000000001e-02 3.9034606999999999e-01
-1.1687239890269363e-01 -1.7437367798430508e+01 7.6372550543446693e-01 2.7072495369220626e+01 -5.4884789818012045e+01 2.7278797186729831e-01 1.4180403443822402e+00 -4.7166978437771014e+00 1.2966896000000000e-02 4.0326054000000000e-01
-1.0114739201328882e-01 -1.7306402772873213e+01 7.6887915198976453e-01 2.7795001424053073e+01 -5.3304831812762018e+01 2.3453941947539603e-01 1.4848212038638837e+00 -4.6342715682183169e+00 1.3063819000000001e-02 4.1627669000000000e-01
-8.5311105645345275e-02 -1.7195172057294069e+01 7.7406926880579274e-01 2.8461007970782887e+01 -5.1747379237942823e+01 1.9671074378507392e-01 1.5483534601009821e+00 -4.5525661867255698e+00 1.3151064000000001e-02 4.2938494999999999e-01
-6.9375355164188135e-02 -1.7103404749972114e+01 7.7929198356521412e-01 2.9072572811491408e+01 -5.0213690198603487e+01 1.5922247642916909e-01 1.6087294927806479e+00 -4.4716503426130458e+00 1.3228465999999999e-02 4.4257553999999999e-01
-5.3352112990101008e-02 -1.7030896175208103e+01 7.8454337247817052e-01 2.9631766368100759e+01 -4.8704929172968860e+01 1.2199574522835677e-01 1.6660421726595822e+00 -4.3915892526588252e+00 1.3295871000000001e-02 4.5583855000000001e-01
-3.7253556922928310e-02 -1.6977509524864718e+01 7.8981944444458430e-01 3.0140662127402038e+01 -4.7222171375827195e+01 8.4952089220371563e-02 1.7203845117294720e+00 -4.3124451457342179e+00 1.3353135000000000e-02 4.6916390000000002e-01
-2.1092009736322193e-02 -1.6943174125723395e+01 7.9511616085128123e-01 3.0601334877026062e+01 -4.5766399327602002e+01 4.8013032120542753e-02 1.7718497109751703e+00 -4.2342765637646060e+00 1.3400123999999999e-02 4.8254139000000001e-01
-4.8799633400438136e-03 -1.6927887041187496e+01 8.0042942765314196e-01 3.1015852419355735e+01 -4.4338506807912104e+01 1.1099836935783980e-02 1.8205308946876371e+00 -4.1571391153011730e+00 1.3436718000000000e-02 4.9596067999999999e-01
1.1369969544639758e-02 -1.6931713394248970e+01 8.0575511121080023e-01 3.1386276581069779e+01 -4.2939296464904800e+01 -2.5866921578471591e-02 1.8665211003790692e+00 -4.0810846603400517e+00 1.3462807000000000e-02 5.0941133000000005e-01
2.7645007060351556e-02 -1.6954787793287817e+01 8.1108902245294423e-01 3.1714654675968074e+01 -4.1569486757600856e+01 -6.2967559232236403e-02 1.9099129596609181e+00 -4.0061620834635567e+00 1.3478291000000000e-02 5.2288276000000000e-01
4.3932306943962440e-02 -1.6997316051639633e+01 8.1642695251113884e-01 3.2003018314383610e+01 -4.0229705003973855e+01 -1.0028385722427202e-01 1.9507988354231203e+00 -3.9324166615608696e+00 1.3483083000000000e-02 5.3636434000000000e-01
6.0218906120836135e-02 -1.7059577878319850e+01 8.2176465292270195e-01 3.2253377430894325e+01 -3.8920496197309085e+01 -1.3789928639829685e-01 1.9892704724079406e+00 -3.8598904868430464e+00 1.3477108000000000e-02 5.4984533999999996e-01
7.6491744867131728e-02 -1.7141928827650979e+01 8.2709784354955418e-01 3.2467717344574602e+01 -3.7642323978998000e+01 -1.7589941674058929e-01 2.0254188975271892e+00 -3.7886223261993415e+00 1.3460300999999999e-02 5.6331494999999998e-01
9.2737703053254905e-02 -1.7244804872709860e+01 8.3242222445649261e-01 3.2647996377663709e+01 -3.6395571346231613e+01 -2.1437240052457762e-01 2.0593343819855896e+00 -3.7186477991774862e+00 1.3432611000000001e-02 5.7676231000000000e-01
1.0894362430615923e-01 -1.7368725346494802e+01 8.3773348383004043e-01 3.2796140195075800e+01 -3.5180542839684925e+01 -2.5340943757969769e-01 2.0911062614134481e+00 -3.6499992440340678e+00 1.3393997000000000e-02 5.9017653000000003e-01
1.2509627976589477e-01 -1.7514298371417997e+01 8.4302728610017263e-01 3.2914040432026511e+01 -3.3997471876718372e+01 -2.9310514780198771e-01 2.1208227692749873e+00 -3.5827060450034036e+00 1.3344429999999999e-02 6.0354666000000001e-01
1.4118241641021023e-01 -1.7682225761173431e+01 8.4829928777801489e-01 3.3003551637030000e+01 -3.2846517920554660e+01 -3.3355815520950727e-01 2.1485709878250723e+00 -3.5167945645523617e+00 1.3283893999999999e-02 6.1686173000000000e-01
1.5718880537915558e-01 -1.7873310077219600e+01 8.5354515329354230e-01 3.3066488062756029e+01 -3.1727773718026235e+01 -3.7487176773259023e-01 2.1744367465550289e+00 -3.4522880895247132e+00 1.3212384000000001e-02 6.3011079000000003e-01
1.7310216948817791e-01 -1.8088460853493839e+01 8.5876053123903107e-01 3.3104621754699657e+01 -3.0641268730775877e+01 -4.1715433862286666e-01 2.1985044589559664e+00 -3.3892074388777638e+00 1.3129907000000000e-02 6.4328284999999996e-01
1.8890926779617689e-01 -1.8328703520763113e+01 8.6394108208503162e-01 3.3119680189913289e+01 -2.9586970609843121e+01 -4.6052010711283975e-01 2.2208570287121563e+00 -3.3275700277213041e+00 1.3036481000000001e-02 6.5636695000000000e-01
2.0459690768665428e-01 -1.8595188938814893e+01 8.6908248213979289e-01 3.3113349594086706e+01 -2.8564788422779884e+01 -5.0508996328805178e-01 2.2415758467845306e+00 -3.2673914776481583e+00 1.2932137999999999e-02 6.6935217000000002e-01
2.2015190862426248e-01 -1.8889203252648596e+01 8.7418041167098881e-01 3.3087248575904354e+01 -2.7574579762414736e+01 -5.5099209047805142e-01 2.2607406173229427e+00 -3.2086844378455943e+00 1.2816919000000000e-02 6.8222760000000005e-01
2.3556117464170845e-01 -1.9212181020443019e+01 8.7923057866226584e-01 3.3042975589532290e+01 -2.6616150276362085e+01 -5.9836302705617950e-01 2.2784293003277409e+00 -3.1514592189649377e+00 1.2690879000000000e-02 6.9498240000000000e-01
2.5081167017745243e-01 -1.9565718372126859e+01 8.8422871089439381e-01 3.2982059517946666e+01 -2.5689260043318356e+01 -6.4734854803188646e-01 2.2947180448518321e+00 -3.0957239153685947e+00 1.2554085000000000e-02 7.0760577999999996e-01
2.6589043215685837e-01 -1.9951588554546543e+01 8.8917055990469085e-01 3.2905982625659533e+01 -2.4793627271016465e+01 -6.9810475386463755e-01 2.3096811675565556e+00 -3.0414845155024999e+00 1.2406611999999999e-02 7.2008700999999997e-01
2.8078463039794743e-01 -2.0371761027219033e+01 8.9405192078414630e-01 3.2816175099169946e+01 -2.3928929127519499e+01 -7.5079946131412323e-01 2.3233910516059657e+00 -2.9887448897191082e+00 1.2248551000000000e-02 7.3241546999999996e-01
2.9548153136794564e-01 -2.0828420616829288e+01 8.9886862029914727e-01 3.2714013236705810e+01 -2.3094808421540769e+01 -8.0561342764947574e-01 2.3359181197080336e+00 -2.9375070569013424e+00 1.2080001999999999e-02 7.4458062000000003e-01
3.0996852234558558e-01 -2.1323991072742050e+01 9.0361652481032728e-01 3.2600824729290558e+01 -2.2290876968755132e+01 -8.6274193861313309e-01 2.3473307799673360e+00 -2.8877712985817880e+00 1.1901076999999999e-02 7.5657202000000001e-01
3.2423313558340749e-01 -2.1861161754998694e+01 9.0829154819141633e-01 3.2477880641859912e+01 -2.1516716155006396e+01 -9.2239661256517735e-01 2.3576954066002194e+00 -2.8395362366462362e+00 1.1711898000000000e-02 7.6837935000000002e-01
3.3826308455121112e-01 -2.2442919621879824e+01 9.1288966370751456e-01 3.2346400112479792e+01 -2.0771882815764663e+01 -9.8480751396698407e-01 2.3670763284913088e+00 -2.7927989015981822e+00 1.1512599000000000e-02 7.7999244000000001e-01
3.5204620353030280e-01 -2.3072580874871790e+01 9.1740688421796868e-01 3.2207550928792337e+01 -2.0055914009045704e+01 -1.0502251184692657e+00 2.3755357547605391e+00 -2.7475550227641441e+00 1.1303326000000001e-02 7.9140122000000002e-01
3.6557056842500124e-01 -2.3753836187861765e+01 9.2183930177061946e-01 3.2062448095793997e+01 -1.9368325190577490e+01 -1.1189234112511031e+00 2.3831338380400009e+00 -2.7037989121243284e+00 1.1084235000000000e-02 8.0259581999999996e-01
3.7882438803228280e-01 -2.4490791782486873e+01 9.2618305196697870e-01 3.1912156244037430e+01 -1.8708620180958988e+01 -1.1912023512880174e+00 2.3899285893011317e+00 -2.6615239474861645e+00 1.0855490000000001e-02 8.1356647999999998e-01
3.9179611277213611e-01 -2.5288028367603680e+01 9.3043434959705196e-01 3.1757689005766412e+01 -1.8076286573782181e+01 -1.2673917584724346e+00 2.3959759230417497e+00 -2.6207223081409876e+00 1.0617270000000000e-02 8.2430364000000000e-01
4.0447441052526145e-01 -2.6150662456073995e+01 9.3458948072048931e-01 3.1600011358731884e+01 -1.7470805800431126e+01 -1.3478552233325818e+00 2.4013296140145535e+00 -2.5813853860790967e+00 1.0369760000000000e-02 8.3479791999999997e-01
4.1684817871422120e-01 -2.7084419979470219e+01 9.3864480662600935e-01 3.1440036865558241e+01 -1.6891650606806799e+01 -1.4329946663860735e+00 2.4060414601358691e+00 -2.5435033218780543e+00 1.0113159000000000e-02 8.4504013000000000e-01
4.2890655638459096e-01 -2.8095722910306179e+01 9.4259676779082457e-01 3.1278634139902028e+01 -1.6338290403854607e+01 -1.5232560673582463e+00 2.4101609895355405e+00 -2.5070662504234420e+00 9.8476710000000005e-03 8.5502127999999999e-01
4.4063892420495854e-01 -2.9191790259471958e+01 9.4644188388064077e-01 3.1116622059965717e+01 -1.5810194554598548e+01 -1.6191356089141014e+00 2.4137357656657206e+00 -2.4720632894019174e+00 9.5735140000000000e-03 8.6473257999999997e-01
4.5203496487267769e-01 -3.0380763980162641e+01 9.5017677354678121e-01 3.0954782822971030e+01 -1.5306828154274507e+01 -1.7211878384378738e+00 2.4168112708478171e+00 -2.4384830723098290e+00 9.2909130999999992e-03 8.7416548999999999e-01
4.6308460270811580e-01 -3.1671846772902224e+01 9.5379813462906216e-01 3.0793844125293692e+01 -1.4827666370512700e+01 -1.8300342108527063e+00 2.4194309625665049e+00 -2.4063139493020822e+00 9.0001030000000006e-03 8.8331166999999999e-01
4.7377807614155587e-01 -3.3075482148611201e+01 9.5730276791234215e-01 3.0634495236879147e+01 -1.4372185041343480e+01 -1.9463745858814652e+00 2.4216362690056257e+00 -2.3755438989184734e+00 8.7013270999999996e-03 8.9216304000000002e-01
4.8410590146974608e-01 -3.4603559092309020e+01 9.6068756524824706e-01 3.0477385244632323e+01 -1.3939869040556356e+01 -2.0710000179313512e+00 2.4234666388020636e+00 -2.3461607539937934e+00 8.3948374000000006e-03 9.0071175000000003e-01
4.9405893326165240e-01 -3.6269675168840656e+01 9.6394952935229372e-01 3.0323122103438532e+01 -1.3530211220405519e+01 -2.2048095665631173e+00 2.4249595216156017e+00 -2.3181521389312567e+00 8.0808944000000001e-03 9.0895022999999997e-01
5.0362831603385649e-01 -3.8089442647277245e+01 9.6708575796619178e-01 3.0172275940463599e+01 -1.3142716612666190e+01 -2.3488293321303195e+00 2.4261506012441103e+00 -2.2915057357737285e+00 7.7597663000000001e-03 9.1687114999999997e-01
5.1280553257515760e-01 -4.0080884289735536e+01 9.7009345969554128e-01 3.0025378963053587e+01 -1.2776902291409252e+01 -2.5042377127594162e+00 2.4270734278200075e+00 -2.2662092225152488e+00 7.4317293999999999e-03 9.2446746000000002e-01
5.2158241602772326e-01 -4.2264924475342951e+01 9.7296995796925856e-01 2.9882928143604701e+01 -1.2432299074569022e+01 -2.6723964159509999e+00 2.4277598460537169e+00 -2.2422504264674088e+00 7.0970672000000004e-03 9.3173240000000002e-01
5.2995112572478853e-01 -4.4666001326709043e+01 9.7571268312072579e-01 2.9745386023951102e+01 -1.2108454014452430e+01 -2.8548891539468082e+00 2.4282397911239793e+00 -2.2196171756502858e+00 6.7560703000000000e-03 9.3865947999999999e-01
5.3790420759640922e-01 -4.7312876768730199e+01 9.7831919218491548e-01 2.9613181723578229e+01 -1.1804929826722161e+01 -3.0535731899490002e+00 2.4285415491721367e+00 -2.1982977989017449e+00 6.4090362999999996e-03 9.4524253000000003e-01
5.4543452168255746e-01 -5.0239646965528749e+01 9.8078714514184129e-01 2.9486713408289688e+01 -1.1521309120587963e+01 -3.2706432274226573e+00 2.4286914173386580e+00 -2.1782809030598047e+00 6.0562691999999996e-03 9.5147563999999996e-01
5.5253536294462824e-01 -5.3487151992662639e+01 9.8311434451080593e-01 2.9366347763641816e+01 -1.1257191168415737e+01 -3.5087215578414823e+00 2.4287141110857204e+00 -2.1595552827948743e+00 5.6980790999999996e-03 9.5735325999999998e-01
5.5920034045393352e-01 -5.7104768989001123e+01 9.8529869575615325e-01 2.9252423382486153e+01 -1.1012197838537064e+01 -3.7709718242801431e+00 2.4286325588092468e+00 -2.1421103509435828e+00 5.3347821999999998e-03 9.6287009999999995e-01
5.6542349820320792e-01 -6.1152994678761878e+01 9.8733824688151595e-01 2.9145249981192279e+01 -1.0785970155843042e+01 -4.0612644130785318e+00 2.4284681650014157e+00 -2.1259358700504460e+00 4.9667000000000001e-03 9.6802122999999995e-01
5.7119923053855526e-01 -6.5706957009421217e+01 9.8923116071384243e-01 2.9045111118662252e+01 -1.0578172618671866e+01 -4.3844005814562363e+00 2.4282404687212535e+00 -2.1110222250456450e+00 4.5941591999999996e-03 9.7280200999999999e-01
5.7652237880865187e-01 -7.0861618538256991e+01 9.9097574657879406e-01 2.8952263715661562e+01 -1.0388490608434827e+01 -4.7464463652997715e+00 2.4279677797891708e+00 -2.0973602511792993e+00 4.2174915999999996e-03 9.7720817000000004e-01
5.8138813471554374e-01 -7.6739354729585060e+01 9.9257042862534817e-01 2.8866940784084413e+01 -1.0216634598466063e+01 -5.1552183252938724e+00 2.4276663866384518e+00 -2.0849415079661231e+00 3.8370333000000002e-03 9.8123572999999997e-01
5.8579213696385002e-01 -8.3501887588834052e+01 9.9401377750119502e-01 2.8789350839295611e+01 -1.0062337785577405e+01 -5.6210511037722730e+00 2.4273511859590484e+00 -2.0737581075527314e+00 3.4531249000000000e-03 9.8488107999999996e-01
5.8973043501731170e-01 -9.1369442246591376e+01 9.9530449847446423e-01 2.8719679471113299e+01 -9.9253578730702419e+00 -6.1580302674231771e+00 2.4270356255176857e+00 -2.0638028409697875e+00 3.0661112999999999e-03 9.8814095000000002e-01
5.9319946493648990e-01 -1.0065348453441641e+02 9.9644142351487508e-01 2.8658090563529225e+01 -9.8054786278008592e+00 -6.7861021304494056e+00 2.4267315911109151e+00 -2.0550692744634707e+00 2.6763420000000000e-03 9.9101238999999997e-01
5.9619612186567050e-01 -1.1181713019712886e+02 9.9742353505028469e-01 2.8604725891307229e+01 -9.7025078607280069e+00 -7.5349725990732246e+00 2.4264494777149301e+00 -2.0475516088695080e+00 2.2841723000000002e-03 9.9349282999999999e-01
5.9871773587056232e-01 -1.2559677251068653e+02 9.9824995804783878e-01 2.8559706166548903e+01 -9.6162788330847562e+00 -8.4519620184374400e+00 2.4261982081340898e+00 -2.0412447727962584e+00 1.8899688000000000e-03 9.9558005999999999e-01
6.0076205985714648e-01 -1.4328159771829161e+02 9.9891995605454686e-01 2.8523131907357453e+01 -9.5466509323420343e+00 -9.6200829876962928e+00 2.4259852524015724e+00 -2.0361444689224881e+00 1.4941295000000000e-03 9.9727222000000004e-01
6.0232743870778493e-01 -1.6750297999422509e+02 9.9943298662922753e-01 2.8495080881448235e+01 -9.4935043964978583e+00 -1.1209109017696571e+01 2.4258166207610254e+00 -2.0322467862333347e+00 1.0971916000000000e-03 9.9856794000000004e-01
6.0341326836494635e-01 -2.0546896917558249e+02 9.9978885180064703e-01 2.8475600271766424e+01 -9.4567250322948553e+00 -1.3684982098468549e+01 2.4256968250011322e+00 -2.0295470749178208e+00 7.0085733000000002e-04 9.9946672000000003e-01
