-5.8924196173152343e-01 -8.2834556368700089e+02 5.8924358767762608e-01 -9.1134832516614767e+02 -2.4745679633149797e+02 5.6171161464317649e+01 -6.1633645709122909e+01 -1.6284339321270409e+01 5.5301730000000003e-06 1.0230946000000001e-06
-5.8921968736117936e-01 -5.9465058446342766e+02 5.8925135132285400e-01 -6.7740956177819737e+02 -2.4743445940916553e+02 4.0789140721271615e+01 -4.6240220908982288e+01 -1.6283327511990432e+01 3.5894988000000002e-05 1.9923924999999999e-05
-5.8914980437071707e-01 -4.8636543499317207e+02 5.8927570876762292e-01 -5.6850468579079313e+02 -2.4736439069969950e+02 3.3655021406531212e+01 -3.9076897887891697e+01 -1.6280153460936027e+01 8.5619985000000003e-05 7.9222864999999994e-05
-5.8901145873098559e-01 -4.1550829633004804e+02 5.8932392860275717e-01 -4.9660089320531955e+02 -2.4722572455202510e+02 2.8978579544887772e+01 -3.4350810898446362e+01 -1.6273871530400875e+01 1.5173507999999999e-04 1.9661552000000001e-04
-5.8878639887057083e-01 -3.6310029420844774e+02 5.8940237234254977e-01 -4.4270089028314396e+02 -2.4700027704556530e+02 2.5510882729030762e+01 -3.0811910020075040e+01 -1.6263656836029881e+01 2.3255418000000001e-04 3.8758918999999998e-04
-5.8845802542643799e-01 -3.2179147395901231e+02 5.8951682563048335e-01 -3.9945376589969607e+02 -2.4667163500318932e+02 2.2768477140969956e+01 -2.7976450328420182e+01 -1.6248763558696908e+01 3.2689763000000001e-04 6.6622920000000002e-04
-5.8801095885729560e-01 -2.8794741350923516e+02 5.8967264894591220e-01 -3.6323503108161373e+02 -2.4622476887403303e+02 2.0512537678599017e+01 -2.5605838500218500e+01 -1.6228506939521321e+01 4.3385032000000002e-04 1.0455858000000000e-03
-5.8743079745910354e-01 -2.5949679466584070e+02 5.8987486194681615e-01 -3.3199056626580420e+02 -2.4564583953759484e+02 1.8607170364591820e+01 -2.3564767907209095e+01 -1.6202254040621696e+01 5.5265518999999999e-04 1.5378795000000000e-03
-5.8670396777980249e-01 -2.3514206272300254e+02 5.9012819560716567e-01 -3.0444502678809437e+02 -2.4492210017899794e+02 1.6967435340604133e+01 -2.1769137225748917e+01 -1.6169418785658049e+01 6.8265765000000004e-04 2.1546280000000000e-03
-5.8581762361125078e-01 -2.1401298952073881e+02 5.9043712742288978e-01 -2.7975386503672399e+02 -2.4404184807927498e+02 1.5536526086305138e+01 -2.0163158914482146e+01 -1.6129459250543540e+01 8.2327310000000005e-04 2.9067318999999999e-03
-5.8475957716562177e-01 -1.9549494827851530e+02 5.9080590540007527e-01 -2.5733056188078444e+02 -2.4299440880386518e+02 1.4274454745577417e+01 -1.8707994353387615e+01 -1.6081876427801088e+01 9.7396649000000004e-04 3.8045331000000002e-03
-5.8351824875403757e-01 -1.7913581243062640e+02 5.9123856559428323e-01 -2.3675269548982735e+02 -2.4177013856251114e+02 1.3151914088632992e+01 -1.7375578450485197e+01 -1.6026213837501096e+01 1.1342389000000000e-03 4.8578574999999999e-03
-5.8208263001779570e-01 -1.6459190861870522e+02 5.9173894492616219e-01 -2.1770731673224890e+02 -2.4036043851580263e+02 1.2146713584649735e+01 -1.6145027471094302e+01 -1.5962057688464013e+01 1.3036180000000001e-03 6.0760461999999999e-03
-5.8044225729457732e-01 -1.5159489098598195e+02 5.9231069046455309e-01 -1.9995736014988702e+02 -2.3875777713329833e+02 1.1241594899373350e+01 -1.5000432478120191e+01 -1.5889037433357069e+01 1.4816515000000000e-03 7.4679780999999997e-03
-5.7858719005214798e-01 -1.3993049716181335e+02 5.9295726694333839e-01 -1.8332003731165463e+02 -2.3695571419553764e+02 1.0422830468296947e+01 -1.3929440414879695e+01 -1.5806826479307079e+01 1.6679024999999999e-03 9.0420881999999994e-03
-5.7650799627512650e-01 -1.2942442837565156e+02 5.9368196185482758e-01 -1.6765244100498762e+02 -2.3494892806830748e+02 9.6792927183419710e+00 -1.2922309534606427e+01 -1.5715143047953088e+01 1.8619452999999999e-03 1.0806380000000001e-02
-5.7419573891239228e-01 -1.1993263824520422e+02 5.9448789017346049e-01 -1.5284159379276190e+02 -2.3273323916496608e+02 9.0018141251249997e+00 -1.1971257914583768e+01 -1.5613750976118252e+01 2.0633631000000000e-03 1.2768437000000001e-02
-5.7164196963110803e-01 -1.1133449535943127e+02 5.9537799653281842e-01 -1.3879743875599954e+02 -2.3030563546457017e+02 8.3827374126564074e+00 -1.1070004766918352e+01 -1.5502460626494027e+01 2.2717459999999998e-03 1.4935428000000001e-02
-5.6883871832819111e-01 -1.0352781428335439e+02 5.9635505888135987e-01 -1.2544771069988988e+02 -2.2766428728875127e+02 7.8155890183980095e+00 -1.0213435817489840e+01 -1.5381129459860546e+01 2.4866887000000002e-03 1.7314116000000001e-02
-5.6577849336601049e-01 -9.6425208154626517e+01 5.9742168840026966e-01 -1.1273417264343477e+02 -2.2480856640893123e+02 7.2948403454425303e+00 -9.3973587278796771e+00 -1.5249662814948470e+01 2.7077901999999999e-03 1.9910858000000000e-02
-5.6245426860903791e-01 -8.9951306897458110e+01 5.9858033402178334e-01 -1.0060971015836634e+02 -2.2173904486299011e+02 6.8157257708168917e+00 -8.6183148255976043e+00 -1.5108013915912677e+01 2.9346520999999999e-03 2.2731616000000000e-02
-5.5885949049476513e-01 -8.4040663423538376e+01 5.9983327996464697e-01 -8.9036165210326416e+01 -2.1845750532597879e+02 6.3741066709349541e+00 -7.8734394294191743e+00 -1.4956184487755388e+01 3.1668782999999998e-03 2.5781951000000001e-02
-5.5498807096278613e-01 -7.8636089942184825e+01 6.0118264819865741e-01 -7.7982583892649885e+01 -2.1496692981513834e+02 5.9663635583492747e+00 -7.1603494915049559e+00 -1.4794224461611394e+01 3.4040742000000001e-03 2.9067029000000001e-02
-5.5083438274085206e-01 -7.3687350438726511e+01 6.0263040008769042e-01 -6.7423835630474599e+01 -2.1127148312951184e+02 5.5893117674835260e+00 -6.4770558228760615e+00 -1.4622231562635886e+01 3.6458464000000000e-03 3.2591624999999999e-02
-5.4639326641578867e-01 -6.9150124804240107e+01 6.0417833392515874e-01 -5.7339526068020973e+01 -2.0737649730894299e+02 5.2401352038633053e+00 -5.8218941337714725e+00 -1.4440351061157259e+01 3.8918026000000000e-03 3.6360116999999997e-02
-5.4166002100560628e-01 -6.4985148840005806e+01 6.0582808822006751e-01 -4.7713070191538179e+01 -2.0328843372563483e+02 4.9163314796984094e+00 -5.1934670124532882e+00 -1.4248774584892921e+01 4.1415510999999999e-03 4.0376493999999999e-02
-5.3663040749495838e-01 -6.1157522882471127e+01 6.0758114046474354e-01 -3.8530956005014126e+01 -1.9901484543340479e+02 4.6156680691930942e+00 -4.5905980690696975e+00 -1.4047739159444323e+01 4.3947007000000003e-03 4.4644352999999998e-02
-5.3130064883514161e-01 -5.7636133728709169e+01 6.0943880713483523e-01 -2.9782122963480866e+01 -1.9456434114519516e+02 4.3361461844797393e+00 -4.0122935886137308e+00 -1.3837525761172994e+01 4.6508610999999997e-03 4.9166899000000000e-02
-5.2566742523015075e-01 -5.4393168141414755e+01 6.1140224533233978e-01 -2.1457430001617400e+01 -1.8994651017884385e+02 4.0759701254326792e+00 -3.4577097999478448e+00 -1.3618457595293924e+01 4.9096423000000002e-03 5.3946949000000001e-02
-5.1972788002911008e-01 -5.1403708938201277e+01 6.1347245073181944e-01 -1.3549223877548940e+01 -1.8517187568646543e+02 3.8335223399166978e+00 -2.9261267286506207e+00 -1.3390898244270719e+01 5.1706551000000002e-03 5.8986927000000001e-02
-5.1347960911989643e-01 -4.8645382411452772e+01 6.1565026127721256e-01 -6.0509448798844909e+00 -1.8025181408187720e+02 3.6073415549525749e+00 -2.4169242986891715e+00 -1.3155249139258835e+01 5.4335110000000002e-03 6.4288872999999996e-02
-5.0692067153551623e-01 -4.6098067260050847e+01 6.1793635348502252e-01 1.0431735842482863e+00 -1.7519848926219191e+02 3.3961049789740811e+00 -1.9295639313197774e+00 -1.2911947445316143e+01 5.6978226000000002e-03 6.9854434000000007e-02
-5.0004957766924230e-01 -4.3743633358967472e+01 6.2033124655188554e-01 7.7383992423249532e+00 -1.7002475352455707e+02 3.1986122558051275e+00 -1.4635710097334627e+00 -1.2661463094914613e+01 5.9632034000000004e-03 7.5684873999999999e-02
-4.9286529516704525e-01 -4.1565723425472648e+01 6.2283530030078704e-01 1.4039724005678126e+01 -1.6474407672570229e+02 3.0137722270716485e+00 -1.0185211792533231e+00 -1.2404295995566361e+01 6.2292681999999997e-03 8.1781068999999998e-02
-4.8536724421364830e-01 -3.9549558571849282e+01 6.2544871682408854e-01 1.9952067738919268e+01 -1.5937044300261419e+02 2.8405911258926446e+00 -5.9402779621055157e-01 -1.2140972892010881e+01 6.4956331999999999e-03 8.8143510999999994e-02
-4.7755529753252729e-01 -3.7681769874041301e+01 6.2817154048352808e-01 2.5480445349920135e+01 -1.5391825814951184e+02 2.6781623764433671e+00 -1.8973177519516160e-01 -1.1872044147670257e+01 6.7619166000000000e-03 9.4772308000000000e-02
-4.6942977331499264e-01 -3.5950250541107849e+01 6.3100366037476074e-01 3.0630110572177024e+01 -1.4840224680587966e+02 2.5256575803433607e+00 1.9470852564781074e-01 -1.1598080220267164e+01 7.0277381999999996e-03 1.0166719000000000e-01
-4.6099143404170306e-01 -3.4344023303743313e+01 6.3394481073811593e-01 3.5406671370529189e+01 -1.4283735332749995e+02 2.3823186358607105e+00 5.5962334461743990e-01 -1.1319668150409129e+01 7.2927204000000001e-03 1.0882751000000000e-01
-4.5224150298147403e-01 -3.2853131380023093e+01 6.3699456520800146e-01 3.9816170446335974e+01 -1.3723865273224075e+02 2.2474513441604769e+00 9.0533873426639044e-01 -1.1037408700765567e+01 7.5564877000000004e-03 1.1625223000000000e-01
-4.4318163001517452e-01 -3.1468529016113305e+01 6.4015234872485161e-01 4.3865178964359885e+01 -1.3162122923435930e+02 2.1204182236632323e+00 1.2321826797079096e+00 -1.0751911706485355e+01 7.8186677999999999e-03 1.2393994999999999e-01
-4.3381388927875375e-01 -3.0181992641853775e+01 6.4341743835664122e-01 4.7560843989069930e+01 -1.2600007745785268e+02 2.0006336040166941e+00 1.5404894881983897e+00 -1.0463792483144482e+01 8.0788911000000008e-03 1.3188891000000000e-01
-4.2414081451783181e-01 -2.8986045696746679e+01 6.4678895097618028e-01 5.0910910157851625e+01 -1.2039002983210948e+02 1.8875589992257717e+00 1.8306022190473543e+00 -1.0173669567931185e+01 8.3367917000000003e-03 1.4009695999999999e-01
-4.1416535194824577e-01 -2.7873880525286463e+01 6.5026585969138728e-01 5.3923758380133627e+01 -1.1480563607823159e+02 1.7806982628309997e+00 2.1028769920104891e+00 -9.8821597434551851e+00 8.5920070000000005e-03 1.4856159999999999e-01
-4.0389088382577676e-01 -2.6839298021640946e+01 6.5384698563015275e-01 5.6608399373983531e+01 -1.0926108800935990e+02 1.6795939457370102e+00 2.3576844649875772e+00 -9.5898755042547066e+00 8.8441787999999997e-03 1.5727996000000000e-01
-3.9332120487642308e-01 -2.5876648108717468e+01 6.5753100615547588e-01 5.8974482733449769e+01 -1.0377012589927160e+02 1.5838237048122257e+00 2.5954119216491214e+00 -9.2974211639778286e+00 9.0929527999999999e-03 1.6624881999999999e-01
-3.8246052229640015e-01 -2.4980779236684540e+01 6.6131645486546442e-01 6.1032261794903178e+01 -9.8345960258441437e+01 1.4929968821678234e+00 2.8164641055950428e+00 -9.0053898010830817e+00 9.3379794999999995e-03 1.7546460999999999e-01
-3.7131344396727739e-01 -2.4146991953369952e+01 6.6520172570090308e-01 6.2792575081073608e+01 -9.3001196942188699e+01 1.4067519369594983e+00 3.0212637968391562e+00 -8.7143601894874987e+00 9.5789143999999993e-03 1.8492342000000001e-01
-3.5988501381056792e-01 -2.3371000788007198e+01 6.6918506062254834e-01 6.4266802129740313e+01 -8.7747789666315242e+01 1.3247540330441576e+00 3.2102512957354539e+00 -8.4248946191939353e+00 9.8154178999999998e-03 1.9462097000000000e-01
-3.4818065286341227e-01 -2.2648892914733896e+01 6.7326457014897056e-01 6.5466819255908561e+01 -8.2596955298872501e+01 1.2466921925749617e+00 3.3838849622044154e+00 -8.1375356536427610e+00 1.0047156000000000e-02 2.0455266000000000e-01
-3.3620614749371458e-01 -2.1977095517294117e+01 6.7743823746412168e-01 6.6404952049016941e+01 -7.7559122968354444e+01 1.1722772983224172e+00 3.5426404867332324e+00 -7.8528028806796577e+00 1.0273801000000001e-02 2.1471357999999999e-01
-3.2396770832445959e-01 -2.1352349081307072e+01 6.8170389787949415e-01 6.7093916011404843e+01 -7.2643917670166573e+01 1.1012404974214101e+00 3.6870089419334562e+00 -7.5711927510174064e+00 1.0495031000000000e-02 2.2509846000000000e-01
-3.1147189952453258e-01 -2.0771678042218912e+01 6.8605926347953061e-01 6.7546745266617819e+01 -6.7860099375841799e+01 1.0333310682842269e+00 3.8174964021447462e+00 -7.2931750019722559e+00 1.0710529999999999e-02 2.3570173000000000e-01
-2.9872565059358253e-01 -2.0232366577115997e+01 6.9050191901405567e-01 6.7776736428851720e+01 -6.3215544247032668e+01 9.6831486900002650e-01 3.9346220895749835e+00 -7.0191915125894413e+00 1.0919989999999999e-02 2.4651751000000000e-01
-2.8573626814688563e-01 -1.9731938443512654e+01 6.9502931779070720e-01 6.7797377244913747e+01 -5.8717233694842498e+01 9.0597304051114225e-01 4.0389165202499022e+00 -6.7496553289748551e+00 1.1123108000000000e-02 2.5753959999999998e-01
-2.7251140056075523e-01 -1.9268136044062622e+01 6.9963879399764195e-01 6.7622270209020016e+01 -5.4371233347904081e+01 8.4610042455707302e-01 4.1309199879182952e+00 -6.4849489457603235e+00 1.1319591000000000e-02 2.6876150999999998e-01
-2.5905902618767829e-01 -1.8838902988241994e+01 7.0432756681110353e-01 6.7265076883837310e+01 -5.0182690683965042e+01 7.8850438676980517e-01 4.2111804539530073e+00 -6.2254232642883860e+00 1.1509152000000000e-02 2.8017647000000001e-01
-2.4538746514117910e-01 -1.8442369285922144e+01 7.0909273628785396e-01 6.6739439426271645e+01 -4.6155846817998281e+01 7.3300369123904896e-01 4.2802513681470913e+00 -5.9713977386144705e+00 1.1691511000000000e-02 2.9177742000000001e-01
-2.3150539108068224e-01 -1.8076837403361502e+01 7.1393127925760558e-01 6.6058917669681023e+01 -4.2294054802864451e+01 6.7942764261845812e-01 4.3386895841050910e+00 -5.7231600040559210e+00 1.1866398000000000e-02 3.0355700000000002e-01
-2.1742173693260608e-01 -1.7740767533481975e+01 7.1884008218356743e-01 6.5236919775292321e+01 -3.8599773011884459e+01 6.2761457586189651e-01 4.3870535654178351e+00 -5.4809644257580183e+00 1.2033550000000000e-02 3.1550762999999998e-01
-2.0314577738440592e-01 -1.7432768856473082e+01 7.2381591240946730e-01 6.4286644912340662e+01 -3.5074618397436815e+01 5.7741143752424540e-01 4.4259009164032843e+00 -5.2450338635756832e+00 1.2192715000000000e-02 3.2762143999999999e-01
-1.8868706996025764e-01 -1.7151588165153886e+01 7.2885543869739322e-01 6.3221022409184386e+01 -3.1719382641198145e+01 5.2867273501920475e-01 4.4557864725635605e+00 -5.0155591847303205e+00 1.2343646000000000e-02 3.3989032000000002e-01
-1.7405546680592071e-01 -1.6896101462350270e+01 7.3395522712022476e-01 6.2052658945418294e+01 -2.8534074500510869e+01 4.8125978099491096e-01 4.4772603159760811e+00 -4.7927001078596891e+00 1.2486109000000000e-02 3.5230591000000000e-01
-1.5926106754928498e-01 -1.6665305499361015e+01 7.3911175749190683e-01 6.0793785953118530e+01 -2.5517951082971084e+01 4.3503984472838564e-01 4.4908659263284045e+00 -4.5765853639272382e+00 1.2619877000000000e-02 3.6485963999999999e-01
-1.4431425465496062e-01 -1.6458311718730137e+01 7.4432141104474470e-01 5.9456217891570539e+01 -2.2669572728154943e+01 3.8988558678985918e-01 4.4971380580165530e+00 -4.3673144520464016e+00 1.2744734000000001e-02 3.7754270000000001e-01
-1.2922565806968822e-01 -1.6274339772510992e+01 7.4958048275210842e-01 5.8051312249963864e+01 -1.9986847136216525e+01 3.4567429628739799e-01 4.4966013472394470e+00 -4.1649582249295092e+00 1.2860473000000001e-02 3.9034606999999999e-01
-1.1400613165261181e-01 -1.6112712422593017e+01 7.5488518954357031e-01 5.6589930570026183e+01 -1.7467069472110072e+01 3.0228724029763987e-01 4.4897687810849316e+00 -3.9695599901374821e+00 1.2966896000000000e-02 4.0326054000000000e-01
-9.8666776745005902e-02 -1.5972851513791356e+01 7.6023166208976733e-01 5.5082415160499671e+01 -1.5106991669759195e+01 2.5960910892894473e-01 4.4771400596350102e+00 -3.7811372810132489e+00 1.3063819000000001e-02 4.1627669000000000e-01
-8.3218871461095301e-02 -1.5854273943866405e+01 7.6561596944781196e-01 5.3538558002719299e+01 -1.2902856509412501e+01 2.1752729534605708e-01 4.4592000375066894e+00 -3.5996825699101085e+00 1.3151064000000001e-02 4.2938494999999999e-01
-6.7673941397234816e-02 -1.5756589559481789e+01 7.7103409441588178e-01 5.1967591077662732e+01 -1.0850472720323372e+01 1.7593150125217105e-01 4.4364181808107883e+00 -3.4251657695298250e+00 1.3228465999999999e-02 4.4257553999999999e-01
-5.2043665353003088e-02 -1.5679498412880607e+01 7.7648196639376599e-01 5.0378163924434993e+01 -8.9452460352802756e+00 1.3471295291468932e-01 4.4092471311250092e+00 -3.2575348185628759e+00 1.3295871000000001e-02 4.5583855000000001e-01
-3.6339922470655761e-02 -1.5622789807757103e+01 7.8195544495259228e-01 4.8778341260299641e+01 -7.1822478996927002e+00 9.3764001049337908e-02 4.3781220147031696e+00 -3.0967179125230153e+00 1.3353135000000000e-02 4.6916390000000002e-01
-2.0574733310808280e-02 -1.5586341431118926e+01 7.8745034037266848e-01 4.7175595582410374e+01 -5.5562598780410228e+00 5.2977407318769876e-02 4.3434596575194266e+00 -2.9426250292141343e+00 1.3400123999999999e-02 4.8254139000000001e-01
-4.7602834221632806e-03 -1.5570119489551933e+01 7.9296240542834595e-01 4.5576807812506807e+01 -4.0618291347837188e+00 1.2245880688994237e-02 4.3056581652187873e+00 -2.7951492122454091e+00 1.3436718000000000e-02 4.9596067999999999e-01
1.1091123797943303e-02 -1.5574179498501941e+01 7.9848735181829278e-01 4.3988275607791870e+01 -2.6933138179596727e+00 -2.8538604021425162e-02 4.2650962074242171e+00 -2.6541686259223454e+00 1.3462807000000000e-02 5.0941133000000005e-01
2.6967019964088235e-02 -1.5598667740452800e+01 8.0402083373522026e-01 4.2415721554074359e+01 -1.4449354291760099e+00 -6.9485240347677335e-02 4.2221333341791096e+00 -2.5195483492769690e+00 1.3478291000000000e-02 5.2288276000000000e-01
4.2854877766532296e-02 -1.5643823677729975e+01 8.0955848483399828e-01 4.0864299333249214e+01 -3.1081565693631974e-01 -1.1070527871313374e-01 4.1771091762007879e+00 -2.3911412702928940e+00 1.3483083000000000e-02 5.3636434000000000e-01
5.8742052046901971e-02 -1.5709983061003634e+01 8.1509589769381341e-01 3.9338616280095415e+01 7.1497539936498555e-01 -1.5231244323072357e-01 4.1303438517422730e+00 -2.2687902641895583e+00 1.3477108000000000e-02 5.4984533999999996e-01
7.4615803367917621e-02 -1.5797581852513323e+01 8.2062863203330561e-01 3.7842750057218730e+01 1.6383815311922239e+00 -1.9442370246384921e-01 4.0821379793313088e+00 -2.1523295991607649e+00 1.3460300999999999e-02 5.6331494999999998e-01
9.0463333367982401e-02 -1.5907161352462346e+01 8.2615222703327318e-01 3.6380267463900594e+01 2.4653257048913804e+00 -2.3716000594236952e-01 4.0327728644555254e+00 -2.0415862195877561e+00 1.3432611000000001e-02 5.7676231000000000e-01
1.0627180833090966e-01 -1.6039374363703242e+01 8.3166220955180958e-01 3.4954245698686961e+01 3.2016771901820067e+00 -2.8064711280993992e-01 3.9825107267837594e+00 -1.9363812647950751e+00 1.3393997000000000e-02 5.9017653000000003e-01
1.2202832383133244e-01 -1.6194992013905260e+01 8.3715408180159812e-01 3.3567302173735449e+01 3.8532182442326577e+00 -3.2501627934571331e-01 3.9315952962296752e+00 -1.8365308796400965e+00 1.3344429999999999e-02 6.0354666000000001e-01
1.3771995187415742e-01 -1.6374912370732055e+01 8.4262333778018572e-01 3.2221616688305261e+01 4.4256213066329240e+00 -3.7040528311944487e-01 3.8802521702051340e+00 -1.7418488533572190e+00 1.3283893999999999e-02 6.1686173000000000e-01
1.5333378803401765e-01 -1.6580170862764181e+01 8.4806547970025559e-01 3.0918955011532397e+01 4.9244237715783354e+00 -4.1695949140270883e-01 3.8286892389492326e+00 -1.6521459667642358e+00 1.3212384000000001e-02 6.3011079000000003e-01
1.6885688074609284e-01 -1.6811950663598111e+01 8.5347599334421798e-01 2.9660703545431076e+01 5.3550055711937281e+00 -4.6483270431612411e-01 3.7770976045269213e+00 -1.5672323719407151e+00 1.3129907000000000e-02 6.4328284999999996e-01
1.8427631380015319e-01 -1.7071596826568861e+01 8.5885037681718779e-01 2.8447891256149642e+01 5.7225751556679549e+00 -5.1418855263182350e-01 3.7256519383159308e+00 -1.4869180429653386e+00 1.3036481000000001e-02 6.5636695000000000e-01
1.9957921812542156e-01 -1.7360631698188310e+01 8.6418414465455362e-01 2.7281217778931616e+01 6.0321518190572778e+00 -5.6520181371158984e-01 3.6745112689000456e+00 -1.4110136630400891e+00 1.2932137999999999e-02 6.6935217000000002e-01
2.1475273643598469e-01 -1.7680771707168716e+01 8.6947281549927213e-01 2.6161084127019070e+01 6.2885541529188087e+00 -6.1805973275707615e-01 3.6238197822705089e+00 -1.3393317249336139e+00 1.2816919000000000e-02 6.8222760000000005e-01
2.2978409393997257e-01 -1.8033948739333837e+01 8.7471193674727810e-01 2.5087616309720314e+01 6.4963925521568493e+00 -6.7296385238412293e-01 3.5737074368495612e+00 -1.2716869914867854e+00 1.2690879000000000e-02 6.9498240000000000e-01
2.4466057476983183e-01 -1.8422332777567060e+01 8.7989707633234837e-01 2.4060696020850852e+01 6.6600597023465644e+00 -7.3013174123094915e-01 3.5242908508457078e+00 -1.2078973235092656e+00 1.2554085000000000e-02 7.0760577999999996e-01
2.5936953376718963e-01 -1.8848358686330666e+01 8.8502382683366954e-01 2.3079979520507436e+01 6.7837274159522902e+00 -7.8979907080165146e-01 3.4756740550401837e+00 -1.1477842703361798e+00 1.2406611999999999e-02 7.2008700999999997e-01
2.7389845540716939e-01 -1.9314758524061912e+01 8.9008782601367964e-01 2.2144930006409886e+01 6.8713438131879139e+00 -8.5222201269520337e-01 3.4279491266069813e+00 -1.0911733605523442e+00 1.2248551000000000e-02 7.3241546999999996e-01
2.8823491844380178e-01 -1.9824595950403534e+01 8.9508474449536357e-01 2.1254837475487431e+01 6.9266322406508971e+00 -9.1767989203238221e-01 3.3811971336898323e+00 -1.0378947878622018e+00 1.2080001999999999e-02 7.4458062000000003e-01
3.0236661947975052e-01 -2.0381307933456213e+01 9.0001029397738908e-01 2.0408842438072515e+01 6.9530927099657962e+00 -9.8647812450581118e-01 3.3354888542879184e+00 -9.8778366071159363e-01 1.1901076999999999e-02 7.5657202000000001e-01
3.1628139653604004e-01 -2.0988752831224161e+01 9.0486023544924432e-01 1.9605957272917827e+01 6.9540040320847449e+00 -1.0589517501654804e+00 3.2908854675002592e+00 -9.4068032607308172e-01 1.1711898000000000e-02 7.6837935000000002e-01
3.2996726440664448e-01 -2.1651267241877996e+01 9.0963039151394209e-01 1.8845082778975812e+01 6.9324282763345284e+00 -1.1354694922563633e+00 3.2474392911562213e+00 -8.9643053310824239e-01 1.1512599000000000e-02 7.7999244000000001e-01
3.4341235573417195e-01 -2.2373727176692668e+01 9.1431662585017848e-01 1.8125037511758322e+01 6.8912156132144986e+00 -1.2164379339711275e+00 3.2051945979900740e+00 -8.5488471000694299e-01 1.1303326000000001e-02 7.9140122000000002e-01
3.5660503885849704e-01 -2.3161628840194187e+01 9.1891488428801582e-01 1.7444560856420289e+01 6.8330101311128413e+00 -1.3023073476469227e+00 3.1641880772572488e+00 -8.1590329745258894e-01 1.1084235000000000e-02 8.0259581999999996e-01
3.6953381175299160e-01 -2.4021170352287477e+01 9.2342115784076850e-01 1.6802340531574025e+01 6.7602572737206819e+00 -1.3935770618492618e+00 3.1244498268432510e+00 -7.7934623936166680e-01 1.0855490000000001e-02 8.1356647999999998e-01
3.8218740808829432e-01 -2.4959360493213921e+01 9.2783151967311728e-01 1.6197021945655745e+01 6.6752115672696064e+00 -1.4908031549317262e+00 3.0860036797687935e+00 -7.4508368974170913e-01 1.0617270000000000e-02 8.2430364000000000e-01
3.9455477366258385e-01 -2.5984138576219543e+01 9.3214211688597248e-01 1.5627223206635939e+01 6.5799441027193755e+00 -1.5946063504355386e+00 3.0488679332183168e+00 -7.1299064925966116e-01 1.0369760000000000e-02 8.3479791999999997e-01
4.0662507818644311e-01 -2.7104518654312979e+01 9.3634917462404288e-01 1.5091547549622080e+01 6.4763520101790730e+00 -1.7056819955385536e+00 3.0130559178108780e+00 -6.8294806254102125e-01 1.0113159000000000e-02 8.4504013000000000e-01
4.1838772706772132e-01 -2.8330760189317417e+01 9.4044900018340361e-01 1.4588594177281944e+01 6.3661672573390238e+00 -1.8248111731200929e+00 2.9785765318814263e+00 -6.5484277436827310e-01 9.8476710000000005e-03 8.5502127999999999e-01
4.2983236141153525e-01 -2.9674570403804491e+01 9.4443798301149673e-01 1.4116968598769619e+01 6.2509654975676945e+00 -1.9528740905846620e+00 2.9454347891719275e+00 -6.2856733053748048e-01 9.5735140000000000e-03 8.6473257999999997e-01
4.4094891694458493e-01 -3.1149353893454446e+01 9.4831261524497190e-01 1.3675289551232051e+01 6.1321751787355261e+00 -2.0908669889307561e+00 2.9136321520002784e+00 -6.0402008816545438e-01 9.2909130999999992e-03 8.7416548999999999e-01
4.5172756509083756e-01 -3.2770498314212588e+01 9.5206947117184559e-01 1.3262199304041550e+01 6.0110875431718274e+00 -2.2399203756082851e+00 2.8831671803712817e+00 -5.8110491431390776e-01 9.0001030000000006e-03 8.8331166999999999e-01
4.6215878368070762e-01 -3.4555737694986206e+01 9.5570523187691059e-01 1.2876368365992018e+01 5.8888649453258068e+00 -2.4013230691224599e+00 2.8540357785863897e+00 -5.5973113765397897e-01 8.7013270999999996e-03 8.9216304000000002e-01
4.7223332159646614e-01 -3.6525579154297347e+01 9.5921667291903134e-01 1.2516502552314734e+01 5.7665506070064341e+00 -2.5765498961001150e+00 2.8262316794302391e+00 -5.3981340363019981e-01 8.3948374000000006e-03 9.0071175000000003e-01
4.8194225769655807e-01 -3.8703843520869725e+01 9.6260068486898531e-01 1.2181346477324654e+01 5.6450767081115947e+00 -2.7672964899927748e+00 2.7997467620968788e+00 -5.2127170334042816e-01 8.0808944000000001e-03 9.0895022999999997e-01
4.9127695367614910e-01 -4.1118311346039604e+01 9.6585425687918980e-01 1.1869690010864597e+01 5.5252736197175780e+00 -2.9755212088847252e+00 2.7745714006036950e+00 -5.0403033552795629e-01 7.7597663000000001e-03 9.1687114999999997e-01
5.0022910120657837e-01 -4.3801548718551722e+01 9.6897449311397521e-01 1.1580368191516992e+01 5.4078776751064996e+00 -3.2034982127715228e+00 2.7506947531997112e+00 -4.8801888023369644e-01 7.4317293999999999e-03 9.2446746000000002e-01
5.0879073372022188e-01 -4.6791939739641002e+01 9.7195861685715346e-01 1.1312268903511832e+01 5.2935401973913434e+00 -3.4538825976735890e+00 2.7281050036362764e+00 -4.7317205721769290e-01 7.0970672000000004e-03 9.3173240000000002e-01
5.1695420284076665e-01 -5.0134984506483569e+01 9.7480396229688104e-01 1.1064330784008579e+01 5.1828329133368669e+00 -3.7297996412323497e+00 2.7067897417113258e+00 -4.5942837412354776e-01 6.7560703000000000e-03 9.3865947999999999e-01
5.2471223730752647e-01 -5.3885000606495602e+01 9.7750799506350128e-01 1.0835546319406587e+01 5.0762571984232387e+00 -4.0349417393566496e+00 2.6867359229307404e+00 -4.4673076438542708e-01 6.4090362999999996e-03 9.4524253000000003e-01
5.3205787226626200e-01 -5.8107277530116100e+01 9.8006828758413334e-01 1.0624964697377301e+01 4.9742504863311447e+00 -4.3737180890353944e+00 2.6679304831578081e+00 -4.3502657147302415e-01 6.0562691999999996e-03 9.5147563999999996e-01
5.3898456711781517e-01 -6.2881027808940367e+01 9.8248256015835689e-01 1.0431689923416887e+01 4.8771916377232127e+00 -4.7514383940336682e+00 2.6503601047379783e+00 -4.2426686834649557e-01 5.6980790999999996e-03 9.5735325999999998e-01
5.4548608766947415e-01 -6.8303203041611951e+01 9.8474863988252737e-01 1.0254884381222494e+01 4.7854086033363732e+00 -5.1745573849115178e+00 2.6340117430530312e+00 -4.1440671116867073e-01 5.3347821999999998e-03 9.6287009999999995e-01
5.5155662398360816e-01 -7.4493895149784791e+01 9.8686450172546025e-01 1.0093766444706556e+01 4.6991824560255822e+00 -5.6510223276650358e+00 2.6188724994496480e+00 -4.0540481525706867e-01 4.9667000000000001e-03 9.6802122999999995e-01
5.5719070788362346e-01 -8.1603726448274088e+01 9.8882823977545264e-01 9.9476130540944556e+00 4.6187535818588223e+00 -6.1907467065895663e+00 2.6049299745139050e+00 -3.9722336455470825e-01 4.5941591999999996e-03 9.7280200999999999e-01
5.6238330723287022e-01 -8.9824680678642139e+01 9.9063810010082931e-01 9.8157563537484904e+00 4.5443257820265428e+00 -6.8063084653291215e+00 2.5921721777147142e+00 -3.8982798301152438e-01 4.2174915999999996e-03 9.7720817000000004e-01
5.6712973165573521e-01 -9.9405890573938507e+01 9.9229244788939663e-01 9.6975873140223303e+00 4.4760715307823364e+00 -7.5139669985237720e+00 2.5805878729895269e+00 -3.8318763365552189e-01 3.8370333000000002e-03 9.8123572999999997e-01
5.7142572681655024e-01 -1.1067826582874245e+02 9.9378980030898922e-01 9.5925520788531404e+00 4.4141349086736490e+00 -8.3352573271477013e+00 2.5701664570311973e+00 -3.7727436903371525e-01 3.4531249000000000e-03 9.8488107999999996e-01
5.7526743906499977e-01 -1.2409389341206652e+02 9.9512881418476451e-01 9.5001530176819049e+00 4.3586356775828632e+00 -9.2995445761983380e+00 2.5608981423288721e+00 -3.7206329881414740e-01 3.0661112999999999e-03 9.8814095000000002e-01
5.7865139186639614e-01 -1.4029300778051126e+02 9.9630827778406617e-01 9.4199487060614882e+00 4.3096730058032557e+00 -1.0448378134302285e+01 2.5527741014948386e+00 -3.6753253000476022e-01 2.6763420000000000e-03 9.9101238999999997e-01
5.8157455651085888e-01 -1.6022684266634710e+02 9.9732713546183493e-01 9.3515518320110012e+00 4.2673273961654115e+00 -1.1843503113475546e+01 2.5457863523257034e+00 -3.6366297656679308e-01 2.2841723000000002e-03 9.9349282999999999e-01
5.8403432854358750e-01 -1.8540384123946012e+02 9.9818447944547062e-01 9.2946294019139533e+00 4.2316626570097213e+00 -1.3582953272240973e+01 2.5399278937026892e+00 -3.6043832124346531e-01 1.8899688000000000e-03 9.9558005999999999e-01
5.8602851597999972e-01 -2.1845335188663947e+02 9.9887954572726456e-01 9.2489025543709129e+00 4.2027297408057178e+00 -1.5837978220904843e+01 2.5351927702759292e+00 -3.5784496947373368e-01 1.4941295000000000e-03 9.9727222000000004e-01
5.8755550429381620e-01 -2.6471082363197775e+02 9.9941177157035632e-01 9.2141423362478072e+00 4.1805650970045836e+00 -1.8957095082786367e+01 2.5315757343368759e+00 -3.5587178346174053e-01 1.0971916000000000e-03 9.9856794000000004e-01
5.8861470424186979e-01 -3.3869530700902891e+02 9.9978095159632951e-01 9.1901596416155407e+00 4.1651857873484293e+00 -2.3891923566842227e+01 2.5290712165065230e+00 -3.5450946247187709e-01 7.0085733000000002e-04 9.9946672000000003e-01
