-5.7873417152786877e-01 -5.8579293039171398e+02 5.7873578672348602e-01 -6.3917253369160198e+02 -1.6593867480701945e+02 3.8975973803987117e+01 -4.2455303766580869e+01 -1.0815606937056797e+01 5.5301730000000003e-06 1.0230946000000001e-06
-5.7871229437025851e-01 -4.2903747277750540e+02 5.7874374897508085e-01 -4.8231586986357524e+02 -1.6592967415600984e+02 2.8757572770872368e+01 -3.2232207030364961e+01 -1.0815200486702739e+01 3.5894988000000002e-05 1.9923924999999999e-05
-5.7864365758398784e-01 -3.5631222478714051e+02 5.7876872952194558e-01 -4.0932977629975227e+02 -1.6590143828206610e+02 2.4014058541103271e+01 -2.7476519908339263e+01 -1.0813925389986197e+01 8.5619985000000003e-05 7.9222864999999994e-05
-5.7850777902408490e-01 -3.0861345008893829e+02 5.7881818289699405e-01 -3.6118504917747561e+02 -1.6584555166069589e+02 2.0899419785593945e+01 -2.4340964631540654e+01 -1.0811401512059096e+01 1.5173507999999999e-04 1.9661552000000001e-04
-5.7828673259439989e-01 -2.7321502492064440e+02 5.7889863335215164e-01 -3.2514363514385906e+02 -1.6575466764027860e+02 1.8584122934347413e+01 -2.1995364461880069e+01 -1.0807296815724108e+01 2.3255418000000001e-04 3.8758918999999998e-04
-5.7796421494378403e-01 -2.4519182964844626e+02 5.7901601453684370e-01 -2.9627590167478786e+02 -1.6562214103614147e+02 1.6747167985041123e+01 -2.0118437888319939e+01 -1.0801310379056902e+01 3.2689763000000001e-04 6.6622920000000002e-04
-5.7752512079008500e-01 -2.2211190763920712e+02 5.7917582405999413e-01 -2.7215013109771951e+02 -1.6544183796361636e+02 1.5230129692467035e+01 -1.8551690881465564e+01 -1.0793164904966954e+01 4.3385032000000002e-04 1.0455858000000000e-03
-5.7695530525089889e-01 -2.0259236835056163e+02 5.7938320999040105e-01 -2.5138695672374507e+02 -1.6520808999260515e+02 1.3942987848573649e+01 -1.7205180276972143e+01 -1.0782602718381758e+01 5.5265518999999999e-04 1.5378795000000000e-03
-5.7624143692581209e-01 -1.8576961827331277e+02 5.7964302432785775e-01 -2.3312867725535611e+02 -1.6491561952771025e+02 1.2829591991397583e+01 -1.6022964314182300e+01 -1.0769383488551478e+01 6.8265765000000004e-04 2.1546280000000000e-03
-5.7537089868958735e-01 -1.7106673654467633e+02 5.7995985910974535e-01 -2.1680601137561723e+02 -1.6455951853647753e+02 1.1852490629858131e+01 -1.4967880136713664e+01 -1.0753282853547665e+01 8.2327310000000005e-04 2.9067318999999999e-03
-5.7433172009587397e-01 -1.5807812678859423e+02 5.8033807101288859e-01 -2.0202230486738512e+02 -1.6413523378886620e+02 1.0985405521264342e+01 -1.4014003911435468e+01 -1.0734091607582675e+01 9.7396649000000004e-04 3.8045331000000002e-03
-5.7311252795320800e-01 -1.4650693475080186e+02 5.8078179934155560e-01 -1.8849061305972623e+02 -1.6363855966670175e+02 1.0209148898492082e+01 -1.3142552964770882e+01 -1.0711615274014374e+01 1.1342389000000000e-03 4.8578574999999999e-03
-5.7170251021192664e-01 -1.3612870979363564e+02 5.8129497917091499e-01 -1.7599710957712747e+02 -1.6306563602986219e+02 9.5092484857617361e+00 -1.2339500620786115e+01 -1.0685673877849636e+01 1.3036180000000001e-03 6.0760461999999999e-03
-5.7009138980533003e-01 -1.2676912931482741e+02 5.8188135086761672e-01 -1.6437861017525461e+02 -1.6241295000596222e+02 8.8745046698974157e+00 -1.1594113415418621e+01 -1.0656101916275478e+01 1.4816515000000000e-03 7.4679780999999997e-03
-5.6826940346796695e-01 -1.1828971238121721e+02 5.8254446779893510e-01 -1.5350812504287802e+02 -1.6167733319633774e+02 8.2960396059480050e+00 -1.0898010116424755e+01 -1.0622748395436613e+01 1.6679024999999999e-03 9.0420881999999994e-03
-5.6622728738299832e-01 -1.1057833223263989e+02 5.8328770155645082e-01 -1.4328524221401457e+02 -1.6085599127602069e+02 7.7666895483481584e+00 -1.0244536164269061e+01 -1.0585476974793998e+01 1.8619452999999999e-03 1.0806380000000001e-02
-5.6395626387128361e-01 -1.0354269729909257e+02 5.8411424680059343e-01 -1.3362950038912231e+02 -1.5994647234613791e+02 7.2805758146212431e+00 -9.6283290841877456e+00 -1.0544166095244767e+01 2.0633631000000000e-03 1.2768437000000001e-02
-5.6144803525678655e-01 -9.7105771827572624e+01 5.8502712349334496e-01 -1.2447572406654086e+02 -1.5894669815065305e+02 6.8328056782683593e+00 -9.0450277555423657e+00 -1.0498709215616287e+01 2.2717459999999998e-03 1.4935428000000001e-02
-5.5869477356508568e-01 -9.1202467066376713e+01 5.8602918064749454e-01 -1.1577062509340396e+02 -1.5785496203160389e+02 6.4192554324569908e+00 -8.4910332374892636e+00 -1.0449014928686930e+01 2.4866887000000002e-03 1.7314116000000001e-02
-5.5568912075486809e-01 -8.5777155704432147e+01 5.8712309624238568e-01 -1.0747032028007710e+02 -1.5666993580151049e+02 6.0364121656089873e+00 -7.9633601631338236e+00 -1.0395007225989255e+01 2.7077901999999999e-03 1.9910858000000000e-02
-5.5242417598575222e-01 -8.0781947376641739e+01 5.8831138185782772e-01 -9.9538424685839743e+01 -1.5539067009204604e+02 5.6812532672209004e+00 -7.4595101152395804e+00 -1.0336625484983658e+01 2.9346520999999999e-03 2.2731616000000000e-02
-5.4889350256311142e-01 -7.6175189546514900e+01 5.8959638014650739e-01 -9.1944637674285303e+01 -1.5401660101113387e+02 5.3511569422230805e+00 -6.9773803365630247e+00 -1.0273824751708785e+01 3.1668782999999998e-03 2.5781951000000001e-02
-5.4509112099325052e-01 -7.1920441147161753e+01 5.9098026736157694e-01 -8.4663611520878149e+01 -1.5254754972787453e+02 5.0438312757446875e+00 -6.5151906237722619e+00 -1.0206575745143908e+01 3.4040742000000001e-03 2.9067029000000001e-02
-5.4101150435352208e-01 -6.7985608741669893e+01 5.9246505504171265e-01 -7.7674064642698440e+01 -1.5098372120020082e+02 4.7572590777209030e+00 -6.0714264454634845e+00 -1.0134864794314364e+01 3.6458464000000000e-03 3.2591624999999999e-02
-5.3664958523715156e-01 -6.4342281423150780e+01 5.9405258748352741e-01 -7.0958093011439516e+01 -1.4932570565760506e+02 4.4896548744512854e+00 -5.6447945652503284e+00 -1.0058694092316479e+01 3.8918026000000000e-03 3.6360116999999997e-02
-5.3200074649347073e-01 -6.0965179817017201e+01 5.9574454511168695e-01 -6.4500585527824470e+01 -1.4757447203655647e+02 4.2394293185473915e+00 -5.2341862118922293e+00 -9.9780809831640180e+00 4.1415510999999999e-03 4.0376493999999999e-02
-5.2706082470033055e-01 -5.7831719414561135e+01 5.9754244321511696e-01 -5.8288768395592271e+01 -1.4573136443681508e+02 4.0051611156892006e+00 -4.8386476376974290e+00 -9.8930586036187602e+00 4.3947007000000003e-03 4.4644352999999998e-02
-5.2182611016410085e-01 -5.4921648211824191e+01 5.9944763194700212e-01 -5.2311824515757856e+01 -1.4379809534731498e+02 3.7855738283012799e+00 -4.4573561698745854e+00 -9.8036752011763308e+00 4.6508610999999997e-03 4.9166899000000000e-02
-5.1629334228978740e-01 -5.2216743281448259e+01 6.0146129800984538e-01 -4.6560565900339192e+01 -1.4177673538190407e+02 3.5795165326224709e+00 -4.0895997302016678e+00 -9.7099939170812402e+00 4.9096423000000002e-03 5.3946949000000001e-02
-5.1045971536838564e-01 -4.9700563555165004e+01 6.0358446254914444e-01 -4.1027176571002514e+01 -1.3966970491192413e+02 3.3859480918989182e+00 -3.7347605687240648e+00 -9.6120924591473074e+00 5.1706551000000002e-03 5.8986927000000001e-02
-5.0432286815964411e-01 -4.7358232339841244e+01 6.0581798494477368e-01 -3.5704973233660205e+01 -1.3747975806118583e+02 3.2039234243686772e+00 -3.3923005130170867e+00 -9.5100629117288200e+00 5.4335110000000002e-03 6.4288872999999996e-02
-4.9788089430930121e-01 -4.5176262551866522e+01 6.0816255901960226e-01 -3.0588226916831150e+01 -1.3520997248294177e+02 3.0325824949562352e+00 -3.0617497183629090e+00 -9.4040108924432584e+00 5.6978226000000002e-03 6.9854434000000007e-02
-4.9113233077437751e-01 -4.3142397848581730e+01 6.1061871725214045e-01 -2.5671986234757423e+01 -1.3286372966926621e+02 2.8711404905107791e+00 -2.7426958535719761e+00 -9.2940552250546506e+00 5.9632034000000004e-03 7.5684873999999999e-02
-4.8407616361052980e-01 -4.1245482782972395e+01 6.1318682867021657e-01 -2.0951940963485363e+01 -1.3044469961651808e+02 2.7188794722466367e+00 -2.4347757861119850e+00 -9.1803273874228584e+00 6.2292681999999997e-03 8.1781068999999998e-02
-4.7671182334216800e-01 -3.9475346355768202e+01 6.1586710053603566e-01 -1.6424297330352168e+01 -1.2795682090295047e+02 2.5751414104654038e+00 -2.1376678165623924e+00 -9.0629707708800709e+00 6.4956331999999999e-03 8.8143510999999994e-02
-4.6903918496245539e-01 -3.7822702139982205e+01 6.1865957834617935e-01 -1.2085672398576692e+01 -1.2540428016577361e+02 2.4393218936571692e+00 -1.8510852780460689e+00 -8.9421400673041891e+00 6.7619166000000000e-03 9.4772308000000000e-02
-4.6105856098848397e-01 -3.6279059565229183e+01 6.2156414835919360e-01 -7.9329985571046198e+00 -1.2279148939565890e+02 2.3108646769608598e+00 -1.5747706623587827e+00 -8.8180003973049264e+00 7.0277381999999996e-03 1.0166719000000000e-01
-4.5277070030380406e-01 -3.4836647163798709e+01 6.2458053801685365e-01 -3.9634440148016021e+00 -1.2012306277788127e+02 2.1892569807111433e+00 -1.3084907602464748e+00 -8.6907267291737238e+00 7.2927204000000001e-03 1.0882751000000000e-01
-4.4417680436301421e-01 -3.3488347077592003e+01 6.2770831004645877e-01 -1.7435203852492556e-01 -1.1740379912335611e+02 2.0740255800732332e+00 -1.0520329714268075e+00 -8.5605026648406479e+00 7.5564877000000004e-03 1.1625223000000000e-01
-4.3527849362511045e-01 -3.2227629982233935e+01 6.3094687467750687e-01 3.4368340323272841e+00 -1.1463863862910679e+02 1.9647326597418222e+00 -8.0520052569822154e-01 -8.4275200761772417e+00 7.8186677999999999e-03 1.2393994999999999e-01
-4.2607780523854488e-01 -3.1048501388673458e+01 6.3429549048422407e-01 6.8726249399158252e+00 -1.1183267234455018e+02 1.8609726301558320e+00 -5.6780934970313546e-01 -8.2919775888498659e+00 8.0788911000000008e-03 1.3188891000000000e-01
-4.1657722776534722e-01 -2.9945459335556190e+01 6.3775325174762532e-01 1.0135497111157111e+01 -1.0899107724617863e+02 1.7623696402254210e+00 -3.3968627475918917e-01 -8.1540803887469675e+00 8.3367917000000003e-03 1.4009695999999999e-01
-4.0677965488229612e-01 -2.8913445495113692e+01 6.4131910530609970e-01 1.3227982341799894e+01 -1.0611911080400890e+02 1.6685744680609118e+00 -1.2066530773404149e-01 -8.0140386626981410e+00 8.5920070000000005e-03 1.4856159999999999e-01
-3.9668840853033338e-01 -2.7947810003074387e+01 6.4499184213011840e-01 1.6152655238342327e+01 -1.0322208561783954e+02 1.5792624702961953e+00 8.9413773385739026e-02 -7.8720669066081523e+00 8.8441787999999997e-03 1.5727996000000000e-01
-3.8630721576514998e-01 -2.7044274947858927e+01 6.4877010574752658e-01 1.8912182885703643e+01 -1.0030533707297826e+02 1.4941312931946626e+00 2.9070771932926276e-01 -7.7283832695342385e+00 9.0929527999999999e-03 1.6624881999999999e-01
-3.7564020875718585e-01 -2.6198903763358079e+01 6.5265239224354454e-01 2.1509340974840836e+01 -9.7374200077383307e+01 1.4128990174674134e+00 4.8337135504878426e-01 -7.5832078134790848e+00 9.3379794999999995e-03 1.7546460999999999e-01
-3.6469191321692268e-01 -2.5408072827915316e+01 6.5663705447341303e-01 2.3947031556425902e+01 -9.4433982254765098e+01 1.3353023948100857e+00 6.6755869156806558e-01 -7.4367620860823420e+00 9.5789143999999993e-03 1.8492342000000001e-01
-3.5346728311900566e-01 -2.4668448729442122e+01 6.6072228942445443e-01 2.6228286844324337e+01 -9.1489950093972610e+01 1.2610955580674528e+00 8.4342393348537348e-01 -7.2892685751994977e+00 9.8154178999999998e-03 1.9462097000000000e-01
-3.4197164282870740e-01 -2.3976961513565549e+01 6.6490615927930530e-01 2.8356290821128937e+01 -8.8547291587287148e+01 1.1900482025207197e+00 1.0111228802066834e+00 -7.1409490855726201e+00 1.0047156000000000e-02 2.0455266000000000e-01
-3.3021067552722122e-01 -2.3330784122715205e+01 6.6918659562856231e-01 3.0334382847611664e+01 -8.5611092865125300e+01 1.1219442985562711e+00 1.1708140998081382e+00 -6.9920238171647284e+00 1.0273801000000001e-02 2.1471357999999999e-01
-3.1819048108519649e-01 -2.2727317224787754e+01 6.7356137840754993e-01 3.2166048973810511e+01 -8.2686333082342870e+01 1.0565812792306510e+00 1.3226581075537402e+00 -6.8427113289971562e+00 1.0495031000000000e-02 2.2509846000000000e-01
-3.0591750661449607e-01 -2.2164168523415270e+01 6.7802816117219966e-01 3.3854932369560203e+01 -7.9777848277889333e+01 9.9376856022556304e-01 1.4668190598866777e+00 -6.6932269669262938e+00 1.0710529999999999e-02 2.3570173000000000e-01
-2.9339855804290332e-01 -2.1639138473505472e+01 6.8258446688640328e-01 3.5404826314821030e+01 -7.6890317890111746e+01 9.3332666064684877e-01 1.6034647386759890e+00 -6.5437821032952641e+00 1.0919989999999999e-02 2.4651751000000000e-01
-2.8064081168882932e-01 -2.1150207056119093e+01 6.8722768370936627e-01 3.6819666411039869e+01 -7.4028251470717649e+01 8.7508635395612544e-01 1.7327664468278727e+00 -6.3945840979622623e+00 1.1123108000000000e-02 2.5753959999999998e-01
-2.6765177953719138e-01 -2.0695519858061754e+01 6.9195507763354736e-01 3.8103526362803969e+01 -7.1195966894809757e+01 8.1888768670446910e-01 1.8548995501472356e+00 -6.2458347384307329e+00 1.1319591000000000e-02 2.6876150999999998e-01
-2.5443929766470613e-01 -2.0273376672135907e+01 6.9676379669730470e-01 3.9260608710709356e+01 -6.8397575453079398e+01 7.6457914545465133e-01 1.9700433664104076e+00 -6.0977299483418781e+00 1.1509152000000000e-02 2.8017647000000001e-01
-2.4101153781459650e-01 -1.9882221807655704e+01 7.0165086677224986e-01 4.0295231166345573e+01 -6.5636974374328673e+01 7.1201705267705784e-01 2.0783809411631067e+00 -5.9504592675900208e+00 1.1691511000000000e-02 2.9177742000000001e-01
-2.2737701897129875e-01 -1.9520635105900283e+01 7.0661318735060108e-01 4.1211814152460711e+01 -6.2917839344483056e+01 6.6106490797540984e-01 2.1800987239892979e+00 -5.8042055691027441e+00 1.1866398000000000e-02 3.0355700000000002e-01
-2.1354451476280589e-01 -1.9187321221362783e+01 7.1164756524635453e-01 4.2014873255000019e+01 -6.0243598448376531e+01 6.1159243541324548e-01 2.2753869917283787e+00 -5.6591436656523424e+00 1.2033550000000000e-02 3.1550762999999998e-01
-1.9952313448361697e-01 -1.8881104574738075e+01 7.1675068510676010e-01 4.2708998447089328e+01 -5.7617445957077841e+01 5.6347531967058662e-01 2.3644388629097266e+00 -5.5154408829490640e+00 1.2192715000000000e-02 3.2762143999999999e-01
-1.8532226522120193e-01 -1.8600921165751135e+01 7.2191913047555267e-01 4.3298842929240621e+01 -5.5042320689057448e+01 5.1659445157590977e-01 2.4474503210039891e+00 -5.3732561668175824e+00 1.2343646000000000e-02 3.3989032000000002e-01
-1.7095158343070871e-01 -1.8345812371835265e+01 7.2714937958030601e-01 4.3789107611966507e+01 -5.2520913606099334e+01 4.7083545980054087e-01 2.5246197173317548e+00 -5.2327399893114031e+00 1.2486109000000000e-02 3.5230591000000000e-01
-1.5642100863613440e-01 -1.8114922314860419e+01 7.3243782218301878e-01 4.4184523790274220e+01 -5.0055653276677354e+01 4.2608807633591894e-01 2.5961475471020288e+00 -5.0940337726352496e+00 1.2619877000000000e-02 3.6485963999999999e-01
-1.4174073815444699e-01 -1.7907487188244744e+01 7.3778074694217510e-01 4.4489842173746759e+01 -4.7648716435343310e+01 3.8224581093844323e-01 2.6622357487485027e+00 -4.9572700768092375e+00 1.2744734000000001e-02 3.7754270000000001e-01
-1.2692121237146387e-01 -1.7722837527548961e+01 7.4317435405068355e-01 4.4709812552845086e+01 -4.5302022258243468e+01 3.3920536474667518e-01 2.7230874308330293e+00 -4.8225723053961778e+00 1.2860473000000001e-02 3.9034606999999999e-01
-1.1197309159243751e-01 -1.7560391232531256e+01 7.4861476366117041e-01 4.4849171762968254e+01 -4.3017242820227878e+01 2.9686616776496588e-01 2.7789064251770998e+00 -4.6900544635372867e+00 1.2966896000000000e-02 4.0326054000000000e-01
-9.6907279191469964e-02 -1.7419651682721756e+01 7.5409800746068667e-01 4.4912627987418880e+01 -4.0795788168182618e+01 2.5513002370652549e-01 2.8298966773669045e+00 -4.5598214470248797e+00 1.3063819000000001e-02 4.1627669000000000e-01
-8.1734852163269811e-02 -1.7300204833912154e+01 7.5962005394658649e-01 4.4904846597603353e+01 -3.8638828534540494e+01 2.1390051887457895e-01 2.8762619790061548e+00 -4.4319684738625078e+00 1.3151064000000001e-02 4.2938494999999999e-01
-6.6467130571395194e-02 -1.7201718179836003e+01 7.6517678315064930e-01 4.4830436541745073e+01 -3.6547298715655714e+01 1.7308281629159294e-01 2.9182052377098975e+00 -4.3065821305975138e+00 1.3228465999999999e-02 4.4257553999999999e-01
-5.1115584950596649e-02 -1.7123938692856779e+01 7.7076402034024993e-01 4.4693937831594226e+01 -3.4521896472086006e+01 1.3258301140092377e-01 2.9559282889400280e+00 -4.1837393931461788e+00 1.3295871000000001e-02 4.5583855000000001e-01
-3.5691882605645708e-02 -1.7066692545623404e+01 7.7637751916777453e-01 4.4499808165059818e+01 -3.2563098648156455e+01 9.2307868780292623e-02 2.9896312242455476e+00 -4.0635085657418877e+00 1.3353135000000000e-02 4.6916390000000002e-01
-2.0207829737799332e-02 -1.7029884670410624e+01 7.8201298273385134e-01 4.4252413551400060e+01 -3.0671164244083059e+01 5.2164275201967869e-02 3.0195121396912250e+00 -3.9459487898256720e+00 1.3400123999999999e-02 4.8254139000000001e-01
-4.6753945942138442e-03 -1.7013499203860388e+01 7.8766605516205856e-01 4.3956016639933644e+01 -2.8846148222538147e+01 1.2058911432990538e-02 3.0457666218725210e+00 -3.8311109570952460e+00 1.3436718000000000e-02 4.9596067999999999e-01
1.0893338830883059e-02 -1.7017600339871731e+01 7.9333233844951012e-01 4.3614767033031612e+01 -2.7087908722824732e+01 -2.8102303150783770e-02 3.0685874080963287e+00 -3.7190374297982554e+00 1.3462807000000000e-02 5.0941133000000005e-01
2.6486124497363983e-02 -1.7042333787159226e+01 7.9900737561626967e-01 4.3232694254878162e+01 -2.5396123515175120e+01 -6.8414477795199602e-02 3.0881638913859693e+00 -3.6097627669123211e+00 1.3478291000000000e-02 5.2288276000000000e-01
4.2090658491566346e-02 -1.7087928888018290e+01 8.0468668861916848e-01 4.2813698208454227e+01 -2.3770292117623079e+01 -1.0897449112568980e-01 3.1046820247412446e+00 -3.5033134760642395e+00 1.3483083000000000e-02 5.3636434000000000e-01
5.7694521152755862e-02 -1.7154701371058838e+01 8.1036575728857363e-01 4.2361544256783709e+01 -2.2209754134800843e+01 -1.4988125739037272e-01 3.1183237858286832e+00 -3.3997087665908472e+00 1.3477108000000000e-02 5.4984533999999996e-01
7.3285200222542035e-02 -1.7243056644098012e+01 8.1604002775368056e-01 4.1879857730590956e+01 -2.0713700940378967e+01 -1.9123631551090692e-01 3.1292669657035899e+00 -3.2989608471128227e+00 1.3460300999999999e-02 5.6331494999999998e-01
8.8850125568998184e-02 -1.7353494101894555e+01 8.2170492508045256e-01 4.1372118220758836e+01 -1.9281184750149013e+01 -2.3314440104851830e-01 3.1376849763911521e+00 -3.2010751325584561e+00 1.3432611000000001e-02 5.7676231000000000e-01
1.0437669233607660e-01 -1.7486612186476030e+01 8.2735586169691333e-01 4.0841656777834274e+01 -1.7911130241002738e+01 -2.7571407601417441e-01 3.1437464979433987e+00 -3.1060505729630896e+00 1.3393997000000000e-02 5.9017653000000003e-01
1.1985222621948677e-01 -1.7643113954609642e+01 8.3298822475520828e-01 4.0291653853653436e+01 -1.6602350287831118e+01 -3.1905821948929636e-01 3.1476153834444638e+00 -3.0138803511602652e+00 1.3344429999999999e-02 6.0354666000000001e-01
1.3526402976552387e-01 -1.7823814051107842e+01 8.3859739298218972e-01 3.9725136761321920e+01 -1.5353555121409581e+01 -3.6329479337490123e-01 3.1494504439104118e+00 -2.9245519913836500e+00 1.3283893999999999e-02 6.1686173000000000e-01
1.5059942866989751e-01 -1.8029647138371814e+01 8.4417875353000293e-01 3.9144977640394742e+01 -1.4163361483294446e+01 -4.0854767441751516e-01 3.1494053148107044e+00 -2.8380476447830798e+00 1.3212384000000001e-02 6.3011079000000003e-01
1.6584570232948870e-01 -1.8261675947551943e+01 8.4972767670020732e-01 3.8553896641793010e+01 -1.3030310179331236e+01 -4.5494722201500060e-01 3.1476283484524417e+00 -2.7543449123953221e+00 1.3129907000000000e-02 6.4328284999999996e-01
1.8099016486530006e-01 -1.8521102660048889e+01 8.5523954543230163e-01 3.7954459854879424e+01 -1.1952872331606127e+01 -5.0263132456908699e-01 3.1442625214382471e+00 -2.6734168465446007e+00 1.3036481000000001e-02 6.5636695000000000e-01
1.9602017669716210e-01 -1.8809280899759987e+01 8.6070975951637063e-01 3.7349081260522382e+01 -1.0929459469553382e+01 -5.5174640186419766e-01 3.1394453925026098e+00 -2.5952323974671603e+00 1.2932137999999999e-02 6.6935217000000002e-01
2.1092310981961315e-01 -1.9127728638521148e+01 8.6613372295514512e-01 3.6740025611607763e+01 -9.9584378211143054e+00 -6.0244829517712983e-01 3.1333090191940576e+00 -2.5197570060715879e+00 1.2816919000000000e-02 6.8222760000000005e-01
2.2568641725014060e-01 -1.9478144888111352e+01 8.7150686923988130e-01 3.6129410121850100e+01 -9.0381340390688312e+00 -6.5490363625029602e-01 3.1259800090006675e+00 -2.4469527055749953e+00 1.2690879000000000e-02 6.9498240000000000e-01
2.4029760987976800e-01 -1.9862426882374301e+01 8.7682465292506762e-01 3.5519208435847254e+01 -8.1668469244573725e+00 -7.0929104703724921e-01 3.1175794972213424e+00 -2.3767786614475779e+00 1.2554085000000000e-02 7.0760577999999996e-01
2.5474426804776151e-01 -2.0282690292285064e+01 8.8208255384107082e-01 3.4911254794840005e+01 -7.3428562762885159e+00 -7.6580259456690569e-01 3.1082231951291246e+00 -2.3091915355622827e+00 1.2406611999999999e-02 7.2008700999999997e-01
2.6901409941516530e-01 -2.0741293897503759e+01 8.8727609815736896e-01 3.4307246096630969e+01 -6.5644281701903449e+00 -8.2464561895704658e-01 3.0980214144053324e+00 -2.2441456112654046e+00 1.2248551000000000e-02 7.3241546999999996e-01
2.8309490424068062e-01 -2.1240864981162609e+01 8.9240084574461132e-01 3.3708748122379028e+01 -5.8298261835290193e+00 -8.8604440719089061e-01 3.0870791528444044e+00 -2.1815933623310548e+00 1.2080001999999999e-02 7.4458062000000003e-01
2.9697459853007979e-01 -2.1784330108549202e+01 8.9745239859991177e-01 3.3117200663737364e+01 -5.1373175154336481e+00 -9.5024235530482726e-01 3.0754962027965771e+00 -2.1214857026519471e+00 1.1901076999999999e-02 7.5657202000000001e-01
3.1064123718562042e-01 -2.2374950626038181e+01 9.0242640927214146e-01 3.2533919351184281e+01 -4.4851791060643018e+00 -1.0175043499506622e+00 3.0633672168404673e+00 -2.0637722582437408e+00 1.1711898000000000e-02 7.6837935000000002e-01
3.2408304873016724e-01 -2.3016364186654101e+01 9.0731859349986799e-01 3.1960111550578034e+01 -3.8717028247811798e+00 -1.0881196346955324e+00 3.0507818227047525e+00 -2.0084015199225789e+00 1.1512599000000000e-02 7.7999244000000001e-01
3.3728837743365570e-01 -2.3712628191690705e+01 9.1212470914812382e-01 3.1396862164464622e+01 -3.2952041452749450e+00 -1.1624045439543513e+00 3.0378247638250429e+00 -1.9553214955262217e+00 1.1303326000000001e-02 7.9140122000000002e-01
3.5024579906016351e-01 -2.4468278782390506e+01 9.1684059833486986e-01 3.0845157523207273e+01 -2.7540230922877416e+00 -1.2407066179498480e+00 3.0245760076044790e+00 -1.9044794547231318e+00 1.1084235000000000e-02 8.0259581999999996e-01
3.6294401669554721e-01 -2.5288387260928182e+01 9.2146214951717798e-01 3.0305884132215084e+01 -2.2465332765226478e+00 -1.3234080406213100e+00 3.0111108982987718e+00 -1.8558226961093449e+00 1.0855490000000001e-02 8.1356647999999998e-01
3.7537196491980496e-01 -2.6178637820497727e+01 9.2598533540504913e-01 2.9779834998122332e+01 -1.7711421100932738e+00 -1.4109309144908235e+00 2.9975004558997167e+00 -1.8092983620644967e+00 1.0617270000000000e-02 8.2430364000000000e-01
3.8751878665766337e-01 -2.7145410916405538e+01 9.3040620453611989e-01 2.9267713349465048e+01 -1.3262961637839232e+00 -1.5037425720533433e+00 2.9838112118887423e+00 -1.7648538299521732e+00 1.0369760000000000e-02 8.3479791999999997e-01
3.9937384475328419e-01 -2.8195882726783303e+01 9.3472088548830956e-01 2.8770140816082947e+01 -9.1048414468419947e-01 -1.6023620004378958e+00 2.9701054682074726e+00 -1.7224368965175907e+00 1.0113159000000000e-02 8.4504013000000000e-01
4.1092673354497122e-01 -2.9338142559397340e+01 9.3892559109246609e-01 2.8287662278643428e+01 -5.2223961048613421e-01 -1.7073673757877001e+00 2.9564421732930546e+00 -1.6819959424256545e+00 9.8476710000000005e-03 8.5502127999999999e-01
4.2216727886517091e-01 -3.0581330176013985e+01 9.4301661843236628e-01 2.7820752025949240e+01 -1.6014271347217376e-01 -1.8194048195377515e+00 2.9428754340302881e+00 -1.6434801423258771e+00 9.5735140000000000e-03 8.6473257999999997e-01
4.3308559591400719e-01 -3.1935806308890076e+01 9.4699036990794805e-01 2.7369817819941300e+01 1.7717475245846348e-01 -1.9391994172183407e+00 2.9294564046230551e+00 -1.6068394862625168e+00 9.2909130999999992e-03 8.7416548999999999e-01
4.4367203138574651e-01 -3.3413342068596194e+01 9.5084333217207839e-01 2.6935206420496751e+01 4.9103474614268566e-01 -2.0675670950966207e+00 2.9162325604545711e+00 -1.5720251129237073e+00 9.0001030000000006e-03 8.8331166999999999e-01
4.5391723291704067e-01 -3.5027363835993548e+01 9.5457210140643134e-01 2.6517210507817754e+01 7.8270441636696164e-01 -2.2054303385745522e+00 2.9032481164588879e+00 -1.5389891663707644e+00 8.7013270999999996e-03 8.9216304000000002e-01
4.6381211436280423e-01 -3.6793233726535817e+01 9.5817337068354957e-01 2.6116071847200786e+01 1.0533985160556070e+00 -2.3538359178303718e+00 2.8905440091586931e+00 -1.5076855234744180e+00 8.3948374000000006e-03 9.0071175000000003e-01
4.7334791366975160e-01 -3.8728609500521678e+01 9.6164395103007583e-01 2.5731986392573361e+01 1.3042788122319975e+00 -2.5139778172262774e+00 2.8781582202022871e+00 -1.4780688490289202e+00 8.0808944000000001e-03 9.0895022999999997e-01
4.8251614657756781e-01 -4.0853865242049082e+01 9.6498075457616772e-01 2.5365109958116246e+01 1.5364517539958868e+00 -2.6872237743746430e+00 2.8661258871993596e+00 -1.4500956754963383e+00 7.7597663000000001e-03 9.1687114999999997e-01
4.9130865291773707e-01 -4.3192633059473053e+01 9.6818081140608314e-01 2.5015561597222909e+01 1.7509707563871040e+00 -2.8751497249330544e+00 2.8544794622151772e+00 -1.4237240633271138e+00 7.4317293999999999e-03 9.2446746000000002e-01
4.9971760818824973e-01 -4.5772476167226223e+01 9.7124127377082670e-01 2.4683427419725465e+01 1.9488344377831479e+00 -3.0795825360648776e+00 2.8432488102244124e+00 -1.3989136708880530e+00 7.0970672000000004e-03 9.3173240000000002e-01
5.0773550040418880e-01 -4.8625729585226459e+01 9.7415940766285725e-01 2.4368766227752268e+01 2.1309868197007535e+00 -3.3026533379331884e+00 2.8324614188242090e+00 -1.3756259316579418e+00 6.7560703000000000e-03 9.3865947999999999e-01
5.1535518797126434e-01 -5.1790607458261803e+01 9.7693261387931951e-01 2.4071610978507863e+01 2.2983186619518818e+00 -3.5468679123201703e+00 2.8221424704952258e+00 -1.3538239295471433e+00 6.4090362999999996e-03 9.4524253000000003e-01
5.2256983023757142e-01 -5.5312590498140665e+01 9.7955840274616590e-01 2.3791975451997686e+01 2.4516659336673094e+00 -3.8151947917966220e+00 2.8123150681119795e+00 -1.3334723445096683e+00 6.0562691999999996e-03 9.5147563999999996e-01
5.2937300324066183e-01 -5.9246346779401641e+01 9.8203443624462072e-01 2.3529853440150873e+01 2.5918128124585595e+00 -4.1111882115326068e+00 2.8030002192047094e+00 -1.3145393719318685e+00 5.6980790999999996e-03 9.5735325999999998e-01
5.3575858396047171e-01 -6.3658189390718846e+01 9.8435848588471564e-01 2.3285226809033425e+01 2.7194894294859653e+00 -4.4391442221678892e+00 2.7942171353368770e+00 -1.2969923991766423e+00 5.3347821999999998e-03 9.6287009999999995e-01
5.4172086606639369e-01 -6.8629589421723765e+01 9.8652847483175476e-01 2.3058063572495275e+01 2.8353749701566189e+00 -4.8043261505086452e+00 2.7859831644457675e+00 -1.2808026035610651e+00 4.9667000000000001e-03 9.6802122999999995e-01
5.4725447889432655e-01 -7.4261962485308473e+01 9.8854244841778838e-01 2.2848324441293247e+01 2.9400963124632735e+00 -5.2132707135963381e+00 2.7783140418059462e+00 -1.2659427447033438e+00 4.5941591999999996e-03 9.7280200999999999e-01
5.5235448004433230e-01 -8.0683732696532260e+01 9.9039860784278555e-01 2.2655962253016590e+01 3.0342307278693093e+00 -5.6742423865275624e+00 2.7712239516766797e+00 -1.2523874232573589e+00 4.2174915999999996e-03 9.7720817000000004e-01
5.5701626278297933e-01 -8.8060620036059134e+01 9.9209527647346196e-01 2.2480927207654126e+01 3.1183041623125218e+00 -6.1978946143978888e+00 2.7647253864941370e+00 -1.2401134340917248e+00 3.8370333000000002e-03 9.8123572999999997e-01
5.6123564864099929e-01 -9.6611789903366500e+01 9.9363093354445198e-01 2.2323165962046549e+01 3.1927942029429430e+00 -6.7983118846650985e+00 2.7588296638541747e+00 -1.2290994670133766e+00 3.4531249000000000e-03 9.8488107999999996e-01
5.6500885268916590e-01 -1.0663574149127717e+02 9.9500420152036873e-01 2.2182625292349147e+01 3.2581293406479710e+00 -7.4946823303484376e+00 2.7535466900006358e+00 -1.2193262734902743e+00 3.0661112999999999e-03 9.8814095000000002e-01
5.6833246038887997e-01 -1.1855448345804535e+02 9.9621383767051164e-01 2.2059254293956929e+01 3.3146896151191871e+00 -8.3141566272646585e+00 2.7488851556963776e+00 -1.2107767374939460e+00 2.6763420000000000e-03 9.9101238999999997e-01
5.7120349704041340e-01 -1.3299489621813544e+02 9.9725875934474495e-01 2.1953003777907394e+01 3.3628081313158469e+00 -9.2971242157421496e+00 2.7448525094166243e+00 -1.2034357257740158e+00 2.2841723000000002e-03 9.9349282999999999e-01
5.7361940463349370e-01 -1.5095230995502914e+02 9.9813803554820479e-01 2.1863828292655992e+01 3.4027709629600689e+00 -1.0507838008890319e+01 2.7414550494738106e+00 -1.1972901027721237e+00 1.8899688000000000e-03 9.9558005999999999e-01
5.7557803027259746e-01 -1.7416616048086254e+02 9.9885088272865286e-01 2.1791688056778231e+01 3.4348180783044189e+00 -1.2058825772664298e+01 2.7386980029873582e+00 -1.1923289032768818e+00 1.4941295000000000e-03 9.9727222000000004e-01
5.7707778822285016e-01 -2.0617927967969570e+02 9.9939672375352662e-01 2.1736543680441756e+01 3.4591460744894871e+00 -1.4179855899918895e+01 2.7365852708418719e+00 -1.1885427854482224e+00 1.0971916000000000e-03 9.9856794000000004e-01
5.7811809974889616e-01 -2.5667554731160993e+02 9.9977534799050360e-01 2.1698341026144305e+01 3.4759125078632471e+00 -1.7500492916114002e+01 2.7351189858622025e+00 -1.1859230254504987e+00 7.0085733000000002e-04 9.9946672000000003e-01
