-9.4718688620936298e-02 -1.5392745260225347e+03 9.4719808621913440e-02 -1.3483551922005486e+03 -3.8341292146180479e+02 9.5546511329795052e+01 -8.3465924920632489e+01 -2.4261536308672902e+01 5.5301730000000003e-06 1.0230946000000001e-06
-9.4715108089871186e-02 -1.1769599716124237e+03 9.4736919186780885e-02 -9.8579265164140907e+02 -3.8334420883181821e+02 7.2619162847251744e+01 -6.0527621228972457e+01 -2.4258475793407207e+01 3.5894988000000002e-05 1.9923924999999999e-05
-9.4703874631218585e-02 -1.0086245582151000e+03 9.4790601397454585e-02 -8.1681907492413836e+02 -3.8312869303835890e+02 6.1964827340936012e+01 -4.9845140817523962e+01 -2.4248876002530984e+01 8.5619985000000003e-05 7.9222864999999994e-05
-9.4681636029043531e-02 -8.9791260394172957e+02 9.4896874751367058e-02 -7.0501825765637363e+02 -3.8270231576218578e+02 5.4954914844360793e+01 -4.2787276736571435e+01 -2.4229881301180964e+01 1.5173507999999999e-04 1.9661552000000001e-04
-9.4645458403850219e-02 -8.1541242455920064e+02 9.5069759608770399e-02 -6.2095234729728975e+02 -3.8200946548726853e+02 4.9728128610373368e+01 -3.7491628788398302e+01 -2.4199008552069472e+01 2.3255418000000001e-04 3.8758918999999998e-04
-9.4592673463153185e-02 -7.4974551941610218e+02 9.5322007148421886e-02 -5.5323638229564529e+02 -3.8100028868795431e+02 4.5564337825422975e+01 -3.3237815885274713e+01 -2.4154025223884755e+01 3.2689763000000001e-04 6.6622920000000002e-04
-9.4520808996761504e-02 -6.9529911043735478e+02 9.5665431515226038e-02 -4.9626461500131222e+02 -3.7962962386961715e+02 4.2108298008679405e+01 -2.9670939498991331e+01 -2.4092899451467016e+01 4.3385032000000002e-04 1.0455858000000000e-03
-9.4427549978575206e-02 -6.4888762774372572e+02 9.6111095706132896e-02 -4.4686863685665719e+02 -3.7785653992305720e+02 3.9158386766190411e+01 -2.6590145909501750e+01 -2.4013777325491787e+01 5.5265518999999999e-04 1.5378795000000000e-03
-9.4310714521249894e-02 -6.0852750202371772e+02 9.6669426477470233e-02 -4.0309008939489888e+02 -3.7564416932351401e+02 3.6589056672074413e+01 -2.3871006882007428e+01 -2.3914972290290073e+01 6.8265765000000004e-04 2.1546280000000000e-03
-9.4168237639485855e-02 -5.7289889637652914e+02 9.7350291936588215e-02 -3.6364095583163299e+02 -3.7295968913398377e+02 3.4316790347234097e+01 -2.1431386751132258e+01 -2.3794962589983150e+01 8.2327310000000005e-04 2.9067318999999999e-03
-9.3998160186862606e-02 -5.4107863184760049e+02 9.8163054410276590e-02 -3.2763542025354440e+02 -3.6977442287461810e+02 3.2283175430385114e+01 -1.9214491068067527e+01 -2.3652392173192908e+01 9.7396649000000004e-04 3.8045331000000002e-03
-9.3798620766846336e-02 -5.1239517831146679e+02 9.9116609100268455e-02 -2.9444399306500617e+02 -3.6606394055990438e+02 3.0445736237549745e+01 -1.7179649684742131e+01 -2.3486074241726410e+01 1.1342389000000000e-03 4.8578574999999999e-03
-9.3567849822331628e-02 -4.8634438970813375e+02 1.0021941232801110e-01 -2.6360850160471500e+02 -3.6180823351497054e+02 2.8772596943774186e+01 -1.5296950016605336e+01 -2.3294996085708135e+01 1.3036180000000001e-03 6.0760461999999999e-03
-9.3304165354348018e-02 -4.6253780058455186e+02 1.0147950199401930e-01 -2.3478972127009456e+02 -3.5699187744209388e+02 2.7239208138399917e+01 -1.3543935856124897e+01 -2.3078324598856824e+01 1.4816515000000000e-03 7.4679780999999997e-03
-9.3005969455348850e-02 -4.4066944014411530e+02 1.0290451414451972e-01 -2.0773355722306113e+02 -3.5160416654271739e+02 2.5826245206746758e+01 -1.1903479560886499e+01 -2.2835411666230744e+01 1.6679024999999999e-03 9.0420881999999994e-03
-9.2671745960183002e-02 -4.2049378075727071e+02 1.0450169419693679e-01 -1.8224838336215183e+02 -3.4563927868711045e+02 2.4518211631084927e+01 -1.0362361519850065e+01 -2.2565799282006800e+01 1.8619452999999999e-03 1.0806380000000001e-02
-9.2300058267560603e-02 -4.0181057340380465e+02 1.0627790735062559e-01 -1.5818929415845398e+02 -3.3909636051629417e+02 2.3302478269317788e+01 -8.9102860076906971e+00 -2.2269223674334661e+01 2.0633631000000000e-03 1.2768437000000001e-02
-9.1889548336032870e-02 -3.8445419944963595e+02 1.0823964338486172e-01 -1.3544683628248990e+02 -3.3197961105758100e+02 2.2168608614421537e+01 -7.5391842774875615e+00 -2.1945618857219717e+01 2.2717459999999998e-03 1.4935428000000001e-02
-9.1438934997996019e-02 -3.6828594531113157e+02 1.1039302471584329e-01 -1.1393871809454166e+02 -3.2429830180673099e+02 2.1107869152055567e+01 -6.2427026451003798e+00 -2.1595118132191814e+01 2.4866887000000002e-03 1.7314116000000001e-02
-9.0947013997578763e-02 -3.5318837222327079e+02 1.1274380621563466e-01 -9.3603582233333171e+01 -3.1606677627584253e+02 2.0112872384557583e+01 -5.0158244757298069e+00 -2.1218055250312474e+01 2.7077901999999999e-03 1.9910858000000000e-02
-9.0412655906826969e-02 -3.3906102728993773e+02 1.1529738517025878e-01 -7.4396127186542287e+01 -3.0730435760708264e+02 1.9177304732441709e+01 -3.8545763467524892e+00 -2.0814962038368478e+01 2.9346520999999999e-03 2.2731616000000000e-02
-8.9834807262330230e-02 -3.2581726793348588e+02 1.1805879584801041e-01 -5.6283374636636729e+01 -2.9803525327103108e+02 1.8295725157199101e+01 -2.7558073014645337e+00 -2.0386566716378145e+01 3.1668782999999998e-03 2.5781951000000001e-02
-8.9212489428595221e-02 -3.1338174465097603e+02 1.2103271493114290e-01 -3.9241564312523231e+01 -2.8828836661150217e+02 1.7463405418039727e+01 -1.7170084058552577e+00 -1.9933788514579806e+01 3.4040742000000001e-03 2.9067029000000001e-02
-8.8544797840294717e-02 -3.0168844787644639e+02 1.2422346513699264e-01 -2.3253709342693465e+01 -2.7809705983793634e+02 1.6676206013005171e+01 -7.3617025501908850e-01 -1.9457730717873236e+01 3.6458464000000000e-03 3.2591624999999999e-02
-8.7830903138894106e-02 -2.9067919446149000e+02 1.2763500978629233e-01 -8.3075303431913881e+00 -2.6749888573431355e+02 1.5930480169458660e+01 1.8833105753388413e-01 -1.8959672948965292e+01 3.8918026000000000e-03 3.6360116999999997e-02
-8.7070049657149345e-02 -2.8030237383017555e+02 1.3127096004541997e-01 5.6062561273779767e+00 -2.5653523263392913e+02 1.5222994056569632e+01 1.0578307304995540e+00 -1.8441059992950215e+01 4.1415510999999999e-03 4.0376493999999999e-02
-8.6261555987420219e-02 -2.7051196752136673e+02 1.3513457221055539e-01 1.8495359252753708e+01 -2.4525094412166590e+02 1.4550864603001108e+01 1.8734528941553434e+00 -1.7903490149059387e+01 4.3947007000000003e-03 4.4644352999999998e-02
-8.5404814981670296e-02 -2.6126674260476852e+02 1.3922874770768043e-01 3.0367106701460166e+01 -2.3369388833009671e+02 1.3911508197435326e+01 2.6361759096723030e+00 -1.7348700961008852e+01 4.6508610999999997e-03 4.9166899000000000e-02
-8.4499292993715974e-02 -2.5252958100068261e+02 1.4355603671370326e-01 4.1229452645151596e+01 -2.2191447129192409e+02 1.3302597994981340e+01 3.3468877277173466e+00 -1.6778554912517880e+01 4.9096423000000002e-03 5.3946949000000001e-02
-8.3544530826415192e-02 -2.4426694181577207e+02 1.4811863363005290e-01 5.1091796805116914e+01 -2.0996516643119776e+02 1.2722029859005149e+01 4.0064303644719041e+00 -1.6195021529736081e+01 5.1706551000000002e-03 5.8986927000000001e-02
-8.2540142026727645e-02 -2.3644839112334890e+02 1.5291838523020912e-01 5.9965678471108880e+01 -1.9789992321311141e+02 1.2167892262840294e+01 4.6156390431545500e+00 -1.5600160038764797e+01 5.4335110000000002e-03 6.4288872999999996e-02
-8.1485814590654571e-02 -2.2904623380878527e+02 1.5795678251217260e-01 6.7865291715708608e+01 -1.8577366143995226e+02 1.1638443040380375e+01 5.1753720652992428e+00 -1.4996101146697038e+01 5.6978226000000002e-03 6.9854434000000007e-02
-8.0381309068861206e-02 -2.2203517734299044e+02 1.6323496975127588e-01 7.4807901559607387e+01 -1.7364167805132715e+02 1.1132087872666576e+01 5.6865351840123219e+00 -1.4385026586568216e+01 5.9632034000000004e-03 7.5684873999999999e-02
-7.9226459513865505e-02 -2.1539206565897271e+02 1.6875373997377804e-01 8.0814132758159246e+01 -1.6156051206422489e+02 1.0647363453858887e+01 6.1501106903163061e+00 -1.3769150509328036e+01 6.2292681999999997e-03 8.1781068999999998e-02
-7.8021172722287147e-02 -2.0909564191724391e+02 1.7451353857798885e-01 8.5908152969553910e+01 -1.4958025589948596e+02 1.0182922257478172e+01 6.5671536199392797e+00 -1.3150697766266132e+01 6.4956331999999999e-03 8.8143510999999994e-02
-7.6765428234847555e-02 -2.0312636780837957e+02 1.8051446333426907e-01 9.0117753162421963e+01 -1.3775824481489872e+02 9.7375199204226508e+00 6.9388221207702392e+00 -1.2531885536261344e+01 6.7619166000000000e-03 9.4772308000000000e-02
-7.5459277199743213e-02 -1.9746615027684126e+02 1.8675626981671689e-01 9.3474335290803253e+01 -1.2614427598492226e+02 9.3100039146629268e+00 7.2663752073030690e+00 -1.1914902477573728e+01 7.0277381999999996e-03 1.0166719000000000e-01
-7.4102842183208006e-02 -1.9209838620675347e+02 1.9323837230844931e-01 9.6012813878582946e+01 -1.1478723295329266e+02 8.8993040366630574e+00 7.5511781592826530e+00 -1.1301890161993601e+01 7.2927204000000001e-03 1.0882751000000000e-01
-7.2696319821641861e-02 -1.8700765013973512e+02 1.9995983112766622e-01 9.7771436223566951e+01 -1.0373321687304212e+02 8.5044250178097602e+00 7.7947025975176896e+00 -1.0694926046942044e+01 7.5564877000000004e-03 1.1625223000000000e-01
-7.1239975327915595e-02 -1.8217965607243457e+02 2.0691937888080308e-01 9.8791557040253181e+01 -9.3025078919434378e+01 8.1244376515792780e+00 7.9985250704893920e+00 -1.0096004141671994e+01 7.8186677999999999e-03 1.2393994999999999e-01
-6.9734142112495373e-02 -1.7760114280257019e+02 2.1411542227309299e-01 9.9117291261105365e+01 -8.2702056775415372e+01 7.7584726643794406e+00 8.1643219142848036e+00 -9.5070196087798990e+00 8.0788911000000008e-03 1.3188891000000000e-01
-6.8179227466575676e-02 -1.7325980368667072e+02 2.2154601495013310e-01 9.8795233842194463e+01 -7.2799490616790692e+01 7.4057165773822016e+00 8.2938613059980018e+00 -8.9297568232098463e+00 8.3367917000000003e-03 1.4009695999999999e-01
-6.6575704984568648e-02 -1.6914418795478400e+02 2.2920889370912961e-01 9.7873993429958460e+01 -6.3348516164011812e+01 7.0654049613762639e+00 8.3889951340758220e+00 -8.3658740620822041e+00 8.5920070000000005e-03 1.4856159999999999e-01
-6.4924118352859467e-02 -1.6524364330398808e+02 2.3710146039327501e-01 9.6403802165569019e+01 -5.4375890994696114e+01 6.7368190391580454e+00 8.4516478580388821e+00 -7.8168941278129438e+00 8.8441787999999997e-03 1.5727996000000000e-01
-6.3225077561051002e-02 -1.6154824822670301e+02 2.4522079999737079e-01 9.4436056517009405e+01 -4.5903795923927035e+01 6.4192810254919959e+00 8.4838047143513791e+00 -7.2841944333303310e+00 9.0929527999999999e-03 1.6624881999999999e-01
-6.1479258901963839e-02 -1.5804875819235434e+02 2.5356368066782720e-01 9.2022856250404075e+01 -3.7949841344110453e+01 6.1121507951609573e+00 8.4874988164519589e+00 -6.7690002126740954e+00 9.3379794999999995e-03 1.7546460999999999e-01
-5.9687403077258602e-02 -1.5473655600645898e+02 2.6212656275547458e-01 8.9216531646878266e+01 -3.0526962239673328e+01 5.8148224940079922e+00 8.4647969934175062e+00 -6.2723789978326838e+00 9.5789143999999993e-03 1.8492342000000001e-01
-5.7850320880568934e-02 -1.5160361929685337e+02 2.7090557165712975e-01 8.6069195304674508e+01 -2.3643524583447846e+01 5.5267227411625193e+00 8.4177860695043698e+00 -5.7952397509628435e+00 9.8154178999999998e-03 1.9462097000000000e-01
-5.5968883725613212e-02 -1.4864246515656248e+02 2.7989654307965189e-01 8.2632274202343140e+01 -1.7303379748903517e+01 5.2473065067266553e+00 8.3485585641686697e+00 -5.3383286561613001e+00 1.0047156000000000e-02 2.0455266000000000e-01
-5.4044021751816947e-02 -1.4584611513355594e+02 2.8909503209275378e-01 7.8956076791703708e+01 -1.1506015373225967e+01 4.9760547660728029e+00 8.2591983848634474e+00 -4.9022303108797898e+00 1.0273801000000001e-02 2.1471357999999999e-01
-5.2076733296200974e-02 -1.4320807919882131e+02 2.9849626786494576e-01 7.5089406494169040e+01 -6.2467904210628307e+00 4.7124738294911293e+00 8.1517664415782143e+00 -4.4873720868552169e+00 1.0495031000000000e-02 2.2509846000000000e-01
-5.0068073527115620e-02 -1.4072231179185403e+02 3.0809520798040313e-01 7.1079171886773878e+01 -1.5171450256507353e+00 4.4560918326102037e+00 8.0282881695897750e+00 -4.0940268540649809e+00 1.0710529999999999e-02 2.3570173000000000e-01
-4.8019156338618293e-02 -1.3838319022649014e+02 3.1788652938615442e-01 6.6970052506735030e+01 2.6951080695793310e+00 4.2064573789190955e+00 7.8907403775217215e+00 -3.7223182338447431e+00 1.0919989999999999e-02 2.4651751000000000e-01
-4.5931156244851182e-02 -1.3618549556718929e+02 3.2786461933927086e-01 6.2804207874714827e+01 6.4054548509922178e+00 3.9631382129496822e+00 7.7410398588489091e+00 -3.3722293991496217e+00 1.1123108000000000e-02 2.5753959999999998e-01
-4.3805302696908271e-02 -1.3412438513147433e+02 3.3802360256529940e-01 5.8621020517124357e+01 9.6323631735216466e+00 3.7257190810199630e+00 7.5810325864910659e+00 -3.0436091739703306e+00 1.1319591000000000e-02 2.6876150999999998e-01
-4.1642878188457702e-02 -1.3219537483805556e+02 3.4835735031107418e-01 5.4456886662359999e+01 1.2396912902106701e+01 3.4938002206701011e+00 7.4124841359086036e+00 -2.7361825375100639e+00 1.1509152000000000e-02 2.8017647000000001e-01
-3.9445220150119462e-02 -1.3039432462540461e+02 3.5885947129190504e-01 5.0345061518543517e+01 1.4722416521575699e+01 3.2669964633593258e+00 7.2370717629344359e+00 -2.4495606389273550e+00 1.1691511000000000e-02 2.9177742000000001e-01
-3.7213722843842952e-02 -1.2871742519300489e+02 3.6952330263876682e-01 4.6315552757313057e+01 1.6634054264993981e+01 3.0449360905403760e+00 7.0563773437003325e+00 -2.1832520757237668e+00 1.1866398000000000e-02 3.0355700000000002e-01
-3.4949822207885888e-02 -1.2716117386205377e+02 3.8034198232078825e-01 4.2395025813796416e+01 1.8158478079652948e+01 2.8272583384051853e+00 6.8718815836275358e+00 -1.9366720741953876e+00 1.2033550000000000e-02 3.1550762999999998e-01
-3.2655009117457758e-02 -1.2572237951617272e+02 3.9130838577557420e-01 3.8606810525093060e+01 1.9323452863458751e+01 2.6136137184266692e+00 6.6849601591171144e+00 -1.7091568929418659e+00 1.2192715000000000e-02 3.2762143999999999e-01
-3.0330819912831639e-02 -1.2439812236861007e+02 4.0241517117326114e-01 3.4970903490733598e+01 2.0157483411830508e+01 2.4036621334596706e+00 6.4968805407957042e+00 -1.4999738939407596e+00 1.2343646000000000e-02 3.3989032000000002e-01
-2.7978838293721831e-02 -1.2318577654735083e+02 4.1365477036370624e-01 3.1504033005701501e+01 2.0689476143947157e+01 2.1970721240172049e+00 6.3088006330557578e+00 -1.3083304606921375e+00 1.2486109000000000e-02 3.5230591000000000e-01
-2.5600687741773237e-02 -1.2208299741455630e+02 4.2501942508773194e-01 2.8219744255722336e+01 2.0948393984066193e+01 1.9935193701182738e+00 6.1217679079153040e+00 -1.1333926263139784e+00 1.2619877000000000e-02 3.6485963999999999e-01
-2.3198037203694358e-02 -1.2108769076162504e+02 4.3650115981869247e-01 2.5128526330802778e+01 2.0962968185491842e+01 1.7926863364848531e+00 5.9367205480610146e+00 -9.7428842523875314e-01 1.2744734000000001e-02 3.7754270000000001e-01
-2.0772595408124275e-02 -1.2019802693523921e+02 4.4809180892090744e-01 2.2237981365359236e+01 2.0761410759319290e+01 1.5942609692610654e+00 5.7544894416730141e+00 -8.3012208194485004e-01 1.2860473000000001e-02 3.9034606999999999e-01
-1.8326107076877429e-02 -1.1941243040537405e+02 4.5978303475528404e-01 1.9552977147372268e+01 2.0371162493692506e+01 1.3979355997266234e+00 5.5758003087492547e+00 -6.9998360058206888e-01 1.2966896000000000e-02 4.0326054000000000e-01
-1.5860356713698856e-02 -1.1872957766204854e+02 4.7156630957369478e-01 1.7075859980074593e+01 1.9818674520449918e+01 1.2034065057857983e+00 5.4012781194129786e+00 -5.8295692114650366e-01 1.3063819000000001e-02 4.1627669000000000e-01
-1.3377157237998372e-02 -1.1814839212692976e+02 4.8343296983584449e-01 1.4806651835155241e+01 1.9129214712148300e+01 1.0103721920486430e+00 5.2314505376139451e+00 -4.7813198638508481e-01 1.3151064000000001e-02 4.2938494999999999e-01
-1.0878361351116334e-02 -1.1766804616105318e+02 4.9537416189240346e-01 1.2743300333145836e+01 1.8326711669807978e+01 8.1853297591577689e-01 5.0667541040110500e+00 -3.8460576352099718e-01 1.3228465999999999e-02 4.4257553999999999e-01
-8.3658463813026107e-03 -1.1728795747413504e+02 5.0738091440749655e-01 1.0881844335998082e+01 1.7433621541267460e+01 6.2759195862592776e-01 4.9075387600189666e+00 -3.0149577706134989e-01 1.3295871000000001e-02 4.5583855000000001e-01
-5.8415218612270503e-03 -1.1700779188450258e+02 5.1944410214745884e-01 9.2167356960506108e+00 1.6470832222865834e+01 4.3724893928998743e-01 4.7540743006326309e+00 -2.2794297315042159e-01 1.3353135000000000e-02 4.6916390000000002e-01
-3.3073200560913008e-03 -1.1682746055868365e+02 5.3155449124489096e-01 7.7409849888451889e+00 1.5457590719763031e+01 2.4720473155237599e-01 4.6065563704328198e+00 -1.6311737984274038e-01 1.3400123999999999e-02 4.8254139000000001e-01
-7.6519975238410753e-04 -1.1674713442540936e+02 5.4370272109303730e-01 6.4464272702662129e+00 1.4411462384085512e+01 5.7158155737705663e-02 4.4651128381598859e+00 -1.0622278527073666e-01 1.3436718000000000e-02 4.9596067999999999e-01
1.7828613196293336e-03 -1.1676724120368466e+02 5.5587934055703070e-01 5.3239356489116307e+00 1.3348309308737687e+01 -1.3319565591562643e-01 4.3298101933356188e+00 -5.6500013697057545e-02 1.3462807000000000e-02 5.0941133000000005e-01
4.3348589083967159e-03 -1.1688846740734212e+02 5.6807477176264698e-01 4.3636222855709468e+00 1.2282303016133271e+01 -3.2416498331319499e-01 4.2006604281189865e+00 -1.3229928263515479e-02 1.3478291000000000e-02 5.2288276000000000e-01
6.8887792904775008e-03 -1.1711176514923345e+02 5.8027939157160657e-01 3.5550354408045899e+00 1.1225942710130200e+01 -5.1606367953189292e-01 4.0776265779635192e+00 2.4264675097331483e-02 1.3483083000000000e-02 5.3636434000000000e-01
9.4425897986546575e-03 -1.1743836497641219e+02 5.9248348631751790e-01 2.8873457129330449e+00 1.0190103540445325e+01 -7.0921135198759089e-01 3.9606295203358552e+00 5.6617595510252389e-02 1.3477108000000000e-02 5.4984533999999996e-01
1.1994242610689987e-02 -1.1786979160413692e+02 6.0467726991150028e-01 2.3495127222456125e+00 9.1840984188416481e+00 -9.0393455742777995e-01 3.8495538414828312e+00 8.4418504688999363e-02 1.3460300999999999e-02 5.6331494999999998e-01
1.4541680432457016e-02 -1.1840786589343202e+02 6.1685091100061673e-01 1.9304378302632967e+00 8.2157498324863116e+00 -1.1005709057690769e+00 3.7442532864081910e+00 1.0821286962690818e-01 1.3432611000000001e-02 5.7676231000000000e-01
1.7082840286696349e-02 -1.1905472248229928e+02 6.2899455107349711e-01 1.6190934145189146e+00 7.2914716925804939e+00 -1.2994646566655428e+00 3.6445560828827710e+00 1.2850217268362163e-01 1.3393997000000000e-02 5.9017653000000003e-01
1.9615647829882663e-02 -1.1981282346067130e+02 6.4109827730190394e-01 1.4046585741031989e+00 6.4163683483880467e+00 -1.5009734883127814e+00 3.5502703720720570e+00 1.4574485429498468e-01 1.3344429999999999e-02 6.0354666000000001e-01
2.2138024929735378e-02 -1.2068497703640415e+02 6.5315215875197763e-01 1.2766067788926165e+00 5.5943296315076951e+00 -1.7054674870089466e+00 3.4611882996033900e+00 1.6035746153659314e-01 1.3283893999999999e-02 6.1686173000000000e-01
2.4647897242729214e-02 -1.2167435977262240e+02 6.6514628259548070e-01 1.2248015652250892e+00 4.8281324393158496e+00 -1.9133318048759076e+00 3.3770899924693176e+00 1.7271615595051257e-01 1.3212384000000001e-02 6.3011079000000003e-01
2.7143182847828240e-02 -1.2278453465394213e+02 6.7707069979293111e-01 1.2395588143468119e+00 4.1195476689896386e+00 -2.1249673929210031e+00 3.2977489380733518e+00 1.8315847853674297e-01 1.3129907000000000e-02 6.4328284999999996e-01
2.9621805507129548e-02 -1.2401948045166570e+02 6.8891548846328055e-01 1.3117264177098582e+00 3.4694555730987373e+00 -2.3407938287365750e+00 3.2229332963363704e+00 1.9198534713933382e-01 1.3036481000000001e-02 6.5636695000000000e-01
3.2081696560240777e-02 -1.2538362746106934e+02 7.0067076293672492e-01 1.4327711847057027e+00 2.8779220967933399e+00 -2.5612514585634782e+00 3.1524094062045829e+00 1.9946327310036255e-01 1.2932137999999999e-02 6.6935217000000002e-01
3.4520789241147196e-02 -1.2688185688163082e+02 7.1232664659627176e-01 1.5944806597913099e+00 2.3443311425438158e+00 -2.7868030640339212e+00 3.0859463453723479e+00 2.0582653915203628e-01 1.2816919000000000e-02 6.8222760000000005e-01
3.6937030044477667e-02 -1.2851960123535605e+02 7.2387332619460643e-01 1.7896647292898178e+00 1.8674648109111294e+00 -3.0179372651678893e+00 3.0233155806849665e+00 2.1127959661713022e-01 1.2690879000000000e-02 6.9498240000000000e-01
3.9328374936749247e-02 -1.3030282441994240e+02 7.3530103374847056e-01 2.0114850455281990e+00 1.4456002514927233e+00 -3.2551708742957697e+00 2.9642942423224286e+00 2.1599932551091280e-01 1.2554085000000000e-02 7.0760577999999996e-01
4.1692791250744946e-02 -1.3223809740967789e+02 7.4660005559147280e-01 2.2537825279581551e+00 1.0765978003295318e+00 -3.4990518763382363e+00 2.9086665169219255e+00 2.2013752740398673e-01 1.2406611999999999e-02 7.2008700999999997e-01
4.4028267157401865e-02 -1.3433265187096995e+02 7.5776077763814431e-01 2.5110173569640049e+00 7.5798273687318429e-01 -3.7501640769315143e+00 2.8562246964588307e+00 2.2382305523019019e-01 1.2248551000000000e-02 7.3241546999999996e-01
4.6332805982678291e-02 -1.3659443492994518e+02 7.6877365822550614e-01 2.7782443495633991e+00 4.8701595006028892e-01 -4.0091298843049508e+00 2.8067703866447569e+00 2.2716417632928293e-01 1.2080001999999999e-02 7.4458062000000003e-01
4.8604429996309026e-02 -1.3903217861616139e+02 7.7962924621869079e-01 3.0510937785915355e+00 2.6076878609616860e-01 -4.2766152321616886e+00 2.7601151098430359e+00 2.3025071400796529e-01 1.1901076999999999e-02 7.5657202000000001e-01
5.0841184200560594e-02 -1.4165548054852550e+02 7.9031819911656498e-01 3.3257465742381189e+00 7.6180189426550901e-02 -4.5533346803061239e+00 2.7160808705593618e+00 2.3315601733482638e-01 1.1711898000000000e-02 7.6837935000000002e-01
5.3041142013364337e-02 -1.4447489739800432e+02 8.0083131021016307e-01 3.5989044593762962e+00 -6.9888805370279222e-02 -4.8400576577110836e+00 2.6745003419604738e+00 2.3593898703346922e-01 1.1512599000000000e-02 7.7999244000000001e-01
5.5202395796428008e-02 -1.4750203401337805e+02 8.1115946331863131e-01 3.8677570071473375e+00 -1.8060511426463660e-01 -5.1376135244867758e+00 2.6352171956188908e+00 2.3864578848362045e-01 1.1303326000000001e-02 7.9140122000000002e-01
5.7323075799012371e-02 -1.5074968271956271e+02 8.2129372331733907e-01 4.1299493424725702e+00 -2.5912156344557652e-01 -5.4469012473676539e+00 2.5980858653743404e+00 2.4131176613846816e-01 1.1084235000000000e-02 8.0259581999999996e-01
5.9401333108532364e-02 -1.5423193327821372e+02 8.3122525466257913e-01 4.3835439256007254e+00 -3.0854260591986921e-01 -5.7688953554000610e+00 2.5629716273076504e+00 2.4396260940373060e-01 1.0855490000000001e-02 8.1356647999999998e-01
6.1435356699955826e-02 -1.5796435117180573e+02 8.4094540286686736e-01 4.6269885526794186e+00 -3.3188819157830601e-01 -6.1046579425690313e+00 2.5297500889247369e+00 2.4661613187505543e-01 1.0617270000000000e-02 8.2430364000000000e-01
6.3423369647048269e-02 -1.6196415227559652e+02 8.5044567639332114e-01 4.8590777883948633e+00 -3.3210218932278784e-01 -6.4553493185473370e+00 2.4983070195707078e+00 2.4928330920265457e-01 1.0369760000000000e-02 8.3479791999999997e-01
6.5363631016750620e-02 -1.6625041665108623e+02 8.5971775570846998e-01 5.0789181266332042e+00 -3.1196256096804409e-01 -6.8222414219898138e+00 2.4685378464800225e+00 2.5196959636717065e-01 1.0113159000000000e-02 8.4504013000000000e-01
6.7254437763556676e-02 -1.7084433856565229e+02 8.6875350233506698e-01 5.2858952623362381e+00 -2.7413974289802462e-01 -7.2067334126998119e+00 2.4403472358758656e+00 2.5467585044958507e-01 9.8476710000000005e-03 8.5502127999999999e-01
6.9094124729513276e-02 -1.7576951546300839e+02 8.7754495885208861e-01 5.4796391800069504e+00 -2.2114675727311103e-01 -7.6103697300274256e+00 2.4136486490126434e+00 2.5739924723545426e-01 9.5735140000000000e-03 8.6473257999999997e-01
7.0881074116108458e-02 -1.8105232042375857e+02 8.8608439415879103e-01 5.6599954907001750e+00 -1.5534105390229686e-01 -8.0348637015369633e+00 2.3883636216221200e+00 2.6013414319089828e-01 9.2909130999999992e-03 8.7416548999999999e-01
7.2613706012383192e-02 -1.8672229028021033e+02 8.9436425821065368e-01 5.8269937363154982e+00 -7.8919145436649615e-02 -8.4821212161177790e+00 2.3644214970996034e+00 2.6287281520409272e-01 9.0001030000000006e-03 8.8331166999999999e-01
7.4290489761197384e-02 -1.9281265561348283e+02 9.0237723633624656e-01 5.9808200114327184e+00 6.0837531575715278e-03 -8.9542744169922699e+00 2.3417585177961069e+00 2.6560557134393531e-01 8.7013270999999996e-03 8.9216304000000002e-01
7.5909938276096836e-02 -1.9936094527169089e+02 9.1011622207879694e-01 6.1217928888440101e+00 9.7792505199213869e-02 -9.4537179753360032e+00 2.3203178272002747e+00 2.6832216425970451e-01 8.3948374000000006e-03 9.0071175000000003e-01
7.7470617513201431e-02 -2.0640967482804874e+02 9.1757436246024449e-01 6.2503381719204345e+00 1.9449204862108807e-01 -9.9831579514475095e+00 2.3000483551160924e+00 2.7101146108720547e-01 8.0808944000000001e-03 9.0895022999999997e-01
7.8971138893694767e-02 -2.1400739885666928e+02 9.2474502176999784e-01 6.3669685530406115e+00 2.9461667334180552e-01 -1.0545666499368178e+01 2.2809047040344654e+00 2.7366181435113235e-01 7.7597663000000001e-03 9.1687114999999997e-01
8.0410166881334524e-02 -2.2220970499050088e+02 9.3162181777617803e-01 6.4722631501152774e+00 3.9675805701622568e-01 -1.1144755072362139e+01 2.2628464926479603e+00 2.7626187659242230e-01 7.4317293999999999e-03 9.2446746000000002e-01
8.1786420876830149e-02 -2.3108074110021363e+02 9.3819863077843024e-01 6.5668514250986654e+00 4.9962809568930966e-01 -1.1784464975812426e+01 2.2458379059075542e+00 2.7880043035788288e-01 7.0970672000000004e-03 9.3173240000000002e-01
8.3098671429087681e-02 -2.4069499324972671e+02 9.4446958550230142e-01 6.6513958412371226e+00 6.0209696738411866e-01 -1.2469479475326365e+01 2.2298474456721218e+00 2.8126656011296863e-01 6.7560703000000000e-03 9.3865947999999999e-01
8.4345749707097892e-02 -2.5113969283470567e+02 9.5042909636329631e-01 6.7265797842193562e+00 7.0312963218205082e-01 -1.3205275590348338e+01 2.2148471215949854e+00 2.8364997170139161e-01 6.4090362999999996e-03 9.4524253000000003e-01
8.5526536133670408e-02 -2.6251778999884965e+02 9.5607181315001000e-01 6.7930945004144041e+00 8.0183670983141919e-01 -1.3998309998925182e+01 2.2008125480882614e+00 2.8594091027933249e-01 6.0562691999999996e-03 9.5147563999999996e-01
8.6639979329210234e-02 -2.7495218920902414e+02 9.6139271155224015e-01 6.8516281490968138e+00 8.9741803235903439e-01 -1.4856286563977678e+01 2.1877221503968349e+00 2.8813034378275015e-01 5.6980790999999996e-03 9.5735325999999998e-01
8.7685077167941203e-02 -2.8859106785965804e+02 9.6638700263287469e-01 6.9028298043623240e+00 9.8917590099877339e-01 -1.5788489670031936e+01 2.1755572372608762e+00 2.9020994623877500e-01 5.3347821999999998e-03 9.6287009999999995e-01
8.8660895721682495e-02 -3.0361567230788444e+02 9.7105022335600399e-01 6.9474374645830625e+00 1.0764984400875564e+00 -1.6806276308378155e+01 2.1643014388540505e+00 2.9217213727519048e-01 4.9667000000000001e-03 9.6802122999999995e-01
8.9566555999205197e-02 -3.2025086373166550e+02 9.7537817321724274e-01 6.9859999646919517e+00 1.1588618196224338e+00 -1.7923739700705500e+01 2.1539405428706622e+00 2.9401003871196402e-01 4.5941591999999996e-03 9.7280200999999999e-01
9.0401249101253259e-02 -3.3878090913904128e+02 9.7936698666621869e-01 7.0191426036209377e+00 1.2358114671186591e+00 -1.9158705920503955e+01 2.1444621644565474e+00 2.9571755988315274e-01 4.2174915999999996e-03 9.7720817000000004e-01
9.1164221065522508e-02 -3.5957244332904725e+02 9.8301306068408401e-01 7.0474271791521979e+00 1.3069579358689447e+00 -2.0534181320980480e+01 2.1358557670250864e+00 2.9728922838395128e-01 3.8370333000000002e-03 9.8123572999999997e-01
9.1854788021681830e-02 -3.8311088191541819e+02 9.8631312720600439e-01 7.0713740780611385e+00 1.3719717357453574e+00 -2.2080652239271231e+01 2.1281122044415723e+00 2.9872026421601355e-01 3.4531249000000000e-03 9.8488107999999996e-01
9.2472330508240067e-02 -4.1005895885714176e+02 9.8926422596272523e-01 7.0914603761231270e+00 1.4305747260920740e+00 -2.3839781283472359e+01 2.1212236821563621e+00 3.0000673081480556e-01 3.0661112999999999e-03 9.8814095000000002e-01
9.3016289683790845e-02 -4.4135706252013119e+02 9.9186368637494982e-01 7.1081163706628834e+00 1.4825345043080065e+00 -2.5870746098786029e+01 2.1151836373167323e+00 3.0114437265437533e-01 2.6763420000000000e-03 9.9101238999999997e-01
9.3486178693278507e-02 -4.7840893939310268e+02 9.9410918187020603e-01 7.1217239435718795e+00 1.5276596908158002e+00 -2.8261977709594412e+01 2.1099865400305591e+00 3.0213082055333745e-01 2.2841723000000002e-03 9.9349282999999999e-01
9.3881578879242630e-02 -5.2345622978227573e+02 9.9599871177722399e-01 7.1326150025089490e+00 1.5657948936887125e+00 -3.1154840048162200e+01 2.1056277574125324e+00 3.0296333335582315e-01 1.8899688000000000e-03 9.9558005999999999e-01
9.4202137887440626e-02 -5.8044124940554684e+02 9.9753059227312502e-01 7.1410701901898488e+00 1.5968163002075511e+00 -3.4798194213318190e+01 2.1021035644250983e+00 3.0363985078740557e-01 1.4941295000000000e-03 9.9727222000000004e-01
9.4447596188134600e-02 -6.5744647980306513e+02 9.9870358312277807e-01 7.1473180345836447e+00 1.6206306160643342e+00 -3.9702719042659119e+01 2.0994107404847160e+00 3.0415880385750360e-01 1.0971916000000000e-03 9.9856794000000004e-01
9.4617859062442092e-02 -7.7670406641576847e+02 9.9951723168562423e-01 7.1515367070642197e+00 1.6371793663371728e+00 -4.7274204315432485e+01 2.0975457438617022e+00 3.0451924058942836e-01 7.0085733000000002e-04 9.9946672000000003e-01
