-1.6040207543678439e-01 -1.8412002493634432e+03 1.6040326263821739e-01 -1.6846248984647259e+03 -5.1112200643491025e+02 1.2148042549728599e+02 -1.1131627129204034e+02 -3.3182653805113695e+01 5.5301730000000003e-06 1.0230946000000001e-06
-1.6039601195953007e-01 -1.3583191027121616e+03 1.6041913172999023e-01 -1.2011291642553142e+03 -5.1096101082782275e+02 9.0127906872965710e+01 -7.9935266072362268e+01 -3.3175395826807303e+01 3.5894988000000002e-05 1.9923924999999999e-05
-1.6037698857451024e-01 -1.1342146144752346e+03 1.6046891897748031e-01 -9.7546960770177952e+02 -5.1045616799988125e+02 7.5570011085018763e+01 -6.5304859026720209e+01 -3.3152634095320586e+01 8.5619985000000003e-05 7.9222864999999994e-05
-1.6033932844644441e-01 -9.8713197793049767e+02 1.6056748156844741e-01 -8.2577616159119850e+02 -5.0945790665483702e+02 6.6006557408605602e+01 -5.5619046068202458e+01 -3.3107614605239583e+01 1.5173507999999999e-04 1.9661552000000001e-04
-1.6027806317504054e-01 -8.7787308542482356e+02 1.6072782260274546e-01 -7.1282367465407594e+02 -5.0783724026908925e+02 5.8892445599409072e+01 -4.8330538344517201e+01 -3.3034494433971389e+01 2.3255418000000001e-04 3.8758918999999998e-04
-1.6018867412032614e-01 -7.9126804786438731e+02 1.6096176808538826e-01 -6.2146243418960626e+02 -5.0547992329322045e+02 5.3242838291753550e+01 -4.2454916036744933e+01 -3.2928068588756140e+01 3.2689763000000001e-04 6.6622920000000002e-04
-1.6006697469936482e-01 -7.1983151547689818e+02 1.6128027497490760e-01 -5.4425896060180912e+02 -5.0228444738107345e+02 4.8571761882537530e+01 -3.7508076957384986e+01 -3.2783669156159895e+01 4.3385032000000002e-04 1.0455858000000000e-03
-1.5990904451380089e-01 -6.5930679951123307e+02 1.6169360358212564e-01 -4.7703714580334167e+02 -4.9816147108034659e+02 4.4603197729579684e+01 -3.3216957221519074e+01 -3.2597128684979658e+01 5.5265518999999999e-04 1.5378795000000000e-03
-1.5971118863010525e-01 -6.0703859521363711e+02 1.6221142414027784e-01 -4.1724056018448135e+02 -4.9303393706189195e+02 4.1165033797580598e+01 -2.9413277241782730e+01 -3.2364774679872532e+01 6.8265765000000004e-04 2.1546280000000000e-03
-1.5946991008339551e-01 -5.6125490920315076e+02 1.6284288876692293e-01 -3.6321168563845060e+02 -4.8683752610947721e+02 3.8142641675777767e+01 -2.5986978431609064e+01 -3.2083436830742656e+01 8.2327310000000005e-04 2.9067318999999999e-03
-1.5918189114243500e-01 -5.2071157891631674e+02 1.6359668049644269e-01 -3.1383328784706646e+02 -4.7952129007858156e+02 3.5455539938233422e+01 -2.2862790961986970e+01 -3.1750477663077984e+01 9.7396649000000004e-04 3.8045331000000002e-03
-1.5884397961126764e-01 -4.8449937213705721e+02 1.6448104913085901e-01 -2.6833279775985937e+02 -4.7104833114158492e+02 3.3045079399857926e+01 -1.9987687381465911e+01 -3.1363797826875647e+01 1.1342389000000000e-03 4.8578574999999999e-03
-1.5845317882010801e-01 -4.5193196562436401e+02 1.6550383743527919e-01 -2.2616779957141424e+02 -4.6139645650893277e+02 3.0867129437339358e+01 -1.7323478466607828e+01 -3.0921871046788521e+01 1.3036180000000001e-03 6.0760461999999999e-03
-1.5800664037515255e-01 -4.2247725715796611e+02 1.6667250011280146e-01 -1.8695497262814951e+02 -4.5055874722719642e+02 2.8887500627156683e+01 -1.4842254201467753e+01 -3.0423762957497839e+01 1.4816515000000000e-03 7.4679780999999997e-03
-1.5750165828785165e-01 -3.9571331506286413e+02 1.6799411916915102e-01 -1.5042372843190378e+02 -4.3854397661422269e+02 2.7079171376511709e+01 -1.2523428393012423e+01 -2.9869148568286626e+01 1.6679024999999999e-03 9.0420881999999994e-03
-1.5693566499693007e-01 -3.7129947114803042e+02 1.6947541432369023e-01 -1.1638464723246540e+02 -4.2537685905177824e+02 2.5420361153891086e+01 -1.0351748120175605e+01 -2.9258325117280076e+01 1.8619452999999999e-03 1.0806380000000001e-02
-1.5630622767913169e-01 -3.4895477367645987e+02 1.7112275266479104e-01 -8.4707100157927641e+01 -4.1109806562808382e+02 2.3893222301107922e+01 -8.3158989376688659e+00 -2.8592217558845576e+01 2.0633631000000000e-03 1.2768437000000001e-02
-1.5561104654895391e-01 -3.2844580988976122e+02 1.7294215309970215e-01 -5.5302901356165592e+01 -3.9576402725041373e+02 2.2482921445269909e+01 -6.4075030060251246e+00 -2.7872377858643990e+01 2.2717459999999998e-03 1.4935428000000001e-02
-1.5484795200348495e-01 -3.0957611632191498e+02 1.7493929382696766e-01 -2.8113854704229905e+01 -3.7944643743759065e+02 2.1176973281640613e+01 -4.6203687714800079e+00 -2.7100974033538836e+01 2.4866887000000002e-03 1.7314116000000001e-02
-1.5401490468656479e-01 -2.9217730307361808e+02 1.7711951216850758e-01 -3.1022215339156731e+00 -3.6223153924232594e+02 1.9964754880815203e+01 -2.9499258295043589e+00 -2.6280772993318141e+01 2.7077901999999999e-03 1.9910858000000000e-02
-1.5310999195993230e-01 -2.7610460357360643e+02 1.7948781380519135e-01 1.9757138196439278e+01 -3.4421905500422764e+02 1.8837135835447288e+01 -1.3927769861070007e+00 -2.5415110524164575e+01 2.9346520999999999e-03 2.2731616000000000e-02
-1.5213142982805411e-01 -2.6123233074929050e+02 1.8204886773925225e-01 4.0482526487845945e+01 -3.2552095970452268e+02 1.7786203810485816e+01 5.3647763728372988e-02 -2.4507856875736575e+01 3.1668782999999998e-03 2.5781951000000001e-02
-1.5107756101329570e-01 -2.4745052773700519e+02 1.8480701133187305e-01 5.9090721848103740e+01 -3.0625991270256651e+02 1.6805047082497044e+01 1.3913765376984870e+00 -2.3563369971498968e+01 3.4040742000000001e-03 2.9067029000000001e-02
-1.4994685367270216e-01 -2.3466236993100114e+02 1.8776625366157629e-01 7.5600876536750604e+01 -2.8656747771433999e+02 1.5887585684805359e+01 2.6221252628810863e+00 -2.2586440787526481e+01 3.6458464000000000e-03 3.2591624999999999e-02
-1.4873790332282719e-01 -2.2278212265115144e+02 1.9093027048663880e-01 9.0037745843398355e+01 -2.6658219281110001e+02 1.5028439853233818e+01 3.7474810976075759e+00 -2.1582233540071176e+01 3.8918026000000000e-03 3.6360116999999997e-02
-1.4744943027329441e-01 -2.1173346471789611e+02 1.9430241096187240e-01 1.0243426250611354e+02 -2.4644740022058718e+02 1.4222821207509785e+01 4.7690559971198034e+00 -2.0556215952957483e+01 4.1415510999999999e-03 4.0376493999999999e-02
-1.4608028058921199e-01 -2.0144815736172714e+02 1.9788569511983120e-01 1.1283343177370720e+02 -2.2630900867860532e+02 1.3466447228045686e+01 5.6886059658643111e+00 -1.9514085909544651e+01 4.3947007000000003e-03 4.4644352999999998e-02
-1.4462942609117255e-01 -1.9186494507657258e+02 2.0168281387081147e-01 1.2128966682916560e+02 -2.0631317240249845e+02 1.2755470674470009e+01 6.5081254486874220e+00 -1.8461694663012441e+01 4.6508610999999997e-03 4.9166899000000000e-02
-1.4309596307203387e-01 -1.8292863800110430e+02 2.0569613236124212e-01 1.2786959974204606e+02 -1.8660392150616232e+02 1.2086420571824535e+01 7.2299192844794886e+00 -1.7404965180718410e+01 4.9096423000000002e-03 5.3946949000000001e-02
-1.4147911390094309e-01 -1.7458936508319937e+02 2.0992768577569673e-01 1.3265237827763718e+02 -1.6732086977878325e+02 1.1456154719422125e+01 7.8566516757289433e+00 -1.6349812054991265e+01 5.1706551000000002e-03 5.8986927000000001e-02
-1.3977822413609331e-01 -1.6680192047459164e+02 2.1437918689327184e-01 1.3572952694242915e+02 -1.4859693626520513e+02 1.0861818029154117e+01 8.3913779074545136e+00 -1.5302058899419050e+01 5.4335110000000002e-03 6.4288872999999996e-02
-1.3799276541196689e-01 -1.5952523974742587e+02 2.1905201853120865e-01 1.3720436573149925e+02 -1.3055628765724236e+02 1.0300809466565280e+01 8.8375571056016646e+00 -1.4267361700652891e+01 5.6978226000000002e-03 6.9854434000000007e-02
-1.3612233223128745e-01 -1.5272192499083587e+02 2.2394724194086890e-01 1.3719107775215443e+02 -1.1331238028883577e+02 9.7707519239806810e+00 9.1990503763192972e+00 -1.3251132132078229e+01 5.9632034000000004e-03 7.5684873999999999e-02
-1.3416664356904373e-01 -1.4635785775229286e+02 2.2906559260974707e-01 1.3581343126141994e+02 -9.6966293506857298e+01 9.2694680198973423e+00 9.4801040796961171e+00 -1.2258468660144521e+01 6.2292681999999997e-03 8.1781068999999998e-02
-1.3212554158927056e-01 -1.4040185315818107e+02 2.3440748361986047e-01 1.3320322650212142e+02 -8.1605289800200111e+01 8.7949583997778884e+00 9.6853212764174863e+00 -1.1294093984563354e+01 6.4956331999999999e-03 8.8143510999999994e-02
-1.2999899164504877e-01 -1.3482536436640646e+02 2.3997300564774959e-01 1.2949853201816842e+02 -6.7301696169752191e+01 8.3453833381716276e+00 9.8196223643502289e+00 -1.0362299331616606e+01 6.7619166000000000e-03 9.4772308000000000e-02
-1.2778708035367631e-01 -1.2960221940793519e+02 2.4576193200206337e-01 1.2484173908339039e+02 -5.4112079867026935e+01 7.9190463051516620e+00 9.8881966232055198e+00 -9.4668978747584536e+00 7.0277381999999996e-03 1.0166719000000000e-01
-1.2549001527586354e-01 -1.2470839517052616e+02 2.5177371946315696e-01 1.1937751840755364e+02 -4.2076781825383890e+01 7.5143800873126150e+00 9.8964473354523719e+00 -8.6111883751434366e+00 7.2927204000000001e-03 1.0882751000000000e-01
-1.2310812940700039e-01 -1.2012182634308625e+02 2.5800749652872540e-01 1.1325074472998645e+02 -3.1219804137272028e+01 7.1299351314972217e+00 9.8499311909416729e+00 -7.7979304674029297e+00 7.5564877000000004e-03 1.1625223000000000e-01
-1.2064187187381711e-01 -1.1582221050272832e+02 2.6446208776213376e-01 1.0660441004529838e+02 -2.1548963496104971e+01 6.7643671566729813e+00 9.7542949381454740e+00 -7.0293253593650151e+00 7.8186677999999999e-03 1.2393994999999999e-01
-1.1809180729277455e-01 -1.1179085709550911e+02 2.7113601547161248e-01 9.9577530841664370e+01 -1.3056424149673690e+01 6.4164277396622689e+00 9.6152100164120036e+00 -6.3070108167973382e+00 8.0788911000000008e-03 1.3188891000000000e-01
-1.1545862539420838e-01 -1.0801054559568723e+02 2.7802747452232940e-01 9.2303439599932531e+01 -5.7195542818517513e+00 6.0849571289885915e+00 9.4383083419802798e+00 -5.6320687411549732e+00 8.3367917000000003e-03 1.4009695999999999e-01
-1.1274312819013689e-01 -1.0446540892283558e+02 2.8513436592029362e-01 8.4907862217027301e+01 4.9802784428530938e-01 5.7688748468646374e+00 9.2291191389421741e+00 -5.0050357303503148e+00 8.5920070000000005e-03 1.4856159999999999e-01
-1.0994623639035700e-01 -1.0114081234304128e+02 2.9245428002040369e-01 7.7507487647502771e+01 5.6451054085244357e+00 5.4671738347928045e+00 8.9930099537881176e+00 -4.4259271768288206e+00 8.8441787999999997e-03 1.5727996000000000e-01
-1.0706898298634826e-01 -9.8023249847946119e+01 2.9998451331839932e-01 7.0208642075471090e+01 9.7813583159994533e+00 5.1789133701169838e+00 8.7351315485199308e+00 -3.8942721739555592e+00 9.0929527999999999e-03 1.6624881999999999e-01
-1.0411251325127269e-01 -9.5100255387237411e+01 3.0772206845086153e-01 6.3106256772597263e+01 1.2975692136377283e+01 4.9032139976833884e+00 8.4603691915326777e+00 -3.4091443193567645e+00 9.3379794999999995e-03 1.7546460999999999e-01
-1.0107808153192685e-01 -9.2360318881628260e+01 3.1566366259118861e-01 5.6283100868912541e+01 1.5304467907026488e+01 4.6392520495681957e+00 8.1733001708552084e+00 -2.9692107029381707e+00 9.5789143999999993e-03 1.8492342000000001e-01
-9.7967060872885994e-02 -8.9792821328290231e+01 3.2380570226166822e-01 4.9809317472291369e+01 1.6849679808199102e+01 4.3862560209064902e+00 7.8781600040828277e+00 -2.5727805085154416e+00 9.8154178999999998e-03 1.9462097000000000e-01
-9.4780926976263710e-02 -8.7387953820367528e+01 3.3214432531335703e-01 4.3742192416756701e+01 1.7697124301829479e+01 4.1435010691941780e+00 7.5788139131725227e+00 -2.2178545871390529e+00 1.0047156000000000e-02 2.0455266000000000e-01
-9.1521254993663842e-02 -8.5136654642221771e+01 3.4067540932205709e-01 3.8126212233486328e+01 1.7934630882611355e+01 3.9103051731306087e+00 7.2787373274700382e+00 -1.9021789765148389e+00 1.0273801000000001e-02 2.1471357999999999e-01
-8.8189735566420860e-02 -8.3030576439523031e+01 3.4939452960843564e-01 3.2993417148820903e+01 1.7650309980418474e+01 3.6860269288433609e+00 6.9810060271090428e+00 -1.6233010847134688e+00 1.0495031000000000e-02 2.2509846000000000e-01
-8.4788155577311439e-02 -8.1062011102859543e+01 3.5829700961388089e-01 2.8363914474255402e+01 1.6930981244621876e+01 3.4700609931234072e+00 6.6882911451136469e+00 -1.3786212105421913e+00 1.0710529999999999e-02 2.3570173000000000e-01
-8.1318401358602507e-02 -7.9223845691154523e+01 3.6737791250452645e-01 2.4246637027984850e+01 1.5860712677395828e+01 3.2618355165226447e+00 6.4028622033818321e+00 -1.1654449545298025e+00 1.0919989999999999e-02 2.4651751000000000e-01
-7.7782461900099326e-02 -7.7509544807734613e+01 3.7663203277527485e-01 2.0640268803823318e+01 1.4519541792115643e+01 3.0608096847935942e+00 6.1265982103484316e+00 -9.8103252425602006e-01 1.1123108000000000e-02 2.5753959999999998e-01
-7.4182419225001281e-02 -7.5913085543333949e+01 3.8605392143772582e-01 1.7534293287630376e+01 1.2982381035359923e+01 2.8664706934154403e+00 5.8610025611252503e+00 -8.2264387408603079e-01 1.1319591000000000e-02 2.6876150999999998e-01
-7.0520445181853783e-02 -7.4428935049756049e+01 3.9563789441615210e-01 1.4910147730885186e+01 1.1318125679589725e+01 2.6783313643905533e+00 5.6072239604028953e+00 -6.8757978207478432e-01 1.1509152000000000e-02 2.8017647000000001e-01
-6.6798804652596397e-02 -7.3052019846386386e+01 4.0537802415152341e-01 1.2742456054974014e+01 9.5889769551618365e+00 2.4959282300389063e+00 5.3660819930810097e+00 -5.7321855046087933e-01 1.1691511000000000e-02 2.9177742000000001e-01
-6.3019858760610850e-02 -7.1777699273480579e+01 4.1526813120553063e-01 1.1000278467116534e+01 7.8499598591328059e+00 2.3188196887591617e+00 5.1380956841753971e+00 -4.7704768635955319e-01 1.1866398000000000e-02 3.0355700000000002e-01
-5.9186039206336485e-02 -7.0601732178051961e+01 4.2530185142839344e-01 9.6483482747186926e+00 6.1486441648332510e+00 2.1465829706405395e+00 4.9235139195224908e+00 -3.9668879624171505e-01 1.2033550000000000e-02 3.1550762999999998e-01
-5.5299870723606773e-02 -6.9520263123075949e+01 4.3547257718702859e-01 8.6483065610072813e+00 4.5250636593935196e+00 1.9788134380289524e+00 4.7223449523432244e+00 -3.2991934684293983e-01 1.2192715000000000e-02 3.2762143999999999e-01
-5.1363955039408882e-02 -6.8529797460168723e+01 4.4577349934492966e-01 7.9598543686980561e+00 3.0117975619830695e+00 1.8151223988149212e+00 4.5343969077766468e+00 -2.7468769484283073e-01 1.2343646000000000e-02 3.3989032000000002e-01
-4.7380974081931898e-02 -6.7627184793605949e+01 4.5619759886619116e-01 7.5418243050581939e+00 1.6342102746234861e+00 1.6551354824033906e+00 4.3593026110905750e+00 -2.2912229199800785e-01 1.2486109000000000e-02 3.5230591000000000e-01
-4.3353677148374362e-02 -6.6809600776852363e+01 4.6673768039941238e-01 7.3531627220524909e+00 4.1082616245547576e-01 1.4984908106115689e+00 4.1965551188297452e+00 -1.9153912839298953e-01 1.2619877000000000e-02 3.6485963999999999e-01
-3.9284890529088595e-02 -6.6074535908272168e+01 4.7738634708976951e-01 7.3537960717068076e+00 -6.4618531644848876e-01 1.3448379615022912e+00 4.0455366603847001e+00 -1.6044167511704271e-01 1.2744734000000001e-02 3.7754270000000001e-01
-3.5177507883436460e-02 -6.5419781632951754e+01 4.8813602576694343e-01 7.5053613837386806e+00 -1.5304412807916925e+00 1.1938362473798398e+00 3.9055524588360919e+00 -1.3451865794009865e-01 1.2860473000000001e-02 3.9034606999999999e-01
-3.1034483823693199e-02 -6.4843419799194066e+01 4.9897898373707184e-01 7.7718306833885551e+00 -2.2407109243279852e+00 1.0451531958587919e+00 3.7758488048199506e+00 -1.1263813170439146e-01 1.2966896000000000e-02 4.0326054000000000e-01
-2.6858840331143580e-02 -6.4343815350607557e+01 5.0990731199079709e-01 8.1199904459456889e+00 -2.7802410920383518e+00 8.9846350542206066e-01 3.6556417463296622e+00 -9.3838732501158845e-02 1.3063819000000001e-02 4.1627669000000000e-01
-2.2653647507793473e-02 -6.3919605584649972e+01 5.2091297557912197e-01 8.5198038108144534e+00 -3.1560653590453889e+00 7.5344715444611943e-01 3.5441377047515679e+00 -7.7319285713055921e-02 1.3151064000000001e-02 4.2938494999999999e-01
-1.8422042824658286e-02 -6.3569704895280672e+01 5.3198776323755437e-01 8.9446483895918245e+00 -3.3783055752965967e+00 6.0978884399708067e-01 3.4405499633608936e+00 -6.2425269439916366e-02 1.3228465999999999e-02 4.4257553999999999e-01
-1.4167205457378373e-02 -6.3293287630721451e+01 5.4312335455391447e-01 9.3714479655960350e+00 -3.4595077467698632e+00 4.6717586010165313e-01 3.3441144327334702e+00 -4.8635984619097933e-02 1.3295871000000001e-02 4.5583855000000001e-01
-9.8923691184112927e-03 -6.3089795180617884e+01 5.5431128638443083e-01 9.7806997027515550e+00 -3.4139922652477424e+00 3.2529749047381484e-01 3.2541015080155367e+00 -3.5550164245845617e-02 1.3353135000000000e-02 4.6916390000000002e-01
-5.6008060167915819e-03 -6.2958933051040624e+01 5.6554299483362103e-01 1.0156414971505843e+01 -3.2572590048168251e+00 1.8384301680721959e-01 3.1698257375313963e+00 -2.2870304154644264e-02 1.3400123999999999e-02 4.8254139000000001e-01
-1.2958332742266654e-03 -6.2900672793798250e+01 5.7680979846233860e-01 1.0485983784971202e+01 -3.0054439380922520e+00 4.2500715582067361e-02 3.0906523764634208e+00 -1.0389250120373304e-02 1.3436718000000000e-02 4.9596067999999999e-01
3.0191999070952047e-03 -6.2915255149598401e+01 5.8810293187167773e-01 1.0759977407284023e+01 -2.6748377595823114e+00 -9.9043620185859105e-02 3.0160020000988181e+00 2.0244388049058910e-03 1.3462807000000000e-02 5.0941133000000005e-01
7.3408994123127513e-03 -6.3003194966335926e+01 5.9941351211906890e-01 1.0971902769765260e+01 -2.2814675949449685e+00 -2.4110771385819652e-01 2.9453530303311215e+00 1.4439628428272087e-02 1.3478291000000000e-02 5.2288276000000000e-01
1.1665855086324423e-02 -6.3165288597052623e+01 6.1073261428206305e-01 1.1117921929638252e+01 -1.8407427468592743e+00 -3.8401537612457881e-01 2.8782424198972616e+00 2.6875514571133664e-02 1.3483083000000000e-02 5.3636434000000000e-01
1.5990624693547867e-02 -6.3402622751092309e+01 6.2205122947845126e-01 1.1196544026624482e+01 -1.3671716490832089e+00 -5.2809657439920166e-01 2.8142645829503188e+00 3.9312751201449433e-02 1.3477108000000000e-02 5.4984533999999996e-01
2.0311740334016171e-02 -6.3716585563753938e+01 6.3336028165821712e-01 1.1208309709592033e+01 -8.7415814557745830e-01 -6.7369039020052801e-01 2.7530694094753008e+00 5.1702273855595969e-02 1.3460300999999999e-02 5.6331494999999998e-01
2.4625718067522007e-02 -6.4108882413516085e+01 6.4465065279146416e-01 1.1155471399641518e+01 -3.7374709848083859e-01 -8.2114592313615509e-01 2.6943591384319441e+00 6.3977412587505320e-02 1.3432611000000001e-02 5.7676231000000000e-01
2.8929064329713899e-02 -6.4581545202425190e+01 6.5591319966036832e-01 1.1041675381010281e+01 1.2329687169431326e-01 -9.7082467750867307e-01 2.6378844444626317e+00 7.6058563832258952e-02 1.3393997000000000e-02 5.9017653000000003e-01
3.3218266307951883e-02 -6.5136961032156123e+01 6.6713872867124935e-01 1.0871668518561409e+01 6.0772636508617761e-01 -1.1231020034972472e+00 2.5834402166744881e+00 8.7861030614599656e-02 1.3344429999999999e-02 6.0354666000000001e-01
3.7489804773499891e-02 -6.5777887672560453e+01 6.7831802943847519e-01 1.0651006734703913e+01 1.0717327038492921e+00 -1.2783695259716135e+00 2.5308605856147368e+00 9.9300208833293685e-02 1.3283893999999999e-02 6.1686173000000000e-01
4.1740166913717985e-02 -6.6507482427023092e+01 6.8944190836836627e-01 1.0385801180578337e+01 1.5089381584030679e+00 -1.4370377927605658e+00 2.4800142291941176e+00 1.1029558145611013e-01 1.3212384000000001e-02 6.3011079000000003e-01
4.5965827083773864e-02 -6.7329327981350772e+01 7.0050113828333815e-01 1.0082485885452986e+01 1.9143358752788733e+00 -1.5995379390528734e+00 2.4308001829098878e+00 1.2077399198340226e-01 1.3129907000000000e-02 6.4328284999999996e-01
5.0163269262979593e-02 -6.8247468383294191e+01 7.1148651719373546e-01 9.7476215572954708e+00 2.2842085498336635e+00 -1.7663251111778826e+00 2.3831419774004119e+00 1.3067203303522554e-01 1.3036481000000001e-02 6.5636695000000000e-01
5.4328990262839411e-02 -6.9266447941369989e+01 7.2238887669380558e-01 9.3877021939185639e+00 2.6160300901430222e+00 -1.9378814840983187e+00 2.3369836989693198e+00 1.3993738569514846e-01 1.2932137999999999e-02 6.6935217000000002e-01
5.8459490102905631e-02 -7.0391351610941726e+01 7.3319905677377251e-01 9.0090238705853967e+00 2.9083468426564445e+00 -2.1147190432342309e+00 2.2922870111977685e+00 1.4852973853114790e-01 1.2816919000000000e-02 6.8222760000000005e-01
6.2551291259067165e-02 -7.1627858294009698e+01 7.4390795619569161e-01 8.6175618014033493e+00 3.1606537724422794e+00 -2.2973839201462498e+00 2.2490256100732298e+00 1.5642068476620063e-01 1.2690879000000000e-02 6.9498240000000000e-01
6.6600932247453198e-02 -7.2982294886357352e+01 7.5450651570149851e-01 8.2188797848134758e+00 3.3732745614966464e+00 -2.4864599511794045e+00 2.2071834946727611e+00 1.6359403834756253e-01 1.2554085000000000e-02 7.0760577999999996e-01
7.0604970832481406e-02 -7.4461700005619420e+01 7.6498572640898455e-01 7.8180627109496346e+00 3.5472293035832640e+00 -2.6825733566094345e+00 2.1667507342463388e+00 1.7004469980990689e-01 1.2406611999999999e-02 7.2008700999999997e-01
7.4560000067098259e-02 -7.6073901808422178e+01 7.7533667179167609e-01 7.4196729357826907e+00 3.6841155945189104e+00 -2.8863983220182403e+00 2.1277219816421731e+00 1.7577792204747766e-01 1.2248551000000000e-02 7.3241546999999996e-01
7.8462638668634843e-02 -7.7827597339446285e+01 7.8555050249090774e-01 7.0277239776206484e+00 3.7859871273288452e+00 -3.0986621510540293e+00 2.0900943601509794e+00 1.8080837836338773e-01 1.2080001999999999e-02 7.4458062000000003e-01
8.2309537434902852e-02 -7.9732448805177910e+01 7.9561845310777390e-01 6.6456727106724003e+00 3.8552484639362916e+00 -3.3201518317165455e+00 2.0538647258628533e+00 1.8515869732614260e-01 1.1901076999999999e-02 7.5657202000000001e-01
8.6097385660291015e-02 -8.1799194289109082e+01 8.0553185899507973e-01 6.2764224190215998e+00 3.8945533600252724e+00 -3.5517215151417076e+00 2.0190297748407353e+00 1.8885851550091420e-01 1.1711898000000000e-02 7.6837935000000002e-01
8.9822920759908997e-02 -8.4039777604952690e+01 8.1528218144527065e-01 5.9223468460698019e+00 3.9067155930687600e+00 -3.7943012504261628e+00 1.9855840564358624e+00 1.9194283394718711e-01 1.1512599000000000e-02 7.7999244000000001e-01
9.3482912229347404e-02 -8.6467484333702657e+01 8.2486096571055145e-01 5.5853183294561548e+00 3.8946292347705103e+00 -4.0489052461386041e+00 1.9535197288948032e+00 1.9445106105238077e-01 1.1303326000000001e-02 7.9140122000000002e-01
9.7074193725158020e-02 -8.9097115984778000e+01 8.3425992496264612e-01 5.2667330157413303e+00 3.8612030299774798e+00 -4.3166446371530034e+00 1.9228258625849997e+00 1.9642536844237399e-01 1.1084235000000000e-02 8.0259581999999996e-01
1.0059363419242173e-01 -9.1945177517842680e+01 8.4347086472901434e-01 4.9675592199625820e+00 3.8092995307760242e+00 -4.5987377635064499e+00 1.8934882953825305e+00 1.9791051921460490e-01 1.0855490000000001e-02 8.1356647999999998e-01
1.0403816673718069e-01 -9.5030108749012911e+01 8.5248575845663499e-01 4.6883762971041536e+00 3.7416910041632736e+00 -4.8965264048975392e+00 1.8654898019506581e+00 1.9895190136162211e-01 1.0617270000000000e-02 8.2430364000000000e-01
1.0740478221034239e-01 -9.8372542164140242e+01 8.6129673072005408e-01 4.4294193952024372e+00 3.6610201918279648e+00 -5.2114919120678938e+00 1.8388096227665707e+00 1.9959508282843541e-01 1.0369760000000000e-02 8.3479791999999997e-01
1.1069053241572774e-01 -1.0199560877116586e+02 8.6989606561736132e-01 4.1906246125068467e+00 3.5697718133402669e+00 -5.5452747186170983e+00 1.8134242699426344e+00 1.9988509548499217e-01 1.0113159000000000e-02 8.4504013000000000e-01
1.1389253331811916e-01 -1.0592529730185703e+02 8.7827621516616561e-01 3.9716741394733948e+00 3.4702579578759987e+00 -5.8996971574601123e+00 1.7893073770045720e+00 1.9986572288636714e-01 9.8476710000000005e-03 8.5502127999999999e-01
1.1700796504326039e-01 -1.1019087421498783e+02 8.8642979930359500e-01 3.7720313099789009e+00 3.3645920196742578e+00 -6.2767902727026668e+00 1.7664303771155780e+00 1.9957896974229378e-01 9.5735140000000000e-03 8.6473257999999997e-01
1.2003408791809711e-01 -1.1482540047243670e+02 8.9434964786617677e-01 3.5909917975577743e+00 3.2546928082627060e+00 -6.6788270017949563e+00 1.7447624889926718e+00 1.9906483633993233e-01 9.2909130999999992e-03 8.7416548999999999e-01
1.2296822643053645e-01 -1.1986632663743801e+02 9.0202875860995690e-01 3.4277110818547136e+00 3.1422783266584431e+00 -7.1083581978045327e+00 1.7242716363550945e+00 1.9836066558661591e-01 9.0001030000000006e-03 8.8331166999999999e-01
1.2580778847773544e-01 -1.2535621221088712e+02 9.0946034758635763e-01 3.2812404786240537e+00 3.0288683802021978e+00 -7.5682604155495188e+00 1.7049247686161815e+00 1.9750116905120632e-01 8.7013270999999996e-03 8.9216304000000002e-01
1.2855025574195672e-01 -1.3134359615387643e+02 9.1663782395424698e-01 3.1505579247929645e+00 2.9157919013432330e+00 -8.0617894241032886e+00 1.6866865286628423e+00 1.9651944650796488e-01 8.3948374000000006e-03 9.0071175000000003e-01
1.3119319973080906e-01 -1.3788408790043323e+02 9.2355483195982080e-01 3.0345945046176768e+00 2.8041930999348716e+00 -8.5926498802892670e+00 1.6695236232085335e+00 1.9544253343046969e-01 8.0808944000000001e-03 9.0895022999999997e-01
1.3373426894505491e-01 -1.4504164304153585e+02 9.3020521735269779e-01 2.9322570031693540e+00 2.6950457985901801e+00 -9.1650753758298968e+00 1.6534010662024814e+00 1.9429776895906134e-01 7.7597663000000001e-03 9.1687114999999997e-01
1.3617120171080282e-01 -1.5289021028304342e+02 9.3658306096982380e-01 2.8424488412663407e+00 2.5891634995488517e+00 -9.7839331067810242e+00 1.6382845786589870e+00 1.9310878230401216e-01 7.4317293999999999e-03 9.2446746000000002e-01
1.3850182938755540e-01 -1.6151577576278169e+02 9.4268268713144754e-01 2.7640851786570617e+00 2.4872149876440623e+00 -1.0454853344140142e+01 1.6241404734896077e+00 1.9189638388791944e-01 7.0970672000000004e-03 9.3173240000000002e-01
1.4072406995211334e-01 -1.7101891319399502e+02 9.4849864684916851e-01 2.6961073212317577e+00 2.3897365160522379e+00 -1.1184390648749160e+01 1.6109358624307561e+00 1.9067896699878559e-01 6.7560703000000000e-03 9.3865947999999999e-01
1.4283594403881555e-01 -1.8151815181910067e+02 9.5402575980581750e-01 2.6374970724387441e+00 2.2971470553253490e+00 -1.1980238369827005e+01 1.5986390278262095e+00 1.8947251271281337e-01 6.4090362999999996e-03 9.4524253000000003e-01
1.4483555569125084e-01 -1.9315418393018962e+02 9.5925906397959970e-01 2.5872773358324883e+00 2.2097628386049259e+00 -1.2851494832774929e+01 1.5872194951935097e+00 1.8828974085023717e-01 6.0562691999999996e-03 9.5147563999999996e-01
1.4672112444273877e-01 -2.0609571888730434e+02 9.6419389960385593e-01 2.5445297646279932e+00 2.1278099492912741e+00 -1.3809038021455649e+01 1.5766481702911510e+00 1.8714453232352526e-01 5.6980790999999996e-03 9.5735325999999998e-01
1.4849095323584866e-01 -2.2054694409630338e+02 9.6882582520730076e-01 2.5083898738798336e+00 2.0514387777795848e+00 -1.4865999013668270e+01 1.5668974822087831e+00 1.8604578541079872e-01 5.3347821999999998e-03 9.6287009999999995e-01
1.5014346050288052e-01 -2.3675824261456552e+02 9.7315070157378503e-01 2.4780548841244245e+00 1.9807380550033939e+00 -1.6038449032841310e+01 1.5579414735923667e+00 1.8500181324355294e-01 4.9667000000000001e-03 9.6802122999999995e-01
1.5167715770952855e-01 -2.5504077082497287e+02 9.7716463297046086e-01 2.4527836887257073e+00 1.9157331228098380e+00 -1.7346330904929381e+01 1.5497561558937472e+00 1.8401947758515358e-01 4.5941591999999996e-03 9.7280200999999999e-01
1.5309067501926549e-01 -2.7578804180382144e+02 9.8086403431559255e-01 2.4318995403448094e+00 1.8564247916123233e+00 -1.8814844984654474e+01 1.5423190850179991e+00 1.8310439270522444e-01 4.2174915999999996e-03 9.7720817000000004e-01
1.5438273562895832e-01 -2.9950733881931313e+02 9.8424556401074614e-01 2.4147889153269468e+00 1.8027691801548527e+00 -2.0476465560350750e+01 1.5356096927683445e+00 1.8226106515700860e-01 3.8370333000000002e-03 9.8123572999999997e-01
1.5555218143325267e-01 -3.2686914957690294e+02 9.8730619110859896e-01 2.4008998578514849e+00 1.7547043014876020e+00 -2.2374124267722117e+01 1.5296092961797068e+00 1.8149311391288919e-01 3.4531249000000000e-03 9.8488107999999996e-01
1.5659796340042864e-01 -3.5878680257802313e+02 9.9004317012501097e-01 2.3897425855999423e+00 1.7121507284649569e+00 -2.4566321927480530e+01 1.5243011049815200e+00 1.8080321771205937e-01 3.0661112999999999e-03 9.8814095000000002e-01
1.5751913515630472e-01 -3.9655026632769847e+02 9.9245402424707274e-01 2.3808849272939878e+00 1.6750220172843617e+00 -2.7135873368054767e+01 1.5196700251454498e+00 1.8019357946465808e-01 2.6763420000000000e-03 9.9101238999999997e-01
1.5831487223252616e-01 -4.4207927986462937e+02 9.9453659570896225e-01 2.3739547298073371e+00 1.6432283600212942e+00 -3.0206059742182841e+01 1.5157029084694631e+00 1.7966575947693583e-01 2.2841723000000002e-03 9.9349282999999999e-01
1.5898446565046886e-01 -4.9842267623331321e+02 9.9628902899999083e-01 2.3686332618964849e+00 1.6166821843467758e+00 -3.3973165108002654e+01 1.5123885749501391e+00 1.7922098775409179e-01 1.8899688000000000e-03 9.9558005999999999e-01
1.5952731871319115e-01 -5.7091531432367640e+02 9.9770976246862975e-01 2.3646578949587500e+00 1.5953046141867491e+00 -3.8781345632834089e+01 1.5097174765510117e+00 1.7886007596485923e-01 1.4941295000000000e-03 9.9727222000000004e-01
1.5994299191810707e-01 -6.7043773501434282e+02 9.9879764586617181e-01 2.3618163170745148e+00 1.5790241749462417e+00 -4.5333961548490230e+01 1.5076817365935598e+00 1.7858356797361735e-01 1.0971916000000000e-03 9.9856794000000004e-01
1.6023132486281300e-01 -8.2677250107007399e+02 9.9955225939381886e-01 2.3599480919989619e+00 1.5677785739104944e+00 -5.5560437025586019e+01 1.5062745028839111e+00 1.7839166452720920e-01 7.0085733000000002e-04 9.9946672000000003e-01
