-4.6951544801249329e-01 -6.4112399626481022e+02 4.6951695146679567e-01 -6.7355951252119200e+02 -1.7847917196626761e+02 4.2351798490714962e+01 -4.4458861473587895e+01 -1.1593515915357351e+01 5.5301730000000003e-06 1.0230946000000001e-06
-4.6949769951247033e-01 -4.7251022877595716e+02 4.6952697804718418e-01 -5.0484043604363802e+02 -1.7846666986011016e+02 3.1397895398299884e+01 -3.3500088942314513e+01 -1.1592952168185207e+01 3.5894988000000002e-05 1.9923924999999999e-05
-4.6944201586176953e-01 -3.9425968455826199e+02 4.6955843516183376e-01 -4.2631769917087365e+02 -1.7842745060127055e+02 2.6311838527630776e+01 -2.8401379409045433e+01 -1.1591183643367449e+01 8.5619985000000003e-05 7.9222864999999994e-05
-4.6933178030619532e-01 -3.4290770102101783e+02 4.6962071003904671e-01 -3.7449925392881545e+02 -1.7834982931406114e+02 2.2970892011774879e+01 -2.5038649809213389e+01 -1.1587683252938215e+01 1.5173507999999999e-04 1.9661552000000001e-04
-4.6915244976279386e-01 -3.0476613890039994e+02 4.6972201843734596e-01 -3.3568372044972284e+02 -1.7822361257579342e+02 2.0485825539306376e+01 -2.2521975531666563e+01 -1.1581990867010953e+01 2.3255418000000001e-04 3.8758918999999998e-04
-4.6889079764914537e-01 -2.7453821390909519e+02 4.6986983239052171e-01 -3.0456890135246891e+02 -1.7803958295651566e+02 1.8512574199352624e+01 -2.0506960537109823e+01 -1.1573689901870747e+01 3.2689763000000001e-04 6.6622920000000002e-04
-4.6853456935222393e-01 -2.4960918709378444e+02 4.7007107484206095e-01 -2.7853973706802992e+02 -1.7778927619784261e+02 1.6881344431537137e+01 -1.8823717726425063e+01 -1.1562397079540165e+01 4.3385032000000002e-04 1.0455858000000000e-03
-4.6807228941209322e-01 -2.2849295587918715e+02 4.7033222857199564e-01 -2.5611338104911414e+02 -1.7746486664292772e+02 1.5495689472526600e+01 -1.7375875460440202e+01 -1.1547757062464084e+01 5.5265518999999999e-04 1.5378795000000000e-03
-4.6749314233047168e-01 -2.1026211439120218e+02 4.7065940353118485e-01 -2.3636834221163559e+02 -1.7705910552034271e+02 1.4295477181468980e+01 -1.6103502459771480e+01 -1.1529439460940489e+01 6.8265765000000004e-04 2.1546280000000000e-03
-4.6678689208622914e-01 -1.9429768880623899e+02 4.7105838230906361e-01 -2.1869356968190112e+02 -1.7656528718486894e+02 1.3240632709462824e+01 -1.4966812850601793e+01 -1.1507137090589787e+01 8.2327310000000005e-04 2.9067318999999999e-03
-4.6594382729587075e-01 -1.8016500832063693e+02 4.7153465111388443e-01 -2.0266386743465222e+02 -1.7597723350967519e+02 1.2303036228384146e+01 -1.3938076944162127e+01 -1.1480565058550932e+01 9.7396649000000004e-04 3.8045331000000002e-03
-4.6495472111683539e-01 -1.6754635474789148e+02 4.7209342242436675e-01 -1.8797220291894646e+02 -1.7528928866928703e+02 1.1462187954778360e+01 -1.2997226234799721e+01 -1.1449460322516595e+01 1.1342389000000000e-03 4.8578574999999999e-03
-4.6381080194967184e-01 -1.5620184960176911e+02 4.7273965154078496e-01 -1.7439032491309902e+02 -1.7449632102226130e+02 1.0702659352647139e+01 -1.2129305180729467e+01 -1.1413581531587493e+01 1.3036180000000001e-03 6.0760461999999999e-03
-4.6250373221589713e-01 -1.4594547252398669e+02 4.7347804857389758e-01 -1.6174457102896034e+02 -1.7359372991807112e+02 1.0012496111468284e+01 -1.1322869115787665e+01 -1.1372709216187655e+01 1.4816515000000000e-03 7.4679780999999997e-03
-4.6102559117369590e-01 -1.3662968519707417e+02 4.7431308815279699e-01 -1.4990030841220994e+02 -1.7257745415544886e+02 9.3822481871487327e+00 -1.0569031427792920e+01 -1.1326645914666662e+01 1.6679024999999999e-03 9.0420881999999994e-03
-4.5936886327391363e-01 -1.2813520969998760e+02 4.7524901600290581e-01 -1.3875157485980887e+02 -1.7144398303239197e+02 8.8042969301090501e+00 -9.8607154863251552e+00 -1.1275216545884087e+01 1.8619452999999999e-03 1.0806380000000001e-02
-4.5752642736117904e-01 -1.2036401479107857e+02 4.7628985504653853e-01 -1.2821393225812196e+02 -1.7019036615923838e+02 8.2723982209900662e+00 -9.1923011199434583e+00 -1.1218268707038256e+01 2.0633631000000000e-03 1.2768437000000001e-02
-4.5549155169703037e-01 -1.1323438621705309e+02 4.7743940821446418e-01 -1.1821943685265718e+02 -1.6881422526853061e+02 7.7813614883198596e+00 -8.5591837350018611e+00 -1.1155673088106607e+01 2.2717459999999998e-03 1.4935428000000001e-02
-4.5325788560252306e-01 -1.0667735266282330e+02 4.7870126316721057e-01 -1.0871296194080834e+02 -1.6731376159217055e+02 7.3268170095535714e+00 -7.9576020485540173e+00 -1.1087323728904176e+01 2.4866887000000002e-03 1.7314116000000001e-02
-4.5081945964603648e-01 -1.0063407845820385e+02 4.8007879218896726e-01 -9.9649514935143259e+01 -1.6568776630515700e+02 6.9050462113864581e+00 -7.3844503888468864e+00 -1.1013138415612088e+01 2.7077901999999999e-03 1.9910858000000000e-02
-4.4817067531391291e-01 -9.5053879844298862e+01 4.8157515802290546e-01 -9.0992168976520617e+01 -1.6393562141405582e+02 6.5128525243901620e+00 -6.8371456383836930e+00 -1.0933058700930777e+01 2.9346520999999999e-03 2.2731616000000000e-02
-4.4530631064465448e-01 -8.9892745616919385e+01 4.8319331068827626e-01 -8.2710524557564113e+01 -1.6205730818048826e+02 6.1474653905542320e+00 -6.3135287625091037e+00 -1.0847050304482625e+01 3.1668782999999998e-03 2.5781951000000001e-02
-4.4222151459472619e-01 -8.5112172379305647e+01 4.8493599066331211e-01 -7.4779478092879373e+01 -1.6005340484699155e+02 5.8064644979402962e+00 -5.8117859256683992e+00 -1.0755103038483369e+01 3.4040742000000001e-03 2.9067029000000001e-02
-4.3891180328242452e-01 -8.0678259098058504e+01 4.8680573100716129e-01 -6.7178249566922702e+01 -1.5792508263341247e+02 5.4877202467952300e+00 -5.3303866239792450e+00 -1.0657230733132293e+01 3.6458464000000000e-03 3.2591624999999999e-02
-4.3537306562207478e-01 -7.6560966965382761e+01 4.8880485417698638e-01 -5.9889624836304861e+01 -1.5567410434733199e+02 5.1893485249111855e+00 -4.8680358808457544e+00 -1.0553471266877153e+01 3.8918026000000000e-03 3.6360116999999997e-02
-4.3160155581176796e-01 -7.2733577535218231e+01 4.9093547627183298e-01 -5.2899313505276467e+01 -1.5330281088269624e+02 4.9096722079163149e+00 -4.4236336304586752e+00 -1.0443886142928429e+01 4.1415510999999999e-03 4.0376493999999999e-02
-4.2759389615045978e-01 -6.9172196595966426e+01 4.9319950544117891e-01 -4.6195441855762652e+01 -1.5081411125515592e+02 4.6471913900890902e+00 -3.9962430707863144e+00 -1.0328560219034751e+01 4.3947007000000003e-03 4.4644352999999998e-02
-4.2334707703797014e-01 -6.5855377990625243e+01 4.9559864188493408e-01 -3.9768125535921044e+01 -1.4821146707402997e+02 4.4005582249408288e+00 -3.5850640729487746e+00 -1.0207601244172427e+01 4.6508610999999997e-03 4.9166899000000000e-02
-4.1885845321885234e-01 -6.2763802112365248e+01 4.9813437997537519e-01 -3.3609108568046558e+01 -1.4549887137272407e+02 4.1685572526333301e+00 -3.1894108767365172e+00 -1.0081139170762299e+01 4.9096423000000002e-03 5.3946949000000001e-02
-4.1412574847755679e-01 -5.9880010989043321e+01 5.0080800560472738e-01 -2.7711468320550750e+01 -1.4268082938714431e+02 3.9500879734890528e+00 -2.8086939936412696e+00 -9.9493246783772928e+00 5.1706551000000002e-03 5.8986927000000001e-02
-4.0914704718713590e-01 -5.7188187362908636e+01 5.0362060095951700e-01 -2.2069351350821677e+01 -1.3976232762515045e+02 3.7441508132348678e+00 -2.4424038676871449e+00 -9.8123317841951501e+00 5.4335110000000002e-03 6.4288872999999996e-02
-4.0392080276053921e-01 -5.4673964972207166e+01 5.0657303974621870e-01 -1.6677761772980315e+01 -1.3674881263114310e+02 3.5498349897534722e+00 -2.0900985569501862e+00 -9.6703516573834651e+00 5.6978226000000002e-03 6.9854434000000007e-02
-3.9844582826028563e-01 -5.2324263625364303e+01 5.0966599249609179e-01 -1.1532371459420855e+01 -1.3364615012705272e+02 3.3663086524180810e+00 -1.7513915688014121e+00 -9.5235950094038024e+00 5.9632034000000004e-03 7.5684873999999999e-02
-3.9272130109362691e-01 -5.0127153621303187e+01 5.1289992391276251e-01 -6.6293570234842427e+00 -1.3046059813848780e+02 3.1928088615071255e+00 -1.4259425681028408e+00 -9.3722901827715113e+00 6.2292681999999997e-03 8.1781068999999998e-02
-3.8674675925641694e-01 -4.8071734407128915e+01 5.1627509499415747e-01 -1.9652625235975969e+00 -1.2719876650822870e+02 3.0286368334810807e+00 -1.1134487359052549e+00 -9.2166818453971668e+00 6.4956331999999999e-03 8.8143510999999994e-02
-3.8052210133311137e-01 -4.6148030803879713e+01 5.1979156303250473e-01 2.4631209487448622e+00 -1.2386757931156973e+02 2.8731486703059379e+00 -8.1363781357912568e-01 -9.0570297007098777e+00 6.7619166000000000e-03 9.4772308000000000e-02
-3.7404758086257095e-01 -4.4346900631584013e+01 5.2344918479723446e-01 6.6588609880347809e+00 -1.2047423160096626e+02 2.7257509997346880e+00 -5.2626128804774086e-01 -8.8936066510774268e+00 7.0277381999999996e-03 1.0166719000000000e-01
-3.6732380539902859e-01 -4.2659955429032998e+01 5.2724761706546330e-01 1.0624971958987606e+01 -1.1702614808014721e+02 2.5858958034677570e+00 -2.5108984977366788e-01 -8.7266987015350210e+00 7.2927204000000001e-03 1.0882751000000000e-01
-3.6035174965854877e-01 -4.1079493933378572e+01 5.3118630919522336e-01 1.4364480307696837e+01 -1.1353094724883699e+02 2.4530763750758089e+00 1.2093169562390815e-02 -8.5566017493030628e+00 7.5564877000000004e-03 1.1625223000000000e-01
-3.5313272828707604e-01 -3.9598430527701851e+01 5.3526451850948709e-01 1.7880504722744675e+01 -1.0999638412630448e+02 2.3268229430825946e+00 2.6349337550031288e-01 -8.3836208215804771e+00 7.8186677999999999e-03 1.2393994999999999e-01
-3.4566839398236904e-01 -3.8210244990392326e+01 5.3948131135713351e-01 2.1176305847131289e+01 -1.0643030653593488e+02 2.2066993804048103e+00 5.0331097191702900e-01 -8.2080681372434086e+00 8.0788911000000008e-03 1.3188891000000000e-01
-3.3796076566498534e-01 -3.6908937841696080e+01 5.4383554719844163e-01 2.4255315099100276e+01 -1.0284062583391999e+02 2.0923006549477812e+00 7.3174213082136974e-01 -8.0302622425994770e+00 8.3367917000000003e-03 1.4009695999999999e-01
-3.3001219091696854e-01 -3.5688976962091026e+01 5.4832589982443325e-01 2.7121185637322338e+01 -9.9235255051169730e+01 1.9832495644431238e+00 9.4898274197529076e-01 -7.8505256200290772e+00 8.5920070000000005e-03 1.4856159999999999e-01
-3.2182536476250490e-01 -3.4545264073270744e+01 5.5295084674720152e-01 2.9777809255789265e+01 -9.5622076544819521e+01 1.8791946387483809e+00 1.1552298136342465e+00 -7.6691833363648589e+00 8.8441787999999997e-03 1.5727996000000000e-01
-3.1340331088726658e-01 -3.3473096023020133e+01 5.5770867980958228e-01 3.2229341309065511e+01 -9.2008891822183259e+01 1.7798077383078812e+00 1.3506836784926688e+00 -7.4865615403448942e+00 9.0929527999999999e-03 1.6624881999999999e-01
-3.0474938163841186e-01 -3.2468133545750632e+01 5.6259750518515494e-01 3.4480211030131322e+01 -8.8403382545066322e+01 1.6847821528347440e+00 1.5355492662533203e+00 -7.3029857040857369e+00 9.3379794999999995e-03 1.7546460999999999e-01
-2.9586724863425717e-01 -3.1526371759767198e+01 5.6761524868307756e-01 3.6535128679098364e+01 -8.4813068763315329e+01 1.5938307601915365e+00 1.7100373417356731e+00 -7.1187789018760954e+00 9.5789143999999993e-03 1.8492342000000001e-01
-2.8676093093526112e-01 -3.0644117593508252e+01 5.7275963983357958e-01 3.8399078586885565e+01 -8.1245284761405699e+01 1.5066847263335224e+00 1.8743646807597123e+00 -6.9342612175235541e+00 9.8154178999999998e-03 1.9462097000000000e-01
-2.7743474809238411e-01 -2.9817960021718900e+01 5.7802823841214113e-01 4.0077326691889716e+01 -7.7707126130537162e+01 1.4230915729086346e+00 2.0287555782693802e+00 -6.7497471734315688e+00 1.0047156000000000e-02 2.0455266000000000e-01
-2.6789331075675987e-01 -2.9044750904433720e+01 5.8341843974432894e-01 4.1575407946324468e+01 -7.4205416529240694e+01 1.3428138038743678e+00 2.1734421542653495e+00 -6.5655449901640255e+00 1.0273801000000001e-02 2.1471357999999999e-01
-2.5814156763133644e-01 -2.8321588751131173e+01 5.8892744818161724e-01 4.2899106344445322e+01 -7.0746696924704750e+01 1.2656282674593977e+00 2.3086636795116426e+00 -6.3819556331071947e+00 1.0495031000000000e-02 2.2509846000000000e-01
-2.4818474912890709e-01 -2.7645796409716869e+01 5.9455230893040256e-01 4.4054446809461005e+01 -6.7337179739135095e+01 1.1913243041847246e+00 2.4346673979029845e+00 -6.1992703168872554e+00 1.0710529999999999e-02 2.3570173000000000e-01
-2.3802837676243851e-01 -2.7014906764410316e+01 6.0028990274716831e-01 4.5047672343270605e+01 -6.3982730273101225e+01 1.1197031436735567e+00 2.5517080669344461e+00 -6.0177708977587274e+00 1.0919989999999999e-02 2.4651751000000000e-01
-2.2767827253539899e-01 -2.6426649963287240e+01 6.0613694063364854e-01 4.5885220865995016e+01 -6.0688851110456660e+01 1.0505767152286856e+00 2.6600475029654831e+00 -5.8377282911946446e+00 1.1123108000000000e-02 2.5753959999999998e-01
-2.1714053077077383e-01 -2.5878936926226803e+01 6.1208997975133594e-01 4.6573703036681366e+01 -5.7460656830679206e+01 9.8376687398350382e-01 2.7599543284360832e+00 -5.6594014001998723e+00 1.1319591000000000e-02 2.6876150999999998e-01
-2.0642150872073728e-01 -2.5369848727563280e+01 6.1814542872631772e-01 4.7119876097362400e+01 -5.4302859252444321e+01 9.1910442150731941e-01 2.8517034814670299e+00 -5.4830362682963001e+00 1.1509152000000000e-02 2.8017647000000001e-01
-1.9552783595698064e-01 -2.4897626266693024e+01 6.2429954234443930e-01 4.7530615511428884e+01 -5.1219761470745702e+01 8.5642845430076020e-01 2.9355753593248624e+00 -5.3088656966101944e+00 1.1691511000000000e-02 2.9177742000000001e-01
-1.8446642376104050e-01 -2.4460660939632778e+01 6.3054841624646929e-01 4.7812886373232203e+01 -4.8215253262041998e+01 7.9558574213213784e-01 3.0118550441175085e+00 -5.1371088934215363e+00 1.1866398000000000e-02 3.0355700000000002e-01
-1.7324439000167313e-01 -2.4057483002407835e+01 6.3688802936678557e-01 4.7973719968848805e+01 -4.5292789571532637e+01 7.3642962802689060e-01 3.0808319896498402e+00 -4.9679699448552794e+00 1.2033550000000000e-02 3.1550762999999998e-01
-1.6186912486715205e-01 -2.3686756682477501e+01 6.4331420679952500e-01 4.8020168784624936e+01 -4.2455406565872160e+01 6.7881982747162040e-01 3.1427986738935121e+00 -4.8016386050462936e+00 1.2192715000000000e-02 3.2762143999999999e-01
-1.5034824391362678e-01 -2.3347271434990084e+01 6.4982264632276243e-01 4.7959306823912691e+01 -3.9705713835192505e+01 6.2262159522487304e-01 3.1980499869140369e+00 -4.6382894069595597e+00 1.2343646000000000e-02 3.3989032000000002e-01
-1.3868959745545145e-01 -2.3037936138557324e+01 6.5640891309367477e-01 4.7798173437142459e+01 -3.7045902433318972e+01 5.6770523553558006e-01 3.2468823115847951e+00 -4.4780818046791513e+00 1.2486109000000000e-02 3.5230591000000000e-01
-1.2690123300387168e-01 -2.2757772736130313e+01 6.6306846086788485e-01 4.7543758974164774e+01 -3.4477744884621004e+01 5.1394541492612533e-01 3.2895927018727353e+00 -4.3211596692859393e+00 1.2619877000000000e-02 3.6485963999999999e-01
-1.1499142343800933e-01 -2.2505912284497807e+01 6.6979661608495367e-01 4.7202977510529919e+01 -3.2002612935216440e+01 4.6122081380094793e-01 3.3264778722072532e+00 -4.1676518385701868e+00 1.2744734000000001e-02 3.7754270000000001e-01
-1.0296863883387786e-01 -2.2281590066641275e+01 6.7658859378288794e-01 4.6782640593192369e+01 -2.9621484449720253e+01 4.0941351912835044e-01 3.3578334070667735e+00 -4.0176720013434020e+00 1.2860473000000001e-02 3.9034606999999999e-01
-9.0841527683726220e-02 -2.2084141879557755e+01 6.8343950820781219e-01 4.6289433093218626e+01 -2.7334955283175002e+01 3.5840849459600133e-01 3.3839529066315297e+00 -3.8713193672159734e+00 1.2966896000000000e-02 4.0326054000000000e-01
-7.8618935676694812e-02 -2.1913001476164073e+01 6.9034436220429640e-01 4.5729892746942859e+01 -2.5143260087640279e+01 3.0809322506423598e-01 3.4051271175691449e+00 -3.7286768181928087e+00 1.3063819000000001e-02 4.1627669000000000e-01
-6.6309849356846862e-02 -2.1767697444620143e+01 6.9729807904437247e-01 4.5110387434634660e+01 -2.3046280736152589e+01 2.5835704231230394e-01 3.4216432158544032e+00 -3.5898144849170657e+00 1.3151064000000001e-02 4.2938494999999999e-01
-5.3923452465137078e-02 -2.1647852100347652e+01 7.0429547059851760e-01 4.4437099782495757e+01 -2.1043576477556432e+01 2.0909094155899011e-01 3.4337839400071770e+00 -3.4547883991918993e+00 1.3228465999999999e-02 4.4257553999999999e-01
-4.1469050816786535e-02 -2.1553179938203037e+01 7.1133127977434230e-01 4.3716005737191914e+01 -1.9134392260540167e+01 1.6018684622791790e-01 3.4418270137652334e+00 -3.3236408728187987e+00 1.3295871000000001e-02 4.5583855000000001e-01
-2.8956109862595336e-02 -2.1483486631959835e+01 7.1840015929724665e-01 4.2952872125357828e+01 -1.7317687201425993e+01 1.1153734381658431e-01 3.4460440989402450e+00 -3.1964015455110424e+00 1.3353135000000000e-02 4.6916390000000002e-01
-1.6394207737301603e-02 -2.1438669232130348e+01 7.2549669823459983e-01 4.2153222104506483e+01 -1.5592149821166249e+01 6.3035068533508376e-02 3.4467014550036987e+00 -3.0730875878200625e+00 1.3400123999999999e-02 4.8254139000000001e-01
-3.7930540402378865e-03 -2.1418716635235164e+01 7.3261541138606789e-01 4.1322346178182237e+01 -1.3956224547273713e+01 1.4572343440969471e-02 3.4440575803433218e+00 -2.9537045767082515e+00 1.3436718000000000e-02 4.9596067999999999e-01
8.8375477259816093e-03 -2.1423710685739408e+01 7.3975076050295829e-01 4.0465282517748740e+01 -1.2408129340531170e+01 -3.3959408333968710e-02 3.4383639046608137e+00 -2.8382469414421689e+00 1.3462807000000000e-02 5.0941133000000005e-01
2.1487662594147861e-02 -2.1453827871875529e+01 7.4689713306887517e-01 3.9586814556177927e+01 -1.0945885616218108e+01 -8.2669968763253943e-02 3.4298640930888911e+00 -2.7266990142852876e+00 1.3478291000000000e-02 5.2288276000000000e-01
3.4147308645411378e-02 -2.1509341832551154e+01 7.5404889004324338e-01 3.8691462056044827e+01 -9.5673279563422735e+00 -1.3167114255533052e-01 3.4187936468597484e+00 -2.6190350734918231e+00 1.3483083000000000e-02 5.3636434000000000e-01
4.6806410057640857e-02 -2.1590626486498739e+01 7.6120033933712850e-01 3.7783481780435700e+01 -8.2701361555335762e+00 -1.8107706907774590e-01 3.4053796208635885e+00 -2.5152205701900474e+00 1.3477108000000000e-02 5.4984533999999996e-01
5.9454815886079371e-02 -2.1698159795401818e+01 7.6834574642290931e-01 3.6866865782192605e+01 -7.0518537606426355e+00 -2.3100481890773106e-01 3.3898403759084133e+00 -2.4152127424690821e+00 1.3460300999999999e-02 5.6331494999999998e-01
7.2082328234329363e-02 -2.1832528802837164e+01 7.7547935024878434e-01 3.5945340734686155e+01 -5.9099071986322276e+00 -2.8157506425913270e-01 3.3723853557955521e+00 -2.3189611741455591e+00 1.3432611000000001e-02 5.7676231000000000e-01
8.4678721035008508e-02 -2.1994434809106977e+01 7.8259537384844480e-01 3.5022369246061281e+01 -4.8416255449800660e+00 -3.3291276000470060e-01 3.3532149622631704e+00 -2.2264084467657264e+00 1.3393997000000000e-02 5.9017653000000003e-01
9.7233711878765727e-02 -2.2184700368678428e+01 7.8968800842656617e-01 3.4101156128391032e+01 -3.8442632729807715e+00 -3.8514766942492284e-01 3.3325204827224626e+00 -2.1374911431883783e+00 1.3344429999999999e-02 6.0354666000000001e-01
1.0973699957559346e-01 -2.2404276613789342e+01 7.9675143457815234e-01 3.3184651199332102e+01 -2.9150161760418261e+00 -4.3841521369659842e-01 3.3104840525394397e+00 -2.0521402898293126e+00 1.3283893999999999e-02 6.1686173000000000e-01
1.2217830171614030e-01 -2.2654252820043961e+01 8.0377984350787890e-01 3.2275553167856998e+01 -2.0510361429567516e+00 -4.9285738901664455e-01 3.2872785925494674e+00 -1.9702818784871239e+00 1.3212384000000001e-02 6.3011079000000003e-01
1.3454729832974244e-01 -2.2935865343582446e+01 8.1076740520107782e-01 3.1376321489737734e+01 -1.2494546229733834e+00 -5.4862334121868728e-01 3.2630679888187499e+00 -1.8918379615648080e+00 1.3129907000000000e-02 6.4328284999999996e-01
1.4683369761672049e-01 -2.3250510231577206e+01 8.1770830555758878e-01 3.0489177851153869e+01 -5.0739155570660066e-01 -6.0587062084615129e-01 3.2380070926144349e+00 -1.8167268354275863e+00 1.3036481000000001e-02 6.5636695000000000e-01
1.5902724533870782e-01 -2.3599756577656748e+01 8.2459675169659508e-01 2.9616124120180924e+01 1.7802863779735584e-01 -6.6476610045810947e-01 3.2122422538701398e+00 -1.7448637711436272e+00 1.2932137999999999e-02 6.6935217000000002e-01
1.7111769664766574e-01 -2.3985360781279077e+01 8.3142695604211614e-01 2.8758940901788026e+01 8.0966205964468940e-01 -7.2548709161196778e-01 3.1859099390236305e+00 -1.6761612979775531e+00 1.2816919000000000e-02 6.8222760000000005e-01
1.8309487242785283e-01 -2.4409284943522216e+01 8.3819316815202261e-01 2.7919202965804338e+01 1.3903362992186821e+00 -7.8822275975819101e-01 3.1591392625457919e+00 -1.6105312116024939e+00 1.2690879000000000e-02 6.9498240000000000e-01
1.9494864051516902e-01 -2.4873715750283250e+01 8.4488966410836452e-01 2.7098289626412235e+01 1.9228376314709517e+00 -8.5317543935713880e-01 3.1320506579456944e+00 -1.5478826799403205e+00 1.2554085000000000e-02 7.0760577999999996e-01
2.0666892508748258e-01 -2.5381086662151201e+01 8.5151075182220770e-01 2.6297395253410137e+01 2.4099012838962053e+00 -9.2056219744623435e-01 3.1047565199350347e+00 -1.4881244898988235e+00 1.2406611999999999e-02 7.2008700999999997e-01
2.1824575361627230e-01 -2.5934105027883803e+01 8.5805079755781288e-01 2.5517537743658487e+01 2.8542048958345569e+00 -9.9061681516132716e-01 3.0773614216119602e+00 -1.4311646244412002e+00 1.2248551000000000e-02 7.3241546999999996e-01
2.2966922869564210e-01 -2.6535779749008071e+01 8.6450421001812794e-01 2.4759572114196018e+01 3.2583590060727672e+00 -1.0635915997290266e+00 3.0499624377865393e+00 -1.3769113649869977e+00 1.2080001999999999e-02 7.4458062000000003e-01
2.4092954682297740e-01 -2.7189454816463506e+01 8.7086545095446033e-01 2.4024200938205588e+01 3.6249011119975258e+00 -1.1397596614988270e+00 3.0226494512830100e+00 -1.3252738023053330e+00 1.1901076999999999e-02 7.5657202000000001e-01
2.5201701717960223e-01 -2.7898848320899532e+01 8.7712904577614792e-01 2.3311984811467461e+01 3.9562904797779965e+00 -1.2194175317720664e+00 2.9955054196565278e+00 -1.2761590632159503e+00 1.1711898000000000e-02 7.6837935000000002e-01
2.6292208980176290e-01 -2.8668096380252656e+01 8.8328959946506758e-01 2.2623351965095758e+01 4.2549041391452880e+00 -1.3028882140648113e+00 2.9686061329757742e+00 -1.2294791515592847e+00 1.1512599000000000e-02 7.7999244000000001e-01
2.7363530862898755e-01 -2.9501801669365815e+01 8.8934177005145520e-01 2.1958612699428592e+01 4.5230315702666228e+00 -1.3905240765764049e+00 2.9420228034154676e+00 -1.1851448349839231e+00 1.1303326000000001e-02 7.9140122000000002e-01
2.8414740540736760e-01 -3.0405096605009788e+01 8.9528032166226512e-01 2.1317964638122302e+01 4.7628740993779646e+00 -1.4827113539600068e+00 2.9158189650143158e+00 -1.1430688827265805e+00 1.1084235000000000e-02 8.0259581999999996e-01
2.9444921517660505e-01 -3.1383703403891705e+01 9.0110007677764647e-01 2.0701508502063632e+01 4.9765405807851844e+00 -1.5798735793999619e+00 2.8900531835026091e+00 -1.1031659873058051e+00 1.0855490000000001e-02 8.1356647999999998e-01
3.0453176078296462e-01 -3.2444019773144696e+01 9.0679596397446671e-01 2.0109253585418664e+01 5.1660478060943609e+00 -1.6824775106469207e+00 2.8647786502863211e+00 -1.0653527150964757e+00 1.0617270000000000e-02 8.2430364000000000e-01
3.1438623409861854e-01 -3.3593206150850882e+01 9.1236300731663977e-01 1.9541129166432860e+01 5.3333192967629319e+00 -1.7910386023491458e+00 2.8400435649652027e+00 -1.0295477157991526e+00 1.0369760000000000e-02 8.3479791999999997e-01
3.2400400541197449e-01 -3.4839293896658901e+01 9.1779633165996177e-01 1.8996992408961834e+01 5.4801847588173302e+00 -1.9061278824002048e+00 2.8158914965913366e+00 -9.9567209984336424e-01 1.0113159000000000e-02 8.4504013000000000e-01
3.3337663281800323e-01 -3.6191310554451512e+01 9.2309116795694734e-01 1.8476639262163300e+01 5.6083814636632843e+00 -2.0283799548301977e+00 2.7923616001816027e+00 -9.6364915169996024e-01 9.8476710000000005e-03 8.5502127999999999e-01
3.4249586221823936e-01 -3.7659426731793381e+01 9.2824285325682931e-01 1.7979810860376713e+01 5.7195538745336219e+00 -2.1585023015642966e+00 2.7694890281296862e+00 -9.3340490771853180e-01 9.5735140000000000e-03 8.6473257999999997e-01
3.5135367427242181e-01 -3.9255138964331607e+01 9.3324685722973810e-01 1.7506200550369165e+01 5.8152569217484071e+00 -2.2972870031842447e+00 2.7473051239810156e+00 -9.0486782131750310e-01 9.2909130999999992e-03 8.7416548999999999e-01
3.5994223744685283e-01 -4.0991469221150474e+01 9.3809875564252265e-01 1.7055464013789628e+01 5.8969547789741092e+00 -2.4456232979105836e+00 2.7258377185428104e+00 -8.7796922258672339e-01 9.0001030000000006e-03 8.8331166999999999e-01
3.6825396435636737e-01 -4.2883228291293271e+01 9.4279426218776541e-01 1.6627223473959095e+01 5.9660262178968564e+00 -2.6045142883593906e+00 2.7051114575543207e+00 -8.5264307130751782e-01 8.7013270999999996e-03 8.9216304000000002e-01
3.7628148359334834e-01 -4.4947315620588462e+01 9.4732921256927494e-01 1.6221076240971744e+01 6.0237646484922394e+00 -2.7750956995749565e+00 2.6851481173401410e+00 -8.2882618028291588e-01 8.3948374000000006e-03 9.0071175000000003e-01
3.8401768667936742e-01 -4.7203097863392728e+01 9.5169959102626533e-01 1.5836598528120780e+01 6.0713814811210325e+00 -2.9586602501356953e+00 2.6659666450348625e+00 -8.0645811520816169e-01 8.0808944000000001e-03 9.0895022999999997e-01
3.9145569050387274e-01 -4.9672858586448264e+01 9.5590150911401262e-01 1.5473353355589486e+01 6.1100083329452346e+00 -3.1566856770572187e+00 2.6475836135504465e+00 -7.8548142698490220e-01 7.7597663000000001e-03 9.1687114999999997e-01
3.9858887488550121e-01 -5.2382373700420672e+01 9.5993122692319843e-01 1.5130894327863812e+01 6.1407001325771935e+00 -3.3708716552548452e+00 2.6300133507158932e+00 -7.6584117060147383e-01 7.4317293999999999e-03 9.2446746000000002e-01
4.0541089196240665e-01 -5.5361626695269237e+01 9.6378515838474565e-01 1.4808770164728942e+01 6.1644364902397228e+00 -3.6031836759426881e+00 2.6132681433547491e+00 -7.4748570183575491e-01 7.0970672000000004e-03 9.3173240000000002e-01
4.1191564741160369e-01 -5.8645701044572540e+01 9.6745986066014722e-01 1.4506530396301924e+01 6.1821304301205213e+00 -3.8559123189297422e+00 2.5973585161636459e+00 -7.3036588522428680e-01 6.7560703000000000e-03 9.3865947999999999e-01
4.1809734740060878e-01 -6.2275958151733967e+01 9.7095206066564466e-01 1.4223727383674051e+01 6.1946223345313163e+00 -4.1317455393841973e+00 2.5822933120669536e+00 -7.1443549177075139e-01 6.4090362999999996e-03 9.4524253000000003e-01
4.2395044224547052e-01 -6.6301507991473756e+01 9.7425862324321377e-01 1.3959922903560923e+01 6.2026890754136561e+00 -4.4338628669028450e+00 2.5680800449427807e+00 -6.9965111007700587e-01 6.0562691999999996e-03 9.5147563999999996e-01
4.2946972031405206e-01 -7.0781262501954288e+01 9.7737660420892303e-01 1.3714687412236925e+01 6.2070452055603642e+00 -4.7660665563382132e+00 2.5547248181016293e+00 -6.8597201185781276e-01 5.6980790999999996e-03 9.5735325999999998e-01
4.3465021412274896e-01 -7.5786537925789901e+01 9.8030319730457449e-01 1.3487607533251916e+01 6.2083458498030533e+00 -5.1329475233091779e+00 2.5422327229712405e+00 -6.7336030628323940e-01 5.3347821999999998e-03 9.6287009999999995e-01
4.3948729423977129e-01 -8.1404805153079877e+01 9.8303578724606333e-01 1.3278284541927505e+01 6.2071907982359837e+00 -5.5401248613258618e+00 2.5306078183504583e+00 -6.6178071039902597e-01 4.9667000000000001e-03 9.6802122999999995e-01
4.4397660355284585e-01 -8.7744780129774625e+01 9.8557191258952603e-01 1.3086341095076412e+01 6.2041212940287389e+00 -5.9945719758768972e+00 2.5198534484596284e+00 -6.5120068821178900e-01 4.5941591999999996e-03 9.7280200999999999e-01
4.4811413239184217e-01 -9.4943999567008802e+01 9.8790930817002798e-01 1.2911418123716023e+01 6.1996327987803346e+00 -6.5051010770660449e+00 2.5099721079428430e+00 -6.4159024072125248e-01 4.2174915999999996e-03 9.7720817000000004e-01
4.5189614340614659e-01 -1.0317975602529383e+02 9.9004586266287564e-01 1.2753181985485117e+01 6.1941676422395124e+00 -7.0830687157304242e+00 2.5009657841357913e+00 -6.3292206340195212e-01 3.8370333000000002e-03 9.8123572999999997e-01
4.5531924668728829e-01 -1.1268640457938862e+02 9.9197966102230484e-01 1.2611322627350185e+01 6.1881228850706940e+00 -7.7434878145921200e+00 2.4928359153559612e+00 -6.2517134059935331e-01 3.4531249000000000e-03 9.8488107999999996e-01
4.5838037159795397e-01 -1.2378306396426595e+02 9.9370896856697200e-01 1.2485556212514899e+01 6.1818502467066372e+00 -8.5068150553851822e+00 2.4855835411465259e+00 -6.1831579254007463e-01 3.0661112999999999e-03 9.8814095000000002e-01
4.6107674799133225e-01 -1.3692094755468437e+02 9.9523222037028292e-01 1.2375627454053824e+01 6.1756584688821992e+00 -9.4020071725672807e+00 2.4792094284938937e+00 -6.1233568646941994e-01 2.6763420000000000e-03 9.9101238999999997e-01
4.6340596255308220e-01 -1.5277062671530234e+02 9.9654805308940797e-01 1.2281308528965523e+01 6.1698147669608439e+00 -1.0472165861954945e+01 2.4737140258194126e+00 -6.0721368548372712e-01 2.2841723000000002e-03 9.9349282999999999e-01
4.6536594002067710e-01 -1.7239760207027010e+02 9.9765529435561051e-01 1.2202400859687856e+01 6.1645466185971332e+00 -1.1785914966858424e+01 2.4690975737782352e+00 -6.0293490754761014e-01 1.8899688000000000e-03 9.9558005999999999e-01
4.6695493379307673e-01 -1.9766578671058568e+02 9.9855295746941075e-01 1.2138736491083177e+01 6.1600428712853077e+00 -1.3463525780863403e+01 2.4653601942762693e+00 -5.9948687912263376e-01 1.4941295000000000e-03 9.9727222000000004e-01
4.6817165739532085e-01 -2.3237597898582806e+02 9.9924031566828864e-01 1.2090173453205797e+01 6.1564547089930644e+00 -1.5750821096815899e+01 2.4625016210059063e+00 -5.9685915175146187e-01 1.0971916000000000e-03 9.9856794000000004e-01
4.6901564131100093e-01 -2.8692991429802612e+02 9.9971710371044853e-01 1.2056582199580959e+01 6.1538951482373578e+00 -1.9322024584914924e+01 2.4605204099695404e+00 -5.9504281756541189e-01 7.0085733000000002e-04 9.9946672000000003e-01
