-5.1031611736191129e-01 -7.3845094720481495e+02 5.1031766255924349e-01 -7.8810101676880561e+02 -2.1243439317386961e+02 4.9426195573836672e+01 -5.2671946039343190e+01 -1.3886430622312748e+01 5.5301730000000003e-06 1.0230946000000001e-06
-5.1029682652566932e-01 -5.3778683001029924e+02 5.1032691797152252e-01 -5.8727511149629947e+02 -2.1241653395077671e+02 3.6307180972623591e+01 -3.9545403149944327e+01 -1.3885623229540791e+01 3.5894988000000002e-05 1.9923924999999999e-05
-5.1023630399217978e-01 -4.4471929347363158e+02 5.1035595564477776e-01 -4.9379252441671463e+02 -2.1236051069417582e+02 3.0218518598494924e+01 -3.3437305513509983e+01 -1.3883090413181115e+01 8.5619985000000003e-05 7.9222864999999994e-05
-5.1011648901920281e-01 -3.8371372594690223e+02 5.1041344081328932e-01 -4.3208034325647617e+02 -2.1224963759408774e+02 2.6222322593554821e+01 -2.9407837349749300e+01 -1.3878077490379710e+01 1.5173507999999999e-04 1.9661552000000001e-04
-5.0992157473678579e-01 -3.3847822936649351e+02 5.1050695734208085e-01 -3.8583007160890099e+02 -2.1206936855786313e+02 2.3253549597294416e+01 -2.6391034309353799e+01 -1.3869925991301574e+01 2.3255418000000001e-04 3.8758918999999998e-04
-5.0963718517878120e-01 -3.0270679601669048e+02 5.1064340257307850e-01 -3.4873100667950087e+02 -2.1180656625378921e+02 2.0900051670085492e+01 -2.3974384028574896e+01 -1.3858040312399686e+01 3.2689763000000001e-04 6.6622920000000002e-04
-5.0925000081211358e-01 -2.7328462660865102e+02 5.1082916698974468e-01 -3.1767125955347160e+02 -2.1144918965029723e+02 1.8958364837950413e+01 -2.1954417680299120e+01 -1.3841873256615889e+01 4.3385032000000002e-04 1.0455858000000000e-03
-5.0874754896483054e-01 -2.4843961778591262e+02 5.1107023476610314e-01 -2.9088690568583172e+02 -2.1098613665630924e+02 1.7312844381955987e+01 -2.0215737289436632e+01 -1.3820918563099184e+01 5.5265518999999999e-04 1.5378795000000000e-03
-5.0811807427698863e-01 -2.2706429581628055e+02 5.1137224592218222e-01 -2.6728245314669385e+02 -2.1040716248083902e+02 1.5891321352090619e+01 -1.8686604802423719e+01 -1.3794706848387694e+01 6.8265765000000004e-04 2.1546280000000000e-03
-5.0735045122208511e-01 -2.0841810760440941e+02 5.1174053829473054e-01 -2.4613213723506095e+02 -2.0970283791584501e+02 1.4645628221010481e+01 -1.7319422197988345e+01 -1.3762803336610281e+01 8.2327310000000005e-04 2.9067318999999999e-03
-5.0643412450201353e-01 -1.9197981838104960e+02 5.1218017613469469e-01 -2.2693160696565411e+02 -2.0886453367042026e+02 1.3541942784692964e+01 -1.6081040937692283e+01 -1.3724806786244717e+01 9.7396649000000004e-04 3.8045331000000002e-03
-5.0535906546597831e-01 -1.7736743612278445e+02 5.1269597101667708e-01 -2.0931732218755431e+02 -2.0788441918005833e+02 1.2555543738793045e+01 -1.4947496334005793e+01 -1.3680349064101712e+01 1.1342389000000000e-03 4.8578574999999999e-03
-5.0411574026670336e-01 -1.6429173239332579e+02 5.1329249711703961e-01 -1.9301965116457148e+02 -2.0675547132105262e+02 1.1667770493538439e+01 -1.3900944553392655e+01 -1.3629095189578848e+01 1.3036180000000001e-03 6.0760461999999999e-03
-5.0269508679409713e-01 -1.5252774281595683e+02 5.1397410228073648e-01 -1.7783406010728120e+02 -2.0547148964517677e+02 1.0864155179021996e+01 -1.2927783007396812e+01 -1.3570743694710952e+01 1.4816515000000000e-03 7.4679780999999997e-03
-5.0108849599764416e-01 -1.4189649426748605e+02 5.1474491698251001e-01 -1.6360256841010758e+02 -2.0402711351257037e+02 1.0133225859423435e+01 -1.2017437380757352e+01 -1.3505027102444229e+01 1.6679024999999999e-03 9.0420881999999994e-03
-4.9928779923053890e-01 -1.3225287461031792e+02 5.1560886039895737e-01 -1.5020139985522340e+02 -2.0241784185751925e+02 9.4657113979389091e+00 -1.1161559930725486e+01 -1.3431712559021696e+01 1.8619452999999999e-03 1.0806380000000001e-02
-4.9728525651239214e-01 -1.2347728178401454e+02 5.1656964603988398e-01 -1.3753245423134052e+02 -2.0064005103259359e+02 8.8539950175431752e+00 -1.0353472624464162e+01 -1.3350602408094426e+01 2.0633631000000000e-03 1.2768437000000001e-02
-4.9507355111986800e-01 -1.1546977249136340e+02 5.1763078434362197e-01 -1.2551729834682889e+02 -1.9869101373082256e+02 8.2917306719712798e+00 -9.5877766584675328e+00 -1.3261534896228659e+01 2.2717459999999998e-03 1.4935428000000001e-02
-4.9264578050303925e-01 -1.0814581004247043e+02 5.1879558703520756e-01 -1.1409277283380021e+02 -1.9656891096733202e+02 7.7735637577546131e+00 -8.8600675164224718e+00 -1.3164384586640860e+01 2.4866887000000002e-03 1.7314116000000001e-02
-4.8999545648951370e-01 -1.0143314989270172e+02 5.2006716702844480e-01 -1.0320777408964534e+02 -1.9427284739420810e+02 7.2949298093583437e+00 -8.1667267295699180e+00 -1.3059062991550778e+01 2.7077901999999999e-03 1.9910858000000000e-02
-4.8711649405745672e-01 -9.5269480055456782e+01 5.2144844381241628e-01 -9.2820770439392135e+01 -1.9180285148366892e+02 6.8518979581932458e+00 -7.5047617739504107e+00 -1.2945518598818586e+01 2.9346520999999999e-03 2.2731616000000000e-02
-4.8400321745939751e-01 -8.9600649610175907e+01 5.2294214051338672e-01 -8.2897953472074406e+01 -1.8915988535707297e+02 6.4410567901384610e+00 -6.8716872976157015e+00 -1.2823737361087613e+01 3.1668782999999998e-03 2.5781951000000001e-02
-4.8065035409842261e-01 -8.4379268691065931e+01 5.2455078683289924e-01 -7.3411744148540379e+01 -1.8634583807936937e+02 6.0594229522463419e+00 -6.2654297159205559e+00 -1.2693742572998318e+01 3.4040742000000001e-03 2.9067029000000001e-02
-4.7705303044563918e-01 -7.9563613903400650e+01 5.2627672100650746e-01 -6.4339621582999200e+01 -1.8336351491361521e+02 5.7043701783515877e+00 -5.6842525811836078e+00 -1.2555594555108639e+01 3.6458464000000000e-03 3.2591624999999999e-02
-4.7320677816398043e-01 -7.5116768457431519e+01 5.2812208686567819e-01 -5.5663193324158456e+01 -1.8021662937376877e+02 5.3735738220212834e+00 -5.1266983754600233e+00 -1.2409390605679835e+01 3.8918026000000000e-03 3.6360116999999997e-02
-4.6910752594313149e-01 -7.1005910580766255e+01 5.3008883775525362e-01 -4.7367416426060586e+01 -1.7690977646511291e+02 5.0649649576824407e+00 -4.5915392510871404e+00 -1.2255264124327107e+01 4.1415510999999999e-03 4.0376493999999999e-02
-4.6475160256143189e-01 -6.7201746816990763e+01 5.3217873506440383e-01 -3.9439971668019290e+01 -1.7344840963437804e+02 4.7766940371284381e+00 -4.0777381993251307e+00 -1.2093383997967512e+01 4.3947007000000003e-03 4.4644352999999998e-02
-4.6013573688587611e-01 -6.3678040961526165e+01 5.3439334822662599e-01 -3.1870738602804341e+01 -1.6983880863964708e+02 4.5071009548948187e+00 -3.5844167656948946e+00 -1.1923953623798653e+01 4.6508610999999997e-03 4.9166899000000000e-02
-4.5525705378957587e-01 -6.0411219571421768e+01 5.3673405667847585e-01 -2.4651346729896183e+01 -1.6608803778465665e+02 4.2546898987178352e+00 -3.1108274802890072e+00 -1.1747209626421956e+01 4.9096423000000002e-03 5.3946949000000001e-02
-4.5011307925493182e-01 -5.7380047665137887e+01 5.3920204741115385e-01 -1.7774813088111021e+01 -1.6220391021207629e+02 4.0181089241710213e+00 -2.6563316159738570e+00 -1.1563420647063369e+01 5.1706551000000002e-03 5.8986927000000001e-02
-4.4470173118792483e-01 -5.4565345436863694e+01 5.4179831937765033e-01 -1.1235208127570898e+01 -1.5819492834980724e+02 3.7961321238502377e+00 -2.2203792790625592e+00 -1.1372885531376038e+01 5.4335110000000002e-03 6.4288872999999996e-02
-4.3902132860382465e-01 -5.1949757577857909e+01 5.4452367908560029e-01 -5.0274006922879710e+00 -1.5407023016534143e+02 3.5876452407266632e+00 -1.8024937509465810e+00 -1.1175931590306767e+01 5.6978226000000002e-03 6.9854434000000007e-02
-4.3307058142084687e-01 -4.9517545422307464e+01 5.4737874549411136e-01 8.5318681422977849e-01 -1.4983953821656706e+02 3.3916327152749703e+00 -1.4022568164122005e+00 -1.0972912969898111e+01 5.9632034000000004e-03 7.5684873999999999e-02
-4.2684859556332444e-01 -4.7254414598933593e+01 5.5036394756535012e-01 6.4107715006607719e+00 -1.4551309390593519e+02 3.2071670555988154e+00 -1.0192971027631130e+00 -1.0764208118978667e+01 6.2292681999999997e-03 8.1781068999999998e-02
-4.2035486887917028e-01 -4.5147362285666851e+01 5.5347952622327301e-01 1.1649383644083537e+01 -1.4110158230775045e+02 3.0333993882022749e+00 -6.5327963168637870e-01 -1.0550217755322674e+01 6.4956331999999999e-03 8.8143510999999994e-02
-4.1358929113987764e-01 -4.3184543512302852e+01 5.5672553435362671e-01 1.6573009781700897e+01 -1.3661607069106523e+02 2.8695513638025107e+00 -3.0389684434067055e-01 -1.0331362499107740e+01 6.7619166000000000e-03 9.4772308000000000e-02
-4.0655213791671363e-01 -4.1355155603811646e+01 5.6010183974204475e-01 2.1185718887924555e+01 -1.3206793046966607e+02 2.7149079184161136e+00 2.9139151549378739e-02 -1.0108080226123239e+01 7.0277381999999996e-03 1.0166719000000000e-01
-3.9924406956008540e-01 -3.9649335085056222e+01 5.6360812556373063e-01 2.5491765561404893e+01 -1.2746876419541810e+02 2.5688111304121852e+00 3.4610314242583939e-01 -9.8808235197090326e+00 7.2927204000000001e-03 1.0882751000000000e-01
-3.9166614548842038e-01 -3.8058070825317444e+01 5.6724388352789812e-01 2.9495662826523244e+01 -1.2283034106703063e+02 2.4306549890864471e+00 6.4726171783579267e-01 -9.6500575780982221e+00 7.5564877000000004e-03 1.1625223000000000e-01
-3.8381979458977089e-01 -3.6573117542083978e+01 5.7100842807857333e-01 3.3202269221663059e+01 -1.1816450368360067e+02 2.2998799850875464e+00 9.3287933220560904e-01 -9.4162566348173424e+00 7.8186677999999999e-03 1.2393994999999999e-01
-3.7570681318054566e-01 -3.5186925457284140e+01 5.7490089737396077e-01 3.6616837598757243e+01 -1.1348309515390733e+02 2.1759688919543536e+00 1.2032219819497474e+00 -9.1799015414183991e+00 8.0788911000000008e-03 1.3188891000000000e-01
-3.6732939562453948e-01 -3.3892582568542444e+01 5.7892023859595765e-01 3.9745039629042232e+01 -1.0879790458320403e+02 2.0584434202204629e+00 1.4585594517271621e+00 -8.9414771156658137e+00 8.3367917000000003e-03 1.4009695999999999e-01
-3.5869009350756009e-01 -3.2683750860497447e+01 5.8306522753746792e-01 4.2593011214592600e+01 -1.0412057059922215e+02 1.9468601631057476e+00 1.6991693320341295e+00 -8.7014701235759357e+00 8.5920070000000005e-03 1.4856159999999999e-01
-3.4979183605011499e-01 -3.1554618970321567e+01 5.8733445880874546e-01 4.5167357629365405e+01 -9.9462529480119002e+01 1.8408078310861180e+00 1.9253383827050634e+00 -8.4603657183074308e+00 8.8441787999999997e-03 1.5727996000000000e-01
-3.4063790969472468e-01 -3.0499854091115399e+01 5.9172635563105025e-01 4.7475164068096980e+01 -9.4834936575659569e+01 1.7399042808836460e+00 2.1373646776539212e+00 -8.2186450876486319e+00 9.0929527999999999e-03 1.6624881999999999e-01
-3.3123195810592265e-01 -2.9514561357712239e+01 5.9623916983664926e-01 4.9523989958330169e+01 -9.0248606436675544e+01 1.6437939997490392e+00 2.3355586057667801e+00 -7.9767830008945539e+00 9.3379794999999995e-03 1.7546460999999999e-01
-3.2157797196391247e-01 -2.8594246182569790e+01 6.0087098676564410e-01 5.1321856083985260e+01 -8.5713951297844815e+01 1.5521458337643739e+00 2.5202437339422876e+00 -7.7352454051070971e+00 9.5789143999999993e-03 1.8492342000000001e-01
-3.1168031958359699e-01 -2.7734784084542184e+01 6.0561971057548647e-01 5.2877221533568061e+01 -8.1240943430796193e+01 1.4646512404695720e+00 2.6917565799921972e+00 -7.4944878996928574e+00 9.8154178999999998e-03 1.9462097000000000e-01
-3.0154369588286284e-01 -2.6932385550461127e+01 6.1048308872511936e-01 5.4198953304173138e+01 -7.6839043444220209e+01 1.3810217917788425e+00 2.8504475564866070e+00 -7.2549525609355134e+00 1.0047156000000000e-02 2.0455266000000000e-01
-2.9117311217623648e-01 -2.6183569508641604e+01 6.1545871687180620e-01 5.5296313764281038e+01 -7.2517155492637841e+01 1.3009877185797234e+00 2.9966806641889292e+00 -7.0170659263562269e+00 1.0273801000000001e-02 2.1471357999999999e-01
-2.8057394720660089e-01 -2.5485141945285761e+01 6.2054401438698836e-01 5.6178894745394651e+01 -6.8283613578898212e+01 1.2242966058825089e+00 3.1308322591476028e+00 -6.7812384785911979e+00 1.0495031000000000e-02 2.2509846000000000e-01
-2.6975188590713584e-01 -2.4834170088931838e+01 6.2573625373725583e-01 5.6856592697976090e+01 -6.4146124896880508e+01 1.1507116432667206e+00 3.2532906726307935e+00 -6.5478617746607979e+00 1.0710529999999999e-02 2.3570173000000000e-01
-2.5871292960766146e-01 -2.4227963185531969e+01 6.3103255558751870e-01 5.7339558391443262e+01 -6.0111750303539282e+01 1.0800102600011263e+00 3.3644558756664362e+00 -6.3173074042073800e+00 1.0919989999999999e-02 2.4651751000000000e-01
-2.4746340624098118e-01 -2.3664054982098580e+01 6.3642988390417843e-01 5.7638148956566795e+01 -5.6186889764784596e+01 1.0119831487729938e+00 3.4647373711140337e+00 -6.0899260791651812e+00 1.1123108000000000e-02 2.5753959999999998e-01
-2.3600993972385204e-01 -2.3140186098928179e+01 6.4192506064561394e-01 5.7762879124601675e+01 -5.2377257984128882e+01 9.4643294049327698e-01 3.5545535809537050e+00 -5.8660460911696548e+00 1.1319591000000000e-02 2.6876150999999998e-01
-2.2435943975064176e-01 -2.2654288707937962e+01 6.4751477065900875e-01 5.7724370853802704e+01 -4.8687876216579291e+01 8.8317316721946859e-01 3.6343304003664723e+00 -5.6459723934021184e+00 1.1509152000000000e-02 2.8017647000000001e-01
-2.1251911199967166e-01 -2.2204474100728508e+01 6.5319555678352370e-01 5.7533298246553130e+01 -4.5123074286848201e+01 8.2202739721141560e-01 3.7044996028889536e+00 -5.4299863258063299e+00 1.1691511000000000e-02 2.9177742000000001e-01
-2.0049646833955997e-01 -2.1789020897446264e+01 6.5896381495346790e-01 5.7200343843405591e+01 -4.1686496667747065e+01 7.6282841084980746e-01 3.7654972857819096e+00 -5.2183453945082459e+00 1.1866398000000000e-02 3.0355700000000002e-01
-1.8829924517847618e-01 -2.1406361490402666e+01 6.6481583337292594e-01 5.6736142518035763e+01 -3.8381089951848601e+01 7.0541699775788069e-01 3.8177626539855924e+00 -5.0112816712053032e+00 1.2033550000000000e-02 3.1550762999999998e-01
-1.7593547490854317e-01 -2.1055075073583819e+01 6.7074775823795951e-01 5.6151237240785207e+01 -3.5209136906855967e+01 6.4964157127768207e-01 3.8617361030348900e+00 -4.8090031515914990e+00 1.2192715000000000e-02 3.2762143999999999e-01
-1.6341343487412169e-01 -2.0733877358954210e+01 6.7675561822074881e-01 5.5456030525946922e+01 -3.2172260087121977e+01 5.9535722002371561e-01 3.8978578224464560e+00 -4.6116930106053458e+00 1.2343646000000000e-02 3.3989032000000002e-01
-1.5074165757815311e-01 -2.0441613332777397e+01 6.8283531957276444e-01 5.4660741011683136e+01 -2.9271457838519009e+01 5.4242509593708421e-01 3.9265662091617659e+00 -4.4195101045087748e+00 1.2486109000000000e-02 3.5230591000000000e-01
-1.3792888985678670e-01 -2.0177249400685962e+01 6.8898266571208122e-01 5.3775364156959149e+01 -2.6507105052141814e+01 4.9071161699144472e-01 3.9482964435982697e+00 -4.2325889605847218e+00 1.2619877000000000e-02 3.6485963999999999e-01
-1.2498412349840921e-01 -1.9939869598381541e+01 6.9519334253289256e-01 5.2809630821142598e+01 -2.3879002097935292e+01 4.4008802573810546e-01 3.9634789571814020e+00 -4.0510408049417990e+00 1.2744734000000001e-02 3.7754270000000001e-01
-1.1191656462461547e-01 -1.9728664349470076e+01 7.0146293309599561e-01 5.1772974964359477e+01 -2.1386400965802469e+01 3.9042966834239168e-01 3.9725381120761285e+00 -3.8749539827488340e+00 1.2860473000000001e-02 3.9034606999999999e-01
-9.8735613277521395e-02 -1.9542936368702250e+01 7.0778692742244864e-01 5.0674500951140807e+01 -1.9028028496456443e+01 3.4161539174789957e-01 3.9758908878571764e+00 -3.7043944467416101e+00 1.2966896000000000e-02 4.0326054000000000e-01
-8.5450883832450975e-02 -1.9382086914252675e+01 7.1416071269991344e-01 4.9522961080470097e+01 -1.6802138138343931e+01 2.9352709779472519e-01 3.9739456764078542e+00 -3.5394071540987135e+00 1.3063819000000001e-02 4.1627669000000000e-01
-7.2072143759876639e-02 -1.9245617037049158e+01 7.2057960266362620e-01 4.8326713610435093e+01 -1.4706533468338137e+01 2.4604900694126652e-01 3.9671011658552597e+00 -3.3800163245965891e+00 1.3151064000000001e-02 4.2938494999999999e-01
-5.8609374863478614e-02 -1.9133125242680318e+01 7.2703880821542721e-01 4.7093736924388047e+01 -1.2738618260083122e+01 1.9906737642408956e-01 3.9557454835423389e+00 -3.2262273452440464e+00 1.3228465999999999e-02 4.4257553999999999e-01
-4.5072691629399142e-02 -1.9044304914757923e+01 7.3353347659838752e-01 4.5831579230420637e+01 -1.0895424488449565e+01 1.5246971357746875e-01 3.9402547145147491e+00 -3.0780270330365416e+00 1.3295871000000001e-02 4.5583855000000001e-01
-3.1472382051615511e-02 -1.8978943856110657e+01 7.4005867180949569e-01 4.4547365141593453e+01 -9.1736593098229910e+00 1.0614443092352832e-01 3.9209928197859147e+00 -2.9353853691654348e+00 1.3353135000000000e-02 4.6916390000000002e-01
-1.7818856600223587e-02 -1.8936923298874664e+01 7.4660939908379975e-01 4.3247782041530776e+01 -7.5697397955592463e+00 5.9980173130489978e-02 3.8983109315272708e+00 -2.7982562036369640e+00 1.3400123999999999e-02 4.8254139000000001e-01
-4.1226686341246932e-03 -1.8918218605959602e+01 7.5318059510075019e-01 4.1939066124740755e+01 -6.0798345015435329e+00 1.3865384794802926e-02 3.8725461184771963e+00 -2.6665789655568104e+00 1.3436718000000000e-02 4.9596067999999999e-01
9.6055264243478655e-03 -1.8922900154029243e+01 7.5976714757151409e-01 4.0627022082994174e+01 -4.6998985473796857e+00 -3.2312339963434522e-02 3.8440214401749011e+00 -2.5402793653767461e+00 1.3462807000000000e-02 5.0941133000000005e-01
2.3354930264054996e-02 -1.8951135005785108e+01 7.6636387565166042e-01 3.9317004516596882e+01 -3.4257156768129136e+00 -7.8666651346493865e-02 3.8130454457048195e+00 -2.4192712504519780e+00 1.3478291000000000e-02 5.2288276000000000e-01
3.7114693542141919e-02 -1.9003189448958000e+01 7.7296557401261690e-01 3.8013926879657333e+01 -2.2529274072901719e+00 -1.2531329576273653e-01 3.7799119030346708e+00 -2.3034570978822977e+00 1.3483083000000000e-02 5.3636434000000000e-01
5.0873864852321482e-02 -1.9079432266226117e+01 7.7956698835752714e-01 3.6722272091795247e+01 -1.1770706057464706e+00 -1.7237052451608825e-01 3.7448997550038783e+00 -2.1927296473812938e+00 1.3477108000000000e-02 5.4984533999999996e-01
6.4621411137560592e-02 -1.9180338776045321e+01 7.8616282521490755e-01 3.5446099997986607e+01 -1.9361098827481724e-01 -2.1995976566733544e-01 3.7082728957901665e+00 -2.0869732230284721e+00 1.3460300999999999e-02 5.6331494999999998e-01
7.8346248309109967e-02 -1.9306495768078108e+01 7.9274776662913293e-01 3.4189057613720571e+01 7.0202826446089717e-01 -2.6820637754974885e-01 3.6702802994736072e+00 -1.9860645815270905e+00 1.3432611000000001e-02 5.7676231000000000e-01
9.2037261659190683e-02 -1.9458608139340885e+01 7.9931647995409261e-01 3.2954392444223863e+01 1.5144408135874452e+00 -3.1724040491098759e-01 3.6311560256544695e+00 -1.8898738992978252e+00 1.3393997000000000e-02 5.9017653000000003e-01
1.0568327524196430e-01 -1.9637505490674243e+01 8.0586360316270578e-01 3.1744969688834651e+01 2.2482031803355471e+00 -3.6719721991409882e-01 3.5911195018654967e+00 -1.7982672553094703e+00 1.3344429999999999e-02 6.0354666000000001e-01
1.1927309269890607e-01 -1.9844150433463835e+01 8.1238376443423488e-01 3.0563287915802551e+01 2.9078580378315544e+00 -4.1821846438177301e-01 3.5503757733057504e+00 -1.7111027224268160e+00 1.3283893999999999e-02 6.1686173000000000e-01
1.3279553808417788e-01 -2.0079649144109862e+01 8.1887160174159901e-01 2.9411493002374979e+01 3.4978895188284786e+00 -4.7045309090038301e-01 3.5091156422905239e+00 -1.6282404254932910e+00 1.3212384000000001e-02 6.3011079000000003e-01
1.4623939462656810e-01 -2.0345261357210056e+01 8.2532173347040383e-01 2.8291403775284930e+01 4.0227026485328370e+00 -5.2405808015646038e-01 3.4675163001973983e+00 -1.5495345185236116e+00 1.3129907000000000e-02 6.4328284999999996e-01
1.5959347617389552e-01 -2.0642414202156996e+01 8.3172879269674016e-01 2.7204525883283718e+01 4.4866065829159449e+00 -5.7919978359380919e-01 3.4257415385566232e+00 -1.4748384501549976e+00 1.3036481000000001e-02 6.5636695000000000e-01
1.7284663739935147e-01 -2.0972717105372929e+01 8.3808743208401215e-01 2.6152071024951070e+01 4.8938005000805358e+00 -6.3605511181373497e-01 3.3839422152692702e+00 -1.4040050547032576e+00 1.2932137999999999e-02 6.6935217000000002e-01
1.8598774318247036e-01 -2.1337977998302545e+01 8.4439230919245278e-01 2.5134981911146308e+01 5.2483578041297454e+00 -6.9481273925144049e-01 3.3422568743416790e+00 -1.3368868525765694e+00 1.2816919000000000e-02 6.8222760000000005e-01
1.9900572984718945e-01 -2.1740223646981882e+01 8.5063811586009319e-01 2.4153947563561459e+01 5.5542173610338983e+00 -7.5567478363984775e-01 3.3008121044314809e+00 -1.2733371631726922e+00 1.2690879000000000e-02 6.9498240000000000e-01
2.1188958474916209e-01 -2.2181721310707673e+01 8.5681956840910689e-01 2.3209425577506057e+01 5.8151726009931375e+00 -8.1885834221850984e-01 3.2597231897752148e+00 -1.2132105190712341e+00 1.2554085000000000e-02 7.0760577999999996e-01
2.2462835648210133e-01 -2.2665003933079433e+01 8.6293141254263728e-01 2.2301662720306805e+01 6.0348648945056702e+00 -8.8459734287082581e-01 3.2190946615275733e+00 -1.1563632829807051e+00 1.2406611999999999e-02 7.2008700999999997e-01
2.3721120590949518e-01 -2.3192900821617208e+01 8.6896844782894034e-01 2.1430711160898390e+01 6.2167782747894496e+00 -9.5314484163060875e-01 3.1790207518087747e+00 -1.1026539053488746e+00 1.2248551000000000e-02 7.3241546999999996e-01
2.4962737554557790e-01 -2.3768569632801427e+01 8.7492551301089905e-01 2.0596450017861123e+01 6.3642341403967322e+00 -1.0247751839699231e+00 3.1395860629929797e+00 -1.0519438228485205e+00 1.2080001999999999e-02 7.4458062000000003e-01
2.6186620996801602e-01 -2.4395535047161783e+01 8.8079749579967992e-01 1.9798603276047537e+01 6.4803905809139533e+00 -1.0997867159315002e+00 3.1008661804180981e+00 -1.0040972839369693e+00 1.1901076999999999e-02 7.5657202000000001e-01
2.7391717623059464e-01 -2.5077733163224973e+01 8.8657934266839056e-01 1.9036757024538648e+01 6.5682386699197064e+00 -1.1785048907922195e+00 3.0629281470139742e+00 -9.5898212028852969e-01 1.1711898000000000e-02 7.6837935000000002e-01
2.8576989448224754e-01 -2.5819564143013320e+01 8.9226607354256415e-01 1.8310374531605394e+01 6.6306053770513449e+00 -1.2612858975668138e+00 3.0258310340774197e+00 -9.1646977122103312e-01 1.1512599000000000e-02 7.7999244000000001e-01
2.9741408693534088e-01 -2.6625947165762810e+01 8.9785275731601755e-01 1.7618816470416707e+01 6.6701526207595538e+00 -1.3485201003206981e+00 2.9896266069157704e+00 -8.7643568170521946e-01 1.1303326000000001e-02 7.9140122000000002e-01
3.0883967992910510e-01 -2.7502394771635220e+01 9.0333456081913532e-01 1.6961350763589117e+01 6.6893811195859971e+00 -1.4406374165357283e+00 2.9543597079500135e+00 -8.3875928149992862e-01 1.1084235000000000e-02 8.0259581999999996e-01
3.2003671207254658e-01 -2.8455085042163997e+01 9.0870670474741466e-01 1.6337171523897730e+01 6.6906300821278846e+00 -1.5381116844311737e+00 2.9200689759585172e+00 -8.0332444651980128e-01 1.0855490000000001e-02 8.1356647999999998e-01
3.3099542610153621e-01 -2.9490960077168520e+01 9.1396450773291982e-01 1.5745408186945598e+01 6.6760901383497471e+00 -1.6414675506073371e+00 2.8867871883485954e+00 -7.7001932222592084e-01 1.0617270000000000e-02 8.2430364000000000e-01
3.4170624846612274e-01 -3.0617832189392242e+01 9.1910337655062646e-01 1.5185141613273077e+01 6.6477956838083205e+00 -1.7512870980145603e+00 2.8545418161061793e+00 -7.3873654045112724e-01 1.0369760000000000e-02 8.3479791999999997e-01
3.5215979953687671e-01 -3.1844511367242713e+01 9.2411881101524962e-01 1.4655413062368629e+01 6.6076375332369235e+00 -1.8682182798923563e+00 2.8233555659719016e+00 -7.0937323995561619e-01 1.0113159000000000e-02 8.4504013000000000e-01
3.6234690381123313e-01 -3.3180955183353518e+01 9.2900640887807140e-01 1.4155235301371526e+01 6.5573668407926373e+00 -1.9929846366890032e+00 2.7932467187583514e+00 -6.8183110789408929e-01 9.8476710000000005e-03 8.5502127999999999e-01
3.7225858991349159e-01 -3.4638445143644113e+01 9.3376186582694209e-01 1.3683601696520846e+01 6.4986179129298485e+00 -2.1263965938269509e+00 2.7642297338246986e+00 -6.5601640344583212e-01 9.5735140000000000e-03 8.6473257999999997e-01
3.8188614162653267e-01 -3.6229804790805161e+01 9.3838099997042157e-01 1.3239497517254497e+01 6.4328292034743253e+00 -2.2693656637215396e+00 2.7363152197534202e+00 -6.3183981412382362e-01 9.2909130999999992e-03 8.7416548999999999e-01
3.9122104686010128e-01 -3.7969644520848611e+01 9.4285972735363721e-01 1.2821904778048307e+01 6.3614202312826285e+00 -2.4229198959129650e+00 2.7095109547860416e+00 -6.0921656793236745e-01 9.0001030000000006e-03 8.8331166999999999e-01
4.0025505888886659e-01 -3.9874675724765630e+01 9.4719409133925470e-01 1.2429810447357863e+01 6.2856292590361829e+00 -2.5882241659121243e+00 2.6838221498204566e+00 -5.8806624760063264e-01 8.7013270999999996e-03 8.9216304000000002e-01
4.0898016573339191e-01 -4.1964073852475202e+01 9.5138024791699194e-01 1.2062212766216810e+01 6.2065968327114902e+00 -2.7666031878575201e+00 2.6592506780276208e+00 -5.6831283554796186e-01 8.3948374000000006e-03 9.0071175000000003e-01
4.1738864119185093e-01 -4.4259941029967571e+01 9.5541449018776237e-01 1.1718127482584299e+01 6.1253658123738184e+00 -2.9595711636936026e+00 2.6357974207104040e+00 -5.4988448248354316e-01 8.0808944000000001e-03 9.0895022999999997e-01
4.2547300401465549e-01 -4.6787850943409332e+01 9.5929322877636014e-01 1.1396592734043299e+01 6.0428880778751362e+00 -3.1688662696088139e+00 2.6134607710353595e+00 -5.3271357071169434e-01 7.7597663000000001e-03 9.1687114999999997e-01
4.3322605872982733e-01 -4.9577549644288425e+01 9.6301301141877427e-01 1.1096672859325247e+01 5.9600200234332013e+00 -3.3964952651683662e+00 2.5922377353443244e+00 -5.1673651772553486e-01 7.4317293999999999e-03 9.2446746000000002e-01
4.4064090584934190e-01 -5.2663823897141427e+01 9.6657052785901698e-01 1.0817462235883456e+01 5.8775366637104822e+00 -3.6447888916060398e+00 2.5721240312798272e+00 -5.0189364919409862e-01 7.0970672000000004e-03 9.3173240000000002e-01
4.4771092145644209e-01 -5.6087591390208161e+01 9.6996260005546686e-01 1.0558089728615144e+01 5.7961363540955739e+00 -3.9164709325758778e+00 2.5531143603484274e+00 -4.8812919266867888e-01 6.7560703000000000e-03 9.3865947999999999e-01
4.5442980823735435e-01 -5.9897331233760255e+01 9.7318620666501077e-01 1.0317719296961153e+01 5.7164458225079828e+00 -4.2147495915597322e+00 2.5352025322302101e+00 -4.7539101031262149e-01 6.4090362999999996e-03 9.4524253000000003e-01
4.6079153424322872e-01 -6.4150882416996765e+01 9.7623845366207351e-01 1.0095556258698339e+01 5.6390266521022756e+00 -4.5434315159801315e+00 2.5183818512549241e+00 -4.6363076479521864e-01 6.0562691999999996e-03 9.5147563999999996e-01
4.6679043495357209e-01 -6.8917924561235893e+01 9.7911662330690186e-01 9.8908420246659894e+00 5.5643789602187868e+00 -4.9070808565448774e+00 2.5026450015387049e+00 -4.5280335374468017e-01 5.6980790999999996e-03 9.5735325999999998e-01
4.7242111121281471e-01 -7.4283160026085596e+01 9.8181812517728051e-01 9.7028650386538988e+00 5.4929485328641876e+00 -5.3112215475547213e+00 2.4879846031652670e+00 -4.4286727314688651e-01 5.3347821999999998e-03 9.6287009999999995e-01
4.7767853129374394e-01 -8.0350849674667373e+01 9.8434054513681590e-01 9.5309551495922964e+00 5.4251294623711859e+00 -5.7626286176019814e+00 2.4743929664942375e+00 -4.3378419638452670e-01 4.9667000000000001e-03 9.6802122999999995e-01
4.8255795945310009e-01 -8.7250998071656042e+01 9.8668161105713792e-01 9.3744881116401171e+00 5.3612702237904504e+00 -6.2697239212811722e+00 2.4618625420975846e+00 -4.2551900655729452e-01 4.5941591999999996e-03 9.7280200999999999e-01
4.8705503758232360e-01 -9.5148462588358825e+01 9.8883923199252610e-01 9.2328831116195893e+00 5.3016758061992730e+00 -6.8431626049095797e+00 2.4503858079175069e+00 -4.1803964648727154e-01 4.2174915999999996e-03 9.7720817000000004e-01
4.9116570355680800e-01 -1.0425622156233558e+02 9.9081145900528389e-01 9.1056096976521008e+00 5.2466144463116065e+00 -7.4966866159381222e+00 2.4399555886521465e+00 -4.1131707976328402e-01 3.8370333000000002e-03 9.8123572999999997e-01
4.9488627288664744e-01 -1.1485616369020815e+02 9.9259652434036427e-01 8.9921805510052319e+00 5.1963176433058713e+00 -8.2484680583920316e+00 2.4305650319049810e+00 -4.0532514606554171e-01 3.4531249000000000e-03 9.8488107999999996e-01
4.9821340809760462e-01 -1.2733239967526887e+02 9.9419282673488563e-01 8.8921562501140077e+00 5.1509856506998535e+00 -9.1232632526250423e+00 2.4222075318675045e+00 -4.0004034645539438e-01 3.0661112999999999e-03 9.8814095000000002e-01
5.0114409831842677e-01 -1.4222804307654340e+02 9.9559892162447450e-01 8.8051453766815175e+00 5.1107901215825260e+00 -1.0156095382138522e+01 2.4148773247483857e+00 -3.9544206207642019e-01 2.6763420000000000e-03 9.9101238999999997e-01
5.0367572051890308e-01 -1.6034968321390639e+02 9.9681355052423637e-01 8.7308031174256566e+00 5.0758757453242564e+00 -1.1399040604832106e+01 2.4085689824123402e+00 -3.9151240203884696e-01 2.2841723000000002e-03 9.9349282999999999e-01
5.0580601909717959e-01 -1.8297725281080622e+02 9.9783563123509811e-01 8.6688307403658396e+00 5.0463627388068009e+00 -1.2934886570699041e+01 2.4032776949311403e+00 -3.8823588962088923e-01 1.8899688000000000e-03 9.9558005999999999e-01
5.0753309567341542e-01 -2.1234565818688719e+02 9.9866425294698025e-01 8.6189818989188947e+00 5.0223490776777142e+00 -1.4908521333737204e+01 2.3989993725604455e+00 -3.8559962206782322e-01 1.4941295000000000e-03 9.9727222000000004e-01
5.0885555197858756e-01 -2.5300199005485322e+02 9.9929874479439418e-01 8.5810467041709213e+00 5.0039100411900570e+00 -1.7615505579372122e+01 2.3957303015901745e+00 -3.8359314114939130e-01 1.0971916000000000e-03 9.9856794000000004e-01
5.0977287769553459e-01 -3.1736037270202519e+02 9.9973886193592065e-01 8.5548527147998374e+00 4.9910940652784319e+00 -2.1864947203835939e+01 2.3934662273587728e+00 -3.8220744949224578e-01 7.0085733000000002e-04 9.9946672000000003e-01
